38.6141 5.1019000000000005
38.7651 5.1041
38.736000000000004 5.1316
39.0669 5.1437
38.804 5.1392
39.243900000000004 5.1453
39.0351 5.1522
39.0778 5.1537
38.8236 5.138300000000001
39.1481 5.1308
39.421800000000005 5.1422
39.217 5.165699999999999
38.9317 5.153699999999999
39.0818 5.142899999999999
39.1339 5.1772
38.94649999999999 5.1858
38.9098 5.179
39.112700000000004 5.1537
39.14339999999999 5.158899999999999
39.3551 5.1698
39.1664 5.1851
39.1987 5.1887
39.1157 5.1865000000000006
39.1339 5.179600000000001
39.113299999999995 5.1704
39.1444 5.150599999999999
39.2523 5.1628
39.215 5.184799999999999
39.4361 5.203099999999999
39.519099999999995 5.218500000000001
39.5924 5.2247
39.4406 5.2285
39.425200000000004 5.2155
39.6878 5.1934000000000005
39.5022 5.1903
39.1559 5.172600000000001
39.5026 5.1636
39.371100000000006 5.153699999999999
39.67229999999999 5.165100000000001
39.9968 5.180400000000001
39.9348 5.2057
39.787400000000005 5.2084
39.6841 5.1782
39.692800000000005 5.172700000000001
39.5393 5.171200000000001
39.1661 5.152900000000001
39.0525 5.1439
39.0974 5.1613
39.207300000000004 5.1904
39.080099999999995 5.1979999999999995
39.1767 5.2032
39.1162 5.2018
39.12 5.2071
39.090199999999996 5.2208
38.8081 5.2224
38.6697 5.2246
38.617999999999995 5.2278
38.6793 5.2368
38.804700000000004 5.2283
38.9717 5.2299999999999995
39.004 5.2399000000000004
38.984 5.2468
39.136500000000005 5.275900000000001
38.7052 5.2857
38.59590000000001 5.2726999999999995
38.564600000000006 5.2787999999999995
38.547999999999995 5.2612000000000005
38.3567 5.2688
38.3009 5.256600000000001
38.1835 5.2375
37.9023 5.2238999999999995
37.940799999999996 5.2162
37.6974 5.2056000000000004
37.4066 5.185700000000001
37.428200000000004 5.185
37.3898 5.1819999999999995
37.057 5.195699999999999
37.1643 5.195600000000001
36.822199999999995 5.175800000000001
36.7485 5.1674
36.7302 5.1888000000000005
36.541599999999995 5.2382
36.735099999999996 5.2522
36.7912 5.2719000000000005
36.621700000000004 5.2818
36.5899 5.2743
36.3977 5.2703999999999995
36.4143 5.288
35.9629 5.284200000000001
36.01259999999999 5.2971
35.92380000000001 5.275099999999999
35.9428 5.285699999999999
35.711999999999996 5.2856
35.7397 5.2903
35.5404 5.267999999999999
35.3244 5.2368
35.2227 5.2102
35.233000000000004 5.197800000000001
35.7883 5.2520999999999995
35.7615 5.433
35.889799999999994 5.577
35.871399999999994 5.632200000000001
35.7314 5.6778
35.6528 5.713700000000001
35.7001 5.741899999999999
35.688199999999995 5.770199999999999
35.6088 5.7769
35.514199999999995 5.795100000000001
35.4827 5.796100000000001
35.330000000000005 5.7968
35.27479999999999 5.7862
35.0827 5.785399999999999
35.1118 5.791499999999999
34.95889999999999 5.7983
35.0599 5.7892
34.903600000000004 5.771599999999999
34.847300000000004 5.7692999999999985
34.7472 5.7648
34.8607 5.779999999999999
35.0081 5.7923
34.9753 5.798399999999999
34.953 5.8045
34.8935 5.8022
34.8713 5.7976
34.6124 5.786899999999999
34.7112 5.796100000000001
34.677 5.7999
34.8718 5.815
34.9871 5.816599999999998
34.9909 5.8166
35.0264 5.831899999999999
34.973299999999995 5.836499999999999
34.9225 5.8312
34.9079 5.819799999999999
34.9665 5.822799999999999
35.0442 5.8319
35.1371 5.8318
35.021 5.8370999999999995
35.1595 5.8448
35.1744 5.836499999999998
35.1195 5.830300000000001
35.244 5.8295
35.1695 5.8188
35.328199999999995 5.825000000000001
35.379599999999996 5.8349
35.3834 5.825
35.4298 5.8325000000000005
35.535799999999995 5.828800000000001
35.5009 5.830299999999999
35.4838 5.8288
35.6554 5.8418
35.7306 5.844099999999999
35.9561 5.862399999999999
36.010799999999996 5.876
36.032799999999995 5.8754
36.1105 5.8714
36.0851 5.863800000000001
36.1728 5.8655
36.41 5.8692
36.631099999999996 5.8821
36.633700000000005 5.894399999999999
36.5604 5.8981
36.5235 5.894500000000001
36.834500000000006 5.896000000000001
36.7291 5.8991
36.76649999999999 5.9067
36.51069999999999 5.899699999999999
37.214099999999995 5.925
36.99399999999999 5.930400000000001
37.0625 5.931900000000001
37.0528 5.931100000000001
37.043099999999995 5.947000000000001
36.922999999999995 5.9419
36.9966 5.9426000000000005
36.9165 5.935600000000001
36.9826 5.928100000000001
37.12839999999999 5.937
37.273199999999996 5.9295
36.9073 5.9264
36.8741 5.864800000000001
37.0135 5.7922
36.917 5.7694
37.2338 5.7945
37.6716 5.8152
37.4296 5.8716
37.7051 5.9171000000000005
38.0773 5.9304
37.7134 5.9447
37.7088 5.9654
38.282399999999996 6.0035
37.67359999999999 6.0051
38.626000000000005 5.998399999999999
38.127100000000006 5.9838000000000005
37.8341 5.9799999999999995
38.2821 5.991399999999999
38.1851 5.9761
38.702099999999994 5.977600000000001
37.81719999999999 5.9738
37.845 5.9502
38.061099999999996 5.957
38.0062 5.9647
38.057900000000004 5.9722
38.187599999999996 5.974600000000001
38.2382 5.973
38.0729 5.9655
38.16149999999999 5.9768
38.1606 5.9739
38.368399999999994 5.9775
38.3467 5.967599999999999
38.3947 5.9662
38.4454 5.9761
38.395599999999995 5.987500000000001
38.287 5.982
38.5802 5.992900000000001
38.500499999999995 6.002900000000001
38.56649999999999 6.0036000000000005
38.535799999999995 5.994999999999999
38.8501 5.997499999999999
38.562599999999996 6.0075
38.64189999999999 6.0075
38.715999999999994 5.9990000000000006
38.734100000000005 5.9875
38.724599999999995 5.9830000000000005
38.82640000000001 5.9892
38.92240000000001 5.9990999999999985
38.850300000000004 5.993699999999999
38.739200000000004 5.9952000000000005
38.5962 5.9944000000000015
38.5011 5.9943
38.4822 5.9889
38.71039999999999 5.9813
38.8056 5.9739
38.863 5.9799
38.8606 5.9883
38.9511 5.9892
39.063700000000004 5.9830000000000005
38.9684 5.9784000000000015
39.02460000000001 5.9806
39.1313 5.9889
39.017100000000006 6.002099999999999
39.1892 6.0104999999999995
39.155499999999996 6.0073
38.9634 6.0036
39.0996 5.989800000000001
39.4148 5.981400000000001
39.48720000000001 5.992
39.4572 5.9975000000000005
39.60209999999999 6.0066999999999995
39.4814 5.997400000000001
39.2791 5.9936
39.415200000000006 5.9996
39.3333 5.9952
39.259299999999996 5.989800000000001
39.3213 5.9853000000000005
39.337 5.9784000000000015
39.4838 5.9869
39.8132 5.993600000000001
39.9987 5.9912
40.351099999999995 6.0044
40.616800000000005 6.036999999999999
40.3266 6.0462
40.465700000000005 6.0363
40.3609 6.0371999999999995
39.9706 6.011100000000001
39.974599999999995 5.996700000000001
39.8848 5.9793
40.01050000000001 5.9692
39.888799999999996 5.9648
40.1 5.9767
40.2009 5.9822
40.2559 5.9791
40.3811 5.9974
40.3034 6.0051
40.4626 6.0159
40.489 6.021699999999999
40.44840000000001 6.0258
40.376200000000004 6.0447
38.8632 6.037000000000001
37.9097 6.0181
38.572 6.031
42.0807 6.069100000000001
42.466300000000004 6.0699000000000005
43.29 6.073100000000001
39.1339 6.0462
38.194799999999994 6.0408
31.105700000000002 5.439000000000001
32.7911 5.4732
34.4547 5.619199999999999
