15.717 7.95
15.748000000000001 7.947
15.791 7.922
15.637 7.952999999999999
16.168 8.047
15.924 8.068999999999999
16.229 8.075000000000001
16.004 8.068999999999999
16.333 8.081000000000001
15.79 8.06
15.85 7.907
16.083 7.895
15.766 7.919
15.722999999999999 7.922
16.503 7.925
16.437 7.922
16.65 7.926
16.4 7.913
15.918 7.9159999999999995
16.351 7.926
15.936 7.913
15.857 7.9159999999999995
15.966999999999999 7.919
16.096 7.907
15.71 7.916
16.266 7.913
16.12 7.904
15.783 7.91
15.852 7.8950000000000005
15.863 7.901
15.643 7.898
15.504000000000001 7.895
15.838999999999997 7.8919999999999995
15.709999999999999 7.877000000000001
15.674 7.886
15.844999999999999 7.8919999999999995
15.582 7.8919999999999995
15.216 7.941
15.497 7.947
15.483999999999998 7.991999999999999
15.9 8.059
15.747999999999998 8.082
15.357 8.097
15.155000000000001 8.103
14.972000000000001 8.1
15.076 8.038
15.533 7.914000000000001
15.338 7.911
15.009 7.9030000000000005
14.93 7.929
15.129999999999999 7.931000000000001
14.868 7.928
15.345 7.922
14.800999999999998 7.916
14.948 7.913
14.732999999999999 7.907
14.996 7.912999999999999
14.222000000000001 7.91
14.818999999999999 7.892
14.588000000000001 7.889
14.673 7.901
14.934999999999999 7.907
15.027000000000001 7.904
15.247 7.91
15.339 7.913
15.331 7.919
15.644 7.928
15.729 7.931000000000001
15.495999999999999 7.931000000000001
15.808 7.922
15.953999999999999 7.931000000000001
15.699000000000002 7.928
15.300999999999998 7.931000000000001
15.612 7.944
15.723 7.941
16.076999999999998 7.997999999999999
17.108 8.325
16.064999999999998 8.459999999999999
16.052 8.237
16.253 8.185
16.168 8.179
16.163 8.185
16.339000000000002 8.142
16.137999999999998 7.931000000000001
16.003 7.936999999999999
16.015 7.925
16.497 7.925
16.913 7.9399999999999995
16.583000000000002 7.946000000000001
16.376 7.978000000000001
16.358 7.968
16.753999999999998 7.962
16.375 7.952999999999999
16.309 7.946000000000001
16.04 7.933999999999999
16.394000000000002 7.943
16.23 7.946000000000001
16.320999999999998 7.943
16.711 7.9399999999999995
16.229 7.936999999999999
15.972999999999999 7.9350000000000005
15.911999999999999 7.971
15.838000000000003 8.004
15.595 7.995000000000001
15.703999999999999 7.994999999999999
15.747 7.9799999999999995
15.735 7.971
16.076 7.962000000000001
15.759 7.956
15.821 7.947
15.362 7.938000000000001
15.943 7.938000000000001
15.491 7.95
16.266 7.953
16.326999999999998 7.947
16.186 7.983
15.832 8.004999999999999
15.764999999999999 8.008
16.34 8.004999999999999
16.326 8.008
16.07 8.002
16.736 7.996
17.254 8.001
16.779 8.004
16.779 8.011
16.888 8.004
16.657 7.991999999999999
16.162 7.980000000000001
16.253 8.039
16.259999999999998 8.051
16.363 8.036
16.473 8.032
17.01 8.029
17.291 8.026
17.456 8.02
17.584 8.017
17.524 8.017
17.589999999999996 8.004999999999999
18.067 8.011
17.823 8.017
18.353 8.017000000000001
18.371000000000002 8.052999999999999
18.506 8.047
18.823999999999998 8.032
19.323999999999998 8.032
19.653000000000002 8.017000000000001
19.428 8.02
19.555 8.026
19.776 8.023
19.921 8.023
19.952 8.014000000000001
20.105 8.002
20.044 8.005
19.935 7.996
20.056 7.99
19.951999999999998 7.99
19.775000000000002 7.99
20.177999999999997 7.99
20.203 7.99
20.044 7.993
19.934 7.996
20.098 7.993
20.166 7.9750000000000005
20.630000000000003 7.977999999999999
20.557 7.968999999999999
20.665999999999997 7.968999999999999
20.764 7.9719999999999995
20.837 7.966000000000001
20.318 7.9719999999999995
19.965 7.969000000000001
20.092 7.972000000000001
20.447 7.9750000000000005
20.496 7.987000000000001
20.36 7.993
20.032 7.99
20.911 7.99
20.588 7.987
20.141 7.987
20.501 7.983999999999999
20.068 7.983999999999999
19.939999999999998 8.017000000000001
19.634999999999998 8.01
20.215 8.001
20.398 8.017
20.092 8.017000000000001
20.019000000000002 8.011
20.124 8.001999999999999
20.099 7.989
20.032 8.001999999999999
19.916 7.998999999999999
19.946 7.987
19.634 7.981000000000001
20.026 7.987
19.605 8.032
19.654000000000003 8.054
19.738 8.044
20.093000000000004 8.008
20.466 7.978000000000001
20.337 7.957
20.630000000000003 7.9750000000000005
20.483 7.978000000000001
20.514 7.987
20.447 7.998999999999999
20.134999999999998 7.983999999999999
19.738 7.9719999999999995
20.264 7.977
20.470999999999997 8.014000000000001
20.581 8.029
20.605999999999998 8.017000000000001
20.666999999999998 8.008
20.642 7.9990000000000006
20.605999999999998 7.99
20.996 8.002
20.947 7.99
20.947 7.983999999999999
20.898 7.983999999999999
20.788999999999998 7.983999999999999
20.898 7.9750000000000005
20.826 8.02
20.727999999999998 8.026
20.825 8.017000000000001
20.947 8.014000000000001
21.227999999999998 8.014000000000001
20.875 8.026
20.983999999999998 8.41
21.064 8.004999999999999
20.874000000000002 7.99
21.081 7.9990000000000006
20.538 7.996
20.251 7.9990000000000006
20.061999999999998 7.99
20.184 8.020000000000001
20.686 8.026
20.398 8.023
20.336 8.001999999999999
20.349 8.093
21.142999999999997 8.182
20.471 8.206
20.471 8.212
20.642000000000003 8.227
20.264000000000003 8.23
20.141 8.106
19.715 7.981000000000001
19.617 7.962
19.708000000000002 8.017
20.05 8.029
19.587 8.014000000000001
19.067 7.994999999999999
19.196 7.997999999999999
19.36 7.995999999999999
19.232 7.996
19.226000000000003 7.996
19.037000000000003 7.99
18.891 7.980000000000001
18.762 7.987
18.652 7.9990000000000006
18.732 8.139000000000001
14.404 8.521
19.970000000000002 8.264
19.94 8.267
14.087 8.209
11.371 8.065999999999999
17.962 8.026
17.621000000000002 8.02
17.157 8.011
17.279 8.005
16.821 8.008
16.779 8.008
16.456 8.002
16.662 8.014000000000001
16.358 8.002
16.803 7.996
16.638 7.983999999999999
16.376 7.99
16.326999999999998 7.993
16.211000000000002 7.993
15.978 7.987
15.851 8.126999999999999
16.473 8.444
15.623999999999999 8.267
15.717 8.151
15.600999999999999 8.16
15.778 8.209
16.082 8.222
16.04 8.19
16.137999999999998 8.041
15.551 8.02
15.735 8.014
