14.417000000000002 7.797
14.728000000000002 7.803
14.306000000000003 7.8149999999999995
14.251 7.811999999999999
14.246 7.806
14.246 7.834
14.452000000000002 7.858000000000001
14.679 7.852
14.856000000000002 7.849
14.459 7.846
14.539000000000001 7.8420000000000005
14.722000000000001 7.8420000000000005
14.435 7.839
14.776 7.851
14.971 7.854
14.612 7.847999999999999
14.862 7.847999999999999
14.703 7.845000000000001
14.233 7.854
14.465 7.847999999999999
14.227 7.839
14.299999999999999 7.847999999999999
14.306 7.919999999999999
14.41 7.9079999999999995
13.916 7.889
14.111 7.889
13.971 7.889
14.268999999999998 7.885000000000001
14.246 7.893
14.887 7.886
14.273 7.871
14.221 7.865
14.551 7.854
14.947 7.861
14.716000000000001 7.853000000000001
14.24 7.852
14.075000000000001 7.845000000000001
14.258000000000001 7.830000000000001
14.13 7.821
14.068 7.821
14.02 7.827000000000001
14.136 7.845000000000001
13.837 7.861
13.640999999999998 7.849
13.714 7.845000000000001
13.837 7.836
14.154 7.830000000000001
13.940999999999997 7.830000000000001
13.746 7.824000000000001
13.318 7.8309999999999995
13.354 7.84
13.532 7.831
13.849 7.8309999999999995
14.124 7.849
13.641 7.849
13.3 7.839
13.66 7.836
13.428 7.836
13.958 7.926
13.58 7.91
13.376 7.886000000000001
13.434 7.886
13.849 7.880000000000001
13.812000000000001 7.8740000000000006
13.953 7.886
14.087 7.898
14.288 7.889
14.442 7.886
14.379 7.877000000000001
14.484 7.886
15.234 7.886
14.997 7.8740000000000006
14.568999999999999 7.864
14.893 7.847999999999999
15.015 7.844999999999999
15.35 7.837
15.686 7.865
15.802 7.883
15.387 7.916
15.631 7.907
15.32 7.904
15.936 7.9079999999999995
15.819999999999999 7.911
15.582 7.907
15.57 7.9079999999999995
15.967 7.904
15.791 7.892
15.478 7.889
15.838 7.895
15.625 7.895
15.495999999999999 7.895
15.436 7.892
15.405 7.8950000000000005
15.791 7.889
15.802 7.9350000000000005
16.059 7.922
15.771 7.925
15.704 7.913
15.784 7.898
15.575 7.888000000000001
15.283 7.879
15.198 7.8919999999999995
14.666 7.929
14.800999999999998 7.912
14.960999999999999 7.9
15.033 7.9
15.113000000000001 7.901
14.838000000000001 7.891000000000001
15.064 7.888000000000001
15.076 7.879
14.808 7.889
15.314 7.894000000000001
15.089 7.887999999999999
14.953 7.885000000000001
14.917 7.882
14.429 7.869999999999999
14.832 7.867
14.942 7.861
15.241 7.858000000000001
15.265 7.918
15.179 7.930999999999999
15.184999999999999 7.919000000000001
15.564 7.922
15.326 7.919
15.46 7.919
15.064 7.913
15.161 7.907
15.265 7.904
15.447 7.907
15.266000000000002 7.904
15.179 7.890999999999999
15.57 7.897
15.43 7.893999999999999
15.553 7.888000000000001
15.57 7.890999999999999
15.821 7.888000000000001
16.009999999999998 7.890999999999999
16.193 7.893999999999999
15.998000000000001 7.894000000000001
16.101 7.908999999999999
16.625999999999998 7.901
17.034 7.908999999999999
16.723 7.897
17.286 7.906000000000001
16.644000000000002 7.888000000000001
17.150000000000002 7.888000000000001
17.578 7.887999999999999
17.723999999999997 7.9
17.707 7.9030000000000005
18.091 7.9030000000000005
18.102999999999998 7.897
17.919999999999998 7.893999999999999
17.895 7.882
17.554 7.852
18.689 7.843
18.568 7.846
17.768 7.8340000000000005
18.006 7.834
18.237000000000002 7.839
18.378 7.84
18.328999999999997 7.844999999999999
18.531 7.847999999999999
18.011 7.86
17.798 7.857
18.139000000000003 7.870000000000001
17.975 7.880999999999999
18.042 7.9350000000000005
18.346999999999998 7.904
18.151999999999997 7.886
18.195 7.864
18.279999999999998 7.865
18.243000000000002 7.856000000000001
18.450999999999997 7.843
18.468999999999998 7.843
18.707 7.837
18.293 7.837
18.091 7.84
18.188000000000002 7.84
18.847 7.834
18.927 7.833000000000001
18.976 7.832999999999999
18.652 7.812000000000001
18.041999999999998 7.821
18.011 7.824000000000001
18.353 7.828
19.05 7.8610000000000015
18.914 7.898
18.323 7.882
18.536 7.882
17.914 7.869999999999999
17.829 7.861
18.225 7.8610000000000015
17.92 7.852
18.029999999999998 7.849
17.712 7.852
17.706999999999997 7.8549999999999995
17.707 7.855
17.999 7.852
17.835 7.828
18.06 7.831
18.238 7.831
17.755 7.831
17.914 7.929
17.852 7.886
18.085 7.877000000000001
18.274 7.880000000000001
18.396 7.868
18.163999999999998 7.877000000000001
18.268 8.179
18.578999999999997 7.968
18.39 7.8740000000000006
18.304 7.880000000000001
18.665 7.883000000000001
18.353 7.8740000000000006
18.512 7.868
18.756 7.8740000000000006
18.951 7.88
19.116 7.883
19.238 7.8919999999999995
18.982000000000003 7.865
18.933 7.871
18.970000000000002 7.901
18.64 7.9159999999999995
19.097 7.904
19.073999999999998 7.8919999999999995
19.128 7.883
19.25 7.879
19.628999999999998 7.861
19.409000000000002 7.870000000000001
19.654 7.8740000000000006
19.262 7.868
19.104 7.868
18.628 7.865
18.86 7.880000000000001
18.951 7.877000000000001
19.323 7.870000000000001
18.854 7.871
18.933 7.871
18.988 7.916
18.597 7.91
18.525 7.904
18.494 7.889
18.403 7.886
18.53 7.886
17.999000000000002 7.919000000000001
18.122 7.913
18.151 7.8919999999999995
18.25 7.898
18.072 7.8919999999999995
17.773 7.886
18.145 7.883
18.273999999999997 7.886
17.401 7.877000000000001
17.096 7.862000000000001
17.694 7.867
17.485999999999997 7.870000000000001
17.187 7.868
17.053 7.868
17.114 7.868
17.09 7.883
16.901 7.8759999999999994
16.809 7.864
17.035 7.861
16.657 7.849
16.407 7.849
16.400000000000002 7.861999999999999
16.314 7.868
15.82 7.858999999999999
15.93 7.858
15.759 7.853000000000001
16.052 7.84
15.387 7.843
15.228 7.846
14.948 7.837
15.137 7.831
15.516 7.830000000000001
15.644000000000002 7.828
15.058 7.831
15.197 7.831
15.131 7.818
14.966000000000001 7.808999999999999
14.972000000000001 7.806
15.057 7.811999999999999
15.129999999999999 7.818
15.336 7.831
15.198 7.846
15.129999999999999 7.84
15.546 7.822
