57.9004 5.619
57.667 5.6069
57.60809999999999 5.5579
57.63020000000001 5.528199999999999
57.8538 5.5343
57.8524 5.5419
58.218399999999995 5.5436
57.80799999999999 5.538899999999999
58.151099999999985 5.5529
58.277699999999996 5.5962
58.151799999999994 5.6167
57.916900000000005 5.5884
57.578700000000005 5.5534
57.769999999999996 5.529
58.162000000000006 5.5444
58.08839999999999 5.5587
57.910399999999996 5.5549
58.28060000000001 5.548
58.53509999999999 5.562
58.52059999999999 5.5954999999999995
58.7308 5.6335999999999995
58.5253 5.644799999999999
58.0622 5.6374
58.10799999999999 5.6174
58.0932 5.597
58.20960000000001 5.5747
58.1874 5.5748999999999995
58.333499999999994 5.5976
57.0887 5.574
56.80929999999999 5.546500000000001
56.74619999999999 5.5335
56.944399999999995 5.542700000000001
56.8141 5.565600000000001
56.825500000000005 5.561899999999999
56.721199999999996 5.545
56.95239999999999 5.5360000000000005
57.03019999999999 5.545
56.679100000000005 5.534999999999999
56.6512 5.5375000000000005
56.1053 5.5237
56.040499999999994 5.5168
57.6936 5.5297
60.26400000000001 5.577000000000001
61.3175 5.5939000000000005
59.1152 5.5802
56.0561 5.532900000000001
55.930499999999995 5.513000000000001
56.032799999999995 5.499300000000001
55.978599999999986 5.5047
57.129000000000005 5.532900000000001
57.965599999999995 5.5672
58.5422 5.5886
57.31649999999999 5.5771
55.656299999999995 5.5467
56.2157 5.5371999999999995
55.6894 5.5078000000000005
55.661300000000004 5.4885
55.678799999999995 5.4916
55.62529999999999 5.4909
55.559099999999994 5.479299999999999
55.837399999999995 5.5059000000000005
55.8859 5.4954
55.2006 5.4771
55.6404 5.4567
57.3642 5.4778
57.4195 5.4648
57.43579999999999 5.474799999999999
57.229200000000006 5.4772
57.10390000000001 5.463300000000001
56.958500000000015 5.4443
56.8234 5.436
56.7133 5.446599999999998
56.511199999999995 5.4527
56.44330000000001 5.4411000000000005
56.6051 5.4405
56.42400000000001 5.458699999999999
56.1107 5.4624999999999995
55.939099999999996 5.441200000000001
55.67880000000001 5.407700000000001
55.542 5.3985
55.4959 5.396200000000001
55.4729 5.402299999999999
55.4523 5.4122
55.340599999999995 5.4124
55.04960000000001 5.4016
54.8547 5.385599999999999
54.86289999999999 5.373400000000001
54.70449999999999 5.3711
54.72280000000001 5.3658
54.76030000000001 5.3770999999999995
54.45720000000001 5.3956
54.456199999999995 5.4106000000000005
54.754900000000006 5.4597
54.50200000000001 5.5008
54.1439 5.4888
54.07179999999999 5.4558
53.9526 5.4129
53.8974 5.4069
53.7064 5.372599999999999
53.5451 5.3565999999999985
53.40279999999999 5.3458
53.19550000000001 5.3314
53.13139999999999 5.3244
53.12910000000001 5.3245000000000005
53.0634 5.342
53.033500000000004 5.3450999999999995
52.86519999999999 5.3368
52.87200000000001 5.337600000000001
52.8618 5.3358
52.7979 5.3238
52.7304 5.3184000000000005
52.63680000000001 5.3069999999999995
52.52809999999999 5.2963000000000005
52.5663 5.3055
52.46920000000001 5.305400000000001
52.710899999999995 5.3276
52.57370000000001 5.349600000000001
52.52289999999999 5.356599999999999
52.618199999999995 5.3581
52.59550000000001 5.369599999999999
52.5656 5.3948
52.68900000000001 5.3872
53.2111 5.414699999999999
52.60039999999999 5.394099999999999
52.61409999999999 5.3902
52.59880000000001 5.388
52.4958 5.377199999999999
52.661 5.3817
52.4837 5.3733
52.4296 5.3643
52.516200000000005 5.3543
52.5582 5.3497
52.5334 5.333600000000001
52.725899999999996 5.3366
52.74529999999999 5.352599999999999
52.787800000000004 5.347500000000001
52.9685 5.3626
53.075500000000005 5.412399999999999
53.051400000000015 5.425199999999999
53.1596 5.393200000000001
53.05650000000001 5.3658
53.192099999999996 5.3658
53.3149 5.378800000000001
53.373599999999996 5.3862
53.324700000000014 5.3848
53.325900000000004 5.3946000000000005
53.5276 5.391800000000001
53.6044 5.3900999999999994
53.7103 5.3946
53.7293 5.3991
54.16709999999999 5.4261
54.14209999999999 5.438999999999999
54.3479 5.4458
54.24969999999999 5.4657
54.346 5.447500000000001
54.336400000000005 5.4177
54.518299999999996 5.393999999999999
54.898500000000006 5.3978
55.22659999999999 5.435100000000001
55.24070000000001 5.4428
55.650099999999995 5.4404
55.4086 5.492399999999999
55.707499999999996 5.552
55.5679 5.5534
55.3685 5.5252
55.676700000000004 5.497699999999999
55.6446 5.4786
55.5963 5.4911
55.761700000000005 5.489199999999999
55.6222 5.4757
55.803599999999996 5.4748
55.6588 5.4772
55.8198 5.478499999999999
56.03589999999999 5.4792999999999985
55.9163 5.4937
56.0738 5.483099999999999
56.3149 5.4916
56.4278 5.525300000000001
56.46059999999999 5.5552
56.6184 5.5649
56.7275 5.5877
56.7191 5.605299999999999
56.71449999999999 5.5916
56.4898 5.5643
56.65 5.5497000000000005
56.07690000000001 5.5528
55.7087 5.5825
55.7769 5.616099999999999
55.90690000000001 5.6358
55.4874 5.646599999999999
55.66799999999999 5.6556
56.016 5.6388
55.7491 5.6244000000000005
55.53399999999999 5.6265
55.6328 5.6160000000000005
55.94669999999999 5.6121
55.81549999999999 5.6151
55.706999999999994 5.5991
55.62290000000001 5.5718000000000005
55.4396 5.5451
55.7407 5.5466
55.9156 5.5712
55.85429999999999 5.59
56.7841 5.5946
56.9994 5.5802000000000005
57.32409999999999 5.582400000000001
57.82299999999999 5.5894
57.7759 5.6419
57.5781 5.675599999999999
57.2371 5.6693999999999996
57.328100000000006 5.6443
57.53990000000001 5.6350999999999996
57.321600000000004 5.6503
57.419599999999996 5.6382
57.1774 5.6274999999999995
57.0886 5.625299999999999
57.2025 5.6213
57.282599999999995 5.6306
57.35309999999999 5.6488000000000005
57.3933 5.6473
57.63449999999999 5.644899999999999
57.5713 5.6441
57.39559999999999 5.6327
57.34450000000001 5.6007
57.282599999999995 5.598399999999999
57.162800000000004 5.588500000000001
57.2473 5.585400000000001
57.550599999999996 5.5741
57.296 5.593
57.3552 5.574199999999999
57.9226 5.567199999999999
58.303700000000006 5.5868
58.1928 5.6092
58.04899999999999 5.6076
58.0757 5.591500000000001
57.9529 5.5849
58.3874 5.5969
58.16009999999999 5.606000000000001
58.080999999999996 5.6144
57.984199999999994 5.6068999999999996
58.00329999999999 5.5982
57.963799999999985 5.590799999999999
57.8994 5.5815
58.0259 5.5634
57.96360000000001 5.5404
58.1681 5.5565
58.3163 5.6006
58.606 5.6494
58.40639999999999 5.6509
58.3098 5.6312
58.547399999999996 5.6113
58.594899999999996 5.5938
58.587599999999995 5.606700000000001
58.79540000000001 5.617500000000001
58.641299999999994 5.6304
58.55870000000001 5.624999999999999
58.73360000000001 5.6274
58.9642 5.6335999999999995
58.7751 5.6352
59.75190000000001 5.639799999999999
60.937200000000004 5.6306
61.0259 5.6160000000000005
61.172900000000006 5.638999999999999
61.1518 5.649500000000001
61.0772 5.6471
61.3737 5.6472
61.1096 5.6596
61.136 5.6602
61.54550000000001 5.687
61.571100000000015 5.7268
60.8536 5.7251
61.29699999999999 5.704400000000001
61.240300000000005 5.675399999999999
61.324 5.6687
61.2128 5.6487
61.8061 5.6428
63.549 5.6564000000000005
63.31899999999999 5.6785000000000005
63.284000000000006 5.680899999999999
62.841 5.6717
62.778 5.6618
63.105 5.6717
62.96999999999999 5.671
63.317 5.6832
63.182 5.6777
63.113 5.6686
63.26200000000001 5.6672
62.915 5.6716
