15.692 7.898
15.57 7.904
15.998000000000001 7.917000000000001
15.54 7.9079999999999995
15.692 7.911
16.046 7.901999999999999
15.802 7.899000000000001
16.101000000000003 7.901
15.912 7.904
16.027 7.896
16.107 7.902000000000001
16.089 7.896
15.888 7.896
16.767 7.904
16.522000000000002 7.913
16.455 7.901999999999999
16.504 7.883
15.833 7.8740000000000006
15.704 7.871
16.064 7.8740000000000006
15.979000000000001 7.877000000000001
16.491 7.904
16.455000000000002 7.919
16.253999999999998 7.898
16.259999999999998 7.892
15.736 7.886
15.918 7.883
15.552 7.889
15.955 7.877000000000001
15.759 7.868
15.253 7.865
15.161 7.868
15.454 7.8740000000000006
15.716 7.883
15.190999999999999 7.877000000000001
15.49 7.877000000000001
15.375 7.871
14.99 7.8740000000000006
15.167 7.886
15.9 7.886
15.722 7.883
15.552 7.898
14.734 7.931000000000001
14.581 7.901
14.392 7.898
14.264000000000001 7.907
14.331 7.889
14.197000000000001 7.88
14.02 7.883
13.824 7.88
14.069 7.88
14.477 7.876999999999999
14.441 7.873999999999999
14.776 7.892
14.361 7.877000000000001
14.068 7.868
13.635 7.867
13.969999999999999 7.867
13.940999999999997 7.867
14.246 7.864
13.995000000000001 7.868
14.142 7.868
14.545 7.880000000000001
14.581 7.880000000000001
14.966000000000001 7.880000000000001
15.129999999999999 7.8740000000000006
15.106999999999998 7.8740000000000006
15.192 7.883000000000001
14.96 7.880000000000001
14.599 7.8740000000000006
14.826 7.883
14.874 7.883
14.807 7.882
15.008 7.888000000000001
15.296 7.886
15.491 7.889
15.589 7.901
15.783999999999999 7.904999999999999
15.606 7.898
15.239999999999998 7.904
15.198 7.895
15.222 7.892
15.626000000000001 7.914000000000001
15.777000000000003 7.932
15.875 7.922999999999999
16.271 7.919000000000001
16.296 7.913
16.175 7.9159999999999995
15.704 7.907
15.857 7.8950000000000005
16.101 7.889
16.265 7.907
16.016 7.907
16.369 7.913
16.436 7.91
15.967 7.904
16.285 7.901
16.095 7.889
15.79 7.880000000000001
16.186 7.883
16.168 7.901999999999999
15.887 7.922999999999999
16.205 7.944
16.058 7.922999999999999
15.827 7.917000000000001
15.581999999999999 7.907
15.894 7.892
16.608 7.904
16.436999999999998 7.91
16.681 7.919000000000001
16.925 7.91
15.802 7.895
15.967 7.895
15.735 7.88
15.668000000000001 7.886
15.778 7.904
15.229000000000001 7.901
15.675 7.895
15.472999999999997 7.895
15.747 7.898
15.617999999999999 7.898
16.747999999999998 7.907
16.999 7.919000000000001
16.468 7.8950000000000005
17.066 7.898
16.761 7.912999999999999
17.151 7.916999999999999
17.303 7.919999999999999
17.779 7.919000000000001
17.932000000000002 7.904
17.901 7.901
17.889 7.898
17.39 7.901
17.328 7.898
17.541 7.914000000000001
17.7 7.886
17.688 7.8919999999999995
18.048000000000002 7.898
18.505 7.901
18.274 7.892
18.762 7.879
18.518 7.886
18.64 7.8950000000000005
18.774 7.890999999999999
18.694 7.879
18.982 7.886
19.092 7.889
19.726 7.8759999999999994
19.696 7.872999999999999
19.666 7.8950000000000005
19.695999999999998 7.929
19.501 7.907
20.044 7.901
20.075000000000003 7.886
19.995 7.879
20.264000000000003 7.882
19.994999999999997 7.8740000000000006
20.081 7.886
20.434 7.880000000000001
20.508 7.882
20.721 7.8759999999999994
20.421999999999997 7.866999999999999
20.874000000000002 7.861
21.033 7.869999999999999
20.861 7.872999999999999
21.179 7.869999999999999
20.331 7.904999999999999
21.356 7.8889999999999985
21.363000000000003 7.898
20.899 7.899000000000001
20.521 7.898
21.455 7.886
21.375 7.8740000000000006
20.715 7.877000000000001
20.549999999999997 7.876999999999999
20.721 7.8759999999999994
20.838 7.8839999999999995
21.154999999999998 7.887
21.588 7.883
21.442 7.8740000000000006
20.465 7.8759999999999994
20.765 7.8759999999999994
20.495 7.879
20.38 7.883
20.019000000000002 7.879
20.337 7.892
20.105 7.901
20.318 7.891000000000001
20.27 7.889
20.299999999999997 7.8759999999999994
20.765 7.882
20.667 7.867
20.563000000000002 7.870000000000001
20.325 7.9030000000000005
20.313 7.922
20.386 7.913
20.319000000000003 7.898000000000001
20.264000000000003 7.907
17.957 7.898000000000001
16.974 7.88
16.815 7.8919999999999995
16.492 7.8889999999999985
16.565 7.886
17.035 7.868
16.895 7.8740000000000006
17.651 7.8740000000000006
16.931 7.911
16.7 7.904999999999999
18.115000000000002 7.883
22.462 7.901999999999999
22.094 7.901999999999999
22.339 7.902000000000001
21.924 7.904999999999999
21.924 7.904
22.241 7.904999999999999
21.569 7.909999999999999
21.215999999999998 7.917000000000001
21.704 7.922999999999999
21.667 8.106
21.966 8.201
22.278 7.959
22.095000000000002 7.9559999999999995
22.62 7.9559999999999995
22.644000000000002 7.965
23.828 8.313
22.413 8.172
22.516 8.163
21.533 8.17
21.002 8.176
21.112000000000002 8.176
21.033 8.022
21.679 7.977
21.57 7.95
21.54 7.947
20.771 7.947
21.326 7.944
21.198 7.95
21.118 7.95
21.288999999999998 7.95
21.545 7.959
21.326 7.959
21.185 7.947
21.27 7.9350000000000005
21.544999999999998 7.968
20.642 7.974
20.813000000000002 7.968
20.41 7.962
20.624000000000002 7.953
20.825000000000003 7.947
20.721 7.944
20.343 7.95
20.691 7.95
20.148 7.965
19.91 7.9590000000000005
19.922 7.962
20.136000000000003 8.004
19.647000000000002 8.098999999999998
19.318 7.991999999999999
19.433 7.974
19.525000000000002 7.962
19.019 7.9590000000000005
19.245 7.962
19.098 8.032
18.359 8.109
17.980999999999998 8.127
17.633000000000003 8.136000000000001
17.932 8.067
17.847 7.974
17.718 7.976999999999999
17.645 7.994999999999999
17.945 7.965
17.511 7.965
17.023 7.959
17.474 7.959
17.676 7.953
17.401 7.959
17.737 7.9559999999999995
17.811 7.959
17.603 7.965
17.834 7.968
17.456 7.962000000000001
17.871000000000002 8.004
17.822 8.001
17.517 7.988999999999999
17.316000000000003 7.983
17.438 8.004
16.681 7.992000000000001
17.218 7.986
