9.538700000000002 8.397900000000002
10.433599999999998 8.782399999999999
9.942099999999998 8.600999999999999
9.949000000000002 8.611999999999998
9.8072 8.627400000000002
9.8613 8.6233
9.793299999999999 8.6367
9.726199999999999 8.635699999999998
9.725900000000003 8.636800000000001
9.8483 8.6359
10.039599999999997 8.6408
9.941599999999998 8.6429
9.888699999999998 8.638200000000001
9.9107 8.635799999999998
9.730500000000001 8.631700000000002
9.841500000000002 8.622399999999999
9.8145 8.624399999999998
9.804799999999998 8.628400000000001
9.701100000000002 8.6157
9.9139 8.6209
9.882799999999998 8.6127
9.9194 8.6157
9.9248 8.6247
9.406199999999998 8.343300000000001
9.738100000000001 8.6105
9.7682 8.624100000000002
9.846299999999998 8.6243
9.851399999999998 8.6164
9.670399999999999 8.605
9.7305 8.600800000000001
9.6678 8.6062
9.641399999999999 8.6076
9.8236 8.600100000000001
9.670300000000001 8.591599999999998
9.7718 8.596799999999998
9.6768 8.5877
9.7381 8.586399999999998
9.780899999999999 8.593399999999999
9.8049 8.605699999999999
10.1192 8.5991
9.9219 8.597
9.9708 8.612900000000002
10.0592 8.5958
10.084600000000004 8.5917
9.865200000000002 8.582099999999999
9.829399999999998 8.5831
9.789899999999998 8.582
9.7879 8.578599999999998
9.906699999999997 8.581799999999998
9.915799999999999 8.574
9.705800000000004 8.573599999999997
10.694139999999997 8.776400000000002
9.997300000000001 8.7371
9.738700000000001 8.524499999999998
9.642199999999999 8.533700000000003
9.594999999999999 8.537700000000003
9.504000000000001 8.543199999999999
9.560099999999998 8.5427
9.567300000000001 8.550199999999997
9.647299999999996 8.5581
9.597999999999999 8.556899999999999
9.6948 8.568900000000003
9.6081 8.5732
9.740099999999998 8.588999999999999
9.521800000000004 8.581099999999998
9.606399999999999 8.579699999999999
10.210499999999998 8.947400000000002
10.0708 8.440900000000001
10.21 8.6944
9.668399999999998 8.481000000000002
9.6611 8.489299999999998
9.671600000000002 8.492899999999999
9.6955 8.4964
9.784899999999999 8.503700000000002
9.7751 8.501800000000001
9.856200000000003 8.5073
9.6959 8.5242
9.7886 8.5295
9.623499999999998 8.5186
9.7154 8.515900000000002
9.5963 8.512799999999999
9.665299999999998 8.522099999999996
9.9215 8.535900000000002
9.8479 8.539000000000001
9.950099999999997 8.5326
9.9859 8.546499999999998
10.008 8.5478
9.933499999999999 8.546100000000001
10.1443 8.545200000000001
9.650100000000004 8.542899999999998
9.8782 8.544300000000002
9.894300000000001 8.551499999999997
9.699799999999998 8.549000000000001
10.004900000000001 8.548600000000004
10.139 8.564200000000001
10.078199999999999 8.5521
10.250299999999998 8.5701
10.0326 8.5562
10.093100000000002 8.5502
10.018000000000002 8.5468
10.179999999999998 8.558399999999999
10.136199999999999 8.558499999999999
10.1501 8.5597
10.133099999999999 8.550600000000001
10.034200000000002 8.549900000000001
10.184600000000001 8.561300000000001
10.163599999999999 8.559500000000002
10.328599999999998 8.5743
10.398600000000004 8.577699999999998
10.138200000000001 8.5772
10.220900000000004 8.565299999999999
10.180499999999999 8.5618
10.1165 8.5549
10.170499999999999 8.5502
10.2066 8.532299999999998
10.2105 8.5365
10.109200000000003 8.5385
10.113 8.532899999999998
10.015499999999998 8.5337
10.0632 8.5256
10.1579 8.5338
10.404899999999998 8.539100000000003
10.108300000000002 8.5413
10.403 8.560300000000002
9.911799999999998 8.5508
10.004699999999996 8.548800000000002
9.848600000000001 8.5251
10.0885 8.5571
10.233299999999998 8.5864
10.0802 8.582099999999999
10.137500000000003 8.572600000000003
10.0271 8.5811
10.0522 8.5556
10.0227 8.5449
10.040700000000001 8.549199999999999
9.978600000000002 8.552299999999999
10.1593 8.5574
10.039600000000002 8.557200000000002
10.012100000000002 8.554900000000002
10.1758 8.550499999999998
10.2146 8.548199999999998
10.167700000000004 8.5623
10.054800000000002 8.5611
10.135900000000001 8.568000000000001
10.182300000000001 8.565299999999999
10.279599999999999 8.5787
10.415400000000002 8.5646
10.571299999999999 8.571200000000001
10.343300000000001 8.578399999999998
10.185 8.5763
10.094600000000002 8.574699999999998
10.1972 8.576799999999999
10.155 8.5779
10.1046 8.595300000000002
10.184899999999999 8.600599999999998
10.323099999999998 8.575400000000002
10.509 8.5763
10.477799999999998 8.5785
10.3535 8.572600000000001
10.1964 8.5691
10.451699999999999 8.5864
10.387699999999999 8.5823
10.173200000000003 8.5724
10.3069 8.561200000000001
10.419299999999998 8.561
10.488499999999998 8.558200000000001
10.279600000000002 8.5571
10.2458 8.5683
10.3122 8.5684
10.222199999999997 8.5701
10.234900000000003 8.5579
10.291099999999998 8.569700000000001
10.3085 8.5715
10.312699999999998 8.602599999999999
10.142600000000005 8.567699999999999
10.2413 8.556500000000002
10.2495 8.558699999999998
10.145799999999998 8.5494
9.990699999999999 8.543599999999998
10.1866 8.545300000000001
10.377099999999999 8.549299999999999
10.3503 8.5479
10.070900000000002 8.537700000000001
10.203800000000001 8.5371
10.252 8.538999999999998
10.2366 8.5494
10.174600000000002 8.542200000000001
10.062999999999997 8.538900000000002
10.129099999999998 8.546700000000001
10.014700000000001 8.537700000000001
10.007700000000002 8.5435
10.0046 8.5395
10.129600000000002 8.554899999999998
10.0386 8.551100000000002
9.9933 8.5448
10.0687 8.539500000000002
10.2616 8.568000000000001
10.258299999999997 8.5925
10.2788 8.554400000000003
10.2342 8.548999999999998
10.1136 8.547600000000001
10.2264 8.5544
10.274299999999998 8.5538
10.2129 8.546400000000002
10.3143 8.552100000000001
10.3303 8.5575
10.341099999999999 8.549199999999999
10.380600000000003 8.549800000000001
10.5999 8.549800000000001
10.554 8.570399999999998
10.508199999999999 8.572
10.4466 8.5775
10.348300000000002 8.578600000000002
10.3092 8.5701
10.159500000000001 8.572500000000002
10.145300000000002 8.5644
10.053899999999999 8.554899999999998
10.1614 8.550300000000004
10.278099999999998 8.547399999999998
10.367999999999999 8.5563
10.3038 8.560400000000001
10.4278 8.559299999999999
10.5843 8.5611
10.323200000000002 8.5498
10.182 8.547500000000001
10.188899999999997 8.552400000000002
10.245499999999998 8.562399999999998
10.2871 8.563199999999997
10.3667 8.561499999999999
10.400899999999998 8.5547
10.425600000000001 8.565199999999999
10.234 8.5514
10.218200000000001 8.547
10.2652 8.5598
10.346900000000003 8.5518
10.3586 8.5428
10.3759 8.5463
8.556399999999996 8.4922
10.771800000000002 8.544100000000002
10.912799999999999 8.560700000000002
11.852140000000002 8.7586
11.3545 8.7208
11.0565 8.515099999999999
11.1902 8.510699999999998
11.014599999999998 8.515600000000001
10.938900000000002 8.5146
11.004899999999997 8.527999999999999
10.854700000000001 8.527
10.645800000000003 8.509500000000001
10.644700000000002 8.5227
10.863399999999999 8.538799999999998
10.479500000000002 8.2521
10.593399999999997 8.5247
10.544300000000002 8.516
10.559200000000002 8.512400000000001
10.6466 8.523200000000001
10.762500000000001 8.5176
10.721 8.5379
10.776300000000003 8.555900000000001
10.841899999999997 8.5336
12.48152 8.716099999999999
10.8105 8.495999999999999
11.037499999999998 8.745
10.5795 8.505799999999999
10.663300000000001 8.5234
10.5479 8.525199999999998
10.491799999999998 8.5193
10.4851 8.523100000000001
10.4291 8.5236
10.6997 8.545
10.5555 8.5303
10.802399999999999 8.533
10.7366 8.529800000000002
10.828199999999999 8.533000000000001
10.581399999999999 8.5195
10.4769 8.5271
10.601400000000002 8.529800000000003
10.513300000000001 8.5733
10.574800000000002 8.5904
10.541899999999998 8.544199999999998
10.496200000000002 8.545199999999998
10.5575 8.550699999999999
10.5146 8.5601
10.671500000000002 8.564300000000003
10.5021 8.546100000000001
10.439499999999997 8.5464
10.653899999999998 8.549600000000002
10.5633 8.5582
