10.203899999999999 8.737799999999998
10.3439 8.7368
10.444 8.735500000000002
10.521400000000002 8.737199999999998
10.473400000000002 8.735000000000001
10.456700000000001 8.735499999999998
10.4512 8.725100000000001
10.394999999999998 8.740200000000002
10.332600000000001 8.7548
10.2928 8.752099999999999
10.392199999999999 8.744000000000003
10.595200000000002 8.756
10.5948 8.7612
12.019300000000001 8.966199999999999
10.5663 8.678800000000003
10.462399999999999 8.691699999999997
11.377339999999998 8.886316999999998
11.199100000000001 9.1096
10.335000000000003 8.640600000000001
10.4622 8.6509
10.3334 8.6633
10.393300000000002 8.6637
9.879999999999999 8.6659
10.3416 8.698799999999999
10.365299999999998 8.7012
10.464500000000001 8.708400000000001
11.458059999999996 8.902199999999999
10.881100000000002 8.8749
10.5046 8.6732
10.467000000000002 8.690600000000002
10.399099999999999 8.6946
10.491400000000004 8.6905
10.426 8.6898
10.514299999999997 8.689300000000001
12.028030000000001 8.890399999999998
10.6215 8.6276
10.9697 8.8929
10.484100000000003 8.6442
10.5404 8.656600000000001
10.5161 8.6568
10.4553 8.661000000000001
10.498299999999999 8.6707
10.2744 8.664599999999998
10.187199999999999 8.666199999999998
10.140099999999999 8.6711
9.9223 8.666899999999998
9.933000000000003 8.66
10.1642 8.662699999999997
10.2165 8.6806
10.2156 8.692800000000004
10.2247 8.686600000000002
10.369799999999998 8.696
10.264 8.691899999999999
10.2249 8.690299999999999
10.2559 8.692200000000001
10.050699999999999 8.687400000000002
10.070299999999998 8.6973
10.231500000000002 8.702000000000002
10.2138 8.71
10.242099999999999 8.7144
9.935999999999998 8.6991
9.746000000000002 8.690599999999996
9.813500000000003 8.689799999999998
9.9386 8.692800000000004
10.0966 8.701099999999999
10.263300000000001 8.695
10.184199999999999 8.696699999999998
10.229700000000001 8.700600000000001
11.133070000000002 8.894059000000002
10.159099999999997 8.552300000000002
10.7579 8.521700000000001
10.197799999999999 8.558799999999998
10.1988 8.575900000000003
10.3637 8.836099999999998
10.0793 8.6072
10.1105 8.6206
9.965 8.623399999999998
9.817 8.629699999999998
9.663899999999998 8.627099999999999
9.6804 8.639600000000002
10.56441 8.862638
10.1752 8.813499999999998
9.7423 8.6064
9.7723 8.620800000000001
9.805699999999998 8.6282
9.750999999999998 8.630700000000003
9.891499999999997 8.636299999999999
9.9262 8.639999999999999
9.8393 8.6396
9.972 8.654399999999999
9.996200000000002 8.673899999999998
9.895099999999998 8.684899999999999
9.7865 8.668700000000001
9.946900000000001 8.668899999999999
10.0719 8.680499999999999
9.9139 8.6749
10.049800000000001 8.666600000000003
9.953700000000001 8.678499999999998
9.9021 8.6707
10.919799999999997 9.2554
9.8294 8.620399999999998
9.851299999999998 8.6391
10.0816 8.9127
10.036399999999999 8.6815
10.4836 8.716800000000001
10.4452 8.620400000000004
10.3891 8.856700000000002
9.9823 8.630199999999999
9.878200000000001 8.6308
9.8168 8.634899999999995
9.775499999999997 8.6315
9.962399999999999 8.634
9.966899999999999 8.634
9.844800000000001 8.636399999999998
9.9432 8.6421
9.917000000000002 8.651800000000001
9.900400000000003 8.6476
11.0188 8.863695999999997
10.353999999999996 8.818399999999997
9.911 8.6007
9.8436 8.6136
9.945800000000004 8.6201
10.221699999999998 8.621799999999997
10.117999999999999 8.6342
10.029399999999997 8.6459
10.006099999999998 8.6408
10.093499999999999 8.640599999999997
10.063899999999999 8.646400000000002
10.049300000000002 8.652399999999998
10.0352 8.668199999999999
10.188799999999999 8.6743
10.135599999999998 8.6856
10.070199999999998 8.684599999999996
10.0466 8.6796
10.222999999999995 8.682099999999998
10.0752 8.677299999999999
10.156400000000001 8.6756
10.252300000000004 8.6787
9.953999999999999 8.6707
9.958300000000001 8.656300000000002
10.045699999999997 8.6473
9.8791 8.652
9.859200000000001 8.648300000000003
9.8091 8.640999999999998
9.974200000000002 8.639799999999997
9.8741 8.6573
9.920099999999998 8.662299999999998
9.877999999999998 8.6473
10.0232 8.646600000000003
9.9883 8.655700000000001
9.8916 8.662799999999999
9.978700000000003 8.652900000000002
9.951099999999999 8.655100000000001
9.7557 8.647699999999999
9.721200000000001 8.6499
9.940299999999999 8.6628
9.7531 8.6636
10.054400000000003 8.650500000000003
9.955800000000002 8.6736
9.855500000000001 8.672500000000001
9.963300000000002 8.6685
9.9745 8.6698
9.987999999999998 8.6693
10.032499999999999 8.6724
10.022299999999998 8.677300000000002
9.988899999999997 8.6698
10.116800000000001 8.6668
10.3095 8.6715
10.249400000000001 8.6665
10.230099999999998 8.6775
10.4411 8.67
10.449 8.683599999999998
10.3275 8.688799999999999
10.222000000000001 8.6882
10.2484 8.6875
10.393299999999998 8.6916
10.3717 8.6927
10.4308 8.696100000000001
10.392500000000002 8.6946
10.288699999999999 8.697499999999996
10.464699999999999 8.685399999999998
10.4326 8.6865
10.485300000000002 8.695599999999999
10.544599999999999 8.694600000000003
10.653199999999998 8.6984
10.634000000000002 8.693099999999998
10.593999999999996 8.690299999999999
10.569799999999999 8.6927
10.5891 8.6921
10.530099999999997 8.695200000000002
10.3932 8.693299999999999
11.4969 8.905705000000001
10.411399999999999 8.631899999999998
10.7737 8.8809
10.4212 8.650400000000001
10.3067 8.646499999999998
11.986570000000002 8.909678
10.8551 8.8442
10.339300000000003 8.619399999999999
10.362300000000003 8.620600000000001
10.490200000000002 8.6325
10.3166 8.641300000000001
10.432400000000001 8.6523
10.461899999999998 8.662299999999998
10.59518 8.673200000000001
10.5868 8.5792
10.8231 8.838900000000002
10.2445 8.616999999999999
10.429400000000001 8.6258
10.331900000000001 8.645799999999996
10.3911 8.636499999999998
12.0377 9.113961
10.9105 8.813
10.3865 8.609399999999999
10.456399999999999 8.6137
10.433400000000004 8.614700000000001
10.491 8.644499999999999
10.414399999999997 8.657599999999999
10.3956 8.643699999999999
10.3941 8.657800000000003
10.134199999999998 8.656600000000001
10.074100000000003 8.6636
10.232199999999999 8.656199999999998
10.0733 8.655099999999997
10.2247 8.648700000000002
10.101799999999999 8.6517
10.064600000000002 8.6437
10.096 8.643300000000002
10.2412 8.639500000000002
10.051399999999996 8.639899999999997
9.977700000000004 8.6431
10.0248 8.636099999999999
9.988599999999998 8.6367
9.936499999999999 8.6398
9.894699999999998 8.633900000000002
10.154799999999998 8.641
10.167100000000003 8.6491
10.100299999999999 8.646400000000002
12.807099999999998 8.502299999999998
10.591100000000003 8.8096
10.115099999999998 8.5837
10.158000000000001 8.592600000000001
10.1083 8.606399999999999
10.1299 8.6298
10.2239 8.6096
10.148200000000001 8.626800000000001
10.228499999999997 8.6142
10.186199999999998 8.6122
10.385900000000001 8.621899999999998
10.2792 8.620300000000004
10.213700000000001 8.622299999999997
10.313500000000001 8.630600000000001
11.31922 8.819099999999999
10.171800000000001 8.567400000000001
10.226100000000002 8.6093
10.530599999999996 8.8365
10.2977 8.615300000000001
10.193699999999998 8.6166
10.327800000000002 8.624800000000002
10.269400000000003 8.632599999999996
10.2382 8.637400000000001
10.1865 8.6348
10.326899999999997 8.6409
10.318499999999998 8.647400000000001
10.1944 8.6417
10.0992 8.6462
10.173599999999999 8.6415
10.1619 8.6389
10.137599999999997 8.644200000000001
10.138500000000002 8.644799999999998
10.1627 8.6549
10.286600000000002 8.652899999999999
10.152 8.655100000000001
10.885490000000003 8.843999999999998
10.386999999999997 8.8172
10.120700000000001 8.6043
10.0495 8.5971
10.0906 8.607999999999999
10.0562 8.616300000000003
10.014499999999998 8.6155
9.906000000000002 8.6182
9.964300000000001 8.627799999999999
10.004299999999999 8.630100000000002
10.022000000000002 8.6309
9.982199999999999 8.627099999999999
9.9694 8.627899999999999
10.090499999999999 8.6294
9.9046 8.6315
