15.661999999999999 8.011
15.997 8.014
15.978 8.008
15.777000000000003 7.9990000000000006
15.271 8.004999999999999
15.167 8.004999999999999
14.997 8.035
15.228 8.026
15.858 8.008
15.770999999999999 8.014000000000001
15.936 8.014000000000001
15.552 8.008
15.228000000000003 7.998999999999999
15.662 7.996
15.729000000000001 7.996
15.808 7.993
15.699 8.002
15.672999999999998 7.996
15.699000000000002 7.981000000000001
15.711 8.017000000000001
15.887 8.020000000000001
15.791 7.995000000000001
16.059 8.008
15.607000000000001 7.9990000000000006
15.491 7.993
15.448 7.9990000000000006
15.931000000000001 8.004999999999999
15.411 7.9990000000000006
15.643 7.99
15.028 7.980000000000001
15.722000000000003 7.971
15.503 7.9750000000000005
15.149000000000001 8.020000000000001
15.387 8.014000000000001
15.192 8.004999999999999
15.062999999999999 7.995999999999999
14.728 7.998999999999999
14.46 7.9990000000000006
14.844 7.9990000000000006
14.85 7.996
15.881 8.143
13.959 8.292
14.374999999999998 8.105
14.496 8.062999999999999
14.471 8.108
14.239 8.105
14.715 8.09
14.569 8.017
14.251 7.9799999999999995
14.454 7.973999999999999
14.600000000000001 7.977
14.746 7.976999999999999
14.636 7.976999999999999
14.453 7.962
14.575 7.956
14.709 7.956
14.612 8.014000000000001
14.441 7.9990000000000006
14.868 7.99
14.728 7.983000000000001
14.862999999999998 7.977
14.728000000000002 7.980000000000001
15.265 7.977
15.429 7.962
15.350999999999997 7.953
15.442 7.9590000000000005
15.558 7.968999999999999
15.906 7.971
15.831999999999999 7.9719999999999995
15.754000000000001 7.965
15.788999999999998 7.9719999999999995
15.839 7.977
15.338 8.026
15.57 8.026
15.466000000000001 8.004999999999999
15.832 7.99
16.259999999999998 8.103
16.595 8.309999999999999
16.028000000000002 8.374
15.765 8.24
16.150000000000002 8.157
15.831999999999999 8.148
16.071 8.145000000000001
15.870000000000001 8.139000000000001
15.631 8.139000000000001
16.259999999999998 8.084
16.509999999999998 8.041
16.944 8.017000000000001
16.84 8.013
16.785 7.992000000000001
16.991999999999997 8.020000000000001
17.054 8.026
16.754 8.026
16.595000000000002 8.029
16.546 8.02
16.944 8.017
16.84 8.011
16.418 8.032
16.492 8.023
16.663 8.02
16.576 8.008000000000001
16.773 8.026
16.785 8.062
16.224 8.044
16.675 8.02
16.747999999999998 8.023
16.814999999999998 8.017000000000001
16.278 8.017000000000001
16.252999999999997 8.014000000000001
16.144 8.011
16.259999999999998 8.023
16.223 8.032
16.046 8.02
16.113 8.02
15.845 8.017
15.949 8.02
16.132 8.02
16.37 8.017
16.625999999999998 8.011
16.792 8.02
16.479 8.014000000000001
17.162 7.993
17.157 7.99
17.383 8.044
18.018 8.014000000000001
18.115000000000002 8.014000000000001
18.157999999999998 8.017
17.883 8.020000000000001
18.359 8.017000000000001
18.964 8.008000000000001
18.542 8.005
19.275000000000002 8.005
18.828999999999997 7.9990000000000006
19.531 8.008
19.445 8.011
19.36 8.002
19.866999999999997 8.017000000000001
19.483 8.034999999999998
19.996 8.038
20.142 8.017000000000001
20.238999999999997 8.029
19.934 8.035
20.807 8.041
21.253 8.041
21.802000000000003 8.026
21.155 8.020000000000001
21.234 8.017000000000001
21.692 8.014000000000001
21.253 8.011
21.654 8.041
21.849999999999998 8.044
21.948 8.041
22.168 8.017
22.102 8.014
21.887 8.011
22.107 8.008
21.808 8.011
21.844 8.002
21.923000000000002 8.002
22.412 7.993
22.436 7.9990000000000006
22.839000000000002 8.047
22.346 8.044
22.076999999999998 8.032
22.211 8.029
21.729 8.023
21.410999999999998 8.023
21.898999999999997 8.017000000000001
21.753 8.014
21.43 8.02
21.532999999999998 8.014
22.07 8.014
21.85 8.011
21.949 8.05
21.79 8.056
21.813 8.044
21.814 8.038
21.954 8.023000000000001
21.349 8.020000000000001
21.716 8.017
21.538 8.001
21.076 8.004999999999999
21.240000000000002 8.011
21.374000000000002 8.014000000000001
21.637 8.017
21.838 8.011
21.491 8.008
21.528000000000002 8.004999999999999
21.258 8.001999999999999
21.221999999999998 7.9990000000000006
21.168 7.996
21.277 7.974
20.288 8.017000000000001
20.618 8.035
20.330000000000002 8.026
20.313 8.014000000000001
20.612 8.014
20.666 8.017
20.544 8.008
20.435 7.9990000000000006
20.495 7.986
20.806 7.983999999999999
20.66 7.971
20.832 7.987
20.929 7.992000000000001
21.143 7.995000000000001
21.044999999999998 7.986
20.911 7.977
21.057000000000002 7.995000000000001
20.972 8.035
21.064 8.037999999999998
21.166999999999998 8.011
21.338 8.008
21.666999999999998 7.9990000000000006
21.52 8.001999999999999
21.618000000000002 7.996
21.302 7.987
21.503 7.987
21.747 7.983000000000001
21.789 7.987
22.425 8.566
22.471999999999998 8.609
21.740000000000002 8.42
21.313 8.234
21.203 8.206
21.570999999999998 8.2
21.423 8.197000000000001
21.582 8.02
20.825000000000003 8.001999999999999
20.966 7.993
21.142 8.008
21.21 7.9990000000000006
21.118 8.004999999999999
21.203999999999997 8.059
20.813 8.056
20.886 8.029
20.916999999999998 8.032
21.057 8.038
21.227999999999998 8.047
21.362000000000002 8.038
20.813 8.041
20.673 8.035
20.483 8.02
20.374 8.020000000000001
20.557 8.023
20.947 8.026
20.544999999999998 8.059
20.012999999999998 8.029
19.909 8.023000000000001
19.544 8.011
19.770000000000003 8.008
20.154 8.026
20.209 8.026
19.592000000000002 8.017
19.666 8.014
19.635 8.011
19.331 8.014000000000001
19.037 8.002
18.671 8.045
18.494 8.062999999999999
18.371 8.051
18.791999999999998 8.045
18.317 8.035
18.299 8.029
18.128 8.044
17.926000000000002 8.038
18.116 8.176
19.208 8.346
16.18 8.312999999999999
13.796 8.222
17.401 8.145
11.942 8.102
16.705000000000002 8.023
16.773 8.011
16.644 8.004999999999999
16.644 7.99
16.790000000000003 7.981000000000001
16.534 7.987
16.314 7.9990000000000006
16.046 7.987
16.272000000000002 7.980999999999999
15.961 7.988999999999999
16.089000000000002 7.995000000000001
16.229 8.123
16.826999999999998 8.112
16.461 8.065999999999999
16.509 8.047
16.674 8.035
