16.644000000000002 8.007
16.699 8.007
16.552 8.041
16.596 8.063999999999998
16.631 8.053
16.833000000000002 8.133
17.157 8.184
16.974 8.193999999999999
16.498 8.203
16.448999999999998 8.21
16.608 8.219
15.812000000000001 6.0934
16.098000000000003 6.1371
15.576500000000001 5.7618
16.3506 6.371
16.171 7.580000000000001
16.204 7.663
16.034000000000002 7.696
15.906 7.699
15.905 7.706
16.052 7.704999999999999
15.613 7.699
15.735 7.699
16.046 7.704999999999999
15.668 7.710999999999999
15.93 7.7170000000000005
16.131 7.720000000000001
16.107 7.716999999999999
15.722 7.763000000000001
14.77 7.742
15.118 7.747999999999999
15.484 7.7509999999999994
15.247 7.747999999999999
15.412 7.7509999999999994
15.094 7.7509999999999994
14.875 7.739
14.624 7.747999999999999
14.997 7.739
15.143 7.7330000000000005
15.406 7.754
16.351 7.946000000000001
16.144 8.017
15.711 8.011
15.137 7.997999999999999
15.533 8.023
15.216 7.9799999999999995
14.190999999999999 7.764
14.533000000000001 7.761
14.934999999999999 7.764
14.997 7.752000000000001
14.795 7.7490000000000006
15.112 7.746
14.624 7.7490000000000006
13.996 7.77
14.709 7.764000000000001
14.6 7.752000000000001
14.886 7.748000000000001
15.317 7.733
15.564 7.76
15.777999999999997 7.757
15.631 7.757
15.149000000000001 7.763000000000001
14.99 7.757
15.436 7.754
15.595 7.742
15.57 7.7780000000000005
16.008999999999997 7.771999999999999
15.931000000000001 7.76
16.498 7.76
16.29 7.757
16.236 7.766000000000001
15.931000000000001 7.763000000000001
15.717 7.763000000000001
15.894 7.768999999999999
15.631 7.771999999999999
16.089000000000002 7.916
17.114 8.068999999999999
15.814 8.353
15.509 8.054
15.667 8.005
15.35 8.001
15.375 7.995000000000001
15.387999999999998 8.048
15.533 8.045
15.137 7.8340000000000005
15.081 7.782
15.381 7.773
15.094 7.772000000000001
15.027000000000001 7.766000000000001
15.190999999999999 7.773000000000001
15.198 7.776
15.039999999999997 7.773000000000001
15.54 7.773
15.228999999999997 7.773000000000001
15.491 7.766000000000001
15.125 7.763000000000001
15.088 7.766000000000001
15.595 7.757
15.870000000000001 7.768999999999999
15.405 7.763000000000001
16.149 7.76
15.595 7.785
15.961 7.828
15.264 7.791
15.503 7.7940000000000005
15.729 7.788
15.809000000000001 7.785
15.376000000000001 7.785
14.923 7.763000000000001
15.15 7.739
15.394 7.739000000000002
15.79 7.745
15.112 7.7360000000000015
15.546 7.739
15.656 7.733
15.546000000000001 7.715
15.228999999999997 7.73
15.491 7.73
15.363 7.739
14.898 7.747999999999999
14.905 7.747999999999999
14.812999999999999 7.7509999999999994
15.173 7.745
15.033 7.742
15.483999999999998 7.745
16.052 7.739
15.808 7.721
15.454 7.718
16.058 7.724
15.656 7.7330000000000005
15.796 7.736
16.333000000000002 7.736
16.150000000000002 7.736
16.467000000000002 7.745
17.058999999999997 7.745
17.352 7.748000000000001
17.485999999999997 7.744999999999999
18.176000000000002 7.76
17.706 7.76
17.742 7.769000000000001
17.804000000000002 7.763000000000001
18.188 7.763000000000001
18.426000000000002 7.763000000000001
18.512 7.757
17.700000000000003 7.76
17.761 7.769000000000001
18.146 7.768999999999999
18.719 7.762999999999999
18.823 7.768999999999999
18.854000000000003 7.797
18.872 7.798000000000001
19.397000000000002 7.764
19.464000000000002 7.766000000000001
18.97 7.76
18.889999999999997 7.766000000000001
18.804 7.766000000000001
18.933 7.76
19.122 7.771999999999999
19.586000000000002 7.775
19.415 7.7780000000000005
19.739 7.7780000000000005
19.470000000000002 7.766000000000001
19.666 7.763000000000001
19.391 7.771999999999999
19.58 7.775
19.580000000000002 7.7780000000000005
19.403000000000002 7.852
19.225 7.831
19.072999999999997 7.828
19.189 7.825
18.993 7.813000000000001
18.829 7.812999999999999
18.854 7.807
19.561999999999998 7.8100000000000005
19.098000000000003 7.804
19.451999999999998 7.804
19.055 7.794999999999999
19.11 7.791999999999999
19.171000000000003 7.786000000000001
18.896 7.800999999999999
18.781 7.788999999999999
18.61 7.794999999999999
18.793 7.786
18.799 7.777000000000001
18.708 7.776
19.134 7.813000000000001
18.86 7.846
19.293 7.843
19.183 7.828
18.970000000000002 7.813000000000001
19.305 7.812999999999999
19.275000000000002 7.813000000000001
17.877000000000002 7.8100000000000005
17.852999999999998 7.808999999999999
18.102999999999998 7.808999999999999
18.189 7.816000000000001
18.011 7.802999999999999
17.773999999999997 7.791
18.505 7.794
18.439 7.797
18.958 7.800999999999999
19.177 7.813000000000001
19.013 7.855
20.038 7.8309999999999995
20.165999999999997 7.816000000000001
19.86 7.816000000000001
20.508000000000003 7.797999999999999
21.448 7.807
21.875 7.804
21.021 7.795000000000001
19.788 7.819
19.391 7.816000000000001
19.799999999999997 7.806
19.854999999999997 7.791
20.269 7.785
19.416 7.776
19.354 7.825
19.384 8.222
19.421 7.822
19.317 7.807
19.544 7.8100000000000005
19.873 7.938000000000001
20.245 7.956
19.782 7.966000000000001
19.726 7.99
19.965 7.99
19.842 7.9990000000000006
19.018 7.828
19.397000000000002 7.858000000000001
19.55 7.866999999999999
19.659 7.861
19.763 7.855
19.189999999999998 7.8549999999999995
19.323999999999998 7.852
19.085 7.8340000000000005
19.745 7.828
18.866 7.828
18.694 7.824000000000001
18.939999999999998 7.813000000000001
18.774 7.8149999999999995
18.305 7.858
18.121 7.855
18.407999999999998 7.84
18.133 7.834
18.268 7.828
18.201 7.816000000000001
18.085 7.815999999999999
18.012 7.819
18.177 7.828
17.62 7.815999999999999
18.066 7.819
17.737 7.825
17.211 7.858000000000001
17.498 7.8549999999999995
17.566 7.846
17.365 7.837
17.497999999999998 7.925
17.865000000000002 8.002
17.767 8.032
17.474 8.05
17.749 8.062
17.157 8.065
16.846 7.9079999999999995
16.192 7.830000000000001
16.576 7.855
16.192 7.849
15.93 7.843
15.65 7.825000000000001
15.68 7.8100000000000005
15.784 7.822000000000001
15.899 7.8309999999999995
15.259 7.8309999999999995
15.485000000000001 7.828
15.478 7.8309999999999995
15.686 7.828
16.095000000000002 7.825
15.795 7.822000000000001
15.588 7.872999999999999
15.552 7.887999999999999
15.722 7.861
15.625 7.831
15.57 7.831
15.472 7.831
15.57 7.8340000000000005
15.515 7.831
15.838 7.843
15.284 7.84
15.296000000000001 7.84
