10.413599999999997 8.862
10.382700000000002 8.6459
10.211599999999997 8.644600000000002
10.386900000000002 8.6509
10.4351 8.667399999999999
10.4983 8.6717
10.3145 8.6724
10.4917 8.667300000000003
10.474499999999999 8.6786
10.208599999999999 8.699300000000001
10.0752 8.705300000000001
10.267700000000001 8.7073
10.263100000000001 8.681699999999998
10.2848 8.677200000000001
10.257499999999997 8.68
10.366000000000001 8.667500000000002
10.232100000000003 8.6639
10.3586 8.663499999999999
10.350999999999999 8.6731
10.288899999999998 8.674
10.251399999999999 8.6687
10.334899999999998 8.676999999999998
10.396700000000001 8.686200000000001
10.590999999999998 8.6983
11.613579999999999 9.273200999999998
10.795200000000001 8.837499999999999
10.6169 8.664500000000002
10.6433 8.668099999999999
10.307900000000002 8.6703
10.225200000000001 8.678799999999999
10.1536 8.6703
10.96161 8.882591999999999
10.4528 8.8407
10.0181 8.6132
10.0375 8.623299999999999
9.947300000000002 8.618000000000002
9.8463 8.619800000000001
9.927300000000002 8.627600000000001
11.88295 8.721748999999999
10.6197 8.721000000000004
9.9526 8.5526
9.924499999999998 8.559200000000002
10.142700000000001 8.581900000000003
10.031699999999997 8.591000000000001
9.953699999999998 8.603000000000002
9.830000000000002 8.606699999999998
9.832099999999997 8.597299999999999
9.7178 8.594399999999998
9.921599999999998 8.586599999999999
10.044099999999998 8.597999999999999
10.009699999999999 8.615300000000003
9.811999999999998 8.627600000000001
9.7683 8.621599999999999
10.0728 8.6278
9.999400000000001 8.632
10.116599999999998 8.6299
10.0635 8.6298
10.083 8.6344
10.0594 8.6254
10.091500000000002 8.6227
9.8912 8.613500000000002
10.853040000000004 8.805499999999999
10.108999999999998 8.746700000000002
9.868099999999998 8.551700000000002
9.991699999999998 8.5547
9.854100000000003 8.5527
9.624399999999996 8.554499999999997
9.549000000000001 8.561200000000003
9.5499 8.572799999999999
9.585099999999999 8.576699999999999
9.716499999999998 8.582299999999998
9.680399999999999 8.581199999999999
9.583499999999999 8.580000000000002
9.532200000000001 8.571699999999998
9.6126 8.575499999999998
9.566799999999999 8.5801
9.716599999999998 8.5861
9.6379 8.5873
9.79668 8.580727
9.956899999999997 8.448699999999999
9.9439 8.709700000000002
9.699700000000002 8.500900000000001
9.5148 8.4986
9.5391 8.517399999999997
9.55 8.5254
9.6488 8.541
9.576899999999998 8.536399999999999
9.5885 8.545
9.7207 8.542199999999998
9.7949 8.553799999999999
9.708100000000002 8.557
9.818 8.562699999999998
9.675 8.564
9.735299999999999 8.5689
9.7927 8.582699999999999
9.7443 8.587399999999999
9.725000000000003 8.5822
9.749600000000003 8.592200000000002
9.6816 8.5905
9.721399999999997 8.583000000000004
9.414000000000001 8.575800000000001
9.450199999999999 8.575
9.571100000000001 8.571699999999998
9.605100000000002 8.573700000000002
9.588000000000003 8.572700000000005
9.803500000000001 8.5771
9.573499999999997 8.5712
10.67407 8.774945
9.6095 8.510700000000003
10.142599999999998 8.7792
9.729500000000002 8.558199999999998
9.834700000000002 8.5654
9.729100000000003 8.5569
9.704500000000001 8.5643
9.648500000000002 8.5633
9.797799999999999 8.5681
9.846799999999996 8.5726
9.730300000000002 8.584300000000002
9.679599999999999 8.584999999999999
9.8406 8.580599999999999
9.652099999999997 8.577
9.720099999999999 8.584000000000001
9.8381 8.587699999999996
9.8633 8.5975
9.8027 8.602699999999999
10.025099999999998 8.614800000000002
9.8436 8.6098
9.911999999999999 8.62
9.837200000000001 8.617600000000001
9.9174 8.6197
9.8502 8.6262
9.8462 8.6255
9.6735 8.621599999999999
9.898800000000001 8.621800000000004
9.7148 8.639199999999999
10.079000000000002 8.642299999999999
9.996400000000001 8.6366
10.019699999999997 8.639099999999997
9.998000000000001 8.6515
9.8997 8.638499999999999
10.006699999999999 8.6589
9.716400000000002 8.650699999999999
9.6661 8.631099999999998
9.6891 8.629499999999997
9.7862 8.6229
9.7428 8.6148
9.820600000000002 8.628599999999999
9.856999999999998 8.6315
9.686300000000001 8.6138
9.9343 8.610400000000002
9.9464 8.605900000000002
9.859699999999998 8.612900000000002
9.836400000000005 8.6201
9.8067 8.6245
9.7482 8.6221
9.614599999999998 8.607
9.756700000000002 8.614900000000002
10.0044 8.6417
10.030299999999999 8.657200000000003
9.904200000000001 8.668800000000001
9.8579 8.6668
9.9777 8.6619
9.990700000000002 8.664600000000002
10.071000000000002 8.650000000000002
10.103199999999998 8.640300000000002
10.108799999999999 8.638399999999997
9.912500000000001 8.6295
9.780599999999998 8.6304
9.899900000000002 8.6304
9.8936 8.6305
9.976500000000001 8.631799999999998
9.8777 8.6151
9.9601 8.610600000000003
9.8769 8.611600000000003
9.9965 8.6181
10.193299999999999 8.606699999999998
10.1787 8.6182
10.069100000000002 8.631499999999999
9.908100000000001 8.6333
9.9462 8.633100000000002
9.986599999999997 8.637799999999997
10.099 8.648199999999997
9.8889 8.6594
10.2066 8.653799999999999
10.0491 8.647300000000001
10.001700000000003 8.651299999999999
10.164800000000003 8.644499999999999
10.1278 8.646700000000001
10.0212 8.6429
10.068900000000001 8.638699999999998
10.191099999999999 8.647900000000002
10.1172 8.642199999999999
10.1663 8.6328
10.048500000000002 8.6397
10.024100000000002 8.636399999999997
10.055799999999998 8.6387
9.999 8.6359
10.0423 8.639800000000001
9.854600000000001 8.6343
9.980400000000001 8.638900000000001
10.036699999999998 8.638399999999997
10.085700000000001 8.649799999999997
10.170600000000004 8.6629
10.2468 8.650799999999998
9.9941 8.6451
10.472299999999999 8.6873
10.198400000000001 8.688300000000002
10.0412 8.685200000000002
10.172999999999998 8.6952
10.215199999999998 8.668000000000001
10.200299999999999 8.6961
9.9182 8.707399999999998
10.0263 8.655000000000001
9.912599999999996 8.643300000000002
10.207500000000001 8.6429
10.076199999999998 8.641500000000004
10.029300000000001 8.643099999999999
10.049900000000003 8.6378
10.0384 8.634599999999997
10.1519 8.6317
9.903100000000002 8.6269
9.646600000000003 8.6217
9.8599 8.6247
11.048890000000002 8.825199999999999
10.234799999999998 8.7908
9.9758 8.577200000000001
9.772099999999998 8.582000000000003
9.950999999999999 8.5855
9.9138 8.591700000000003
9.943299999999997 8.5952
9.9563 8.5976
11.139449999999998 8.78525
10.071199999999997 8.7269
10.0088 8.5479
10.116 8.558499999999999
10.1442 8.560999999999998
9.9611 8.5635
9.9542 8.567
10.066 8.581399999999999
10.032499999999997 8.585299999999998
9.907700000000002 8.584099999999998
10.104700000000001 8.589300000000003
10.135000000000002 8.603
10.512 8.616200000000001
10.3176 8.621299999999998
10.261099999999999 8.6142
10.2655 8.614799999999999
10.143799999999999 8.614700000000001
10.545399999999999 8.612000000000004
10.2302 8.6123
10.164699999999998 8.6037
9.993900000000002 8.6023
9.9857 8.6005
10.230400000000001 8.591899999999999
10.1667 8.596200000000003
10.145800000000001 8.597
10.0495 8.601699999999997
10.004100000000003 8.597999999999999
10.180300000000003 8.6076
10.212299999999999 8.605400000000001
10.155999999999999 8.6105
10.157600000000002 8.611300000000002
10.070400000000001 8.6181
9.953100000000001 8.625900000000001
10.006499999999999 8.6245
9.943999999999999 8.620399999999998
9.833599999999997 8.622300000000001
9.797 8.613799999999998
9.8274 8.606099999999998
9.858699999999997 8.611500000000001
10.011699999999998 8.612700000000002
10.075099999999999 8.613999999999995
10.068800000000001 8.607599999999998
10.230300000000002 8.609299999999998
10.1442 8.610499999999996
9.936499999999999 8.6029
10.1776 8.614700000000001
10.274000000000003 8.629100000000001
10.185500000000001 8.638600000000002
10.051799999999997 8.630700000000003
10.0296 8.629800000000001
10.1218 8.6455
9.9063 8.6564
10.0847 8.6504
9.9225 8.639299999999999
10.1064 8.6375
9.8883 8.6319
9.937699999999998 8.627300000000002
