13.18 30.959999999999997
12.57 30.959999999999997
11.01 30.91
15.21 30.959999999999997
16.85 31.1
14.940000000000001 31.05
12.65 30.959999999999997
11.360000000000001 30.91
12.18 30.91
15.55 30.91
10.63 31.009999999999998
14.89 30.91
15.45 30.91
14.26 30.959999999999997
10.07 30.91
15.229999999999999 30.959999999999997
11.51 30.959999999999997
13.77 30.81
12.790000000000001 30.91
14.180000000000001 30.959999999999997
11.51 30.81
15.770000000000001 30.959999999999997
9.594999999999999 30.959999999999997
11.74 30.81
13.84 30.759999999999998
15.229999999999999 30.91
10.58 30.86
14.84 30.91
11.62 30.81
12.01 30.91
10.51 30.81
14.940000000000001 30.91
14.77 30.81
15.55 31.009999999999998
9.546000000000001 30.959999999999997
11.76 30.86
11.360000000000001 30.91
14.38 30.959999999999997
12.920000000000002 30.959999999999997
17.990000000000002 31.009999999999998
11.58 30.91
12.13 30.91
9.924 30.86
12.18 30.91
15.14 30.91
18.95 31.009999999999998
11.28 31.05
12.19 30.959999999999997
11.67 30.91
12.43 30.91
12.06 30.91
17.16 31.009999999999998
15.409999999999998 31.05
12.839999999999998 30.959999999999997
10.14 30.959999999999997
12.02 30.91
12.11 30.91
18.990000000000002 31.009999999999998
14.499999999999998 31.1
13.309999999999999 31.009999999999998
12.120000000000001 30.959999999999997
12.790000000000001 30.959999999999997
10.5 30.959999999999997
16.24 31.009999999999998
15.55 31.1
15.920000000000002 31.009999999999998
10.23 30.959999999999997
12.1 30.91
12.19 30.86
15.939999999999998 31.009999999999998
13.62 31.1
15.620000000000001 31.009999999999998
12.620000000000001 30.959999999999997
12.33 30.959999999999997
10.31 30.959999999999997
15.28 31.009999999999998
13.23 31.05
15.67 31.009999999999998
13.38 30.959999999999997
12.1 30.959999999999997
12.46 30.91
15.6 31.009999999999998
10.71 31.05
14.6 31.009999999999998
14.87 30.959999999999997
14.99 30.959999999999997
10.73 30.959999999999997
15.989999999999998 31.009999999999998
12.04 31.009999999999998
13.96 30.959999999999997
12.94 30.959999999999997
14.06 30.959999999999997
15.160000000000002 30.959999999999997
17.380000000000003 31.05
10.99 31.1
12.620000000000001 31.009999999999998
14.21 30.959999999999997
15.870000000000001 31.009999999999998
13.38 30.959999999999997
14.790000000000001 30.959999999999997
13.4 31.009999999999998
14.06 31.05
12.15 31.05
17.97 31.009999999999998
14.21 31.009999999999998
16.259999999999998 31.009999999999998
10.89 30.959999999999997
12.770000000000001 30.959999999999997
13.600000000000001 30.959999999999997
16.43 31.05
12.72 31.05
13.889999999999999 30.959999999999997
14.940000000000001 30.959999999999997
13.96 30.959999999999997
12.06 30.959999999999997
14.99 31.1
14.11 31.1
16.189999999999998 31.05
13.01 31.009999999999998
13.01 30.959999999999997
13.77 30.959999999999997
15.8 31.1
10.83 31.05
15.920000000000002 31.009999999999998
15.53 30.959999999999997
14.92 31.009999999999998
12.34 31.009999999999998
14.580000000000002 31.1
12.5 31.009999999999998
13.530000000000001 31.009999999999998
13.5 31.009999999999998
15.840000000000002 31.009999999999998
14.280000000000001 31.009999999999998
16.650000000000002 31.1
10.91 31.05
12.870000000000001 31.009999999999998
13.350000000000001 30.959999999999997
15.229999999999999 31.009999999999998
14.62 31.009999999999998
17.82 31.15
12.5 31.1
13.01 31.009999999999998
10.63 30.959999999999997
14.549999999999999 30.959999999999997
15.8 31.009999999999998
19.75 31.15
11.68 31.1
12.6 31.009999999999998
12.55 30.959999999999997
13.700000000000001 30.959999999999997
15.190000000000001 31.009999999999998
18.310000000000002 31.15
14.719999999999999 31.1
13.55 31.009999999999998
10.85 30.959999999999997
12.67 30.959999999999997
14.330000000000002 30.959999999999997
18.68 31.15
13.889999999999999 31.05
13.569999999999999 31.009999999999998
12.3 30.959999999999997
13.23 30.959999999999997
12.5 30.959999999999997
15.5 31.1
15.190000000000001 31.05
16.21 31.009999999999998
11.25 31.009999999999998
12.620000000000001 30.959999999999997
14.04 30.959999999999997
15.5 31.15
12.620000000000001 31.05
15.67 31.009999999999998
15.040000000000001 31.009999999999998
13.059999999999999 31.009999999999998
12.44 31.009999999999998
13.569999999999999 31.05
11.99 31.009999999999998
14.84 31.009999999999998
13.33 30.959999999999997
15.310000000000002 31.009999999999998
13.819999999999999 31.009999999999998
14.360000000000001 31.1
10.489999999999998 31.009999999999998
12.57 30.959999999999997
14.580000000000002 30.959999999999997
15.75 31.009999999999998
14.31 31.009999999999998
14.23 31.05
12.23 31.009999999999998
12.770000000000001 30.959999999999997
11.12 30.959999999999997
15.21 30.959999999999997
16.33 31.009999999999998
16.24 31.05
10.61 30.91
12.7 30.959999999999997
12.23 30.959999999999997
14.580000000000002 31.009999999999998
15.190000000000001 31.009999999999998
17.43 31.15
12.46 31.05
12.72 31.009999999999998
10.280000000000001 30.959999999999997
12.379999999999999 30.959999999999997
16.189999999999998 31.009999999999998
17.75 31.1
12.82 31.05
12.29 30.959999999999997
11.91 30.959999999999997
12.72 30.81
12.57 30.91
16.580000000000002 31.1
15.110000000000001 31.05
13.87 31.009999999999998
10.05 30.959999999999997
12.44 30.959999999999997
13.65 31.009999999999998
15.43 31.15
13.5 31.1
15.82 31.009999999999998
13.209999999999999 31.009999999999998
13.089999999999998 31.009999999999998
12.16 31.009999999999998
14.01 31.1
13.569999999999999 31.009999999999998
14.75 30.91
12.55 31.009999999999998
13.99 31.009999999999998
14.23 31.009999999999998
14.280000000000001 31.1
10.31 31.009999999999998
14.7 31.009999999999998
14.719999999999999 31.009999999999998
14.21 31.009999999999998
13.26 31.009999999999998
13.719999999999999 31.1
11.940000000000001 31.009999999999998
13.48 31.009999999999998
12.44 31.009999999999998
15.310000000000002 31.009999999999998
15.6 31.009999999999998
14.87 31.1
11.25 31.05
12.620000000000001 31.009999999999998
13.33 30.959999999999997
15.989999999999998 30.86
14.89 31.009999999999998
16.43 31.15
12.520000000000001 31.1
12.889999999999999 31.009999999999998
10.94 31.009999999999998
14.97 31.05
17.24 31.05
17.41 31.2
10.79 31.15
12.02 31.009999999999998
12.33 30.959999999999997
12.870000000000001 31.009999999999998
15.479999999999999 31.05
17.24 31.2
14.77 31.1
12.839999999999998 31.009999999999998
10.5 30.91
11.95 30.959999999999997
15.75 31.009999999999998
17.330000000000002 31.1
13.669999999999998 31.05
12.27 31.009999999999998
12.520000000000001 30.959999999999997
12.67 31.009999999999998
13.11 31.009999999999998
17.07 31.15
15.6 31.1
14.330000000000002 31.05
10.879999999999999 31.009999999999998
12.29 30.959999999999997
14.330000000000002 31.009999999999998
15.45 31.1
13.99 31.05
14.940000000000001 31.05
13.48 31.009999999999998
13.11 30.86
13.18 31.009999999999998
13.5 31.05
14.97 31.009999999999998
16.259999999999998 31.009999999999998
12.920000000000002 31.05
12.43 31.009999999999998
