25.232 17.591
25.805 17.609
23.418 17.578000000000003
23.968999999999998 17.572000000000003
23.633 17.566000000000003
24.944 17.597
26.526 17.658
26.202 17.652
24.145 17.628000000000004
24.598 17.622
27.416 17.652
25.635 17.664
27.172 17.64
26.061999999999998 17.634000000000004
25.251 17.634000000000004
25.372 17.634000000000004
27.191 17.628000000000004
25.11 17.676
27.808 17.663999999999998
27.448 17.634000000000004
25.604 17.628000000000004
26.727 17.688
22.705 17.682
22.241 17.664
23.585000000000004 17.646
23.652 17.646
55.884 35.57900000000001
24.884 17.694
23.175 17.676
24.634 17.664
23.724 17.658
24.536 17.658
23.662999999999997 17.694
23.95 17.67
25.554 17.7
23.962 17.682
25.757 17.664
25.549 17.646
27.582 17.694
25.195 17.694
24.243000000000002 17.658
35.498999999999995 24.773999999999997
25.468999999999998 17.651
25.697000000000003 17.688000000000002
23.962 17.651
29.296 21.203
23.913999999999998 17.639
22.553 17.645
31.018 21.271
29.090000000000003 21.166999999999998
23.047 17.657
27.948000000000008 21.221
22.687 17.663
25.830000000000002 21.13
24.005000000000003 17.682000000000002
28.485 21.308
26.323999999999998 21.252000000000002
21.539 17.688000000000002
24.541999999999998 21.155
21.912 17.676
24.578 17.7
36.535000000000004 24.779999999999998
24.975 17.773
22.912000000000003 17.743000000000002
23.846999999999998 17.737
27.948 21.227999999999998
25.224999999999998 17.779
29.969 21.295
30.586000000000002 21.247
26.967000000000002 21.227999999999998
26.442 21.215999999999998
21.978 17.724999999999998
36.59 24.897999999999996
26.124000000000002 17.822
26.226 17.804000000000002
26.361999999999995 17.791999999999998
24.304000000000002 17.779999999999998
22.724 17.798
22.094 17.804000000000002
20.605999999999998 17.804000000000002
22.962000000000003 21.363
19.798999999999996 17.804000000000002
21.948 17.847
19.77 17.847
21.576 17.835
21.722 17.811
19.702 17.816000000000003
33.79600000000001 24.854000000000003
22.034000000000002 17.866
20.843999999999998 17.847
20.777 17.847
23.857999999999997 21.338
19.910000000000004 17.829
21.105999999999998 17.89
27.086999999999996 24.904
18.225 17.852999999999998
19.157999999999998 17.89
18.963 17.89
26.002000000000002 22.137999999999998
25.549 22.114
30.609 26.392
19.726000000000003 17.895999999999997
30.052999999999997 21.436
22.448 17.944000000000003
21.569000000000003 17.913999999999998
19.055 17.895999999999997
20.649 17.901999999999997
24.175 21.406
30.608999999999998 21.472
30.658 21.612000000000002
23.243 17.981
24.085 17.963
23.944000000000003 17.975
22.918 17.981
24.695 18.005
24.352999999999998 17.969
28.711 21.637000000000004
24.25 17.999000000000002
23.559 18.024
23.186 18.048000000000002
24.67 18.024
21.07 18.0
22.266 18.018
24.09 18.035999999999998
30.695 21.686
37.824000000000005 29.035
26.923 21.711
22.04 18.055
21.18 18.061
22.058 18.067
22.333 18.061000000000003
22.869999999999997 18.121000000000002
23.596 18.096999999999998
23.468 18.079
26.374000000000002 21.717000000000002
31.146 21.729000000000003
23.785 18.085
29.046 21.746
27.832 21.71
23.304000000000002 18.102999999999998
24.383 18.109
32.605000000000004 25.269
22.095000000000002 18.115000000000002
28.337999999999997 21.783
24.872 18.17
30.186999999999998 21.819
25.263 18.115000000000002
24.182 18.102999999999998
22.602 18.109
28.759 21.838
26.642 21.832
25.645999999999997 21.789
19.898 18.102999999999998
21.727999999999998 18.145
22.998 18.157999999999998
20.66 18.109
21.777 18.102999999999998
21.863 18.109
22.217000000000002 18.102999999999998
23.066 18.096999999999998
24.378 18.151999999999997
22.876 18.151999999999997
21.154999999999998 18.109
20.496 18.102999999999998
21.833 18.090999999999998
23.847 18.139
23.035000000000004 18.145
22.54 18.102999999999998
21.887 18.102999999999998
23.7 18.102999999999998
24.230999999999998 18.091
31.139999999999997 21.832
23.749000000000002 18.139000000000003
21.288999999999998 18.109
22.437 18.102999999999998
26.537000000000006 21.776999999999997
21.540000000000003 18.109
34.931 25.359000000000005
22.058 18.182
21.534 18.133000000000003
21.607 18.109
20.936 18.102999999999998
20.996000000000002 18.096999999999998
24.072000000000003 18.102999999999998
30.486 21.863
21.668 18.121000000000002
21.443 18.109
21.105999999999998 18.096999999999998
24.964 21.764999999999997
22.407 18.145
25.880000000000003 21.753000000000004
25.275000000000002 21.698
31.463 25.269
21.124 18.097
21.355999999999998 18.102999999999998
20.880000000000003 18.096999999999998
21.588 18.109
22.18 18.152
21.13 18.127000000000002
21.831 18.109
21.612 18.102999999999998
21.173000000000002 18.096999999999998
30.207 25.269
25.048 21.680000000000003
32.915 21.734
29.346 21.783
23.846 18.097
22.895000000000003 18.097
24.829 18.133000000000003
22.320999999999998 18.109
23.103 18.128
22.875999999999998 18.102999999999998
22.925 18.133
22.949 18.139
23.608 18.091
26.69 21.741
22.637999999999998 18.133000000000003
29.438 21.813
23.564999999999998 18.109
27.429000000000002 18.145
26.068 18.151
24.121 18.139000000000003
24.994000000000003 18.127000000000002
24.665 18.109
23.919999999999998 18.109
28.339000000000002 21.783
25.543 18.109
32.232000000000006 21.783
29.023 18.097
38.312000000000005 25.439
33.855999999999995 25.475
26.52 18.133000000000003
29.993000000000002 21.789
24.818 18.139
29.381999999999998 21.831999999999997
25.226 18.115000000000002
27.099999999999998 21.789
23.132 18.115000000000002
21.839 18.109
22.797 18.103
25.726 18.109
31.915 21.794999999999998
25.232000000000003 18.127
26.02 18.157999999999998
25.855 18.127
25.068 18.121
25.213 18.115000000000002
24.889999999999997 18.115000000000002
26.673 18.145
23.834 18.157999999999998
25.544 18.139
26.092 18.139
26.044 18.157999999999998
25.689999999999998 18.145
24.589999999999996 18.139
26.703 18.121000000000002
26.105 18.121000000000002
27.002000000000002 18.188000000000002
25.055 18.145
24.085 18.139
23.145 18.145
24.042 18.127000000000002
26.972 18.115000000000002
26.134 18.133
30.669999999999998 21.856
38.734 25.493
26.428 18.139
29.192 21.838
25.860000000000007 18.317
26.025 18.64
27.923000000000002 18.969
33.332 23.164
27.411 19.61
27.96 19.909
26.533 20.16
29.261 20.423
30.906 20.881
32.80799999999999 21.546
36.381 22.314999999999998
38.330999999999996 22.967
33.373 23.125
29.602 23.247999999999998
31.128 23.450000000000003
35.505 23.467999999999996
29.854999999999997 23.578
37.160000000000004 23.859
37.395 24.718
38.339 25.39
