31.879999999999995 19.02
31.840000000000003 19.02
30.37 19.02
31.2 18.990000000000002
31.4 18.990000000000002
31.009999999999998 18.990000000000002
29.15 19.07
29.349999999999998 18.970000000000002
30.959999999999997 19.040000000000003
32.029999999999994 18.990000000000002
31.3 19.02
30.759999999999998 19.02
32.32 19.02
32.129999999999995 19.040000000000003
31.840000000000003 19.040000000000003
31.35 19.040000000000003
31.59 19.02
31.59 19.040000000000003
31.69 19.040000000000003
31.1 19.02
30.130000000000003 19.040000000000003
31.790000000000003 19.040000000000003
31.790000000000003 19.02
30.81 19.040000000000003
29.39 19.07
31.64 19.040000000000003
31.05 19.07
30.659999999999997 19.07
30.220000000000002 19.040000000000003
31.35 19.040000000000003
32.029999999999994 19.040000000000003
31.740000000000002 19.07
30.520000000000003 19.07
30.620000000000005 19.07
30.759999999999998 19.07
31.1 19.07
29.39 19.09
30.86 19.07
29.830000000000002 19.040000000000003
30.130000000000003 19.09
28.71 19.09
30.37 19.07
31.540000000000003 19.07
32.08 19.12
30.81 19.12
30.42 19.12
31.4 19.139999999999997
31.45 19.09
29.880000000000003 19.07
30.91 19.139999999999997
31.64 19.09
30.03 19.09
29.049999999999997 19.12
30.86 19.12
30.759999999999998 19.12
31.69 19.12
28.560000000000002 19.17
31.490000000000002 19.17
29.79 19.189999999999998
29.98 19.17
29.49 19.139999999999997
30.18 19.139999999999997
30.709999999999997 19.17
30.959999999999997 19.139999999999997
30.080000000000002 19.17
30.130000000000003 19.189999999999998
30.470000000000002 19.17
29.830000000000002 19.17
29.49 19.21
30.130000000000003 19.189999999999998
30.37 19.21
27.83 19.259999999999998
28.52 19.24
28.660000000000004 19.189999999999998
28.76 19.21
27.589999999999996 19.259999999999998
28.999999999999996 19.21
28.03 19.21
31.009999999999998 19.259999999999998
30.709999999999997 19.24
32.28 19.189999999999998
31.69 19.259999999999998
31.879999999999995 19.21
31.25 19.21
29.74 19.24
32.28 19.21
30.959999999999997 19.21
30.709999999999997 19.189999999999998
31.45 19.259999999999998
31.15 19.24
31.69 19.189999999999998
29.64 19.259999999999998
31.2 19.24
31.59 19.24
30.759999999999998 19.24
27.98 19.24
34.03 19.24
33.839999999999996 19.21
32.47 19.259999999999998
30.220000000000002 19.24
31.15 19.259999999999998
30.37 19.21
28.660000000000004 19.24
29.25 19.24
31.69 19.24
31.69 19.259999999999998
31.540000000000003 19.24
31.009999999999998 19.259999999999998
32.08 19.259999999999998
30.42 19.259999999999998
32.23 19.259999999999998
30.470000000000002 19.24
31.59 19.259999999999998
31.490000000000002 19.24
30.620000000000005 19.21
29.54 19.259999999999998
32.71 19.259999999999998
31.25 19.259999999999998
31.2 19.29
30.270000000000003 19.24
31.490000000000002 19.259999999999998
31.15 19.259999999999998
31.05 19.259999999999998
26.71 19.24
32.47 19.31
30.320000000000004 19.31
30.220000000000002 19.259999999999998
30.570000000000004 19.29
31.790000000000003 19.259999999999998
30.81 19.259999999999998
29.54 19.29
30.03 19.24
30.620000000000005 19.29
31.790000000000003 19.31
31.009999999999998 19.24
31.490000000000002 19.21
31.790000000000003 19.29
30.570000000000004 19.259999999999998
28.22 19.259999999999998
29.49 19.259999999999998
31.009999999999998 19.24
31.25 19.259999999999998
30.86 19.34
30.709999999999997 19.34
28.910000000000004 19.31
29.64 19.29
29.93 19.31
29.880000000000003 19.29
29.64 19.31
29.880000000000003 19.31
29.69 19.31
29.39 19.31
31.3 19.31
31.59 19.31
29.880000000000003 19.31
31.25 19.29
31.59 19.29
30.270000000000003 19.34
30.81 19.34
30.91 19.31
31.790000000000003 19.34
29.79 19.31
30.080000000000002 19.29
31.3 19.34
30.91 19.34
29.099999999999998 19.29
30.620000000000005 19.34
28.860000000000003 19.31
30.130000000000003 19.31
31.4 19.38
30.659999999999997 19.34
31.4 19.31
31.05 19.34
27.98 19.31
31.69 19.29
31.3 19.31
29.54 19.34
30.03 19.34
31.3 19.34
31.4 19.31
30.37 19.36
32.029999999999994 19.36
27.98 19.34
29.59 19.31
28.42 19.31
29.830000000000002 19.31
29.74 19.34
29.439999999999998 19.36
30.03 19.34
28.660000000000004 19.31
29.64 19.34
29.349999999999998 19.29
30.080000000000002 19.29
30.320000000000004 19.34
31.540000000000003 19.34
30.959999999999997 19.34
30.81 19.31
30.759999999999998 19.31
31.979999999999997 19.36
31.2 19.31
30.37 19.31
31.2 19.34
32.18 19.31
30.03 19.29
29.93 19.36
31.35 19.31
30.080000000000002 19.38
31.35 19.36
31.15 19.34
31.2 19.34
31.979999999999997 19.36
31.929999999999996 19.31
30.270000000000003 19.31
31.35 19.36
31.490000000000002 19.31
30.220000000000002 19.34
28.610000000000003 19.29
31.929999999999996 19.34
31.879999999999995 19.259999999999998
28.17 19.36
27.779999999999998 19.34
24.66 19.29
25.240000000000002 19.29
26.76 19.259999999999998
24.099999999999998 19.24
28.910000000000004 19.31
23.66 19.259999999999998
28.71 19.29
25.629999999999995 19.259999999999998
26.119999999999997 19.259999999999998
27.54 19.24
24.93 19.259999999999998
29.15 19.29
26.71 19.259999999999998
24.9 19.259999999999998
28.470000000000002 19.24
28.12 19.29
28.610000000000003 19.29
25.88 19.24
25.929999999999996 19.24
26.900000000000002 19.24
27.1 19.29
29.49 19.29
24.85 19.24
27.639999999999997 19.259999999999998
27.779999999999998 19.24
26.950000000000003 19.34
28.560000000000002 19.31
26.71 19.29
28.08 19.29
25.979999999999997 19.24
26.76 19.29
28.17 19.31
27.639999999999997 19.24
28.96 19.259999999999998
26.76 19.24
27.200000000000003 19.24
28.860000000000003 19.259999999999998
24.779999999999998 19.21
28.12 19.259999999999998
27.639999999999997 19.24
27.689999999999998 19.29
28.999999999999996 19.29
26.27 19.24
29.25 19.259999999999998
27.49 19.24
27.339999999999996 19.259999999999998
29.099999999999998 19.29
26.76 19.29
28.660000000000004 19.259999999999998
27.200000000000003 19.24
26.900000000000002 19.259999999999998
28.32 19.259999999999998
25.729999999999997 19.24
29.69 19.24
27.339999999999996 19.21
27.88 19.259999999999998
29.74 19.259999999999998
25.83 19.21
28.96 19.259999999999998
27.439999999999998 19.259999999999998
26.86 19.29
28.610000000000003 19.24
26.169999999999998 19.24
28.860000000000003 19.29
26.900000000000002 19.259999999999998
28.32 19.24
27.88 19.24
