35.501999999999995 15.609
35.017 15.581999999999995
35.32300000000001 15.561
35.928 15.530000000000003
39.108 15.474999999999998
39.23599999999999 15.323999999999998
38.408 15.193999999999999
38.867000000000004 15.123000000000001
38.983000000000004 15.085
39.144 15.056999999999999
36.60359999999999 15.018
40.53300000000001 14.970000000000002
37.718999999999994 14.939999999999998
37.40899999999999 14.918999999999999
37.050000000000004 14.895999999999997
36.101000000000006 14.889999999999997
36.480000000000004 14.876999999999999
36.704 14.827000000000002
37.620999999999995 14.774999999999999
39.614999999999995 14.833000000000002
39.254 14.789000000000001
38.312000000000005 14.672000000000002
37.355000000000004 14.637
37.287 14.616999999999999
37.851 14.604999999999999
38.339 14.658999999999999
37.78300000000001 14.698999999999998
37.068000000000005 14.636999999999997
36.808 14.587999999999997
36.48 14.560999999999998
36.954 14.546999999999999
37.059000000000005 14.554
37.087 14.528999999999998
36.94199999999999 14.503
37.419999999999995 14.512
38.800000000000004 14.526
38.484 14.533
38.317 14.515999999999998
37.383 14.491999999999999
36.617000000000004 14.421000000000001
36.497 14.409000000000002
35.835 14.397000000000002
35.99 14.372000000000002
36.027 14.340000000000003
35.141 14.309000000000003
34.675 14.300999999999997
34.915 14.295000000000002
35.294 14.276
36.260999999999996 14.285
36.022999999999996 14.283000000000001
35.824999999999996 14.273999999999997
35.583 14.249
35.582 14.257
34.809 14.216000000000001
34.199999999999996 14.194999999999999
34.39 14.206
33.550999999999995 14.191999999999998
32.987 14.190999999999999
31.327000000000005 14.156000000000002
30.572 14.112
30.419 14.077
30.263 14.076
29.916999999999994 14.054
29.759999999999998 14.036999999999999
29.197 14.028000000000002
29.48 14.017000000000001
29.266 14.013
28.804999999999996 13.999000000000002
28.066999999999997 13.974999999999996
27.570999999999994 13.965999999999998
26.928 13.953
26.313 13.910900000000002
25.889999999999997 13.894900000000002
25.634999999999998 13.913899999999998
25.358000000000004 13.911999999999999
26.161999999999995 13.947999999999999
26.810000000000002 13.990000000000002
27.791 14.011999999999999
28.642 14.017
28.431999999999995 14.032
27.067999999999998 14.062
26.21 14.041999999999998
26.623 14.059
25.472 14.096
25.119999999999997 14.104
26.685 14.143999999999998
26.001 14.179000000000002
25.192999999999994 14.196
23.743 14.164000000000001
22.997 14.145000000000001
22.632 14.113000000000001
21.46 14.093999999999998
21.608999999999998 14.082999999999998
21.578000000000003 14.070999999999998
21.185000000000002 14.055000000000001
21.172 14.045
21.371000000000002 14.050999999999997
21.359 14.051
21.291999999999998 14.023
22.779 14.022999999999996
22.572000000000003 14.005
23.261000000000003 14.005999999999998
21.515 13.972000000000001
20.637 13.959
20.497000000000003 13.896
19.703 13.877
19.113 13.855
18.95 13.814000000000004
18.685000000000002 13.786000000000001
19.873 13.825999999999999
23.308999999999997 13.927999999999999
24.25 13.910999999999998
22.600999999999996 13.899999999999999
21.894999999999996 13.877999999999998
21.355999999999995 13.861
20.393000000000004 13.835
18.833000000000002 13.818000000000003
18.059 13.818000000000003
18.429000000000002 13.8
18.632 13.798000000000002
18.098000000000003 13.7905
18.894 13.793000000000003
22.501 13.828
26.482000000000006 13.966000000000001
23.603 14.072000000000001
21.651999999999997 13.962999999999997
20.434 13.974999999999998
20.405999999999995 13.985
20.139 13.993000000000002
19.956 14.016
19.080000000000002 14.030000000000003
18.516000000000002 14.028000000000002
18.312 13.998
19.299999999999997 13.992
20.209 13.985
21.391000000000002 13.917000000000002
22.073 12.8
25.848000000000006 13.253700000000002
24.877000000000002 13.068
22.631 12.945
22.159 12.928
22.19 13.511800000000001
21.631 13.5003
20.903000000000002 13.4896
20.038999999999998 13.460000000000003
19.448 13.4573
20.08 13.4572
20.753 13.462700000000002
20.284999999999997 13.4548
20.407999999999998 13.4348
20.999000000000002 13.366200000000001
21.724 13.284300000000002
22.755 13.2373
22.507 13.198300000000001
22.357000000000003 13.156200000000002
22.381 13.103000000000002
22.692 13.0662
23.891999999999996 13.041500000000001
24.528 13.041500000000003
24.898999999999997 13.025900000000002
23.203 12.9825
23.534000000000002 12.9837
26.263 13.1638
26.177 13.1427
25.947000000000003 13.086300000000001
26.839999999999996 13.069500000000001
26.545 13.0572
25.845000000000006 13.050400000000002
25.379 13.0274
25.562 13.0252
26.546999999999997 13.033000000000003
26.613 13.037399999999998
27.497000000000003 13.0547
29.294000000000004 13.056500000000002
28.429 13.029499999999999
29.278000000000006 13.0416
29.56 13.0574
30.320999999999998 13.084999999999999
31.405000000000005 13.106000000000002
30.867 13.112599999999999
30.305 13.1049
30.427999999999994 13.0964
31.127 13.1076
31.269000000000002 13.1127
31.649 13.106000000000002
31.517999999999997 13.1075
31.244000000000007 13.111999999999998
31.987 13.174099999999997
32.407 13.2738
33.664 13.3549
34.742000000000004 13.448200000000002
35.132 13.583899999999998
35.114000000000004 13.640699999999997
34.160999999999994 13.622800000000002
33.81099999999999 13.656299999999998
35.099 13.7927
35.925999999999995 13.9411
36.251 14.1099
35.283 14.211000000000002
36.23800000000001 14.256999999999998
35.529999999999994 14.182
35.297 14.133999999999999
36.597 14.258
37.787 14.3465
36.431000000000004 14.2825
35.541000000000004 14.194899999999999
35.699999999999996 14.1456
35.729 14.1291
35.089999999999996 14.112499999999997
34.964 14.100500000000002
35.09700000000001 14.100499999999998
35.54399999999999 14.113499999999998
34.995 14.095099999999999
34.776 14.080599999999999
34.557 14.0505
37.787 14.113100000000001
39.828 14.158600000000002
40.455000000000005 14.161800000000003
42.016 14.327600000000002
41.313 14.4544
42.75 14.6568
44.411 14.946900000000001
45.20099999999999 15.331800000000001
44.446000000000005 15.57
42.268 15.615999999999996
43.68999999999999 15.798000000000002
42.205000000000005 15.793000000000001
41.23499999999999 15.781999999999998
41.747 15.881
42.016999999999996 15.873999999999999
42.17599999999999 15.901000000000002
43.035999999999994 15.943
43.61 15.957000000000003
43.348 15.909
42.373 15.898000000000001
43.97599999999999 15.918000000000001
43.81 15.910000000000002
43.425999999999995 15.903
45.184 15.959000000000001
47.277 16.0
47.094 16.038999999999998
46.107 16.008
45.373 16.041999999999994
45.440000000000005 16.048999999999996
46.489999999999995 16.081
46.79600000000001 16.117
46.91799999999999 16.136999999999997
48.527 16.230000000000004
47.612 16.221
47.939 16.212
46.917 16.236
48.144999999999996 16.229000000000003
48.02799999999999 16.253
46.617999999999995 16.272000000000002
45.269999999999996 16.229000000000003
46.062000000000005 16.285
47.051 16.355
45.837 16.326999999999998
45.403000000000006 16.328
45.568999999999996 16.311999999999998
51.05600000000001 16.413000000000004
52.129999999999995 16.421000000000003
54.486999999999995 16.466
51.48299999999999 16.431
48.469 16.429
48.596 16.457
47.96699999999999 16.463
46.394000000000005 16.558
45.672000000000004 16.484
43.364 16.427999999999997
42.62 16.361
43.254999999999995 16.448999999999998
45.727 16.466
44.245000000000005 16.406
44.769000000000005 16.436
42.482 16.348000000000003
42.33499999999999 16.360000000000003
40.51299999999999 16.31
42.982 16.377
44.42099999999999 16.349000000000004
44.238 16.319
45.582 16.335
45.716 16.33
45.027 16.003000000000004
53.105999999999995 15.790000000000001
55.20400000000001 15.758
55.871 15.713999999999997
56.525000000000006 15.736999999999998
