15.7 7.288
15.939999999999998 7.324
15.229999999999999 7.288
15.5 7.288
15.75 7.324
15.310000000000002 7.3
16.75 7.288
16.09 7.324
15.53 7.3
14.89 7.3
11.540000000000001 7.471
13.700000000000001 7.471
15.5 7.422
17.72 7.373
16.09 7.251
15.840000000000002 7.239
16.04 7.2749999999999995
16.259999999999998 7.239
15.72 7.227
16.189999999999998 7.288
15.870000000000001 7.251
15.75 7.227
17.04 7.324
16.46 7.263
15.989999999999998 7.239
16.31 7.288
15.06 7.227
15.190000000000001 7.2139999999999995
16.48 7.239
15.329999999999998 7.3
14.77 7.227
15.190000000000001 7.239
14.940000000000001 7.2749999999999995
15.110000000000001 7.251
15.040000000000001 7.239
14.01 7.3
14.62 7.288
14.6 7.2749999999999995
13.48 7.288
13.669999999999998 7.19
13.819999999999999 7.178
13.11 7.19
13.01 7.153
13.01 7.141
12.19 7.178
12.72 7.153
12.889999999999999 7.153
12.379999999999999 7.178
13.04 7.141
13.059999999999999 7.178
13.28 7.2139999999999995
12.26 7.153
11.85 7.141
11.16 7.166
11.28 7.141
11.41 7.141
10.69 7.141
10.69 7.166
10.440000000000001 7.141
10.11 7.1290000000000004
10.23 7.166
10.100000000000001 7.141
9.569999999999999 7.1290000000000004
9.888 7.153
9.814 7.141
9.106 7.117
9.508999999999999 7.153
9.533999999999999 7.141
9.314 7.117
9.411999999999999 7.117
9.386999999999999 7.178
8.325000000000001 7.141
8.105 7.117
7.922 7.166
7.544 7.1290000000000004
7.6899999999999995 7.117
7.654 7.153
7.202 7.153
7.568 7.117
7.495 7.178
7.2139999999999995 7.1290000000000004
7.581 7.117
7.141 7.153
6.604 7.1290000000000004
6.787 7.117
13.416 14.282
12.683 14.233
6.2379999999999995 7.092
5.908 7.056
5.518 7.043000000000001
5.768 7.043000000000001
10.901 14.172
5.261 7.056
5.707 7.043000000000001
5.627 7.08
5.518 7.056
5.951 7.043000000000001
5.908 7.092
11.761 14.123000000000003
5.969 7.043000000000001
5.542 7.08
10.95 14.111
21.795 21.166
5.554 7.08
5.481 7.056
5.957 7.043000000000001
5.811 7.092
5.64 7.056
5.779999999999999 7.043000000000001
15.709999999999999 21.142
5.53 7.08
5.951 7.056
5.707 7.043000000000001
5.499 7.043000000000001
5.994 7.092
5.621 7.056
5.42 7.092
16.869999999999997 21.216
5.499 7.043000000000001
11.152000000000001 14.147000000000002
43.389 49.51200000000001
5.7860000000000005 7.043000000000001
15.222 21.154
6.0 7.056
12.006 14.136
6.079 7.092
28.887999999999998 28.382
6.122 7.056
5.951 7.092
6.226 7.0680000000000005
6.262 7.043000000000001
6.177 7.092
6.421 7.0680000000000005
6.262 7.08
6.36 7.1290000000000004
6.702 7.117
6.641 7.117
6.628 7.1290000000000004
7.1290000000000004 7.117
6.909 7.117
6.859999999999999 7.1290000000000004
7.251 7.117
7.2139999999999995 7.117
7.666 7.1290000000000004
7.971 7.117
7.947 7.117
8.24 7.1290000000000004
8.398 7.1290000000000004
8.362 7.1290000000000004
8.423 7.141
8.789 7.141
8.899 7.1290000000000004
8.899 7.117
9.472999999999999 7.141
9.424000000000001 7.141
9.472999999999999 7.117
10.059999999999999 7.141
10.16 7.153
10.01 7.1290000000000004
10.86 7.178
10.75 7.153
10.620000000000001 7.1290000000000004
11.110000000000001 7.166
11.57 7.166
11.44 7.153
12.07 7.166
12.1 7.153
12.17 7.141
12.72 7.178
12.57 7.166
12.34 7.1290000000000004
13.38 7.153
14.11 7.2139999999999995
12.839999999999998 7.166
12.870000000000001 7.141
13.04 7.178
12.620000000000001 7.166
13.18 7.153
13.43 7.178
12.790000000000001 7.153
13.350000000000001 7.141
13.43 7.166
13.33 7.166
14.180000000000001 7.178
14.330000000000002 7.153
12.72 7.1290000000000004
13.209999999999999 7.166
13.450000000000001 7.166
13.5 7.141
13.65 7.166
13.28 7.166
12.989999999999998 7.19
13.350000000000001 7.227
13.889999999999999 7.251
14.21 7.263
14.649999999999999 7.251
14.31 7.251
13.5 7.239
13.87 7.2139999999999995
14.6 7.2139999999999995
14.62 7.2749999999999995
14.21 7.263
13.819999999999999 7.251
13.569999999999999 7.239
14.23 7.251
14.549999999999999 7.239
14.77 7.2139999999999995
15.09 7.251
14.75 7.263
14.430000000000001 7.239
14.75 7.239
15.260000000000002 7.239
14.67 7.263
14.87 7.263
14.87 7.251
14.399999999999999 7.263
15.14 7.2749999999999995
15.53 7.251
14.649999999999999 7.239
15.45 7.263
16.36 7.312
15.329999999999998 7.2749999999999995
15.21 7.251
15.43 7.263
14.67 7.288
14.87 7.251
15.040000000000001 7.251
14.62 7.239
14.75 7.263
14.330000000000002 7.263
13.79 7.251
14.45 7.263
14.31 7.288
13.700000000000001 7.227
14.75 7.2749999999999995
14.38 7.288
13.889999999999999 7.2749999999999995
14.649999999999999 7.2749999999999995
14.7 7.2749999999999995
13.96 7.2749999999999995
14.7 7.2749999999999995
14.67 7.263
14.280000000000001 7.2749999999999995
15.06 7.288
14.89 7.2749999999999995
15.379999999999999 7.288
16.02 7.335999999999999
14.45 7.324
16.939999999999998 7.349
15.770000000000001 7.3
15.989999999999998 7.312
15.72 7.312
15.770000000000001 7.288
16.09 7.288
15.920000000000002 7.335999999999999
15.620000000000001 7.349
15.770000000000001 7.312
15.28 7.312
15.409999999999998 7.324
16.38 7.312
15.53 7.312
16.04 7.373
15.8 7.312
15.21 7.312
15.5 7.324
15.09 7.312
16.11 7.312
15.770000000000001 7.312
15.55 7.312
15.53 7.288
15.36 7.2749999999999995
15.7 7.3
15.260000000000002 7.312
15.58 7.288
16.09 7.312
16.189999999999998 7.335999999999999
15.72 7.3
15.67 7.3
15.110000000000001 7.312
15.53 7.3
15.89 7.3
15.21 7.312
15.920000000000002 7.3
16.14 7.312
16.8 7.373
16.24 7.3
16.06 7.3
16.06 7.335999999999999
