27.881 20.368
26.013 20.355999999999995
26.538 20.576000000000004
25.732 20.356
23.187 17.072
26.983999999999998 20.428
25.866 20.392
24.64 20.374
22.235 17.078
24.127000000000002 17.114
22.266 17.078
21.186 17.066
28.217000000000002 20.368
22.461000000000002 17.072
21.759 17.078
23.925 17.127000000000002
21.935000000000002 17.096
25.123 20.366999999999997
21.905 17.065
21.594 17.071
23.962000000000003 17.071
23.316 17.127000000000002
24.871 20.404
22.131 17.077
31.923000000000002 23.687
20.935 17.071
30.596999999999998 23.687
25.617 20.379
29.059 20.429000000000002
31.092000000000002 23.749000000000002
22.131999999999998 17.096
27.305999999999997 20.404
21.247 17.077
23.334 17.121
22.381 17.163
23.392 20.685000000000002
24.308 20.649
21.569 17.114
28.410999999999998 20.434
25.94 17.163
27.417 20.673
23.938 20.648000000000003
22.04 17.12
25.769 20.428
22.278 17.114
23.67 17.151
24.828999999999997 20.465
19.564 17.114
19.585 17.114
20.880000000000003 17.108
26.36 20.422
21.612 17.114
21.064 17.108
20.087 17.114
20.209 17.126
24.676000000000002 20.428
20.032 17.151
28.632 24.724
19.372 17.174
20.52 17.217000000000002
24.962999999999997 20.537
21.538999999999998 17.187
20.617 17.150000000000002
19.996 17.144000000000002
21.105999999999998 17.199
18.661 17.181
18.519 17.187
18.982000000000003 17.181
21.667 17.187
20.019000000000002 17.224
29.266000000000002 23.864
32.702 24.902
25.043 17.236
22.474 17.23
31.285999999999998 24.339999999999996
23.315 17.285
21.209 17.248
22.547 17.254
24.994999999999997 20.568
21.54 17.255000000000003
20.294 17.273
20.72 17.279
21.582 17.273
23.412 17.323
21.227999999999998 17.285
25.225 20.605
19.934 17.279
20.483 17.291
20.637 17.31
35.022999999999996 27.925
24.285 21.197999999999997
18.939 17.298
21.105999999999998 17.31
24.499 17.395
20.191 17.341
19.268 17.31
21.436 17.358999999999998
25.384 20.71
28.021 20.741
23.016000000000002 17.414
24.69 17.468
22.504 17.432
20.556 17.42
20.801 17.396
20.519 17.414
21.148999999999997 17.42
27.223 20.807
35.56499999999999 27.729
30.92 24.354000000000003
26.544 17.444
29.499000000000002 21.038999999999998
29.09 21.044999999999998
24.926000000000002 17.474
21.85 17.48
24.255 17.517
22.474 17.517
21.862 17.499
22.224000000000004 17.499000000000002
23.333000000000002 17.506000000000004
26.105 17.548
25.501 17.529999999999998
29.125999999999998 21.089
31.598 21.107
29.242 21.119
30.529999999999998 21.137
28.937999999999995 21.174
23.803 17.548
27.564 21.119
24.212999999999997 17.535999999999998
23.718 17.548
28.081999999999997 21.119
25.391000000000002 21.119
26.897 17.573
25.903 17.567000000000004
23.43 17.536
22.887 17.536
23.664 17.542
21.961 17.542
24.304000000000002 17.542
24.073 17.542
30.2 21.174
24.463 17.597
22.204 17.536
28.43 21.137999999999998
29.829 21.174
23.700000000000003 17.554
23.382 17.554
24.116000000000003 17.560000000000002
29.462 21.131
25.464000000000002 17.591
25.427 17.602999999999998
28.925 21.130999999999997
27.612 21.119000000000003
28.086999999999996 21.130999999999997
41.227 28.038999999999998
25.128 17.627
23.187 17.566
23.053 17.560000000000002
21.16 17.56
22.955 17.542
26.36 21.113
24.700999999999997 21.119000000000003
22.126 17.603
25.14 20.996
21.423000000000002 17.560000000000002
29.161000000000005 20.990000000000002
23.639 17.615
22.162000000000003 17.554
23.621 17.53
24.011 17.524
29.444 20.942
31.091 20.942
31.299000000000003 21.204
27.235000000000003 21.148999999999997
22.705000000000002 17.524
23.029 17.524
24.865999999999996 17.524
26.946000000000005 17.608999999999998
27.459 21.142999999999997
23.484999999999996 17.53
24.573 17.524
28.162 21.095
29.602 21.113
30.926 21.198
31.200999999999997 21.160999999999998
28.576 17.535999999999998
25.061 17.535999999999998
31.592 17.541999999999998
25.641 17.548
25.519000000000002 17.541999999999998
23.747999999999998 17.535999999999998
26.336000000000006 17.584
25.116 17.566
24.243 17.554
30.237000000000002 21.125
27.503 17.56
34.973 21.186
23.956 17.572
24.695 17.560000000000002
24.407999999999998 17.554
28.107000000000003 21.111
32.342999999999996 21.125
31.97 21.162
24.61 17.578
23.627 17.554
30.975 21.125
26.032 17.554
45.367 28.315
25.219 17.596999999999998
24.505 17.554
30.988 21.125
25.163999999999998 17.542
28.276999999999997 17.572
32.697 21.192
29.803 21.130999999999997
40.782 28.273
30.798 21.119000000000003
24.884 17.554
35.23 24.695
31.25 21.130000000000003
27.221 17.615
26.348 17.608999999999998
25.177 17.566
24.933 17.566
26.703 17.590999999999998
26.99 17.608999999999998
26.05 17.572999999999997
25.346999999999998 17.559
25.775 17.602
29.835 17.627
27.368000000000002 17.627
29.253999999999998 17.584999999999997
27.96 17.584999999999997
27.661 17.615
31.311 17.657
30.127000000000002 17.663
32.092999999999996 17.694000000000003
30.536 17.694000000000003
26.892 17.627
29.53 17.657
30.274 17.7
28.733999999999998 17.645
28.503999999999998 17.615
28.650000000000002 17.621
27.489 17.615
26.708 17.621
28.498 17.688000000000002
24.712999999999997 17.621
24.944000000000003 17.608999999999998
41.687999999999995 28.327999999999996
31.006 21.197999999999997
27.845000000000002 17.688000000000002
25.361 17.627
30.549 21.179
31.915 21.166
26.349 17.596
29.71900000000001 17.651
28.955 17.645
28.907000000000004 17.639
30.211999999999996 17.663
28.271 17.651
26.349 17.621
24.97 17.608
27.538 17.608
28.698 17.578
31.878999999999998 17.621000000000002
27.459 17.585
30.243 17.579
29.448 17.591
27.674 17.627000000000002
26.002 17.591
25.317 17.573
26.947 17.573
24.536 17.566000000000003
24.993 17.573
24.108999999999998 17.573
25.269 17.573
23.883000000000003 17.573
28.142999999999997 17.573
26.678 17.573
26.495 17.573
26.836 17.573
28.363 17.573
29.828 17.591
27.613 17.615000000000002
30.75 17.585
29.822 17.597
26.287 17.591
