17.689 12.781999999999998
16.065 12.781999999999998
18.805 12.781999999999998
16.999 12.788
17.193 12.781999999999998
15.698 12.769000000000002
15.699000000000002 12.781999999999998
15.729 12.788
22.302 17.189
27.471999999999998 21.583999999999996
28.046 25.96
24.97 21.559
21.898999999999997 17.183
16.37 12.775999999999998
15.434999999999999 12.775
15.192 12.769000000000002
16.253 12.775999999999998
15.449000000000002 12.769000000000002
15.190999999999999 12.775
19.733 17.17
19.72 17.189
15.582 12.788
14.123 12.788
31.830000000000002 30.263999999999996
25.403000000000002 21.352
14.618 12.781999999999998
16.553 12.781999999999998
27.35 25.954
23.682000000000002 21.559
23.479 21.583999999999996
24.572 21.474
25.884999999999998 21.48
14.673 12.788
15.625 12.794
15.65 12.781
24.676000000000002 21.358
27.668 21.358
15.375 12.781
15.826 12.8
15.124 12.794
15.222 12.806000000000001
19.58 17.219
16.224 12.812000000000001
19.207 17.219
18.763 17.237
15.716 12.83
14.515 12.824
24.384 21.534
20.52 17.127
16.034000000000002 12.818
14.764 12.818
14.423 12.824
14.423 12.83
25.074 21.558
24.219 21.54
18.853 17.230999999999998
15.24 12.848
20.776 17.255000000000003
14.624 12.842
14.142000000000001 12.836
18.89 17.249
15.033 12.836
15.484 12.836
15.522 12.842
13.513 12.848
13.849 12.836
19.044 16.944
23.261000000000003 21.454
27.436000000000003 25.172
29.259999999999998 25.172
26.367 25.373
20.769000000000005 21.558
26.428 21.369000000000003
14.27 12.836
18.145999999999997 17.145
23.554 21.564
23.194 21.674000000000003
19.763 17.249
33.87500000000001 30.097
28.858 25.684
31.774 30.219
28.235 25.495
20.496 17.267000000000003
15.485 12.866
15.014 12.86
14.146999999999998 12.86
19.567 17.285
14.588000000000001 12.86
20.531 17.273000000000003
14.343 12.866
18.956999999999997 17.285
24.671000000000003 21.405
13.347999999999999 12.854
13.33 12.866
13.928 12.848
18.542 17.273
26.177 21.405
15.307 12.866
13.868 12.866
20.093 16.974
23.535 21.704
18.884 17.291
19.184 17.291
29.645 26.031
23.248 21.71
15.106 12.866
19.117 17.291
20.611 17.297
23.121 17.291
15.65 12.872
16.638 12.872
15.039 12.872
14.887 12.872
13.677 12.872
14.758 12.878
19.244 17.285
16.577 12.878
15.649 12.872
19.751 17.303
14.764 12.884
21.418 17.309
14.636 12.884
14.440999999999999 12.878
15.797 12.878
20.435 17.303
24.651999999999997 26.153000000000006
14.898 12.878
19.409000000000002 17.303
15.069000000000003 12.884
20.167 17.303
14.819 12.878
13.934000000000001 12.86
15.473 12.866
25.770000000000003 21.508
20.465 17.334
14.209 12.897
22.297 17.365
15.142 12.908999999999999
15.674 12.903
15.338000000000001 12.897
15.333 12.903
15.295 12.921
20.538999999999998 17.377
19.609999999999996 17.371
20.476999999999997 17.371
14.667000000000002 12.915
14.099 12.908999999999999
14.787999999999998 12.915
33.068999999999996 30.787
19.299 17.377
20.264 17.377
19.037000000000003 17.241999999999997
25.519000000000002 21.581
20.855999999999998 17.266000000000002
14.257 12.939
17.944000000000003 17.389
16.753999999999998 12.945
21.918 17.443
16.266 12.951
17.309 13.073
14.942 13.116
20.769000000000002 17.717
20.355999999999998 17.705
20.703 17.711
15.814 13.11
15.815000000000001 13.232
15.466000000000001 13.213
20.061999999999998 17.826999999999998
21.691999999999997 17.833
15.613 13.213
26.887 22.440999999999995
17.901999999999997 13.206999999999999
15.564 13.214
14.765 13.225999999999999
20.074 17.858
21.558 17.926000000000002
15.753 13.281
21.221999999999998 17.944
19.910000000000004 17.956
24.603 22.692999999999998
16.931 13.316999999999998
16.387999999999998 13.33
16.883 13.349
15.369 13.374
16.656 13.404
15.1 13.398000000000001
16.18 13.392000000000001
16.326999999999998 13.398000000000001
15.857000000000001 13.428
20.88 17.762
24.579 22.126
14.905000000000001 13.428
21.899 18.122000000000003
20.362 18.122000000000003
15.894 13.452
21.028 17.792
16.125999999999998 13.452999999999998
21.221 17.793
16.509 13.446999999999997
16.344 13.465
16.046 13.483
14.936 13.483
14.667 13.495000000000001
15.485 13.513
19.849 17.889
21.991000000000003 17.853
38.789 30.909000000000002
15.918 13.489
16.150000000000002 13.489
15.125 13.495
19.659000000000002 18.189
24.854000000000003 22.895
20.612 18.189
15.742 13.501
15.454 13.495
16.077 13.495
14.935 13.495
18.384 18.195
35.022 32.342999999999996
15.711 13.501
15.027 13.495000000000001
27.355 22.907
20.226 18.201
16.627 13.489
15.143 13.483
15.296000000000001 13.489
14.953 13.483
13.544 13.489
14.850000000000001 13.501
19.807 17.841
15.527 13.489
15.467 13.501
20.324 13.525
17.029 13.616
16.747999999999998 13.617
16.553 13.640999999999998
16.004 13.652999999999999
19.403 13.658999999999999
33.681 14.321200000000001
25.508999999999997 14.672099999999999
25.977 14.830100000000002
22.216 14.969200000000003
25.450999999999997 15.057799999999999
27.931999999999995 15.8468
19.833 15.0031
19.252999999999997 15.010700000000002
18.830000000000002 15.0093
17.748 15.0139
22.587000000000003 19.8301
23.201999999999998 19.8362
27.872000000000003 24.6153
16.33 15.0708
17.236 15.0783
18.25 15.096500000000002
22.677999999999997 19.8982
17.560000000000002 15.1148
22.449 19.8903
16.544999999999998 15.121800000000002
17.489 15.121800000000002
17.047 15.129299999999999
18.029999999999998 15.165400000000002
21.128 19.9624
16.083 15.186399999999999
18.079 15.1909
20.063 15.164
19.98 15.179
22.573 19.939999999999998
17.733999999999998 15.192599999999997
21.817 19.953599999999998
17.217 15.1731
35.156 20.1554
20.996000000000002 15.360999999999997
22.008000000000003 15.388999999999998
20.209 15.399000000000001
19.213 15.403
18.594 15.435000000000002
18.73 15.448
18.102 15.466000000000001
24.413999999999998 20.339000000000002
20.342999999999996 15.508999999999999
23.636000000000003 20.382999999999996
18.671000000000003 15.516000000000002
18.82 15.540999999999999
18.756 15.531
20.116999999999997 15.534
29.694000000000003 15.531999999999998
24.410999999999998 15.543999999999999
21.648999999999997 15.590000000000002
