8.959999999999999 9.668000000000001
7.678 9.68
7.678 9.668000000000001
9.729000000000001 9.68
7.8 9.705
7.654 9.68
7.8 9.656
7.629 9.668000000000001
7.7509999999999994 9.668000000000001
10.14 9.753
8.765 9.741
7.457999999999999 9.741
7.568 9.729000000000001
7.776 9.705
7.788 9.753
9.692 9.790000000000001
7.593 9.741
7.532 9.766
7.654 9.766
9.142999999999999 9.778
7.5200000000000005 9.790000000000001
9.9 9.802
7.239 9.827
7.544 9.802
7.922 9.814
7.91 9.790000000000001
7.983 9.778
9.594999999999999 9.851
7.335999999999999 9.827
8.556999999999999 9.802
7.434 9.839
7.446 9.827
7.495 9.839
9.497 9.863
7.568 9.827
7.605 9.851
7.373 9.839
7.396999999999999 9.814
7.422 9.863
11.05 9.888
7.483 9.888
7.446 9.863
7.593 9.839
7.41 9.875
7.471 9.863
9.508999999999999 9.875
7.544 9.912
7.349 9.888
7.3 9.863
8.667 9.924
7.396999999999999 9.912
9.386999999999999 9.949
7.361 9.912
7.2139999999999995 9.888
7.251 9.924
7.434 9.924
7.3 9.9
9.375 9.961
8.728 9.937
7.324 9.924
7.422 9.937
7.361 9.937
7.422 9.912
9.424000000000001 9.985
7.349 9.961
7.385 9.961
7.434 9.961
7.263 9.949
8.777 9.961
9.436 10.02
7.422 9.985
7.471 9.949
7.483 9.998
7.532 9.985
7.483 9.973
9.961 10.03
7.581 10.01
7.41 9.985
8.972 10.03
7.6899999999999995 10.01
7.568 9.998
9.705 10.07
7.568 10.03
7.5200000000000005 10.05
7.434 10.03
7.568 10.01
7.581 10.05
10.02 10.07
9.241000000000001 10.059999999999999
7.471 10.059999999999999
7.457999999999999 10.05
7.41 10.03
7.422 10.03
9.325999999999999 10.11
7.324 10.07
7.324 10.08
7.361 10.059999999999999
7.788 10.08
8.801 10.100000000000001
9.692 10.11
10.07 10.17
7.8740000000000006 10.11
8.142000000000001 10.100000000000001
7.971 10.12
7.861 10.11
8.081000000000001 10.18
9.863 10.36
8.423 10.290000000000001
8.044 10.27
7.373 10.280000000000001
7.568 10.299999999999999
7.239 10.27
9.447999999999999 10.33
7.335999999999999 10.31
7.654 10.280000000000001
7.715 10.299999999999999
7.457999999999999 10.31
8.362 10.290000000000001
10.18 10.36
7.349 10.34
7.5200000000000005 10.290000000000001
7.727 10.35
7.642 10.38
7.947 10.36
9.9 10.39
7.642 10.34
7.91 10.38
9.350999999999999 10.4
7.825 10.36
7.8 10.39
10.059999999999999 10.459999999999999
7.764 10.440000000000001
7.811999999999999 10.38
7.715 10.41
7.788 10.42
7.849 10.39
9.9 10.45
9.264999999999999 10.47
7.898 10.42
7.654 10.45
7.788 10.41
7.91 10.440000000000001
10.18 10.5
7.617 10.42
7.617 10.45
7.666 10.459999999999999
8.74 10.440000000000001
8.057 10.47
9.692 10.52
7.396999999999999 10.47
7.532 10.47
7.581 10.45
7.788 10.489999999999998
7.8740000000000006 10.51
9.985 10.51
7.495 10.51
9.277000000000001 10.56
7.776 10.5
7.861 10.52
7.971 10.530000000000001
10.05 10.530000000000001
7.959 10.549999999999999
7.91 10.549999999999999
7.811999999999999 10.51
8.02 10.549999999999999
7.544 10.549999999999999
12.01 10.6
7.837 10.58
7.605 10.56
7.495 10.530000000000001
7.703 10.57
7.922 10.58
9.985 10.58
7.837 10.6
7.811999999999999 10.61
8.362 10.57
8.826 10.620000000000001
7.776 10.61
9.68 10.61
7.739 10.620000000000001
7.739 10.63
7.886 10.6
7.776 10.63
7.8 10.639999999999999
9.766 10.66
9.302000000000001 10.66
7.922 10.67
7.727 10.620000000000001
7.715 10.66
7.91 10.66
9.875 10.68
7.6899999999999995 10.67
7.41 10.68
7.495 10.66
7.446 10.68
9.009 10.72
9.717 10.72
7.617 10.72
7.335999999999999 10.72
7.556 10.73
7.642 10.74
7.6899999999999995 10.71
9.888 10.780000000000001
7.727 10.77
9.07 10.74
8.044 10.780000000000001
7.715 10.780000000000001
7.825 10.74
9.631 10.82
7.8740000000000006 10.82
7.788 10.77
7.849 10.77
7.9350000000000005 10.8
7.91 10.82
11.63 10.84
7.727 10.83
7.678 10.83
7.91 10.79
7.825 10.84
7.703 10.85
9.961 10.879999999999999
7.8740000000000006 10.86
7.91 10.89
8.948 10.89
8.264000000000001 10.93
7.8740000000000006 10.9
10.01 10.97
8.008 10.96
10.8 11.04
8.02 11.0
7.825 10.99
7.703 10.94
9.924 11.01
9.302000000000001 11.020000000000001
7.739 10.97
7.654 11.0
7.739 11.020000000000001
7.764 10.97
10.22 11.06
7.8740000000000006 11.05
7.825 11.01
7.666 11.01
9.705 11.1
7.971 11.04
10.18 11.08
8.129999999999999 11.08
7.971 11.020000000000001
7.947 11.05
8.008 11.08
8.032 11.04
10.25 11.12
16.0193 16.499
10.75 6.689
11.5 6.897
12.280000000000001 6.995
12.11 7.007
12.520000000000001 7.08
11.790000000000001 7.227
10.73 7.227
9.106 7.324
7.19 7.227
7.043000000000001 7.3
7.117 7.396999999999999
7.703 7.373
8.373999999999999 7.422
8.386000000000001 7.544
7.178 7.471
7.239 7.483
7.2749999999999995 7.581
7.2139999999999995 7.5200000000000005
8.325000000000001 7.544
7.7509999999999994 7.666
6.958 7.593
6.981999999999999 7.617
7.19 7.703
7.6899999999999995 7.666
9.216000000000001 7.727
8.752 7.837
7.483 7.776
7.361 7.788
7.227 7.861
7.471 7.811999999999999
8.533 7.861
8.984 7.971
7.703 7.91
7.335999999999999 7.922
7.983 8.008
7.727 7.971
