7.666 7.861
7.605 7.861
10.01 7.959
8.923 7.971
7.507 7.947
7.642 7.996
7.642 7.971
7.507 8.032
8.032 7.983
9.081999999999999 8.008
7.446 8.068999999999999
7.422 8.02
8.203000000000001 8.032
8.215 8.154
8.105 8.105
9.009 8.154
7.396999999999999 8.190999999999999
7.141 8.118
7.104000000000001 8.129999999999999
7.446 8.215
7.983 8.154
9.203999999999999 8.215
7.568 8.24
9.033 8.203000000000001
7.495 8.190999999999999
7.373 8.251999999999999
8.02 8.215
8.997 8.251999999999999
7.593 8.276
7.507 8.228
7.446 8.24
7.495 8.301
7.764 8.251999999999999
9.631 8.301
8.301 8.337
7.629 8.276
7.457999999999999 8.276
7.678 8.35
8.203000000000001 8.312999999999999
9.094 8.35
7.678 8.398
7.703 8.337
7.544 8.337
8.569 8.362
8.556999999999999 8.434999999999999
8.85 8.423
7.642 8.447000000000001
7.422 8.398
7.495 8.398
7.507 8.472
7.776 8.423
8.301 8.459
7.2749999999999995 8.495999999999999
8.569 8.447000000000001
7.776 8.472
7.007 8.508000000000001
7.422 8.459
8.447000000000001 8.484
6.920999999999999 8.508000000000001
6.75 8.472
6.981999999999999 8.472
6.981999999999999 8.520999999999999
7.715 8.495999999999999
9.447999999999999 8.545
7.031 8.556999999999999
6.958 8.508000000000001
6.859999999999999 8.520999999999999
6.897 8.569
7.703 8.533
8.215 8.569
6.946 8.594
7.166 8.545
7.141 8.545
8.447000000000001 8.569
7.886 8.606
8.264000000000001 8.594
7.457999999999999 8.581999999999999
7.385 8.728
7.544 8.667
7.141 8.716
7.7509999999999994 8.667
8.203000000000001 8.704
6.97 8.667
8.434999999999999 8.752
6.995 8.679
7.007 8.679
7.898 8.728
8.251999999999999 8.728
7.1290000000000004 8.704
7.202 8.74
7.104000000000001 8.691
7.104000000000001 8.704
8.068999999999999 8.752
9.521 8.752
6.995 8.716
6.958 8.777
7.373 8.74
7.617 8.74
7.983 8.801
10.440000000000001 8.801
7.788 8.777
7.471 8.826
8.142000000000001 8.765
8.386000000000001 8.777
7.568 8.826
9.447999999999999 8.801
7.457999999999999 8.789
7.41 8.838
7.581 8.789
7.617 8.801
7.532 8.85
9.68 8.813
9.058 8.85
7.861 8.838
7.7509999999999994 8.875
7.642 8.838
7.715 8.813
9.668000000000001 8.899
7.629 8.875
7.727 8.899
7.568 8.862
7.678 8.85
8.655 8.862
10.17 8.959999999999999
7.727 8.923
7.544 8.899
7.6899999999999995 8.972
7.666 8.936
7.5200000000000005 8.923
9.546000000000001 9.009
7.8740000000000006 8.984
7.666 8.948
9.229 9.033
7.8 8.997
7.312 8.972
9.375 9.033
7.556 9.020999999999999
7.568 8.972
7.739 9.033
7.764 9.009
7.483 8.997
9.485000000000001 9.058
9.350999999999999 9.045
7.788 9.020999999999999
7.811999999999999 9.07
7.495 9.033
7.568 9.020999999999999
9.631 9.094
7.544 9.07
7.568 9.033
7.617 9.106
7.6899999999999995 9.07
9.167 9.081999999999999
9.411999999999999 9.094
7.7509999999999994 9.142999999999999
7.568 9.094
7.581 9.081999999999999
7.654 9.155000000000001
7.739 9.131
9.851 9.142999999999999
7.642 9.203999999999999
7.8740000000000006 9.167
9.020999999999999 9.229
7.739 9.180000000000001
7.581 9.167
9.729000000000001 9.241000000000001
7.654 9.203999999999999
7.495 9.180000000000001
7.605 9.229
7.495 9.203999999999999
7.2139999999999995 9.192
9.180000000000001 9.216000000000001
9.472999999999999 9.29
7.544 9.229
7.227 9.203999999999999
7.471 9.253
7.532 9.229
9.619 9.241000000000001
7.739 9.264999999999999
7.715 9.241000000000001
7.764 9.229
9.155000000000001 9.241000000000001
7.91 9.29
9.839 9.253
7.764 9.253
8.032 9.241000000000001
7.6899999999999995 9.277000000000001
7.532 9.253
7.556 9.253
9.521 9.314
7.556 9.264999999999999
9.094 9.264999999999999
7.727 9.253
7.556 9.314
7.666 9.277000000000001
9.521 9.29
7.605 9.325999999999999
7.654 9.29
7.727 9.277000000000001
7.507 9.325999999999999
8.081000000000001 9.302000000000001
10.72 9.325999999999999
7.5200000000000005 9.302000000000001
7.556 9.338000000000001
7.19 9.314
7.263 9.350999999999999
7.568 9.314
9.521 9.325999999999999
7.5200000000000005 9.325999999999999
7.0680000000000005 9.363000000000001
8.911 9.350999999999999
7.495 9.325999999999999
7.6899999999999995 9.386999999999999
9.68 9.363000000000001
7.617 9.350999999999999
7.605 9.386999999999999
7.335999999999999 9.363000000000001
7.544 9.350999999999999
7.434 9.350999999999999
9.644 9.424000000000001
9.094 9.411999999999999
7.629 9.424000000000001
7.457999999999999 9.399000000000001
7.678 9.375
7.8 9.375
9.863 9.46
7.6899999999999995 9.424000000000001
7.678 9.436
7.715 9.411999999999999
8.179 9.411999999999999
8.556999999999999 9.411999999999999
9.546000000000001 9.485000000000001
7.678 9.436
7.581 9.411999999999999
7.811999999999999 9.46
7.568 9.424000000000001
7.666 9.424000000000001
9.790000000000001 9.497
7.6899999999999995 9.447999999999999
8.704 9.424000000000001
7.166 9.472999999999999
7.434 9.436
7.593 9.436
9.778 9.472999999999999
7.605 9.508999999999999
7.335999999999999 9.46
7.581 9.46
7.544 9.497
7.642 9.472999999999999
11.06 9.497
7.483 9.546000000000001
7.593 9.497
7.532 9.472999999999999
7.605 9.521
7.617 9.508999999999999
9.753 9.521
7.642 9.508999999999999
7.544 9.546000000000001
7.532 9.533999999999999
9.119 9.533999999999999
7.666 9.558
9.778 9.583
7.446 9.533999999999999
7.593 9.583
7.568 9.569999999999999
7.617 9.533999999999999
7.776 9.583
9.619 9.607000000000001
9.180000000000001 9.569999999999999
7.434 9.569999999999999
7.727 9.619
7.605 9.594999999999999
7.642 9.569999999999999
9.375 9.631
7.335999999999999 9.619
7.0680000000000005 9.594999999999999
7.593 9.631
7.434 9.619
8.606 9.607000000000001
9.338000000000001 9.668000000000001
7.5200000000000005 9.656
7.568 9.607000000000001
7.556 9.619
7.617 9.656
7.629 9.644
9.631 9.656
7.776 9.692
7.764 9.668000000000001
