7.593 10.059999999999999
8.142000000000001 10.11
8.948 10.11
7.617 10.100000000000001
7.727 10.16
7.434 10.14
7.385 10.18
8.813 10.13
9.375 10.209999999999999
7.703 10.190000000000001
7.495 10.16
7.312 10.18
7.312 10.23
7.886 10.22
9.386999999999999 10.290000000000001
7.5200000000000005 10.22
7.8 10.23
8.337 10.280000000000001
7.41 10.23
8.081000000000001 10.27
8.899 10.31
7.396999999999999 10.25
7.457999999999999 10.280000000000001
7.349 10.299999999999999
7.385 10.290000000000001
8.142000000000001 10.299999999999999
10.07 10.31
7.666 10.299999999999999
7.642 10.33
7.568 10.290000000000001
7.6899999999999995 10.31
8.251999999999999 10.34
9.119 10.33
7.457999999999999 10.33
7.471 10.35
8.716 10.36
7.446 10.38
8.142000000000001 10.33
8.777 10.39
7.385 10.39
7.422 10.35
7.5200000000000005 10.38
7.335999999999999 10.39
8.057 10.38
9.961 10.440000000000001
7.251 10.38
7.2749999999999995 10.4
7.251 10.42
7.288 10.39
8.081000000000001 10.4
8.606 10.459999999999999
7.2749999999999995 10.4
7.335999999999999 10.42
8.533 10.459999999999999
7.335999999999999 10.42
8.105 10.45
8.643 10.45
7.288 10.45
7.457999999999999 10.47
7.422 10.6
7.166 10.61
7.861 10.63
10.459999999999999 10.66
7.483 10.639999999999999
7.251 10.61
7.104000000000001 10.620000000000001
7.141 10.66
7.837 10.620000000000001
8.312999999999999 10.66
7.117 10.66
7.043000000000001 10.63
8.398 10.66
7.0680000000000005 10.69
7.922 10.66
8.276 10.71
7.043000000000001 10.71
7.031 10.66
7.104000000000001 10.66
7.056 10.71
7.922 10.68
9.399000000000001 10.74
7.007 10.68
7.104000000000001 10.69
7.043000000000001 10.72
7.08 10.68
7.898 10.69
8.264000000000001 10.77
7.043000000000001 10.69
7.239 10.71
7.642 10.75
8.044 10.72
7.959 10.72
8.276 10.780000000000001
7.104000000000001 10.72
7.312 10.77
7.019 10.73
7.104000000000001 10.73
8.057 10.77
9.594999999999999 10.780000000000001
8.35 10.79
7.141 10.8
7.0680000000000005 10.74
7.092 10.75
7.117 10.8
9.081999999999999 10.79
7.031 10.8
7.043000000000001 10.780000000000001
7.178 10.75
8.484 10.780000000000001
7.08 10.82
9.106 10.82
7.117 10.84
7.117 10.79
7.104000000000001 10.79
7.0680000000000005 10.84
7.056 10.79
9.302000000000001 10.83
8.228 10.86
7.166 10.82
7.031 10.83
7.092 10.879999999999999
7.153 10.82
9.264999999999999 10.85
7.361 10.879999999999999
7.361 10.83
7.178 10.85
7.117 10.89
8.362 10.85
9.264999999999999 10.879999999999999
7.166 10.9
7.104000000000001 10.85
7.153 10.86
7.1290000000000004 10.91
7.092 10.86
9.119 10.89
7.08 10.93
8.312999999999999 10.9
7.043000000000001 10.94
7.092 10.89
7.385 10.89
9.753 10.96
7.396999999999999 10.91
7.1290000000000004 10.91
7.251 10.96
7.141 10.91
7.617 10.93
9.790000000000001 10.99
7.056 10.93
7.104000000000001 10.94
7.2139999999999995 10.99
7.19 10.95
7.239 10.95
9.472999999999999 11.01
7.312 10.97
7.385 10.97
8.520999999999999 11.04
7.349 10.99
7.288 11.0
9.350999999999999 11.06
7.166 11.01
7.251 11.01
7.239 11.06
7.19 11.01
7.263 11.020000000000001
9.924 11.08
7.922 11.05
7.104000000000001 11.08
7.007 11.04
7.1290000000000004 11.04
7.227 11.1
9.155000000000001 11.07
7.178 11.06
7.141 11.1
6.981999999999999 11.05
8.447000000000001 11.07
6.995 11.110000000000001
9.106 11.07
7.19 11.07
7.263 11.110000000000001
7.227 11.07
7.19 11.07
7.19 11.12
9.264999999999999 11.110000000000001
8.484 11.1
7.178 11.129999999999999
6.897 11.08
7.043000000000001 11.08
6.995 11.129999999999999
9.081999999999999 11.12
6.981999999999999 11.1
7.153 11.15
7.0680000000000005 11.110000000000001
7.031 11.110000000000001
8.312999999999999 11.17
8.887 11.16
7.031 11.110000000000001
7.031 11.17
7.043000000000001 11.12
7.043000000000001 11.17
7.153 11.129999999999999
9.094 11.17
7.227 11.19
8.044 11.16
7.629 11.15
7.239 11.19
7.104000000000001 11.16
9.167 11.17
7.141 11.21
7.092 11.17
7.117 11.16
7.1290000000000004 11.21
7.056 11.17
18.8226 16.683
10.8 6.567
11.68 6.726
11.82 6.75
11.78 6.836
11.940000000000001 6.859999999999999
10.68 6.909
8.704 6.995
7.324 6.909
7.361 6.934
7.349 7.007
6.812 6.981999999999999
9.07 7.056
8.276 7.056
7.178 7.031
7.312 7.08
7.457999999999999 7.141
7.629 7.104000000000001
7.996 7.141
8.74 7.1290000000000004
7.483 7.117
7.251 7.2139999999999995
7.2139999999999995 7.178
7.396999999999999 7.202
9.264999999999999 7.2749999999999995
8.495999999999999 7.288
7.178 7.312
7.178 7.263
6.97 7.2749999999999995
6.775 7.312
7.434 7.288
7.8740000000000006 7.335999999999999
7.1290000000000004 7.361
7.361 7.335999999999999
6.836 7.335999999999999
8.447000000000001 7.41
7.727 7.373
8.74 7.422
7.3 7.396999999999999
7.2139999999999995 7.396999999999999
7.312 7.457999999999999
7.202 7.422
7.764 7.434
8.495999999999999 7.544
7.251 7.457999999999999
7.361 7.457999999999999
8.74 7.544
7.335999999999999 7.495
7.581 7.544
8.85 7.544
7.471 7.532
7.263 7.581
7.422 7.532
7.422 7.544
7.983 7.617
8.704 7.629
7.288 7.593
8.765 7.6899999999999995
7.434 7.642
7.2749999999999995 7.654
7.678 7.727
8.264000000000001 7.739
7.153 7.703
7.263 7.776
7.288 7.727
7.043000000000001 7.739
7.849 7.8
10.22 7.811999999999999
7.715 7.811999999999999
7.532 7.849
7.422 7.8
7.434 7.811999999999999
7.825 7.861
9.058 7.861
7.495 7.837
7.507 7.886
