60.278 14.066
58.73400000000001 14.047
59.14999999999999 14.069999999999999
60.504000000000005 14.081000000000001
58.221000000000004 14.077000000000004
52.93600000000001 14.112999999999998
52.666999999999994 14.207
52.955 14.383
50.651999999999994 14.582
50.989 14.775999999999998
52.434999999999995 14.898000000000003
52.888000000000005 15.043999999999999
53.513999999999996 15.149000000000001
53.925 15.204999999999998
51.684 15.233999999999998
50.879 15.215
51.818 15.226
53.349999999999994 15.255000000000003
54.796000000000014 15.253
52.044999999999995 15.213
48.579 15.186
48.547000000000004 15.180000000000005
49.92100000000001 15.166999999999998
50.970000000000006 15.165000000000001
51.318000000000005 15.165000000000001
52.832 15.162
53.010000000000005 15.154
53.093999999999994 15.126999999999999
52.467 15.135000000000002
53.27 15.149000000000004
52.905 15.132000000000001
52.703 15.133999999999997
53.113 15.17
48.877 13.981000000000002
59.02700000000001 15.126000000000001
48.144000000000005 13.985999999999999
52.36100000000001 15.126000000000001
49.437000000000005 13.985999999999999
48.79900000000001 13.966999999999999
50.05 13.974999999999998
49.353 13.957000000000003
53.97299999999999 14.6483
53.773 14.6483
55.236 14.663100000000002
53.608 14.673800000000004
53.04599999999999 14.6496
51.82600000000001 14.637
51.251999999999995 14.6167
50.696 14.569800000000003
51.405 14.523299999999997
51.30699999999999 14.4655
52.949 14.405999999999999
45.063 14.130999999999998
44.574999999999996 14.0534
45.373999999999995 14.010800000000001
45.117000000000004 13.9712
44.189 13.960699999999997
44.824000000000005 13.922699999999999
44.05 13.9119
43.285 13.865100000000002
43.13499999999999 13.835999999999999
43.683 13.880099999999999
46.471999999999994 13.9824
45.54299999999999 14.006599999999999
44.538 13.9286
38.891 13.834500000000002
27.816000000000003 13.6428
25.684999999999995 13.594999999999999
21.712999999999997 13.4916
19.516000000000002 13.420499999999999
17.794999999999998 13.377
19.836000000000002 13.489400000000002
25.785999999999998 14.0978
24.299 14.408399999999999
24.087 14.5177
24.919999999999998 14.625499999999999
26.088 14.8867
28.939000000000004 15.27
31.552000000000003 15.524000000000001
29.822 15.58
28.745000000000005 15.565000000000001
28.742 15.574000000000002
27.38 15.542
27.900000000000002 15.565999999999999
28.907 15.567
28.732999999999997 15.564
29.837999999999997 15.581000000000003
27.833000000000002 15.503
25.824 15.448999999999998
24.252000000000002 15.439
23.484 15.401000000000002
21.388000000000005 15.321000000000002
20.337 15.329999999999998
19.149 15.322999999999997
19.429 15.325
19.739 15.316000000000003
19.177000000000003 15.342
19.333 15.334000000000003
18.879999999999995 15.290000000000001
19.332 15.193999999999999
18.708000000000002 15.132999999999996
18.436000000000003 15.145
18.419 15.128
17.579 15.119999999999997
16.768 15.111000000000002
16.786 15.094
16.930999999999997 15.038000000000002
16.639000000000003 14.960999999999999
16.155 14.892
16.097 14.792900000000003
15.609900000000001 14.7012
14.616999999999999 14.612
13.6021 14.490799999999998
13.694099999999999 14.3746
13.294 14.287699999999997
13.058200000000003 14.128400000000003
12.369299999999999 13.9819
11.6341 13.835699999999997
11.4736 13.7227
23.329000000000004 13.7929
30.618000000000002 13.7893
17.628999999999998 13.441699999999997
14.4015 13.2003
9.647199999999998 12.922399999999998
11.284399999999998 12.8087
14.324299999999997 12.787400000000002
15.426 12.762600000000003
15.783800000000003 12.7284
17.156000000000002 12.795399999999999
19.666 13.003699999999998
18.343 12.9197
17.472 12.876700000000001
17.157 12.8663
17.011000000000003 12.851
17.415999999999997 12.8323
19.006 12.8402
18.891000000000002 12.838899999999997
19.386 12.845099999999999
18.463 12.876100000000001
18.718 12.877600000000001
18.371000000000002 12.870999999999999
18.338 12.803999999999998
18.05 12.7529
17.715999999999998 12.7183
19.071 12.7781
21.872000000000003 12.9027
22.179 12.989500000000001
22.25 13.0909
21.307000000000002 13.077000000000002
21.577000000000005 13.047399999999998
21.379000000000005 13.033900000000001
21.693 13.055599999999998
20.959 13.0525
21.014000000000003 13.053
21.274 13.0575
21.542 13.065500000000002
22.607 13.085099999999999
23.246 13.073600000000003
23.910999999999998 13.0354
24.035999999999998 13.0209
25.568 13.1274
25.037000000000003 13.054599999999999
25.291000000000004 13.041500000000001
26.326 13.026400000000002
26.352000000000004 13.051000000000002
26.883000000000003 13.1269
24.445999999999998 13.0822
24.451 13.051599999999999
24.685999999999996 13.0335
27.622000000000003 13.0419
26.571 13.041999999999998
26.283999999999995 13.0514
26.406000000000002 13.026900000000003
27.827999999999996 13.019300000000001
27.801000000000002 13.064
28.286999999999995 13.158499999999998
28.609999999999996 13.127899999999999
29.776999999999997 13.089299999999998
28.915000000000006 13.069600000000001
29.238000000000003 13.0602
28.732000000000003 13.039100000000001
27.947 13.047599999999997
28.538000000000004 13.054099999999998
28.343999999999998 13.051599999999999
28.557999999999993 13.0501
28.883 13.040599999999996
28.549999999999997 13.036499999999998
28.793999999999997 13.0084
28.13 12.984800000000002
28.054000000000002 12.9884
28.182000000000002 12.9824
28.554999999999996 12.978800000000001
28.711000000000002 12.978800000000001
29.350000000000005 13.0867
28.970999999999997 13.082300000000002
28.428000000000004 13.061700000000002
28.799000000000003 13.0416
29.128999999999998 13.0538
30.362000000000005 13.070799999999998
30.045999999999996 13.0698
29.581000000000003 13.059300000000002
29.86500000000001 13.0478
29.429 13.0442
28.887999999999998 13.0473
29.674999999999997 13.056300000000002
31.962000000000003 13.181300000000002
35.187 13.290199999999999
34.15899999999999 13.346599999999997
33.778000000000006 13.333999999999998
33.723 13.290299999999998
33.99100000000001 13.286299999999999
33.294999999999995 13.262700000000002
33.329 13.2636
32.833000000000006 13.258500000000002
33.073 13.2727
32.82899999999999 13.264100000000001
32.764 13.269599999999999
33.676 13.262099999999998
33.98500000000001 13.2385
33.744 13.203399999999998
32.162 13.180900000000001
31.281 13.187000000000001
32.334 13.241999999999997
33.106 13.2712
33.284 13.291299999999998
32.699 13.2803
32.646 13.2347
32.324 13.200599999999998
33.30400000000001 13.2121
33.135000000000005 13.2086
32.558 13.191500000000001
31.695 13.190000000000001
31.973999999999997 13.1971
32.255 13.197600000000001
32.19 13.1881
32.535 13.176600000000002
32.617999999999995 13.154399999999999
33.479 13.1866
34.724 13.267800000000001
34.685 13.291499999999997
34.242 13.2528
34.881 13.248300000000002
34.93899999999999 13.309199999999999
34.67 13.379
34.665 13.402600000000001
35.136 13.4001
35.467999999999996 13.405100000000001
35.02 13.4045
35.214 13.4166
35.098 13.417600000000002
35.775 13.4161
37.726 13.420300000000001
37.705999999999996 13.420700000000002
38.46 13.512100000000002
38.763999999999996 13.5624
37.315000000000005 13.4931
37.94199999999999 13.4826
37.4 13.442900000000002
37.18899999999999 13.453600000000005
36.651 13.461500000000001
36.327 13.470600000000003
36.001 13.5047
35.080999999999996 13.513800000000002
35.882999999999996 13.4908
35.431000000000004 13.481200000000001
35.399 13.465200000000003
35.339 13.438600000000001
37.235 13.448700000000002
37.050000000000004 13.455200000000001
37.794000000000004 13.4878
38.004000000000005 13.556
38.45 13.601199999999999
38.339 13.555700000000002
38.542 13.5352
38.562000000000005 13.5417
38.806 13.5352
37.565999999999995 13.533700000000001
36.53 13.5297
36.377 13.535599999999997
36.943000000000005 13.539099999999998
36.766000000000005 13.530700000000001
36.321999999999996 13.5171
35.980999999999995 13.491099999999998
35.56 13.458400000000001
36.007 13.4796
37.45 13.606500000000002
36.422999999999995 13.532399999999999
36.869 13.4782
