12.322 61.45700000000001
11.9783 61.456999999999994
8.6595 61.451
14.357900000000004 61.456999999999994
9.524499999999998 61.463
8.6146 61.456999999999994
8.213499999999998 61.463
6.097200000000001 61.456999999999994
7.362100000000001 61.463
18.021600000000003 61.468999999999994
8.306400000000002 61.463
6.1729 61.456999999999994
14.9241 61.463
9.327800000000002 61.48100000000001
8.302800000000001 61.46900000000001
11.495099999999999 61.506000000000014
10.0963 61.50000000000001
13.2216 61.55400000000001
7.769499999999999 61.59100000000001
9.378800000000002 61.597
7.245700000000001 61.59100000000001
10.685999999999998 61.59100000000001
6.266399999999998 61.59100000000001
6.4094999999999995 61.59100000000001
20.0495 61.60300000000001
12.166599999999999 61.602999999999994
16.020300000000002 61.60300000000001
16.6711 61.597
17.672300000000003 61.60300000000001
8.6815 61.597
8.7311 61.60300000000001
7.1084000000000005 61.597
9.249699999999999 61.597
11.712699999999998 61.60300000000001
7.836399999999999 61.59100000000001
8.1007 61.597
12.072099999999999 61.59100000000001
13.8019 61.66400000000001
11.3122 61.64000000000001
14.882700000000002 61.60300000000001
12.350100000000001 61.59100000000001
10.5423 61.59100000000001
9.636799999999997 61.609
10.6282 61.597
8.707900000000002 61.609
13.389899999999999 61.621
7.8583 61.633
9.0605 61.626999999999995
15.5495 61.633
13.591700000000001 61.663000000000004
10.341700000000003 61.638999999999996
19.697499999999998 61.645
11.882299999999999 61.638999999999996
10.3548 61.645
10.9289 61.645
12.517700000000001 61.645
9.051399999999997 61.645
10.239600000000003 61.638999999999996
8.4809 61.638999999999996
8.5718 61.645
15.292699999999998 61.645
12.929300000000001 61.657
11.760299999999999 61.645
16.2515 61.657000000000004
10.280599999999998 61.651
16.219299999999997 61.638999999999996
7.588500000000001 61.645
11.367500000000001 61.651
16.6555 61.645
19.454599999999996 61.645
17.574699999999996 61.645
15.068900000000001 61.638999999999996
15.117099999999997 61.657000000000004
17.208800000000004 61.663000000000004
12.396400000000002 61.663000000000004
11.665599999999998 61.68100000000001
11.461800000000002 61.681
10.462700000000002 61.687000000000005
9.5551 61.7
13.0315 61.693999999999996
5.8286999999999995 61.694
8.3293 61.712
6.597599999999999 61.717999999999996
7.163 61.712
15.039599999999997 61.717999999999996
11.960799999999999 61.717999999999996
8.1676 61.724000000000004
8.974400000000001 61.717999999999996
10.5612 61.717999999999996
7.252599999999999 61.717999999999996
8.5137 61.73
5.6472 61.724000000000004
12.496899999999998 61.712
9.1913 61.717999999999996
6.218300000000001 61.712
6.6190000000000015 61.724000000000004
13.2386 61.724000000000004
13.670499999999999 61.736000000000004
11.2929 61.73
14.800099999999999 61.73
10.3185 61.73
7.507 61.742
9.124799999999999 61.736000000000004
9.8142 61.74799999999999
9.0125 61.736000000000004
9.3856 61.736000000000004
8.1726 61.73599999999999
7.2375 61.736000000000004
15.5588 61.742
13.6575 61.754
11.613100000000001 61.742
15.7022 61.803
10.914800000000001 61.804
16.7553 61.809999999999995
9.299499999999998 61.822
7.742699999999999 61.809999999999995
7.738200000000001 61.809999999999995
13.1803 61.816
11.8061 61.816
10.8977 61.816
16.4854 61.834
11.206699999999998 61.827999999999996
9.087399999999999 61.834
11.3413 61.83399999999999
9.062100000000001 61.834
10.435699999999999 61.83399999999999
10.2258 61.882000000000005
12.3165 61.937
12.018199999999998 62.004000000000005
11.043 61.99800000000001
13.3246 62.035000000000004
9.541999999999998 62.041000000000004
17.6459 62.048000000000016
10.641200000000001 62.05300000000001
8.3864 62.04100000000001
12.029000000000002 62.05300000000001
8.1761 62.04100000000001
9.0021 62.04100000000001
11.373099999999999 62.04100000000001
10.8551 62.053000000000004
8.5251 62.053000000000004
11.7832 62.05900000000001
7.5318 62.065000000000005
6.9051 62.05900000000001
14.7958 62.095
13.084700000000002 62.15600000000001
15.0784 62.150000000000006
11.749600000000001 62.175000000000004
13.660900000000002 62.15100000000001
11.3468 62.187000000000005
13.155 62.20500000000001
14.848600000000001 62.199000000000005
11.457099999999999 62.211000000000006
13.078999999999999 62.20500000000001
15.807200000000002 62.20500000000001
9.0826 62.199000000000005
14.159100000000002 62.211000000000006
11.206300000000002 62.248000000000005
8.4444 62.27300000000001
10.387300000000002 62.20500000000001
6.9228 62.199000000000005
7.3738 62.20500000000001
9.7437 62.20500000000001
7.629399999999999 62.199000000000005
6.4849000000000006 62.199000000000005
14.216700000000001 62.199000000000005
9.470300000000002 62.199000000000005
9.021600000000001 62.19300000000001
15.054699999999999 62.29
10.0945 62.443000000000005
10.4187 62.437
13.8295 62.437
12.6357 62.437
11.7933 62.437
9.8052 62.437
12.870999999999999 62.437
8.7117 62.437
11.5823 62.443000000000005
5.707199999999999 62.437
5.0556 62.437
11.741000000000001 62.437
7.407200000000001 62.443000000000005
8.511599999999998 62.443000000000005
8.8814 62.437
6.973700000000001 62.437
5.655600000000001 62.437
9.457400000000002 62.443000000000005
6.825099999999999 62.437
6.195499999999999 62.437
10.173399999999999 62.437
7.703699999999998 62.443000000000005
14.350399999999999 62.44900000000001
15.794900000000004 62.45
9.742400000000002 62.443000000000005
7.9499 62.44900000000001
11.549999999999999 62.44900000000001
9.8766 62.443000000000005
10.8662 62.443000000000005
7.656099999999998 62.443000000000005
7.12 62.443000000000005
8.1645 62.443000000000005
11.8567 62.443000000000005
7.969000000000001 62.443000000000005
7.995299999999999 62.443000000000005
13.0345 62.43700000000001
8.3685 62.492000000000004
8.3988 62.49800000000001
12.1801 62.43700000000001
8.718399999999999 62.43700000000001
10.557999999999998 62.43700000000001
7.824299999999999 62.43700000000001
9.015900000000004 62.43700000000001
7.301100000000001 62.44400000000001
9.262800000000002 62.44400000000001
6.271600000000001 62.45600000000001
8.3553 62.45
19.4432 62.480000000000004
11.7292 62.462
8.999600000000001 62.45
11.6772 62.45
8.3669 62.45
10.511000000000001 62.462
11.0264 62.45
6.940700000000001 62.45
9.126999999999999 62.45
14.1708 62.45
8.4697 62.45
8.110500000000002 62.45
14.5451 62.45
11.4897 62.48000000000001
10.237400000000001 62.468
11.9094 62.46900000000001
13.583400000000001 62.475
8.977300000000001 62.48100000000001
8.0295 62.475
7.630299999999999 62.474000000000004
8.652899999999999 62.462
9.801900000000002 62.462
6.3675999999999995 62.468
7.8785000000000025 62.463
14.5312 62.474000000000004
12.366499999999998 62.48100000000001
11.2478 62.487
14.234299999999998 62.475
13.3716 62.475
8.3642 62.48100000000001
9.5497 62.46900000000001
7.885999999999998 62.475
10.4029 62.46900000000001
11.617099999999999 62.474000000000004
10.170999999999998 62.474000000000004
7.652 62.475
12.8084 62.474000000000004
8.438299999999996 62.499
9.5512 62.468
14.064200000000001 62.50599999999999
9.233500000000001 62.599000000000004
8.4606 62.598000000000006
13.5609 62.653999999999996
8.675699999999999 62.598000000000006
10.795600000000002 62.53100000000001
13.4316 62.709
10.050799999999999 62.555000000000014
9.379199999999999 62.525000000000006
17.690999999999995 62.709
9.4542 62.513000000000005
11.572500000000002 62.487
14.0376 62.487
10.9028 62.487
8.911900000000001 62.480000000000004
10.6745 62.492999999999995
8.586500000000001 62.48100000000001
11.253900000000002 62.487
10.1552 62.487
10.9158 62.487
8.554099999999998 62.487
12.0424 62.487
12.8355 62.536
9.658399999999999 62.517
12.1791 62.55499999999999
11.621800000000002 62.523
12.994899999999998 62.535999999999994
11.3614 62.53500000000001
9.1341 62.529999999999994
9.153100000000002 62.55499999999999
11.087700000000002 62.573
9.5961 62.523999999999994
7.404200000000001 62.562
