36.168 13.638
36.462999999999994 13.638
36.173 13.628000000000002
35.943000000000005 13.629000000000001
35.56600000000001 13.634999999999998
34.636 13.616
35.713 13.698000000000002
36.35300000000001 13.735
35.650999999999996 13.685
37.002 13.683
37.476 13.672
38.319 13.659000000000002
37.968 13.656000000000002
36.841 13.632
35.601 13.616
36.126000000000005 13.655000000000001
36.669999999999995 13.648000000000001
36.353 13.628000000000002
35.525 13.635
34.423 13.611
34.847 13.5879
35.260000000000005 13.645999999999999
35.66600000000001 13.648000000000001
36.495 13.63
36.071 13.608999999999998
35.288 13.5875
34.211000000000006 13.58
33.800000000000004 13.5705
33.007 13.5649
33.989 13.588999999999999
34.671 13.588000000000001
34.232 13.582000000000003
33.690999999999995 13.5655
32.896 13.5555
33.343 13.587000000000002
33.091 13.573000000000002
33.501000000000005 13.561
33.025999999999996 13.560500000000001
33.538000000000004 13.553899999999999
33.73 13.547899999999998
33.233999999999995 13.545399999999999
32.86999999999999 13.5374
33.641000000000005 13.5555
34.436 13.557
34.356 13.545499999999999
34.453 13.543499999999998
34.050999999999995 13.543899999999997
34.518 13.556
34.46 13.539000000000001
32.767 13.5269
32.216 13.5274
33.022999999999996 13.5289
33.515 13.520900000000003
32.975 13.5209
32.60399999999999 13.5165
32.027 13.5099
31.716000000000005 13.509900000000002
31.203999999999997 13.5023
31.041000000000007 13.503900000000002
31.34700000000001 13.4958
31.203000000000003 13.511900000000002
30.152 13.5129
29.179 13.4803
28.619999999999994 13.4527
28.368 13.440199999999999
28.615000000000002 13.4357
28.314 13.4376
28.488999999999997 13.421000000000003
28.438999999999997 13.442699999999999
27.816999999999997 13.428500000000001
28.010999999999996 13.434500000000002
27.437999999999995 13.4155
26.956999999999997 13.399000000000003
26.656000000000002 13.374300000000003
26.221999999999994 13.3654
25.926999999999996 13.3382
25.588 13.337699999999996
25.759 13.3492
25.47500000000001 13.301499999999999
25.458000000000002 13.298500000000002
25.354 13.2839
24.982999999999997 13.267400000000002
26.807 13.4166
27.324000000000005 13.542900000000003
27.383000000000003 13.635
27.663 13.776
27.536999999999995 13.910999999999998
27.21 14.040999999999999
28.872000000000003 14.188
27.988000000000003 14.375000000000002
27.578999999999994 14.471
26.613000000000003 14.618999999999998
25.344 14.703
25.406000000000002 14.811
25.751 14.921000000000001
25.379 14.935
26.159 14.937000000000001
26.657000000000004 14.978000000000002
26.375000000000004 14.963000000000001
26.475000000000005 14.985999999999999
26.88 15.073
24.903 15.049999999999999
26.117 15.047000000000002
27.782999999999998 15.135000000000002
28.041 15.195
27.208999999999996 15.203999999999999
24.308999999999997 15.151
24.297 15.113999999999999
24.591 15.087
24.834999999999997 15.102000000000002
24.012 15.061999999999998
22.121000000000006 14.984999999999998
21.296 14.918000000000001
21.586 14.908
21.166 14.883
25.040000000000003 15.008000000000003
24.048 14.974000000000002
23.507 14.961000000000002
22.438999999999997 14.899000000000001
21.809000000000005 14.838000000000001
21.680999999999997 14.811000000000002
20.985 14.847
20.617 14.850000000000001
19.636 14.840000000000003
19.962 14.846
19.483999999999995 14.826000000000002
18.879999999999995 14.794000000000002
19.462999999999997 14.801999999999998
25.004000000000005 14.885000000000003
24.286 14.826
20.708000000000002 14.663
19.333 14.636
19.321000000000005 14.641999999999996
19.540000000000003 14.654
19.069 14.644000000000002
18.23 14.633000000000001
18.041 14.637000000000002
17.839 14.634
17.826 14.629
17.784 14.626
17.843999999999998 14.533999999999999
19.819 14.427000000000001
19.581 14.411999999999997
19.042 14.344999999999999
19.717 14.326
19.511 14.313
18.221000000000004 14.261000000000001
18.066999999999997 14.204999999999998
18.288000000000004 14.146
17.477 14.074
16.718000000000004 14.0324
17.276999999999997 13.9823
17.983 13.9382
18.59 13.8767
21.039 13.812500000000002
26.325 14.014800000000003
29.887999999999998 14.171
26.718000000000004 14.165
25.694000000000006 14.0869
23.926000000000002 14.0349
23.714 14.0213
23.53 14.0068
21.822999999999997 13.9658
21.261000000000003 13.9643
21.842000000000002 13.9693
22.269000000000002 13.9238
22.503 13.9212
23.139000000000003 13.916700000000004
31.155 14.117999999999997
29.231 14.063
27.095000000000002 13.9358
26.312 13.906800000000002
26.188 13.9028
26.477 13.894799999999998
26.307000000000002 13.897799999999998
25.700000000000006 13.9128
26.010999999999996 13.927800000000001
26.262 13.9348
26.534000000000002 13.927299999999999
26.754 13.926899999999998
27.200000000000003 13.882300000000003
27.187 13.7771
28.762000000000004 13.8381
29.425 13.875100000000002
28.727000000000004 13.821000000000003
29.476000000000003 13.792000000000002
30.037999999999997 13.793500000000003
30.677 13.810000000000002
31.099 13.828600000000002
30.782999999999994 13.840600000000002
30.73 13.837000000000002
31.683 13.825000000000001
30.964000000000002 13.81
31.113999999999997 13.8155
30.966000000000005 13.7825
31.156 13.757900000000001
32.168000000000006 13.790000000000003
32.91299999999999 13.869600000000002
32.568 13.799
32.275999999999996 13.732
33.43 13.7164
34.06999999999999 13.763499999999999
35.683 13.8676
35.984 13.938199999999998
37.748000000000005 14.133999999999999
38.101 14.429
39.874 14.790999999999999
43.035 15.186999999999998
43.84899999999999 15.414
44.184 15.459999999999999
45.684999999999995 15.516
47.797 15.577
44.958999999999996 15.553
43.42699999999999 15.503
43.43900000000001 15.518
43.977 15.549999999999997
43.401 15.553999999999998
45.599 15.608
42.25299999999999 15.488000000000001
42.998999999999995 15.514
43.303999999999995 15.545
43.467999999999996 15.542
41.65 15.508000000000003
43.464 15.599999999999998
47.075 15.713
46.838 15.675000000000002
43.999 15.604999999999999
41.94000000000001 15.579
41.349000000000004 15.595
41.95099999999999 15.602999999999998
42.724999999999994 15.661
42.66899999999999 15.655
41.473 15.627999999999997
41.567 15.651000000000002
40.587999999999994 15.642999999999999
42.151999999999994 15.643
42.92 15.672
45.016999999999996 15.699
46.703 15.708
47.143 15.733
45.63499999999999 15.719000000000003
44.00599999999999 15.669000000000002
44.14 15.676000000000002
44.506 15.695999999999998
44.422 15.723
43.0 15.750999999999998
42.553999999999995 15.768
43.48 15.788000000000002
42.102000000000004 15.761999999999999
43.189 15.776000000000002
41.894999999999996 15.758
43.763000000000005 15.775000000000002
46.239 15.803999999999998
45.235 15.791000000000002
43.998999999999995 15.748999999999999
43.023 15.745000000000003
43.116 15.753
42.346000000000004 15.751000000000001
41.401999999999994 15.721000000000002
40.76099999999999 15.738999999999997
40.772000000000006 15.761
39.934 15.722
40.44799999999999 15.748999999999999
41.303000000000004 15.778
42.23100000000001 15.818999999999999
42.041000000000004 15.799999999999997
44.825 15.891000000000002
42.897 15.815000000000001
42.169 15.803999999999998
41.919 15.800000000000002
40.916999999999994 15.806999999999999
39.47399999999999 15.794000000000002
38.36600000000001 15.748999999999999
38.522999999999996 15.795
38.27700000000001 15.776999999999997
38.14999999999999 15.775
38.18899999999999 15.779000000000002
37.812999999999995 15.764
37.547999999999995 15.739999999999998
38.47999999999999 15.772
40.668000000000006 15.852
38.778 15.763000000000002
38.64200000000001 15.692999999999998
39.43 15.653
39.135999999999996 15.657000000000002
38.919 15.655
37.631 15.64
35.599999999999994 15.611999999999998
