14.6 30.470000000000002
14.38 30.470000000000002
11.559999999999999 30.470000000000002
14.87 30.620000000000005
11.799999999999999 30.570000000000004
12.11 30.520000000000003
12.67 30.470000000000002
14.180000000000001 30.470000000000002
14.180000000000001 30.37
15.28 30.470000000000002
10.27 30.570000000000004
11.33 30.37
12.11 30.320000000000004
15.14 30.570000000000004
13.48 30.520000000000003
16.53 30.620000000000005
11.73 30.520000000000003
11.799999999999999 30.270000000000003
10.16 30.18
12.22 30.080000000000002
14.82 30.080000000000002
17.330000000000002 30.620000000000005
10.549999999999999 30.620000000000005
10.94 30.42
11.450000000000001 30.220000000000002
11.51 30.080000000000002
11.89 30.03
17.24 30.520000000000003
14.14 30.620000000000005
11.57 30.37
10.059999999999999 30.18
10.94 30.080000000000002
11.93 30.03
17.72 30.270000000000003
12.889999999999999 30.620000000000005
12.27 30.42
11.95 30.220000000000002
12.07 30.130000000000003
10.879999999999999 30.220000000000002
15.6 30.570000000000004
14.16 30.570000000000004
14.01 30.42
11.28 30.37
10.95 30.270000000000003
11.91 30.130000000000003
14.499999999999998 30.18
11.74 30.320000000000004
14.06 30.470000000000002
14.04 30.37
11.39 30.220000000000002
10.489999999999998 30.18
14.26 30.520000000000003
11.49 30.520000000000003
13.96 30.320000000000004
12.57 30.18
12.7 30.42
11.84 30.42
14.790000000000001 30.42
9.802 30.520000000000003
11.67 30.320000000000004
14.48 30.220000000000002
13.669999999999998 30.18
11.27 30.080000000000002
14.31 30.470000000000002
11.61 30.570000000000004
11.360000000000001 30.320000000000004
11.83 30.18
14.180000000000001 30.080000000000002
14.04 30.080000000000002
14.99 30.42
10.03 30.620000000000005
11.12 30.37
25.650000000000002 60.45
14.04 30.18
12.67 30.320000000000004
15.989999999999998 30.659999999999997
11.67 30.570000000000004
11.27 30.37
9.912 30.18
11.44 30.080000000000002
14.6 30.220000000000002
17.7 30.37
10.280000000000001 30.570000000000004
10.77 30.37
11.52 30.220000000000002
11.23 30.080000000000002
11.469999999999999 30.03
17.65 30.470000000000002
13.750000000000002 30.570000000000004
11.24 30.320000000000004
9.937 30.18
10.77 30.080000000000002
11.72 30.03
16.919999999999998 30.270000000000003
13.089999999999998 30.570000000000004
12.22 30.37
11.52 30.220000000000002
11.23 30.080000000000002
10.33 30.03
11.790000000000001 30.42
14.75 30.570000000000004
15.45 30.470000000000002
14.84 30.520000000000003
10.97 30.570000000000004
11.600000000000001 30.37
11.129999999999999 30.220000000000002
10.94 30.080000000000002
14.23 30.080000000000002
17.330000000000002 30.18
11.84 30.620000000000005
10.07 30.37
11.07 30.220000000000002
11.65 30.130000000000003
13.55 30.130000000000003
16.02 30.42
14.330000000000002 30.570000000000004
11.39 30.37
11.29 30.220000000000002
9.912 30.130000000000003
10.95 30.080000000000002
17.24 30.520000000000003
15.21 30.709999999999997
10.71 30.470000000000002
10.85 30.270000000000003
25.19 60.160000000000004
11.5 30.03
13.569999999999999 30.320000000000004
13.87 30.620000000000005
14.14 30.37
12.620000000000001 30.18
9.924 30.080000000000002
11.06 30.03
14.82 30.130000000000003
12.389999999999999 30.620000000000005
11.83 30.42
14.23 30.42
14.580000000000002 30.570000000000004
12.770000000000001 30.520000000000003
13.16 30.520000000000003
11.83 30.620000000000005
12.5 30.470000000000002
13.450000000000001 30.42
11.959999999999999 30.220000000000002
13.33 30.130000000000003
14.719999999999999 30.570000000000004
13.26 30.709999999999997
10.23 30.42
13.01 30.270000000000003
13.28 30.130000000000003
14.31 30.130000000000003
14.04 30.37
11.51 30.659999999999997
11.67 30.470000000000002
11.600000000000001 30.470000000000002
12.65 30.37
14.330000000000002 30.320000000000004
16.189999999999998 30.470000000000002
12.26 30.709999999999997
10.33 30.470000000000002
11.01 30.470000000000002
34.491 91.31
30.44 60.69
16.06 30.620000000000005
11.57 30.620000000000005
11.68 30.520000000000003
11.68 30.570000000000004
10.05 30.470000000000002
11.85 30.37
16.7 30.620000000000005
14.87 30.709999999999997
11.540000000000001 30.42
11.08 30.270000000000003
11.57 30.130000000000003
11.799999999999999 30.42
14.580000000000002 30.659999999999997
14.23 30.659999999999997
12.67 30.520000000000003
13.719999999999999 30.620000000000005
10.11 30.470000000000002
11.600000000000001 30.37
14.62 30.570000000000004
14.06 30.659999999999997
13.43 30.620000000000005
13.79 30.620000000000005
11.799999999999999 30.470000000000002
12.06 30.37
13.350000000000001 30.659999999999997
11.4 30.620000000000005
13.77 30.620000000000005
15.329999999999998 30.620000000000005
11.91 30.620000000000005
11.600000000000001 30.570000000000004
14.92 30.659999999999997
12.3 30.759999999999998
10.07 30.570000000000004
12.770000000000001 30.570000000000004
13.600000000000001 30.470000000000002
13.55 30.570000000000004
15.45 30.570000000000004
11.63 30.659999999999997
11.52 30.42
11.600000000000001 30.220000000000002
13.13 30.18
14.48 30.18
15.409999999999998 30.570000000000004
12.07 30.759999999999998
10.24 30.470000000000002
11.32 30.42
12.18 30.470000000000002
15.479999999999999 30.470000000000002
16.28 30.620000000000005
12.989999999999998 30.659999999999997
12.120000000000001 30.620000000000005
11.899999999999999 30.520000000000003
10.39 30.570000000000004
12.5 30.470000000000002
18.6 30.620000000000005
15.229999999999999 30.81
10.11 30.659999999999997
11.1 30.42
11.66 30.320000000000004
11.84 30.18
14.580000000000002 30.42
15.67 30.81
13.94 30.570000000000004
11.62 30.320000000000004
10.17 30.320000000000004
11.41 30.37
15.110000000000001 30.42
14.01 30.81
13.48 30.709999999999997
12.7 30.659999999999997
11.84 30.620000000000005
12.0 30.570000000000004
13.65 30.659999999999997
11.43 30.659999999999997
14.99 30.470000000000002
15.409999999999998 30.470000000000002
10.68 30.570000000000004
11.559999999999999 30.320000000000004
15.190000000000001 30.659999999999997
12.11 30.759999999999998
10.12 30.570000000000004
14.09 30.37
15.28 30.620000000000005
12.479999999999999 30.570000000000004
13.55 30.759999999999998
10.99 30.759999999999998
11.66 30.470000000000002
12.72 30.270000000000003
13.5 30.42
14.62 30.709999999999997
15.260000000000002 30.709999999999997
12.06 30.709999999999997
10.31 30.520000000000003
11.379999999999999 30.42
13.4 30.470000000000002
15.6 30.470000000000002
15.55 30.759999999999998
11.39 30.709999999999997
11.73 30.470000000000002
11.88 30.270000000000003
10.16 30.18
14.09 30.320000000000004
18.02 30.470000000000002
13.55 30.709999999999997
10.05 30.470000000000002
11.360000000000001 30.42
12.0 30.620000000000005
12.04 30.659999999999997
16.869999999999997 30.759999999999998
14.89 30.759999999999998
12.22 30.520000000000003
12.0 30.570000000000004
10.22 30.659999999999997
11.27 30.520000000000003
15.840000000000002 30.659999999999997
15.310000000000002 30.81
13.23 30.709999999999997
11.25 30.620000000000005
12.02 30.42
12.45 30.37
13.819999999999999 30.759999999999998
13.18 30.759999999999998
15.67 30.759999999999998
14.67 30.570000000000004
10.33 30.320000000000004
11.600000000000001 30.220000000000002
