8.35 7.971
8.02 8.081000000000001
7.031 8.02
6.981999999999999 8.008
6.873 8.081000000000001
6.885 8.032
8.447000000000001 8.044
8.044 8.154
6.848 8.081000000000001
8.264000000000001 8.093
7.153 8.154
7.396999999999999 8.118
8.179 8.129999999999999
8.325000000000001 8.228
7.288 8.179
7.3 8.167
7.288 8.251999999999999
7.544 8.215
8.228 8.215
8.228 8.325000000000001
8.508000000000001 8.264000000000001
7.178 8.251999999999999
7.471 8.325000000000001
7.2749999999999995 8.289
8.472 8.289
8.301 8.337
7.373 8.373999999999999
7.532 8.337
7.922 8.337
7.544 8.434999999999999
9.937 8.398
8.24 8.434999999999999
7.556 8.508000000000001
7.396999999999999 8.472
7.312 8.459
7.288 8.545
8.301 8.520999999999999
8.190999999999999 8.545
7.361 8.594
7.654 8.581999999999999
8.02 8.581999999999999
8.301 8.679
8.63 8.63
8.179 8.655
6.995 8.679
7.2139999999999995 8.63
7.422 8.63
7.422 8.704
8.813 8.667
8.325000000000001 8.691
7.739 8.728
8.533 8.704
7.263 8.691
7.422 8.765
8.667 8.74
8.264000000000001 8.765
7.629 8.765
7.483 8.826
7.457999999999999 8.789
7.457999999999999 8.777
8.606 8.875
9.558 8.984
6.946 8.911
7.007 8.997
6.981999999999999 8.948
7.361 8.948
8.423 8.972
9.241000000000001 9.106
7.922 9.045
7.7509999999999994 9.045
8.495999999999999 9.106
7.837 9.07
8.142000000000001 9.045
7.396999999999999 9.142999999999999
6.946 9.081999999999999
6.885 9.07
6.873 9.155000000000001
6.897 9.106
7.703 9.106
8.74 9.241000000000001
9.020999999999999 9.167
7.7509999999999994 9.180000000000001
7.886 9.229
7.361 9.167
8.081000000000001 9.167
8.179 9.253
7.178 9.192
7.1290000000000004 9.180000000000001
7.19 9.241000000000001
8.032 9.203999999999999
8.85 9.229
8.203000000000001 9.302000000000001
7.288 9.229
7.581 9.229
7.556 9.302000000000001
7.739 9.264999999999999
8.667 9.253
9.863 9.350999999999999
7.581 9.29
8.887 9.277000000000001
7.251 9.325999999999999
7.288 9.277000000000001
7.2749999999999995 9.277000000000001
9.180000000000001 9.350999999999999
7.2749999999999995 9.29
7.471 9.302000000000001
7.727 9.350999999999999
7.605 9.314
9.131 9.314
9.814 9.350999999999999
7.996 9.399000000000001
8.215 9.399000000000001
7.739 9.350999999999999
7.7509999999999994 9.350999999999999
7.8 9.363000000000001
9.729000000000001 9.424000000000001
7.422 9.386999999999999
8.63 9.411999999999999
7.446 9.375
7.3 9.399000000000001
7.457999999999999 9.424000000000001
9.106 9.436
8.972 9.508999999999999
7.959 9.485000000000001
7.7509999999999994 9.436
7.373 9.447999999999999
7.922 9.485000000000001
10.05 9.521
7.434 9.508999999999999
7.373 9.521
7.457999999999999 9.485000000000001
7.335999999999999 9.508999999999999
7.373 9.546000000000001
9.325999999999999 9.558
7.349 9.569999999999999
7.263 9.508999999999999
8.667 9.558
7.422 9.583
7.349 9.533999999999999
9.508999999999999 9.594999999999999
7.349 9.594999999999999
7.2749999999999995 9.558
7.2139999999999995 9.569999999999999
7.642 9.594999999999999
7.471 9.607000000000001
10.8 9.619
7.678 9.619
7.422 9.631
7.324 9.607000000000001
7.335999999999999 9.619
7.3 9.656
9.241000000000001 9.644
7.324 9.656
7.373 9.68
8.594 9.644
7.422 9.668000000000001
7.495 9.68
9.546000000000001 9.68
7.593 9.68
7.495 9.717
7.471 9.668000000000001
7.385 9.668000000000001
7.507 9.692
9.497 9.753
9.131 9.717
7.947 9.729000000000001
7.9350000000000005 9.753
7.959 9.705
7.703 9.741
9.729000000000001 9.778
7.947 9.753
8.068999999999999 9.766
7.837 9.790000000000001
8.85 9.753
7.41 9.766
9.363000000000001 9.814
7.263 9.753
7.202 9.741
7.312 9.778
7.2139999999999995 9.802
7.324 9.766
9.277000000000001 9.790000000000001
7.837 9.827
8.801 9.851
7.959 9.814
7.495 9.814
7.457999999999999 9.839
9.485000000000001 9.839
7.434 9.827
7.446 9.827
7.361 9.851
7.288 9.827
8.862 9.851
9.46 9.9
7.8740000000000006 9.9
7.776 9.839
7.776 9.863
7.703 9.9
7.532 9.863
9.155000000000001 9.9
8.972 9.937
8.789 9.937
8.02 9.912
7.361 9.888
7.434 9.924
9.314 9.888
7.41 9.888
7.349 9.875
7.2749999999999995 9.937
7.581 9.912
7.556 9.9
10.66 9.973
8.129999999999999 10.02
7.5200000000000005 9.924
7.483 9.924
7.41 9.949
7.385 9.985
9.314 9.985
7.495 9.961
7.581 9.973
8.85 10.03
7.581 9.973
7.629 9.973
9.607000000000001 10.02
8.325000000000001 10.08
7.947 9.998
7.861 10.01
7.947 10.02
7.617 10.059999999999999
9.350999999999999 10.05
8.643 10.03
7.422 10.02
7.434 10.100000000000001
7.335999999999999 10.03
7.41 10.03
9.264999999999999 10.11
7.361 10.059999999999999
7.396999999999999 10.059999999999999
7.507 10.07
9.07 10.13
7.666 10.08
9.668000000000001 10.12
8.057 10.13
7.727 10.17
7.837 10.13
7.886 10.14
8.142000000000001 10.16
9.656 10.23
7.947 10.190000000000001
9.180000000000001 10.190000000000001
7.715 10.18
7.6899999999999995 10.22
7.715 10.18
9.888 10.22
7.825 10.27
7.7509999999999994 10.23
7.849 10.24
7.703 10.25
9.241000000000001 10.33
9.142999999999999 10.290000000000001
8.826 10.33
7.837 10.34
7.825 10.290000000000001
7.886 10.299999999999999
7.764 10.35
9.863 10.34
7.983 10.33
9.436 10.33
7.8740000000000006 10.4
7.715 10.33
7.605 10.31
9.814 10.38
7.629 10.4
7.7509999999999994 10.36
7.849 10.38
7.8740000000000006 10.440000000000001
8.704 10.42
10.95 10.57
8.24 10.51
8.215 10.45
8.301 10.459999999999999
8.154 10.52
7.959 10.47
10.36 10.530000000000001
8.032 10.56
7.91 10.5
9.485000000000001 10.82
7.581 10.780000000000001
