38.922000000000004 15.174
31.277 15.051
27.283 14.977000000000002
28.592999999999996 14.97
30.329000000000008 14.976999999999999
32.474 15.017000000000003
34.667 15.049000000000001
40.293 15.322
43.384 15.453999999999999
30.828 15.247
31.44000000000001 15.183999999999997
30.779999999999998 15.163999999999996
31.005000000000006 15.139999999999997
31.701000000000008 15.084999999999996
35.412000000000006 15.145999999999999
35.724000000000004 15.164000000000003
37.649 15.190000000000001
29.567 15.093000000000004
30.046 15.081000000000003
29.971000000000004 15.096000000000002
29.146 15.039000000000001
34.542 15.052999999999997
42.914 15.215
44.354 15.339
43.439 15.315000000000001
43.084999999999994 15.207
42.755 15.170999999999998
43.071000000000005 15.168999999999999
41.797999999999995 15.152000000000001
41.859 15.142999999999999
42.567 15.160000000000002
40.538 15.118
41.635999999999996 15.107999999999999
43.05199999999999 15.122999999999998
41.672000000000004 15.095000000000002
41.366 15.044000000000002
41.394999999999996 15.009999999999998
41.309999999999995 15.004000000000001
40.937 14.978999999999997
41.256 14.952000000000002
41.742000000000004 14.927000000000001
41.516000000000005 14.881
42.471000000000004 14.888000000000002
40.995000000000005 14.831
42.216 14.841999999999999
42.08 14.824000000000002
41.738 14.802999999999999
40.498 14.780999999999999
39.422000000000004 14.75
39.651999999999994 14.726
39.82899999999999 14.734000000000002
39.22 14.709999999999997
39.13399999999999 14.703
38.992999999999995 14.692
39.059 14.693000000000001
39.288000000000004 14.683000000000002
39.032 14.704
37.88400000000001 14.650999999999998
37.516000000000005 14.623999999999999
38.193 14.643
38.517 14.646999999999998
36.231 14.579999999999998
29.677999999999997 14.463000000000001
23.432 14.324000000000003
22.046 14.283999999999999
21.772000000000006 14.248
21.743 14.208000000000002
21.093999999999998 14.158999999999999
23.407000000000004 14.152000000000001
27.358 14.219000000000001
29.938 14.252999999999998
27.243000000000002 14.199
21.417 14.077
20.496999999999996 14.026
23.86 14.030999999999999
25.277 14.032
24.446999999999996 14.001000000000003
29.669999999999995 14.037999999999998
20.856 13.892
20.238000000000003 13.835999999999999
20.236 13.813
25.281000000000002 13.885
26.912999999999997 13.892000000000001
26.913999999999998 13.881000000000002
30.973999999999997 13.961000000000002
21.297 13.786999999999999
20.730999999999998 13.735000000000003
18.463 13.663
18.832 13.612000000000002
21.643 13.587
20.820999999999998 13.550999999999998
16.615000000000002 13.437
16.145 13.393000000000002
16.406999999999996 13.372
21.88 13.468
22.578 13.495000000000001
22.427 13.466999999999999
22.455 13.446
22.448 13.441999999999998
22.518 13.433000000000003
22.801 13.43
22.988 13.415000000000003
22.429999999999996 13.4
22.085 13.388
21.737000000000002 13.377999999999998
21.526999999999997 13.362000000000002
20.712 13.354
19.942 13.334999999999999
20.005 13.313
19.601 13.283000000000001
20.257 13.262000000000002
19.538 13.254000000000001
19.866 13.280000000000003
20.496 13.282
20.698000000000004 13.285
20.569 13.270000000000001
20.298999999999996 13.255500000000001
20.197000000000003 13.243000000000002
20.118 13.214
18.799000000000003 13.205999999999998
17.846999999999998 13.1804
17.756000000000004 13.1498
18.299000000000003 13.1382
18.675000000000004 13.1242
18.156999999999996 13.1127
17.794 13.095699999999999
17.515 13.082699999999999
17.647 13.065199999999999
18.324 13.073199999999998
18.875000000000004 13.0711
18.064000000000004 13.051100000000002
17.798 13.032499999999999
17.696 13.0239
17.648999999999997 13.012299999999996
17.683 13.0099
18.384000000000004 13.014899999999999
18.633999999999997 13.017399999999999
18.279 13.028499999999998
18.578000000000003 13.047
19.552999999999997 13.079100000000002
19.552 13.1101
20.321 13.1322
21.77 13.140699999999999
22.332 13.1357
21.946000000000005 13.1172
21.805 13.108699999999999
22.410999999999998 13.1247
23.413999999999998 13.289900000000001
23.066 13.306999999999999
23.237000000000005 13.373
22.917 13.419999999999998
22.133999999999997 13.343000000000002
23.537 12.334
25.507 12.352
26.021999999999995 12.357
25.862000000000002 12.343
26.676000000000005 12.767000000000001
26.615 12.796000000000001
25.807999999999996 12.8224
26.489 12.843200000000001
26.636999999999993 12.850200000000001
27.276 12.8441
27.639000000000003 12.846000000000002
27.593999999999998 12.8451
27.816999999999997 12.859700000000002
28.054999999999996 12.8687
27.515999999999995 12.870500000000002
27.546 12.8692
28.238999999999997 12.9174
32.657 13.354800000000001
30.796999999999997 13.645399999999999
30.010000000000005 13.5846
29.52199999999999 13.5735
28.920999999999996 13.5492
28.884999999999998 13.500800000000002
28.396 13.487400000000003
27.039 13.4854
26.882999999999996 13.4842
26.480999999999998 13.473500000000001
27.248 13.4743
27.566000000000003 13.4597
26.935000000000002 13.4137
26.264000000000003 13.284699999999999
19.980999999999998 13.143699999999999
19.637 13.0712
20.154 13.0029
20.566000000000003 12.988900000000001
20.6 13.0031
20.418999999999997 13.0016
21.348 13.026600000000002
26.200999999999997 13.200999999999999
29.866999999999997 13.333999999999998
31.929000000000002 13.550999999999998
32.852000000000004 13.895
33.49 14.4035
34.165 14.864600000000003
33.74999999999999 15.2075
32.662 15.228300000000003
32.018 15.2047
32.589 15.193700000000002
33.00599999999999 15.185600000000003
31.565000000000005 15.1742
29.771000000000004 15.1557
28.293999999999997 15.1077
28.201999999999998 15.063199999999998
28.359999999999996 15.0286
29.579 14.944900000000002
30.671 14.766600000000002
31.188000000000006 14.622600000000002
31.948000000000004 14.6146
32.614 14.5841
32.87 14.5546
27.16 14.4224
24.163999999999998 14.3509
23.865 14.3373
23.914 14.3173
23.042 14.294299999999998
22.572 14.2783
25.877999999999997 14.421599999999998
37.399 15.122999999999998
45.605000000000004 15.649299999999997
46.038999999999994 15.723999999999998
43.553999999999995 15.847
43.95 15.871000000000002
44.785000000000004 15.886
45.544 15.887999999999996
45.57399999999999 15.885
44.12200000000001 15.876999999999997
45.995000000000005 16.003999999999998
45.624 15.988000000000003
46.815000000000005 16.096
45.99 16.088
44.665 16.113
43.400999999999996 16.14
44.07899999999999 16.136999999999997
44.397000000000006 16.129
46.221000000000004 16.126000000000005
44.513999999999996 16.121
43.114999999999995 16.091
42.968 16.076999999999998
43.45099999999999 16.089000000000002
42.573 16.092000000000002
42.187000000000005 16.070999999999998
43.53 16.106
42.93899999999999 16.133
45.428999999999995 16.197999999999997
45.678999999999995 16.223000000000003
45.864 16.337000000000003
45.569 16.42
43.398 15.112
42.781000000000006 15.100000000000001
42.28 15.100999999999997
45.55700000000001 16.0168
41.24 15.094000000000001
45.513999999999996 16.1097
43.358999999999995 16.029300000000003
44.487 16.052
47.161 16.125
46.034000000000006 16.124000000000002
45.562 16.174000000000003
44.269000000000005 16.152
44.775 16.182000000000002
43.727000000000004 16.147
43.71300000000001 16.193000000000005
42.769 16.134
44.224999999999994 16.141000000000002
46.229000000000006 16.113
47.473 16.182
47.607 16.197
47.197 16.146
47.331999999999994 16.195
48.016000000000005 16.209
48.851 16.225
46.592999999999996 16.206
45.986000000000004 16.222
46.34400000000001 16.221
43.647999999999996 16.141
37.21 16.026999999999997
31.989000000000008 15.955
31.271000000000004 15.939999999999998
31.59199999999999 15.887
40.304 16.055999999999997
40.446000000000005 16.123000000000005
41.72899999999999 16.097
29.841999999999995 15.930999999999997
28.589 15.902
28.868 15.924
29.020999999999997 15.953000000000001
