8.289 9.68
7.007 9.705
7.1290000000000004 9.729000000000001
8.959999999999999 9.717
7.104000000000001 9.717
7.019 9.741
7.153 9.705
7.324 9.741
7.2139999999999995 9.766
10.57 9.790000000000001
7.153 9.802
7.019 9.753
7.0680000000000005 9.790000000000001
6.981999999999999 9.802
6.897 9.766
8.862 9.827
6.859999999999999 9.827
6.873 9.790000000000001
8.984 9.827
7.544 9.839
7.41 9.814
9.607000000000001 9.863
7.544 9.875
7.507 9.814
7.556 9.851
7.556 9.875
7.544 9.851
10.95 9.912
7.495 9.888
7.507 9.851
7.483 9.875
7.434 9.912
7.434 9.875
8.948 9.924
6.7989999999999995 9.912
7.849 9.888
7.007 9.924
6.824 9.924
6.824 9.888
8.777 9.949
6.726 9.961
6.714 9.912
6.702 9.924
6.677 9.949
8.057 9.937
8.74 9.985
6.75 9.973
6.726 9.937
6.714 9.961
6.763 9.985
6.7379999999999995 9.949
8.667 9.985
6.726 9.973
7.996 9.998
6.75 9.973
6.75 9.998
6.7989999999999995 9.998
8.728 10.01
6.775 9.985
6.726 10.01
6.702 10.02
6.7989999999999995 9.998
8.190999999999999 10.03
8.887 10.07
6.848 10.02
6.946 10.05
6.848 10.059999999999999
6.824 10.02
6.848 10.05
8.801 10.11
6.836 10.05
7.971 10.08
6.677 10.08
6.702 10.059999999999999
6.763 10.07
8.85 10.13
6.714 10.08
6.616 10.11
6.75 10.07
6.7989999999999995 10.07
8.35 10.100000000000001
9.155000000000001 10.14
6.836 10.08
6.775 10.11
6.848 10.13
6.920999999999999 10.100000000000001
6.787 10.11
8.716 10.16
6.616 10.11
7.727 10.13
6.665 10.16
6.628 10.12
6.75 10.13
8.63 10.209999999999999
6.934 10.13
6.787 10.14
6.7989999999999995 10.17
7.41 10.13
8.423 10.17
10.6 10.23
7.056 10.17
7.031 10.17
6.995 10.209999999999999
6.995 10.16
6.97 10.18
8.813 10.23
6.995 10.18
7.507 10.209999999999999
7.715 10.24
7.056 10.209999999999999
7.043000000000001 10.209999999999999
8.655 10.23
6.775 10.280000000000001
6.7379999999999995 10.24
6.677 10.27
6.604 10.22
7.568 10.24
8.777 10.31
6.824 10.280000000000001
6.7989999999999995 10.27
6.873 10.299999999999999
6.958 10.27
6.946 10.280000000000001
8.923 10.33
6.958 10.290000000000001
7.239 10.290000000000001
8.093 10.31
7.043000000000001 10.35
7.08 10.31
9.363000000000001 10.36
7.312 10.33
7.288 10.34
7.202 10.35
7.446 10.4
7.2749999999999995 10.38
10.45 10.41
6.97 10.459999999999999
7.019 10.4
6.958 10.42
6.873 10.459999999999999
6.946 10.489999999999998
8.923 10.440000000000001
6.995 10.45
6.958 10.489999999999998
8.251999999999999 10.459999999999999
7.19 10.489999999999998
7.19 10.52
9.058 10.489999999999998
7.239 10.51
7.19 10.530000000000001
6.97 10.489999999999998
7.08 10.5
7.263 10.56
9.338000000000001 10.530000000000001
8.459 10.549999999999999
7.2749999999999995 10.56
7.141 10.52
7.483 10.530000000000001
7.385 10.58
9.447999999999999 10.63
7.092 10.73
7.007 10.75
7.043000000000001 10.71
8.289 10.72
6.7379999999999995 10.72
8.581999999999999 10.780000000000001
6.714 10.73
6.812 10.73
6.812 10.77
6.836 10.73
6.7379999999999995 10.780000000000001
8.704 10.77
7.971 10.77
6.7989999999999995 10.77
6.775 10.8
6.75 10.780000000000001
6.824 10.780000000000001
8.801 10.83
7.043000000000001 10.79
7.0680000000000005 10.79
7.117 10.85
8.142000000000001 10.8
6.812 10.8
9.020999999999999 10.82
6.848 10.89
6.873 10.83
6.7989999999999995 10.83
6.848 10.83
6.702 10.89
8.495999999999999 10.84
6.689 10.85
7.861 10.9
6.702 10.85
6.787 10.879999999999999
6.885 10.91
8.813 10.879999999999999
6.897 10.879999999999999
6.812 10.89
6.7379999999999995 10.93
6.7379999999999995 10.89
8.02 10.96
8.594 10.93
6.7989999999999995 10.93
6.702 10.95
6.7379999999999995 10.91
6.7989999999999995 10.9
6.763 10.93
8.74 10.97
6.873 10.95
7.568 10.95
7.324 11.01
6.873 10.95
6.775 10.97
8.716 11.01
6.775 10.97
6.6530000000000005 10.97
6.824 10.99
6.836 11.04
6.848 10.99
10.03 11.020000000000001
6.909 11.07
6.824 11.01
6.859999999999999 11.01
6.859999999999999 11.07
6.836 11.020000000000001
8.85 11.05
6.946 11.110000000000001
6.946 11.05
8.362 11.06
7.141 11.12
7.104000000000001 11.06
9.131 11.1
7.117 11.16
7.056 11.110000000000001
7.41 11.12
7.593 11.12
7.495 11.18
10.8 11.15
7.178 11.15
7.1290000000000004 11.19
7.19 11.15
7.312 11.16
7.227 11.17
7.2143 11.1485
6.183000000000001 5.194
11.77 6.641
12.24 6.909
12.23 6.920999999999999
12.44 6.995
11.66 7.166
7.5200000000000005 7.166
6.616 7.141
6.6530000000000005 7.2139999999999995
6.689 7.239
6.689 7.251
8.215 7.385
7.5200000000000005 7.373
7.654 7.385
6.519 7.446
6.6530000000000005 7.41
6.5920000000000005 7.41
7.9350000000000005 7.446
7.166 7.581
6.531000000000001 7.5200000000000005
6.531000000000001 7.507
6.58 7.593
6.555 7.556
8.008 7.568
7.532 7.617
7.507 7.703
6.604 7.629
6.665 7.629
6.702 7.642
7.959 7.666
7.227 7.715
6.775 7.776
6.775 7.727
6.836 7.739
6.920999999999999 7.849
9.155000000000001 7.849
7.2749999999999995 7.91
6.641 7.983
6.628 7.9350000000000005
6.5920000000000005 7.947
6.628 8.044
8.24 8.02
7.1290000000000004 8.057
6.543 8.093
