30.285 15.983
29.431 15.995000000000001
28.455000000000002 15.989
26.715 15.989
34.949 17.682000000000002
30.164 16.034
29.259999999999998 16.031000000000002
30.615000000000002 17.706
28.087 16.034000000000002
31.116 17.723999999999997
27.180000000000003 16.046
27.563 16.05
29.040000000000006 16.053
27.735 16.064999999999998
28.156000000000002 16.073999999999998
28.027 16.073999999999998
28.07 16.062
27.655 16.067999999999998
29.223 16.062
27.735 16.053
28.215999999999998 16.056
27.979 16.076999999999998
26.147 16.08
25.070000000000004 16.059
27.216 16.056
26.564 16.059
28.418 16.059
28.429 16.067999999999998
26.897 16.073999999999998
25.173000000000002 16.076999999999998
25.727 16.070999999999998
26.788999999999994 16.086
24.816 16.089
22.782000000000004 16.083
24.29 16.086
24.031999999999996 16.086
25.946 16.095000000000002
29.364 17.825
27.411 16.116
27.246000000000002 16.217
29.212999999999994 17.950000000000003
25.317 16.244
27.673 16.262
25.964000000000002 16.256
25.644 16.259
26.080000000000002 16.271
24.941999999999997 16.271
25.692999999999998 16.296
27.221 16.304999999999996
27.233999999999998 16.304999999999996
30.562000000000005 18.055
27.197 16.325
29.022 16.343000000000004
27.105 16.340000000000003
24.274 16.334
28.455 18.092
24.921 16.358
24.399 16.364
23.34 16.377000000000002
23.922 16.377000000000002
25.012 16.374
27.209 16.392
25.851999999999997 16.395
26.580000000000005 16.404
26.46 16.407
26.284000000000002 16.428
25.075999999999997 16.442999999999998
27.392000000000007 16.442999999999998
25.980000000000004 16.448999999999998
24.566000000000003 16.455000000000002
25.043 16.47
23.895 16.482
26.178 16.479
26.392 16.494
25.623 16.497
26.276 16.506
30.077000000000005 16.529000000000003
26.578000000000003 18.369000000000003
25.507 16.593
24.603 16.593
26.77 18.436
23.465 16.589
24.481 16.583
42.196 19.497
30.341 18.125
29.118999999999996 18.159
26.746 18.183
27.375 18.226
26.622999999999998 18.259
29.266000000000002 20.335
27.601 18.317
27.746000000000002 18.340999999999998
25.305 18.359999999999996
28.223 18.386999999999997
30.2 18.407999999999998
31.682 18.450999999999997
33.276 20.570999999999998
33.745999999999995 20.583
29.400000000000006 18.473
29.723 18.485999999999997
34.032999999999994 20.674
28.899 18.516
28.302000000000007 18.516
33.593 20.701
27.997 18.528
32.763000000000005 20.737
30.06 20.734
26.483 18.54
27.727999999999998 18.543
28.833 18.537
31.873 20.737
25.384 18.549
26.184 18.558
26.917 18.552
27.29 18.549
33.166000000000004 20.784
30.945 20.808
26.331 18.583
25.782 18.576999999999998
25.397 18.567999999999998
28.815 18.570999999999998
25.616 18.558999999999997
28.808 18.570999999999998
33.716 20.832
27.044 18.616
23.706 18.622
27.326 18.616
26.301000000000002 18.619
26.923000000000002 18.625
26.525 18.629
25.977 18.641000000000002
23.474 18.643
26.893 18.653
27.233 18.653000000000002
26.989 18.647000000000002
26.173000000000002 18.65
26.525 18.65
27.019 18.68
26.917 18.694999999999997
33.605000000000004 20.977999999999998
27.441 18.698
27.118000000000002 18.706999999999997
29.804000000000002 21.043999999999997
26.147 18.727999999999998
30.274 18.714
33.800999999999995 21.093999999999998
27.588 18.791
27.399 18.803
28.266000000000002 18.836
31.342 21.237
28.01 18.877999999999997
26.551000000000002 18.876
26.983 18.873
31.116 21.281000000000002
27.313 18.894
26.428 18.882
30.444 21.284
26.214000000000006 18.891
27.137 18.897
31.982000000000006 21.305000000000003
25.483 18.915000000000003
25.47 18.903
26.319 18.915000000000003
26.526 18.903
24.975 18.903
24.83 18.897
24.366000000000003 18.894
28.62 21.296
35.754 23.701000000000004
47.626 28.502000000000006
28.552 18.912000000000003
25.476 18.912000000000003
25.421 18.906
25.468999999999998 18.897
25.299 18.903
33.007000000000005 21.299
32.013 21.320999999999994
30.603 21.329999999999995
27.332 18.921999999999997
34.269000000000005 23.728999999999996
26.172 18.936999999999998
26.813 18.945999999999998
25.36 18.951999999999998
24.688 18.955
25.965 18.955
25.715 18.961
26.849 18.951999999999998
25.812 18.955
25.817 18.955
26.201999999999998 18.97
26.331 18.97
26.098000000000006 18.961
28.729 18.964
27.307000000000002 18.958
26.752000000000002 18.958
27.014 18.961
27.673 18.976
26.873 18.967
28.656 18.967
28.046 18.964
27.203 18.961
28.326 18.982
28.168000000000003 19.006
26.837 18.991
29.810000000000002 18.988
30.419 18.991
29.395000000000003 18.991
31.695 18.991
31.641000000000002 19.008999999999997
27.349 18.994
29.930999999999997 18.982
26.397 18.964
26.781 18.976000000000003
28.034 18.985
32.574 21.387
25.885 18.970000000000002
23.328 18.979000000000003
28.410999999999998 21.399
24.352999999999998 18.979000000000003
28.302 21.407999999999998
24.865000000000002 18.976000000000003
24.493000000000002 18.967
22.851 18.967
26.148 18.976000000000003
26.543 18.973000000000003
26.024 18.988
24.262000000000004 18.973000000000003
24.799000000000003 18.970000000000002
29.699 21.402
26.264 18.973000000000003
29.962 21.393
30.213 21.399
28.015 18.982000000000003
25.886000000000003 18.979000000000003
27.063000000000002 18.970000000000002
27.916999999999998 18.964
28.077 18.964
31.518 21.393
38.720000000000006 26.236000000000004
27.783 18.988
26.323999999999998 18.973000000000003
25.580000000000002 18.964
31.195 21.393
25.951999999999998 18.991
24.908 18.976000000000003
23.113999999999997 18.976000000000003
25.323 18.970000000000002
28.715999999999998 21.396
24.757 18.979000000000003
25.439 18.976000000000003
25.769000000000002 18.985000000000003
24.67 18.973000000000003
26.404 18.973000000000003
35.15 21.405
28.565 18.979000000000003
28.588 18.973000000000003
27.008000000000003 18.985000000000003
25.782 18.979000000000003
30.799 21.405
25.714 18.976000000000003
25.525 18.970000000000002
26.141000000000002 18.970000000000002
25.580000000000002 18.979000000000003
26.026 18.976000000000003
26.623 18.973000000000003
28.320999999999998 18.979000000000003
26.445999999999998 18.979000000000003
31.450999999999997 21.393
26.252 18.985000000000003
26.549 18.976000000000003
27.21 18.976000000000003
30.585 21.399
27.269 18.973000000000003
27.264 18.958
25.756 18.967
26.451999999999998 18.976000000000003
27.587 18.976000000000003
26.886 18.964
27.831 18.970000000000002
26.776 18.964
28.198 18.976000000000003
27.168 18.988000000000003
31.592000000000002 21.411
27.715999999999998 18.979000000000003
35.24100000000001 21.402
29.528 18.982000000000003
26.746000000000002 18.979000000000003
26.384999999999998 18.982000000000003
