28.71 18.529999999999998
30.620000000000005 18.509999999999998
30.220000000000002 18.55
29.54 18.529999999999998
31.05 18.48
30.130000000000003 18.529999999999998
29.54 18.529999999999998
29.64 18.529999999999998
28.52 18.55
27.05 18.55
28.37 18.529999999999998
28.660000000000004 18.55
29.2 18.529999999999998
29.98 18.58
29.830000000000002 18.55
29.69 18.529999999999998
28.810000000000002 18.58
30.759999999999998 18.58
29.64 18.529999999999998
30.570000000000004 18.55
30.759999999999998 18.529999999999998
30.570000000000004 18.55
30.659999999999997 18.55
29.830000000000002 18.6
30.959999999999997 18.6
30.42 18.58
30.620000000000005 18.58
29.93 18.529999999999998
30.86 18.6
30.570000000000004 18.6
29.93 18.6
30.570000000000004 18.58
30.91 18.58
30.130000000000003 18.58
31.490000000000002 18.6
29.49 18.6
30.959999999999997 18.58
29.93 18.6
29.64 18.63
30.320000000000004 18.63
31.25 18.63
30.520000000000003 18.63
30.620000000000005 18.63
29.93 18.63
30.270000000000003 18.6
29.2 18.68
26.900000000000002 18.68
30.130000000000003 18.7
31.2 18.65
29.79 18.65
30.130000000000003 18.65
30.570000000000004 18.65
30.03 18.68
30.86 18.65
29.880000000000003 18.68
30.270000000000003 18.7
30.620000000000005 18.7
30.42 18.68
30.270000000000003 18.68
30.37 18.68
30.37 18.68
29.880000000000003 18.68
30.709999999999997 18.68
29.830000000000002 18.68
30.42 18.65
30.470000000000002 18.68
30.81 18.68
30.18 18.65
29.79 18.7
29.64 18.73
29.98 18.68
29.79 18.68
30.659999999999997 18.68
30.03 18.65
30.620000000000005 18.65
28.910000000000004 18.65
30.81 18.7
29.79 18.7
29.98 18.7
30.18 18.7
30.81 18.7
30.520000000000003 18.7
30.080000000000002 18.68
29.98 18.68
30.080000000000002 18.65
29.830000000000002 18.7
30.81 18.7
28.810000000000002 18.7
30.37 18.73
29.15 18.73
28.76 18.7
29.69 18.7
30.130000000000003 18.73
30.270000000000003 18.73
30.470000000000002 18.7
29.299999999999997 18.68
31.490000000000002 18.73
29.98 18.68
29.74 18.7
30.130000000000003 18.7
29.98 18.73
30.130000000000003 18.73
28.999999999999996 18.73
29.54 18.7
29.64 18.73
29.439999999999998 18.73
29.49 18.73
29.439999999999998 18.73
30.270000000000003 18.75
29.099999999999998 18.73
29.880000000000003 18.73
29.54 18.7
29.49 18.75
29.69 18.73
30.270000000000003 18.73
30.130000000000003 18.7
29.54 18.73
29.880000000000003 18.73
30.81 18.77
29.54 18.73
29.39 18.7
28.76 18.7
29.54 18.73
28.71 18.75
29.74 18.75
29.98 18.77
30.220000000000002 18.73
29.74 18.75
30.130000000000003 18.75
30.03 18.73
30.220000000000002 18.75
28.910000000000004 18.73
30.18 18.73
29.74 18.75
59.660000000000004 37.519999999999996
30.37 18.7
30.320000000000004 18.73
29.39 18.73
31.009999999999998 18.7
30.620000000000005 18.73
31.3 18.73
30.659999999999997 18.73
31.35 18.75
30.570000000000004 18.7
31.15 18.73
31.009999999999998 18.73
30.620000000000005 18.73
30.270000000000003 18.75
31.15 18.75
31.05 18.73
31.540000000000003 18.75
29.049999999999997 18.77
30.42 18.8
29.69 18.77
29.74 18.8
30.220000000000002 18.82
30.91 18.85
29.74 18.9
30.37 18.95
29.69 18.970000000000002
29.93 18.990000000000002
29.98 18.990000000000002
30.520000000000003 18.990000000000002
30.520000000000003 19.02
30.270000000000003 18.990000000000002
29.54 19.02
30.470000000000002 19.040000000000003
30.320000000000004 19.040000000000003
30.270000000000003 18.990000000000002
29.830000000000002 19.02
30.03 19.040000000000003
28.71 19.07
29.69 19.040000000000003
29.099999999999998 19.040000000000003
30.320000000000004 19.07
30.18 19.09
30.759999999999998 19.09
30.130000000000003 19.07
30.03 19.07
29.25 19.09
29.64 19.07
29.64 19.040000000000003
30.220000000000002 19.07
29.49 19.09
30.03 19.09
27.98 19.09
30.03 19.12
29.349999999999998 19.139999999999997
30.709999999999997 19.12
29.830000000000002 19.139999999999997
30.42 19.12
28.560000000000002 19.17
30.270000000000003 19.17
29.69 19.17
30.470000000000002 19.139999999999997
30.37 19.139999999999997
29.49 19.139999999999997
28.22 19.139999999999997
29.49 19.139999999999997
28.999999999999996 19.139999999999997
29.439999999999998 19.139999999999997
28.37 19.17
27.29 19.189999999999998
27.389999999999997 19.17
29.830000000000002 19.189999999999998
29.59 19.17
28.96 19.24
27.779999999999998 19.21
28.71 19.189999999999998
27.150000000000002 19.189999999999998
29.54 19.21
28.470000000000002 19.21
29.099999999999998 19.21
27.779999999999998 19.21
27.93 19.24
29.79 19.21
29.74 19.21
28.96 19.189999999999998
27.29 19.259999999999998
28.03 19.21
29.93 19.21
28.96 19.21
29.349999999999998 19.21
29.39 19.29
29.98 19.24
29.15 19.21
29.39 19.259999999999998
27.689999999999998 19.259999999999998
28.560000000000002 19.21
29.93 19.259999999999998
29.880000000000003 19.29
28.660000000000004 19.24
27.98 19.24
25.590000000000003 19.29
28.03 19.29
25.590000000000003 19.29
27.29 19.29
27.589999999999996 19.34
26.66 19.31
29.049999999999997 19.29
29.64 19.31
28.96 19.34
29.049999999999997 19.31
27.98 19.259999999999998
29.830000000000002 19.31
29.15 19.31
30.320000000000004 19.29
29.880000000000003 19.259999999999998
28.32 19.31
27.83 19.31
29.2 19.29
29.39 19.29
27.439999999999998 19.34
25.590000000000003 19.34
28.12 19.36
28.37 19.31
28.96 19.38
27.639999999999997 19.34
29.830000000000002 19.34
28.999999999999996 19.36
28.76 19.38
28.27 19.38
27.98 19.34
27.389999999999997 19.34
28.610000000000003 19.38
28.42 19.34
29.15 19.36
27.589999999999996 19.38
28.560000000000002 19.36
27.93 19.34
29.39 19.36
28.08 19.38
28.660000000000004 19.36
26.900000000000002 19.36
29.880000000000003 19.38
29.2 19.38
27.49 19.38
24.73 19.36
28.52 19.41
28.12 19.38
29.299999999999997 19.36
28.76 19.43
25.929999999999996 19.36
27.150000000000002 19.43
29.25 19.41
27.439999999999998 19.46
29.049999999999997 19.48
27.150000000000002 19.43
