21.436 15.619000000000002
21.511000000000003 15.634999999999998
20.605 15.645999999999999
20.361 15.647
19.614 15.652000000000003
19.131 15.654000000000002
19.342000000000002 15.656999999999998
19.528 15.661999999999999
21.924000000000003 15.662
19.134 15.666000000000002
18.358999999999998 15.681999999999999
17.636000000000003 15.714999999999998
19.462 15.719
19.5 15.717999999999998
18.215 15.731
18.881000000000004 15.725
18.235 15.745000000000001
17.984 15.795
23.49 20.682000000000002
26.123 25.541999999999998
19.626 15.796
19.034 15.791000000000002
18.221999999999998 15.811999999999998
17.477 15.808
19.058000000000003 15.832
19.308 15.842
20.294999999999998 15.853
20.828000000000003 15.865000000000002
18.459999999999997 15.862000000000002
18.855 15.882
20.709999999999997 15.901000000000002
20.547 15.904000000000002
20.849 15.921
19.625999999999998 15.906999999999998
19.025 15.903999999999998
19.561 15.908999999999999
25.323 20.807
21.002 15.918
20.536000000000005 15.936
20.179 15.921999999999997
20.865000000000002 15.927999999999997
19.730999999999998 15.919
20.696 15.936
20.834999999999997 15.937999999999999
19.785000000000004 15.931999999999999
18.542 15.924
17.524 15.952999999999998
22.945999999999998 20.864
24.54 20.887
20.061999999999998 15.969999999999999
18.451 15.977
18.793000000000003 15.975999999999999
17.468 15.975999999999999
17.797 15.988999999999997
17.819000000000003 16.005000000000003
17.701 15.967999999999998
17.209000000000003 15.969999999999999
17.688000000000002 15.994
20.933 20.896
21.859 20.901999999999997
18.645999999999997 16.019
20.258 16.051
20.002 16.040000000000003
19.038999999999998 16.033
18.125999999999998 16.039
16.815 16.043000000000003
17.05 16.042
18.211000000000002 16.049000000000003
17.724 16.051000000000002
18.252 16.049000000000003
16.682 16.036
16.8 16.042
24.411 20.953
17.232 16.052
18.744000000000003 16.051000000000002
19.471 16.066999999999997
18.270999999999997 16.048000000000002
18.282999999999998 16.054000000000002
18.777 16.060999999999996
19.229000000000003 16.057
18.595 16.039
18.738000000000003 16.039
18.118000000000002 16.051000000000002
18.568 16.069
19.379 16.087
20.669999999999998 16.088
20.816000000000003 16.09
21.652 16.09
20.44 16.09
18.084 16.096000000000004
19.778000000000002 16.097
21.198 16.096000000000004
22.352 16.099000000000004
21.309 16.091
19.247999999999998 16.085
18.174 16.084
21.853 16.084
22.03 16.085
22.364 16.085
23.096 16.094
20.330000000000002 16.091
20.186999999999998 16.096000000000004
22.772000000000002 16.093000000000004
22.668999999999997 16.096
23.865 16.111
23.052999999999997 16.12
19.805 16.110000000000003
21.985000000000003 16.110000000000003
25.573 16.108
26.451999999999998 16.107000000000003
23.039999999999996 16.097
23.908 16.103
20.654 16.103
21.387 16.097
24.636999999999997 16.103
22.733 16.096
22.217 16.097
22.223 16.093
21.997999999999998 16.091
20.771 16.082
24.584 16.096
23.56 16.097
22.858 16.099
22.560999999999996 16.102
21.621 16.099
21.183 16.099
23.099 16.105
24.53 16.085
23.185000000000002 16.09
22.563999999999997 16.085
21.482 16.111
20.639000000000003 16.102
22.974 16.096
23.587 16.092000000000002
23.389 16.098000000000003
23.669 16.114
20.817 16.104000000000003
22.564999999999998 16.108
23.578 16.092000000000002
24.139 16.092000000000002
24.554000000000002 16.102
25.355 16.114
22.101000000000003 16.116
21.256 16.108
24.116 16.101
24.041999999999998 16.101
24.805 16.104
25.446 16.108
22.0 16.108
23.374 16.108
24.903 16.114
25.206999999999997 16.095
25.707 16.095
24.554 16.101
20.696999999999996 16.092000000000002
24.950999999999997 16.09
24.261 16.087
25.348 16.079
28.113 16.089000000000002
26.354 16.104000000000003
22.482000000000003 16.081
23.285000000000004 16.079
24.053 16.083
25.854 16.075
26.85 16.079
26.404 16.079
23.736 16.087
24.639000000000003 16.087
25.933 16.081
25.647 16.083
27.583000000000002 16.096
27.423 16.107
22.833000000000002 16.086
24.799 16.083
26.892 16.081
28.23 16.079
28.503 16.104000000000003
26.447000000000003 16.083
22.874999999999996 16.071
22.262999999999998 16.075
26.342 16.081
28.527 16.066
28.095 16.092000000000002
27.625000000000004 16.084
23.846 16.084
23.540000000000003 16.084
26.117 16.083
28.162 16.072
29.096 16.087
27.357 16.083
23.789 16.089
23.62 16.083
26.233 16.075
26.978 16.086
26.983999999999998 16.068
27.674 16.066
25.451999999999998 16.072
25.531000000000002 16.087
28.971999999999998 16.08
30.298 16.068
29.798000000000002 16.070999999999998
28.442 16.093
23.861 16.084
24.439 16.072
27.472 16.070999999999998
29.028 16.070999999999998
28.815 16.068
28.931 16.070999999999998
24.72 16.070999999999998
24.817999999999998 16.076999999999998
28.979 16.068
36.962 17.524
34.294999999999995 17.510000000000005
30.036 16.070999999999998
25.94 16.086
24.895999999999997 16.081
27.679000000000002 16.070999999999998
29.198 16.069
28.87 16.072
28.943 16.072
23.845999999999997 16.08
23.742 16.095
27.423000000000002 16.08
29.369999999999997 16.083
29.619999999999997 16.075
28.265 16.083
24.252 16.076999999999998
22.753999999999998 16.083
29.979 16.105
27.276 16.093
28.907000000000004 16.092
31.378 16.098
34.57 17.577
27.454 17.591
26.965 16.105
31.757 16.107
34.534 17.578
37.730999999999995 19.051000000000002
28.827 17.580000000000002
25.531 16.118
28.589 16.118
28.754 16.11
29.474 16.101
29.162 17.574
22.12 16.109
23.688000000000002 17.633
19.897 16.16
21.863 16.182
20.624000000000002 16.185000000000002
20.49 16.208
20.538 16.232
20.843999999999998 16.258999999999997
20.593 16.266
20.177999999999997 16.284
20.46 16.345
19.967 16.366999999999997
18.936999999999998 16.378999999999998
17.355 16.400000000000002
19.323 16.415
21.732000000000003 21.398
18.354 16.454
22.867 21.435
18.29 16.48
17.334 16.483999999999998
17.456000000000003 16.499
18.148 16.514
18.375 16.532000000000004
17.908 16.538
21.892 21.566999999999997
16.964 16.564999999999998
21.759 21.6
32.446 31.676
18.049 16.61
17.23 16.613
16.797 16.619
20.124 21.671
27.773999999999997 26.755000000000003
16.934 16.642
18.099999999999998 16.672
18.326 16.681
17.822 16.711
16.802 16.708
17.77 16.72
17.393 16.714
23.962 21.813
16.632 16.744999999999997
18.836 21.828999999999997
25.564000000000004 26.195999999999998
