29.299999999999997 20.21
30.570000000000004 20.29
29.830000000000002 20.24
29.98 20.24
27.439999999999998 20.24
29.64 20.21
29.049999999999997 20.169999999999998
29.439999999999998 20.29
30.959999999999997 20.24
29.349999999999998 20.21
29.39 20.24
29.25 20.29
30.759999999999998 20.26
30.81 20.26
30.959999999999997 20.31
28.76 20.29
29.49 20.29
30.03 20.29
30.270000000000003 20.26
29.64 20.24
30.659999999999997 20.29
28.910000000000004 20.29
29.349999999999998 20.31
29.299999999999997 20.29
29.2 20.24
29.39 20.39
30.320000000000004 20.31
28.32 20.34
29.830000000000002 20.36
29.49 20.31
30.470000000000002 20.31
30.03 20.34
29.59 20.31
29.54 20.31
29.439999999999998 20.34
29.25 20.31
30.03 20.36
28.76 20.34
28.03 20.31
29.349999999999998 20.34
28.560000000000002 20.31
29.15 20.31
28.22 20.36
28.860000000000003 20.36
28.999999999999996 20.34
28.860000000000003 20.36
29.299999999999997 20.36
28.860000000000003 20.36
29.74 20.43
28.42 20.41
28.910000000000004 20.39
28.560000000000002 20.43
29.59 20.43
29.099999999999998 20.41
28.470000000000002 20.41
29.49 20.43
30.080000000000002 20.41
29.39 20.41
28.610000000000003 20.46
28.470000000000002 20.46
27.689999999999998 20.43
29.349999999999998 20.43
29.64 20.48
29.2 20.43
29.98 20.41
29.099999999999998 20.41
28.96 20.43
30.080000000000002 20.43
28.96 20.41
29.349999999999998 20.46
30.080000000000002 20.41
27.83 20.43
29.74 20.43
29.439999999999998 20.43
29.25 20.46
28.860000000000003 20.51
28.12 20.43
29.93 20.43
30.520000000000003 20.43
29.39 20.46
28.910000000000004 20.46
28.52 20.43
29.74 20.43
29.59 20.43
29.349999999999998 20.43
28.76 20.46
28.08 20.46
29.099999999999998 20.41
27.98 20.43
29.54 20.43
29.349999999999998 20.46
28.860000000000003 20.48
28.96 20.46
27.93 20.43
29.39 20.43
29.54 20.43
32.129999999999995 20.41
32.47 20.46
29.830000000000002 20.46
27.389999999999997 20.46
29.2 20.46
29.49 20.48
29.79 20.46
27.0 20.43
28.76 20.46
28.560000000000002 20.43
28.860000000000003 20.46
27.150000000000002 20.46
28.42 20.43
28.660000000000004 20.43
30.42 20.43
29.98 20.46
28.810000000000002 20.43
28.03 20.43
29.54 20.43
28.610000000000003 20.46
28.37 20.43
28.52 20.46
28.42 20.43
29.54 20.43
29.049999999999997 20.48
29.099999999999998 20.43
28.27 20.43
28.76 20.48
29.25 20.43
29.349999999999998 20.43
28.37 20.51
26.900000000000002 20.43
28.560000000000002 20.41
28.76 20.43
29.49 20.46
29.049999999999997 20.43
27.49 20.46
28.910000000000004 20.48
30.620000000000005 20.46
28.96 20.48
27.83 20.51
28.810000000000002 20.46
28.03 20.43
29.69 20.48
29.64 20.46
29.299999999999997 20.48
28.37 20.48
29.349999999999998 20.43
29.880000000000003 20.43
29.54 20.48
28.470000000000002 20.41
27.29 20.51
27.689999999999998 20.48
29.15 20.51
27.779999999999998 20.43
28.910000000000004 20.48
28.910000000000004 20.51
28.76 20.46
29.39 20.51
29.25 20.48
27.93 20.46
28.96 20.48
29.54 20.51
29.880000000000003 20.48
29.15 20.48
28.610000000000003 20.53
29.39 20.53
26.66 20.53
27.54 20.48
27.88 20.560000000000002
28.470000000000002 20.48
29.099999999999998 20.580000000000002
27.98 20.51
29.25 20.53
29.49 20.580000000000002
29.98 20.53
29.299999999999997 20.560000000000002
26.07 20.53
27.05 20.580000000000002
29.64 20.48
28.71 20.53
29.79 20.51
28.610000000000003 20.48
29.69 20.53
29.39 20.53
30.709999999999997 20.51
29.099999999999998 20.53
28.52 20.51
29.79 20.51
29.880000000000003 20.580000000000002
29.830000000000002 20.53
29.49 20.580000000000002
28.52 20.560000000000002
30.91 20.53
31.1 20.53
29.439999999999998 20.560000000000002
29.349999999999998 20.53
29.830000000000002 20.51
30.709999999999997 20.560000000000002
29.349999999999998 20.51
29.880000000000003 20.560000000000002
29.64 20.61
27.639999999999997 20.51
28.71 20.560000000000002
29.15 20.48
29.98 20.560000000000002
30.03 20.580000000000002
27.779999999999998 20.560000000000002
28.08 20.53
28.860000000000003 20.560000000000002
28.52 20.53
28.610000000000003 20.580000000000002
26.56 20.580000000000002
29.2 20.630000000000003
29.299999999999997 20.53
28.660000000000004 20.630000000000003
28.610000000000003 20.560000000000002
28.910000000000004 20.61
28.96 20.580000000000002
27.93 20.630000000000003
29.880000000000003 20.61
29.54 20.65
29.69 20.65
27.98 20.65
29.49 20.630000000000003
29.74 20.65
29.79 20.630000000000003
28.12 20.65
28.71 20.68
28.52 20.7
29.98 20.630000000000003
28.76 20.7
30.080000000000002 20.65
28.76 20.65
29.439999999999998 20.7
28.660000000000004 20.68
29.2 20.65
29.69 20.65
29.099999999999998 20.65
28.660000000000004 20.7
29.439999999999998 20.73
12.6793 12.524000000000001
9.583 11.23
42.53 30.79
39.5 33.01
26.029999999999998 16.82
26.32 16.919999999999998
25.679999999999996 16.939999999999998
25.05 16.89
25.679999999999996 17.02
25.83 16.97
24.41 16.919999999999998
27.98 16.97
28.860000000000003 16.99
30.080000000000002 16.99
30.270000000000003 16.99
31.05 17.02
31.4 17.02
32.029999999999994 16.99
31.3 17.04
30.270000000000003 17.02
31.490000000000002 17.07
31.4 17.07
31.15 17.04
32.029999999999994 17.09
32.08 17.09
32.519999999999996 17.07
31.790000000000003 17.11
32.519999999999996 17.14
32.029999999999994 17.11
31.64 17.14
32.28 17.19
31.69 17.14
30.570000000000004 17.14
30.03 17.16
31.35 17.19
30.520000000000003 17.19
31.2 17.19
28.810000000000002 17.16
29.439999999999998 17.16
30.320000000000004 17.19
32.47 17.21
31.45 17.21
30.620000000000005 17.21
30.959999999999997 17.21
32.62 17.24
28.42 17.26
32.029999999999994 17.26
32.23 17.26
33.5 17.29
31.490000000000002 17.26
31.3 17.26
