13.23 7.08
13.65 7.1290000000000004
13.26 7.178
13.87 7.239
14.31 7.239
13.87 7.239
13.700000000000001 7.239
14.14 7.239
13.55 7.239
13.43 7.239
13.87 7.239
13.350000000000001 7.239
13.23 7.239
13.819999999999999 7.239
13.33 7.239
13.350000000000001 7.239
14.21 7.239
13.96 7.239
13.819999999999999 7.239
14.26 7.239
13.450000000000001 7.239
13.65 7.239
13.96 7.251
13.48 7.239
13.62 7.239
14.330000000000002 7.239
13.530000000000001 7.227
13.33 7.239
14.14 7.239
13.309999999999999 7.227
13.450000000000001 7.239
14.280000000000001 7.239
14.11 7.239
13.919999999999998 7.2139999999999995
14.45 7.263
14.01 7.227
13.65 7.202
13.350000000000001 7.202
12.740000000000002 7.202
12.26 7.178
12.6 7.19
11.83 7.178
11.899999999999999 7.166
12.21 7.1290000000000004
11.77 7.117
11.790000000000001 7.092
12.17 7.104000000000001
11.12 7.104000000000001
11.129999999999999 7.08
11.33 7.104000000000001
10.530000000000001 7.117
10.39 7.1290000000000004
10.58 7.153
9.985 7.153
10.059999999999999 7.1290000000000004
10.07 7.117
9.533999999999999 7.0680000000000005
9.583 7.117
9.778 7.117
9.131 7.0680000000000005
9.180000000000001 7.104000000000001
9.325999999999999 7.104000000000001
8.899 7.0680000000000005
9.264999999999999 7.104000000000001
9.119 7.141
8.411 7.117
8.312999999999999 7.117
8.74 7.092
8.105 7.08
7.9350000000000005 7.117
8.215 7.1290000000000004
7.7509999999999994 7.0680000000000005
7.776 7.117
7.8740000000000006 7.1290000000000004
7.849 7.08
7.446 7.117
7.434 7.141
6.885 7.092
7.019 7.117
7.2139999999999995 7.141
6.348 7.104000000000001
6.433 7.117
6.628 7.141
6.194999999999999 7.1290000000000004
6.274 7.104000000000001
6.531000000000001 6.97
6.444999999999999 6.981999999999999
6.494 6.97
6.165 6.946
5.743 6.97
5.792 6.958
5.743 6.934
5.914 6.97
5.566 6.958
5.5969999999999995 6.981999999999999
5.2490000000000006 6.981999999999999
5.652 6.934
5.695 6.981999999999999
5.316 6.995
10.657 13.868
5.817 6.981999999999999
5.444 6.995
5.542 6.934
5.554 6.981999999999999
5.261 6.97
10.474 13.868
5.303999999999999 6.97
10.083 13.916
16.546 20.814
5.67 6.981999999999999
5.341 6.97
5.609 6.934
5.444 6.97
10.339 13.916
16.058 20.874
5.536 6.995
10.552999999999999 13.868
10.669 13.868
5.402 6.97
14.515 20.886
18.041999999999998 27.868
10.071 13.989
12.121 20.814
11.145 13.965
10.412 13.953
10.302 13.879999999999997
17.285 20.910999999999998
5.457 6.981999999999999
10.559 13.868
5.798 6.981999999999999
31.869999999999997 28.15
5.737 6.995
5.963 6.946
6.0729999999999995 6.97
5.811 6.981999999999999
17.102 21.192
12.725999999999999 14.172
6.641 7.031
6.995 7.056
7.043000000000001 7.092
6.726 7.031
6.7379999999999995 7.043000000000001
6.897 7.092
6.75 7.031
22.400000000000002 21.191
7.495 7.104000000000001
7.666 7.031
8.068999999999999 7.056
8.386000000000001 7.092
8.215 7.043000000000001
8.434999999999999 7.043000000000001
8.655 7.031
8.643 7.043000000000001
8.887 7.092
9.29 7.043000000000001
9.241000000000001 7.031
9.472999999999999 7.08
10.100000000000001 7.043000000000001
9.863 7.031
10.100000000000001 7.092
10.620000000000001 7.043000000000001
10.35 7.043000000000001
10.79 7.117
11.17 7.117
10.72 7.117
10.94 7.117
11.39 7.092
11.06 7.056
11.29 7.117
11.55 7.104000000000001
11.24 7.1290000000000004
11.63 7.104000000000001
12.0 7.056
11.959999999999999 7.056
12.11 7.1290000000000004
12.65 7.1290000000000004
12.5 7.1290000000000004
12.5 7.1290000000000004
12.770000000000001 7.0680000000000005
12.21 7.0680000000000005
12.520000000000001 7.1290000000000004
12.770000000000001 7.1290000000000004
13.18 7.1290000000000004
13.26 7.141
13.43 7.141
12.770000000000001 7.104000000000001
13.13 7.141
13.600000000000001 7.153
13.18 7.227
13.569999999999999 7.227
14.09 7.227
13.65 7.227
13.819999999999999 7.227
13.99 7.227
13.600000000000001 7.227
13.719999999999999 7.227
14.360000000000001 7.227
13.79 7.227
14.31 7.227
15.67 7.239
14.62 7.239
14.45 7.227
15.229999999999999 7.239
15.09 7.239
15.229999999999999 7.239
15.45 7.239
14.82 7.251
15.53 7.251
15.58 7.239
14.649999999999999 7.251
14.719999999999999 7.251
15.06 7.251
14.38 7.251
14.549999999999999 7.239
15.43 7.239
14.580000000000002 7.239
14.97 7.239
15.75 7.239
15.160000000000002 7.239
15.620000000000001 7.251
15.5 7.251
14.499999999999998 7.251
14.97 7.251
15.06 7.251
14.430000000000001 7.251
15.040000000000001 7.251
15.89 7.251
15.06 7.288
15.43 7.2749999999999995
15.7 7.2749999999999995
14.530000000000001 7.288
14.790000000000001 7.2749999999999995
15.329999999999998 7.2749999999999995
15.36 7.3
15.36 7.3
15.36 7.288
14.67 7.288
14.75 7.288
15.260000000000002 7.288
14.330000000000002 7.288
14.549999999999999 7.288
14.84 7.288
13.99 7.288
14.499999999999998 7.288
15.110000000000001 7.2749999999999995
14.77 7.288
14.719999999999999 7.288
15.14 7.288
14.580000000000002 7.3
15.010000000000002 7.288
15.379999999999999 7.3
14.99 7.335999999999999
15.06 7.312
15.229999999999999 7.312
14.649999999999999 7.335999999999999
14.99 7.3
15.21 7.312
14.16 7.335999999999999
15.260000000000002 7.312
15.8 7.324
15.28 7.312
15.379999999999999 7.312
15.45 7.324
14.89 7.312
15.409999999999998 7.312
15.840000000000002 7.324
16.09 7.312
15.870000000000001 7.324
15.870000000000001 7.335999999999999
15.75 7.312
16.04 7.312
16.14 7.312
15.260000000000002 7.3
15.45 7.3
16.48 7.324
15.72 7.288
16.14 7.288
16.650000000000002 7.324
15.870000000000001 7.312
16.97 7.312
16.99 7.312
17.48 7.312
16.6 7.3
16.99 7.312
15.8 7.312
15.989999999999998 7.3
16.02 7.312
15.329999999999998 7.3
