76.1 22.36
76.15899999999999 22.419000000000004
74.84099999999998 22.249999999999996
75.74400000000001 22.37
77.16000000000001 22.372999999999998
76.84299999999999 22.421
77.08699999999999 22.424
75.953 22.372000000000003
75.953 22.394000000000002
75.47599999999998 22.382
75.30599999999998 22.303000000000004
75.939 22.451000000000004
76.89200000000001 22.389
76.84199999999998 22.442
76.46499999999999 22.412
74.85199999999999 22.277
74.927 22.367
74.841 22.409000000000002
75.32799999999999 22.296000000000003
75.062 22.418000000000003
74.232 22.367
73.365 22.274
73.817 22.391
74.147 22.348000000000003
75.09799999999998 22.342000000000002
74.255 22.440000000000005
73.487 22.289
73.585 22.336
74.743 22.382
74.03699999999999 22.313
74.92699999999999 22.397
74.21699999999998 22.446
73.85199999999999 22.284
73.74199999999999 22.349
73.43799999999999 22.374
73.60799999999999 22.309
75.08599999999998 22.421000000000003
74.11999999999999 22.362
73.92699999999999 22.348000000000003
73.365 22.362
74.15799999999999 22.306
73.937 22.424000000000003
74.32899999999998 22.358
73.743 22.346000000000004
73.75399999999999 22.418
73.21799999999999 22.345000000000002
74.156 22.351
74.77999999999999 22.423
75.37899999999999 22.327
75.20800000000001 22.421000000000003
74.79299999999999 22.405
73.901 22.296
75.036 22.452
73.80299999999998 22.391000000000002
74.56099999999999 22.345000000000002
74.317 22.469
74.30499999999999 22.33
74.29299999999999 22.360000000000003
74.03599999999999 22.400000000000002
74.19399999999999 22.339000000000002
75.33000000000001 22.455000000000002
74.47399999999999 22.421000000000003
74.27999999999999 22.311000000000003
74.475 22.415000000000003
74.622 22.376
74.121 22.385
74.37899999999999 22.444999999999997
73.341 22.382
73.27799999999999 22.361000000000004
72.72999999999999 22.388
72.496 22.289
73.913 22.377999999999997
75.439 22.421000000000003
74.011 22.338
73.64599999999999 22.419
72.87599999999999 22.345
74.572 22.333000000000002
74.30399999999999 22.458
74.25699999999999 22.381999999999998
73.66999999999999 22.384999999999998
73.70499999999998 22.434
72.96099999999998 22.302000000000003
72.936 22.351000000000003
73.91399999999999 22.421000000000003
74.19299999999998 22.336000000000002
73.65599999999999 22.406000000000002
73.535 22.400000000000002
72.88799999999999 22.287
73.732 22.441
73.59499999999998 22.397
74.181 22.364
74.01099999999998 22.492
73.475 22.37
73.388 22.354000000000003
73.37599999999999 22.403000000000002
73.43599999999999 22.325
75.18400000000001 22.382
73.69299999999998 22.468000000000004
73.46099999999998 22.37
74.219 22.421
75.29299999999999 22.462
74.58600000000001 22.403000000000002
75.55 22.464
74.32799999999999 22.466
73.81599999999999 22.328
73.437 22.425000000000004
73.10799999999999 22.369999999999997
73.69399999999999 22.333000000000002
74.42599999999999 22.439999999999998
72.975 22.424000000000003
72.88799999999999 22.324
73.279 22.421000000000003
73.633 22.345000000000002
73.35300000000001 22.393
73.97299999999998 22.443
74.0 22.375
74.90299999999999 22.435
74.59599999999999 22.592999999999996
74.60799999999999 22.502
75.31599999999999 22.631999999999998
75.12299999999999 22.573999999999998
73.975 22.428
74.18199999999999 22.395
73.84100000000001 22.431
74.79199999999999 22.351000000000003
74.585 22.437000000000005
74.316 22.421000000000003
73.66999999999999 22.366999999999997
74.011 22.409000000000002
73.231 22.415000000000003
73.19399999999999 22.314000000000004
74.01299999999999 22.461000000000002
74.80499999999999 22.412
73.85299999999998 22.372000000000003
73.91399999999999 22.439
73.803 22.382
74.89000000000001 22.355000000000004
75.012 22.470000000000002
75.05999999999999 22.436
74.26799999999997 22.425
74.42599999999999 22.489
73.88999999999999 22.375000000000004
73.78 22.387999999999998
74.317 22.503000000000004
74.451 22.375
73.706 22.419
73.30399999999999 22.449
72.50999999999999 22.312
73.77799999999999 22.407000000000004
73.37599999999999 22.439000000000004
73.74199999999999 22.364
73.621 22.465000000000003
72.92399999999998 22.43
72.38899999999998 22.314999999999998
73.05899999999998 22.387999999999998
73.24099999999999 22.432999999999996
74.66999999999999 22.369000000000003
74.63399999999999 22.522000000000002
74.49799999999999 22.593999999999998
73.512 22.388
74.782 22.400000000000002
74.646 22.493999999999996
75.15899999999999 22.384999999999998
74.24199999999999 22.461000000000002
73.98799999999999 22.442
73.267 22.316
73.53499999999998 22.436000000000003
73.692 22.433000000000003
74.84299999999999 22.397
75.0 22.569
73.83999999999999 22.409000000000002
73.44899999999998 22.328
75.01199999999999 22.458
74.33999999999999 22.448
75.04899999999999 22.447999999999997
74.15599999999999 22.486
74.05999999999999 22.355
73.70799999999998 22.387999999999998
73.948 22.457
74.16999999999999 22.373
75.207 22.415000000000003
74.451 22.522000000000002
73.82799999999999 22.355
73.754 22.361
75.06099999999999 22.491000000000007
74.47399999999999 22.397
75.51299999999999 22.485999999999997
74.19399999999999 22.468
73.949 22.336
73.86399999999999 22.427000000000003
73.55999999999997 22.409000000000002
74.13300000000001 22.352
75.305 22.411999999999995
74.68199999999999 22.504000000000005
73.877 22.34
73.82600000000001 22.357000000000003
74.756 22.494000000000003
74.548 22.406000000000002
75.157 22.491999999999997
74.32699999999998 22.477000000000004
73.99899999999998 22.342000000000002
74.10799999999999 22.427000000000003
73.852 22.430000000000003
74.04899999999999 22.388
75.12199999999999 22.538
73.853 22.416
73.59499999999998 22.339
73.99799999999999 22.428
74.92699999999999 22.468
74.499 22.476
74.73199999999999 22.491
74.451 22.397
74.633 22.381999999999998
74.82799999999999 22.481
74.329 22.37
74.50000000000001 22.461000000000002
75.37899999999999 22.490000000000002
74.18299999999999 22.407000000000004
74.536 22.445
73.999 22.448000000000004
74.657 22.387999999999998
74.451 22.489
75.44999999999999 22.487000000000002
74.59799999999998 22.438000000000002
74.145 22.497
73.24199999999999 22.369999999999997
73.37599999999999 22.343
73.94999999999999 22.400000000000002
75.097 22.522000000000002
74.267 22.689999999999998
73.76899999999999 22.581000000000003
73.511 22.355
75.37800000000001 22.476
75.32900000000001 22.512
76.075 22.432999999999996
75.60999999999999 22.549
75.03599999999999 22.442999999999998
74.84199999999998 22.388
74.901 22.511000000000003
74.902 22.412000000000003
76.28200000000001 22.497999999999998
74.84099999999998 22.556000000000004
74.81799999999998 22.400000000000002
74.585 22.391000000000002
76.14899999999999 22.54
75.08500000000001 22.470000000000002
75.20599999999999 22.519
74.06200000000001 22.525000000000002
73.607 22.381999999999998
73.24199999999999 22.367
73.33899999999998 22.373
74.24199999999999 22.505999999999997
74.97399999999999 22.451
73.58299999999998 22.394
73.74199999999999 22.430000000000003
73.353 22.469
74.46400000000001 22.401
74.438 22.488
75.356 22.538000000000004
73.94999999999999 22.431
73.92799999999998 22.517000000000003
73.231 22.391
73.68199999999999 22.412000000000003
73.84099999999998 22.515
74.82899999999998 22.43
73.97299999999998 22.473
73.48699999999998 22.478
73.279 22.364
74.63499999999999 22.467000000000002
73.85199999999999 22.524
74.74399999999999 22.443
74.083 22.488000000000003
74.02199999999999 22.500000000000004
73.756 22.375999999999998
73.65699999999998 22.627999999999997
73.59599999999999 22.537000000000003
74.64599999999999 22.433999999999997
74.132 22.434
73.57199999999999 22.519000000000002
72.87599999999999 22.394
74.31599999999999 22.456000000000003
73.487 22.541
74.47399999999999 22.439999999999998
74.11999999999999 22.483000000000004
74.36399999999999 22.539999999999996
73.92699999999999 22.412
74.10999999999999 22.467000000000002
74.27999999999999 22.515
