26.074 9.562
25.537 9.581
25.883 9.578000000000001
26.019 9.581000000000001
26.383000000000003 9.573
26.556 9.629
26.810000000000002 9.583
27.798999999999996 9.575
27.999999999999996 9.584000000000001
27.429999999999993 9.553
27.483999999999998 9.575
26.809 9.588000000000001
27.116 9.593
26.21 9.545
25.001 9.557
25.703 9.549000000000001
25.693000000000005 9.566
24.796 9.57
25.91 9.575
25.958000000000002 9.577
25.529000000000003 9.560999999999998
25.673999999999996 9.577
27.266999999999996 9.581
26.998 9.573
26.744999999999997 9.596000000000002
25.837 9.607000000000001
25.703000000000003 9.559
25.467000000000002 9.566
25.163999999999998 9.551
24.698 9.535
24.661 9.528
26.180999999999997 9.562
26.855 9.600999999999999
26.683999999999997 9.593
26.247999999999998 9.600000000000001
25.884999999999998 9.567
26.294000000000008 9.594
25.056 9.563999999999998
25.629999999999995 9.649000000000003
26.648 9.913
25.732000000000006 9.586
25.401 9.583
24.965999999999998 9.549
24.734999999999996 9.551
24.895 9.577
24.656 9.578
24.397999999999996 9.577
24.182 9.568999999999999
24.072 9.563
23.240999999999996 9.524999999999999
23.372999999999998 9.48
23.410999999999998 9.46
23.589 9.471
22.255999999999997 9.491
22.256 9.46
21.862 9.432000000000002
22.523 9.471
21.333000000000002 9.44
21.001 9.411
19.985 9.381
21.020000000000003 9.384
19.903 9.365
19.384999999999998 9.362
18.645999999999997 9.341000000000001
17.897 9.335
17.373 9.314
17.821 9.293
17.386000000000003 9.286
17.083 9.296000000000001
16.821 9.288000000000002
16.842000000000002 9.27
16.445 9.251999999999999
16.507 9.264
15.565999999999997 9.246
15.271 9.248000000000001
15.255999999999997 9.273
15.157000000000002 9.221
14.505 9.208000000000002
14.37 9.215
13.681 9.200999999999999
13.645 9.197
12.759 9.183
13.302 9.186
12.933 9.168
13.738 9.179
13.406 9.171
13.685999999999998 9.164
13.103000000000002 9.182000000000002
12.858 9.232999999999999
12.306000000000001 9.153
12.501000000000001 9.164
12.008 9.15
12.281 9.161
11.408999999999999 9.151
11.686000000000002 9.142999999999999
11.748 9.138
12.867 9.153
12.422 9.144
12.514 9.147
12.181000000000001 9.126000000000001
12.281 9.132
11.765999999999998 9.119
12.055 9.120000000000001
11.982999999999999 9.116
12.338999999999999 9.132
12.709999999999999 9.132000000000001
12.438 9.129999999999999
11.265 9.123999999999999
11.231 9.118
10.849999999999998 9.115
10.839 9.11
10.388 9.096000000000002
10.982 9.103
10.616 9.099
10.867 9.101
10.883999999999999 9.095
11.024999999999999 9.099
10.812999999999997 9.094999999999999
11.18 9.103
10.981000000000002 9.100999999999999
11.477 9.102
11.103 9.098999999999998
11.27 9.100999999999999
11.374 9.112
11.722999999999999 9.121999999999998
12.098 9.126
12.094000000000001 9.194
11.179 9.139000000000001
11.101999999999999 9.105999999999998
11.044 9.089
11.258 9.101999999999999
11.361 9.109
12.251000000000001 9.110999999999999
11.706999999999999 9.112
11.936 9.114999999999998
11.998000000000001 9.120000000000001
12.15 9.128
12.152000000000001 9.124
12.690000000000001 9.133999999999999
12.343 9.135
13.208 9.142000000000001
13.845000000000002 9.139999999999999
14.288 9.152999999999999
13.787000000000003 9.148
13.624999999999998 9.156
13.71 9.154
14.329999999999998 9.166
14.191999999999998 9.168
14.490000000000002 9.169
14.305000000000001 9.168999999999999
13.81 9.179
14.408000000000001 9.173
14.703 9.192999999999998
15.043000000000001 9.184000000000001
15.165000000000001 9.197999999999999
14.668000000000001 9.197000000000001
15.763999999999998 9.215000000000002
14.748000000000003 9.203999999999999
15.095 9.21
13.329000000000002 9.148
12.792 9.142
13.111 9.145999999999999
13.584 9.158
13.924 9.167
14.658999999999999 9.183
14.285999999999998 9.171999999999999
14.110000000000003 9.168
14.24 9.174
14.943000000000001 9.186000000000002
15.159 9.189
15.722999999999999 9.219
14.923 9.219
15.557000000000002 9.24
16.049 9.243
17.932000000000002 9.254
17.981 9.266
18.499 9.277
18.427 9.288
17.186 9.282
16.058 9.288999999999998
16.715000000000003 9.295
16.317999999999998 9.298
17.092999999999996 9.298
18.160999999999998 9.318
18.418 9.335
18.137 9.329
18.892999999999997 9.340000000000002
18.272 9.334000000000001
18.662 9.341999999999999
19.043000000000003 9.338999999999999
19.440999999999995 9.349
18.598 9.338000000000001
19.157000000000004 9.351999999999999
19.182 9.35
20.072000000000003 9.377
19.789 9.367
19.781000000000002 9.364
19.317000000000004 9.366
19.551999999999996 9.383999999999999
19.583000000000002 9.388000000000002
19.552 9.388
19.353 9.394
19.86 9.399000000000001
20.016 9.402
20.002 9.423
19.906 9.429000000000002
20.289 9.440000000000001
20.193 9.456000000000001
20.472 9.473
20.111 9.434000000000001
20.366999999999997 9.465
20.157 9.457
20.692 9.456000000000001
21.076999999999998 9.461
21.518000000000004 9.451
21.735 9.464
21.665 9.467
21.087 9.459000000000001
20.977999999999998 9.478
20.89 9.464
20.649 9.475999999999999
20.855 9.472999999999999
21.318 9.485
20.727999999999998 9.472
21.005 9.479
20.582999999999995 9.456000000000001
21.316000000000003 9.478
20.691000000000003 9.482
21.014 9.485
20.901 9.479
20.959000000000003 9.473999999999998
20.761000000000003 9.482999999999999
21.040999999999997 9.472
21.368 9.495000000000001
22.357000000000003 9.507
23.258000000000003 9.502000000000002
23.208000000000002 9.510000000000002
22.5 9.503999999999998
22.310999999999996 9.508
22.826 9.523000000000001
24.949 9.517
24.528 9.513
22.749999999999996 9.502999999999998
21.789 9.470999999999998
22.717000000000002 9.475
22.416 9.474000000000002
23.296999999999997 9.496
22.509 9.473
23.138 9.488000000000001
22.604 9.477
23.194 9.493
22.876 9.484
23.532999999999998 9.482000000000001
22.571 9.501
22.446 9.483
22.657 9.495
22.796000000000003 9.491
22.814999999999998 9.482000000000001
23.108 9.497000000000002
22.975 9.498999999999999
23.840999999999998 9.496000000000002
23.342000000000002 9.469
23.773 9.482
23.488 9.493
23.591 9.503000000000002
23.93 9.475999999999999
24.291 9.508999999999999
23.96 9.508
23.831 9.499
23.387 9.501
24.008000000000003 9.515
23.843 9.52
23.639999999999997 9.512
23.074 9.502
23.989 9.498
23.365 9.514
24.072 9.508000000000001
24.196 9.503
23.935 9.537999999999998
24.325 9.533
24.269 9.546000000000001
23.953 9.529
23.523 9.540000000000001
24.066000000000003 9.574
25.034 9.56
25.106 9.556999999999999
25.735999999999997 9.549000000000001
25.722 9.58
