76.36800000000001 23.061999999999998
75.35399999999998 22.967000000000002
74.67 23.056
75.048 22.989
76.24499999999998 22.991999999999997
75.62299999999999 23.024000000000004
76.758 23.157
74.81700000000001 22.964
74.731 22.948
74.97500000000001 23.065
75.14599999999999 22.985
74.03699999999999 22.945
75.32799999999999 23.130000000000003
74.451 22.99
73.37599999999999 22.919
73.67 22.992
75.54799999999999 23.122
73.74199999999999 23.006999999999998
75.525 23.059
74.86599999999999 23.109000000000005
74.169 23.029
73.98799999999999 22.961000000000002
75.134 23.019000000000002
74.61 23.099000000000004
76.466 23.063
76.02399999999999 23.072
75.34099999999998 23.118
74.86399999999999 22.997
75.78199999999998 23.028000000000002
74.024 23.114000000000004
75.06099999999999 23.110999999999997
74.97500000000001 23.01
74.585 23.06
74.86699999999999 23.102
74.96099999999998 23.01
74.69599999999998 23.025
76.80799999999999 23.189999999999998
75.232 23.020999999999997
74.841 22.988999999999997
75.439 23.107999999999997
76.234 23.107
74.65899999999999 23.041000000000004
76.111 23.169
74.48499999999999 23.102999999999998
74.13300000000001 23.014
74.15599999999999 23.058
74.769 23.150000000000002
73.64599999999999 23.023000000000003
75.15799999999999 23.069
74.97399999999999 23.13
73.65899999999999 23.059
74.05999999999999 22.991999999999997
76.29299999999999 23.157000000000004
74.231 23.085999999999995
74.91399999999999 23.084000000000003
75.22 23.127
74.88999999999999 23.086000000000002
74.22999999999999 23.01
75.25699999999999 23.141000000000002
74.597 23.062
76.48899999999999 23.081
76.12200000000001 23.148
74.146 23.071
74.13300000000001 23.000999999999998
75.951 23.16
74.66900000000001 23.099
76.26899999999999 23.108
75.58399999999999 23.075000000000003
74.76799999999999 23.143
74.92699999999999 23.046999999999997
75.867 23.067999999999998
75.425 23.138
76.526 23.179999999999996
75.63499999999999 23.061
74.43799999999999 23.068
75.03699999999999 23.154000000000003
76.538 23.102000000000004
74.52300000000001 23.077
74.98799999999999 23.233999999999998
73.391 23.079
72.97299999999998 23.043000000000003
73.08399999999999 23.144000000000002
73.25499999999998 23.074
72.47299999999998 23.032
74.609 23.189999999999998
73.731 23.114
72.89999999999999 23.026
73.29199999999999 23.059
74.975 23.202999999999996
73.21799999999999 23.090000000000003
74.499 23.118
74.27999999999999 23.097
73.854 23.167
73.13199999999999 23.061999999999998
73.75399999999999 23.147
73.49899999999998 23.158
76.256 23.208999999999996
75.37799999999999 23.154
74.12100000000001 23.243
73.57 23.139000000000003
75.244 23.156000000000002
73.645 23.221
75.08500000000001 23.221999999999998
74.48799999999999 23.192
74.06099999999999 23.246000000000002
73.329 23.182
73.573 23.129
73.90199999999997 23.218999999999998
74.609 23.270999999999997
73.768 23.237
73.169 23.21
73.279 23.17
75.928 23.323
73.98599999999999 23.214000000000002
75.79599999999999 23.360999999999997
74.84100000000001 23.294999999999998
74.79299999999999 23.245000000000005
74.66999999999999 23.337
75.03599999999999 23.279
74.96400000000001 23.308999999999997
76.30699999999999 23.415000000000003
74.68299999999999 23.273
74.511 23.346
74.55999999999999 23.287999999999997
77.03699999999999 23.416000000000004
75.805 23.505000000000003
76.818 23.5
75.243 23.386000000000003
75.04799999999999 23.401
74.463 23.379
75.08599999999998 23.404
74.414 23.366999999999997
76.22 23.352000000000004
75.21899999999998 23.400999999999996
74.622 23.307
75.18299999999999 23.349999999999994
76.46499999999999 23.41
75.06099999999999 23.313
76.69699999999999 23.464999999999996
76.171 23.348
76.014 23.305999999999997
76.78199999999998 23.409999999999997
76.66 23.430999999999997
76.709 23.406999999999996
77.38000000000001 23.449
77.11300000000001 23.313
76.29299999999999 23.378
76.074 23.379
77.45400000000001 23.362
76.43900000000001 23.421999999999997
77.43000000000002 23.412999999999997
76.136 23.369999999999997
75.70799999999998 23.424999999999997
75.26799999999999 23.340999999999998
75.86599999999999 23.44
74.55999999999999 23.391
76.552 23.412
76.0 23.455
74.37799999999999 23.34
74.46499999999999 23.379999999999995
75.65899999999999 23.471
74.389 23.337
75.95299999999999 23.461000000000002
75.12199999999999 23.437
74.829 23.342999999999996
74.75499999999998 23.442999999999998
74.853 23.378
74.47399999999999 23.319000000000003
76.404 23.494999999999997
75.27999999999999 23.448999999999998
75.195 23.383
74.90299999999999 23.421
76.745 23.380000000000003
76.00200000000001 23.455000000000002
77.92899999999999 23.511
76.96499999999999 23.424999999999997
76.391 23.516
76.23199999999999 23.444
75.976 23.478
74.732 23.445
76.01299999999999 23.397000000000002
75.51199999999997 23.401
74.79299999999999 23.437
75.18499999999997 23.34
77.614 23.493000000000002
76.04999999999998 23.458
77.47800000000001 23.43
76.77100000000002 23.467
76.28200000000001 23.415999999999997
76.42899999999999 23.366999999999997
77.18499999999999 23.477
76.305 23.368
76.794 23.446
74.731 23.448
73.98599999999999 23.319
74.35300000000001 23.383
75.90299999999999 23.483
74.33999999999999 23.368
75.878 23.519000000000002
74.83 23.406
74.767 23.376
74.818 23.455
75.01199999999999 23.377
74.50999999999999 23.394999999999996
76.67399999999999 23.549999999999997
75.49999999999999 23.396
74.55999999999999 23.401
74.56099999999998 23.461000000000002
76.24600000000001 23.425
74.70700000000001 23.519
76.14699999999999 23.501
76.09899999999999 23.392
76.513 23.519
76.08599999999998 23.452
75.91599999999998 23.468
75.19399999999999 23.501
76.33099999999999 23.463
76.28200000000001 23.438
74.95 23.473
74.96299999999998 23.371
76.68400000000001 23.52
75.281 23.483
76.36800000000001 23.476
75.41299999999998 23.540000000000003
74.39099999999999 23.44
74.341 23.433999999999997
75.26799999999999 23.522000000000002
74.38999999999999 23.377
76.427 23.501
75.83 23.488999999999997
74.598 23.382
74.89099999999999 23.479999999999997
76.759 23.522000000000002
75.073 23.433999999999997
76.13499999999999 23.583000000000002
74.79299999999999 23.446
75.29400000000001 23.418999999999997
74.878 23.529
75.011 23.434
75.18299999999999 23.468000000000004
77.40500000000002 23.793
76.25699999999999 23.602000000000004
75.40099999999998 23.527
75.03499999999998 23.532
75.416 23.458000000000002
77.282 23.476
77.28199999999998 23.587
75.76799999999999 23.449
75.537 23.522999999999996
74.89099999999999 23.430999999999997
75.829 23.435
75.73199999999999 23.516
77.00299999999999 23.567
75.97599999999997 23.476999999999997
74.97399999999999 23.523
74.42599999999999 23.443
75.89099999999999 23.452
75.36500000000001 23.528
76.892 23.552
75.928 23.446
75.67099999999999 23.537000000000003
75.15799999999999 23.455000000000002
75.707 23.453000000000003
75.35399999999998 23.522
76.73400000000001 23.561
75.73299999999999 23.462
75.573 23.531999999999996
75.42699999999999 23.443
77.18499999999999 23.507
75.78099999999999 23.565
76.66100000000002 23.513
75.87799999999999 23.47
75.696 23.535
75.33 23.430999999999997
76.42800000000001 23.48
75.85399999999998 23.743
77.12299999999999 23.522000000000002
76.61 23.534999999999997
75.48799999999999 23.531000000000002
75.11099999999999 23.465000000000003
76.806 23.583000000000002
75.28099999999999 23.586999999999996
76.075 23.553
75.74499999999999 23.518000000000004
75.88999999999999 23.595000000000002
75.561 23.486
76.37899999999999 23.553
76.136 23.598000000000003
