25.371 9.457
24.704 9.483
24.369 9.503
24.048000000000002 9.487
24.573 9.475999999999999
24.631999999999998 9.489
24.322 9.473
24.633000000000003 9.496
24.02 9.456000000000001
24.185000000000002 9.481
24.233 9.495
24.584 9.486
25.088 9.486
24.569999999999997 9.487000000000002
24.946 9.492
24.078999999999997 9.497
23.517 9.472
23.573 9.478
23.545 9.474
23.501 9.497
23.685 9.472
23.87 9.487000000000002
23.663 9.489
24.214 9.494
25.666999999999994 9.493
25.638999999999996 9.487000000000002
25.4 9.504
24.096999999999998 9.504
24.834 9.493
24.527 9.492
23.931 9.504
23.841 9.487
24.247000000000003 9.47
24.3 9.499
24.137999999999998 9.482
24.102999999999998 9.501999999999999
24.956999999999997 9.504
23.727 9.511
24.14 9.496
24.450999999999997 9.49
24.433000000000003 9.501000000000001
24.822999999999997 9.505
24.185 9.501
23.753 9.476999999999999
23.554 9.477999999999998
23.575000000000003 9.481
23.576000000000004 9.48
23.439999999999998 9.493
24.133000000000003 9.489
23.476999999999997 9.478
23.765 9.472
23.949 9.471000000000002
23.523999999999997 9.465
23.368 9.471
22.677999999999997 9.442
22.076 9.422
21.857 9.411999999999999
21.291 9.405
21.645999999999997 9.414
21.156999999999996 9.404000000000002
21.598 9.392
21.816 9.367
21.319000000000003 9.376000000000001
20.796 9.356
20.391000000000002 9.351999999999999
20.427999999999997 9.333
20.478 9.333
19.953000000000003 9.318999999999999
19.589000000000002 9.315
19.101000000000003 9.304
18.711000000000002 9.295
18.287 9.286
18.733 9.29
18.851 9.286
18.785 9.277
17.92 9.269
17.488999999999997 9.254999999999999
17.305999999999997 9.239
17.674 9.236
17.533999999999995 9.232999999999999
17.229999999999997 9.231
16.906000000000002 9.212000000000002
16.979999999999997 9.206
16.433 9.198
16.563999999999997 9.194
15.507000000000001 9.18
15.608999999999998 9.173
15.344 9.165999999999999
16.034 9.162999999999998
15.195 9.158
15.145999999999999 9.155
14.405999999999999 9.138
14.088000000000001 9.135
14.178 9.123000000000001
14.553000000000003 9.115
14.163 9.116
14.694 9.110999999999999
13.932 9.113
13.428999999999998 9.109
13.425999999999998 9.100000000000001
12.98 9.094000000000001
12.684000000000001 9.09
12.736 9.08
12.825999999999999 9.071
12.929000000000002 9.070999999999998
12.618000000000002 9.069999999999999
12.383000000000001 9.062
12.027 9.056999999999999
12.304 9.062999999999999
11.745 9.058
10.957 9.050999999999998
11.209999999999999 9.038
11.614 9.037999999999998
11.22 9.039999999999997
11.187 9.036999999999999
10.959 9.033
11.005999999999998 9.033
10.863 9.026
10.463000000000001 9.025
10.578000000000001 9.028
10.983 9.026
10.439 9.026
10.661 9.01
10.491000000000001 9.013
10.274 9.014
10.334 9.010000000000002
10.206 9.011000000000001
10.021 9.001999999999999
10.127 8.997000000000002
10.020000000000001 9.003000000000002
11.428999999999998 9.003
11.158000000000001 9.006
10.713000000000001 9.010000000000002
10.495 9.009
10.644 9.010000000000002
10.161000000000001 9.007000000000001
10.347999999999999 9.006
10.437000000000001 9.005
11.100000000000001 9.011
10.799 9.011
10.646 9.008000000000003
10.523 9.007000000000003
10.789000000000001 9.013000000000002
10.684000000000001 9.017
11.708 9.027000000000001
11.307 9.02
11.465 9.017999999999999
11.445999999999998 9.026
11.344 9.030000000000001
11.166 9.024000000000001
11.048 9.033
10.983 9.036999999999999
11.574 9.039999999999997
11.594 9.040999999999999
12.034 9.040000000000001
11.958 9.046999999999999
12.720999999999998 9.054
12.725999999999999 9.049999999999999
13.153 9.066999999999998
12.908999999999999 9.070999999999998
13.455 9.076999999999998
13.291 9.075
13.514999999999999 9.091
13.776 9.102
13.893 9.105
14.225000000000001 9.122000000000002
14.463000000000001 9.133000000000001
14.584 9.127
15.736 9.143
15.085999999999999 9.152
15.522 9.158
16.238 9.162999999999998
16.714 9.167
16.537 9.181000000000001
16.739 9.192000000000002
16.855999999999998 9.198
17.182 9.209
17.278 9.216000000000001
17.387999999999998 9.228
17.871000000000002 9.236
18.538000000000004 9.251000000000001
18.182 9.241
18.881 9.248999999999999
19.122 9.267
19.226000000000003 9.279
18.661 9.281
19.232000000000003 9.274
19.107 9.290999999999999
20.106 9.303
19.55 9.296
19.727999999999994 9.322
19.963 9.325999999999999
20.255000000000003 9.342
20.251 9.329
20.773000000000003 9.33
20.600999999999996 9.343
21.176000000000002 9.350999999999999
21.829000000000004 9.386000000000001
21.819 9.391
20.96 9.383000000000001
21.433 9.38
21.546 9.382000000000001
21.503 9.382000000000001
21.28 9.389
21.876 9.391
21.212999999999997 9.406
21.865000000000006 9.387
21.612 9.38
22.243000000000002 9.391
22.078999999999997 9.383
22.207 9.391
22.078000000000003 9.400000000000002
22.1 9.399000000000001
22.3 9.399000000000001
22.517 9.396
22.309 9.416
23.441000000000003 9.426
22.255999999999997 9.424000000000001
23.173 9.436000000000002
22.855999999999998 9.427
22.674999999999997 9.427000000000001
23.05 9.411
22.799 9.422
23.356999999999996 9.427
23.569000000000003 9.424000000000001
23.406 9.428
23.836999999999996 9.43
23.934 9.426000000000002
24.722 9.441
23.527 9.434000000000001
24.106 9.437000000000001
23.578 9.425
23.376 9.44
23.605999999999998 9.430000000000001
23.415999999999997 9.433000000000002
23.793999999999997 9.433000000000002
24.078 9.442
23.977999999999998 9.454
24.044999999999998 9.453999999999999
23.705 9.44
23.398999999999997 9.456000000000001
23.103 9.431000000000001
23.711999999999993 9.43
23.299000000000003 9.442999999999998
23.124 9.443999999999999
22.400000000000002 9.456
22.624999999999996 9.461000000000002
22.777 9.440999999999999
23.270000000000003 9.440000000000001
23.168999999999997 9.440999999999999
22.87 9.446
22.891000000000002 9.459000000000001
22.970000000000002 9.472
23.013 9.440999999999999
23.321 9.447999999999999
23.826 9.437
23.531999999999996 9.411999999999999
23.338 9.440999999999999
23.473 9.436
22.96 9.427999999999999
23.026000000000003 9.440999999999999
23.352 9.444
23.883000000000003 9.47
23.028 9.476999999999999
23.058999999999997 9.475
22.819 9.467
23.396 9.445
22.935 9.456000000000001
23.109999999999996 9.486
23.266 9.47
23.151 9.467
22.753999999999998 9.452
23.767000000000003 9.466
24.633999999999997 9.473999999999998
24.939 9.483
23.805 9.493
23.927 9.495
23.96 9.478
24.016000000000002 9.489
24.021 9.494
23.996 9.486
23.924 9.483
24.142 9.486
24.254999999999995 9.490999999999998
24.372 9.503000000000002
24.703000000000003 9.511
24.399999999999995 9.498
23.859 9.515
