7.556 6.69
7.025 6.69
6.689 6.687
6.570000000000001 6.684000000000001
6.963 6.69
6.853999999999999 6.69
7.205 6.69
6.822 6.687
6.612 6.681000000000001
6.741 6.687
6.473 6.681000000000001
6.9190000000000005 6.687
7.799999999999999 6.699
7.445 6.6930000000000005
7.363 6.69
7.222999999999999 6.69
6.918 6.687
6.468999999999999 6.684000000000001
6.9639999999999995 6.684000000000001
6.747 6.687
7.1899999999999995 6.7139999999999995
6.757000000000001 6.714
6.439 6.681000000000001
6.5680000000000005 6.681000000000001
7.272 6.69
7.297 6.69
6.895999999999999 6.687
6.425 6.681000000000001
6.329 6.681000000000001
6.2989999999999995 6.681000000000001
6.595 6.684000000000001
6.512999999999999 6.681000000000001
6.116 6.678000000000001
6.132999999999999 6.678000000000001
6.165 6.678000000000001
6.2170000000000005 6.678000000000001
7.019 6.687
6.509999999999999 6.681000000000001
6.641 6.684000000000001
6.58 6.684000000000001
6.3629999999999995 6.681000000000001
6.335 6.681000000000001
7.0249999999999995 6.687
6.300999999999999 6.681000000000001
6.542999999999999 6.708
6.451999999999999 6.741
6.375 6.684000000000001
6.397 6.681000000000001
12.7 11.158
9.3 8.918
6.986000000000001 6.687
6.775 6.687
6.789000000000001 6.687
6.909 6.684000000000001
6.851 6.684000000000001
6.387999999999999 6.681000000000001
6.427 6.681000000000001
6.442 6.681000000000001
6.573999999999999 6.681000000000001
6.491 6.681000000000001
7.117000000000001 6.69
6.93 6.69
6.482 6.684000000000001
6.256 6.684000000000001
6.165 6.681000000000001
6.023999999999999 6.681000000000001
6.795999999999999 6.684000000000001
6.1370000000000005 6.684000000000001
10.367 11.24
6.2829999999999995 6.705
6.378 6.7170000000000005
6.289 6.684000000000001
7.131000000000001 6.6930000000000005
6.445 6.684000000000001
6.393 6.684000000000001
6.2010000000000005 6.681000000000001
6.4239999999999995 6.684000000000001
6.312999999999999 6.684000000000001
6.910000000000001 6.69
6.4 6.684000000000001
6.3420000000000005 6.684000000000001
6.425 6.687
6.455 6.684000000000001
6.433999999999999 6.681000000000001
7.352 6.6930000000000005
6.595999999999999 6.69
6.805999999999999 6.69
6.8790000000000004 6.69
6.787 6.687
6.779 6.684000000000001
7.26 6.6930000000000005
7.089999999999999 6.69
7.164999999999999 6.69
7.364 6.728999999999999
7.339999999999999 6.6930000000000005
7.131 6.699
7.95 6.705
7.742 6.696000000000001
7.599 6.696000000000001
7.773 6.696000000000001
7.800999999999999 6.696000000000001
7.73 6.696000000000001
8.353 6.702
7.651 6.699
7.735 6.699
7.691000000000001 6.695999999999999
7.739 6.695999999999999
7.663 6.699
8.786 6.708
8.07 6.702
8.173 6.702
8.319 6.702
7.9750000000000005 6.699
7.927999999999999 6.702
8.184999999999999 6.702
7.968 6.699
7.869999999999999 6.702
8.001 6.72
7.8149999999999995 6.723
7.911 6.723
8.404 6.705
8.563 6.705
8.576 6.702
8.34 6.702
8.384 6.702
8.205 6.699
8.338 6.699
8.09 6.699
8.283000000000001 6.702
8.366999999999999 6.702
7.971 6.699
8.014000000000001 6.695999999999999
8.329 6.702
8.254999999999999 6.702
8.072 6.699
8.002 6.699
8.951 6.702
11.749 8.933
8.068999999999999 6.699
11.124 8.942
11.054 8.936
8.029 6.699
8.115 6.702
8.103 6.717
8.738 6.717
8.039 6.705
8.136000000000001 6.756000000000001
8.084999999999999 6.699
7.953 6.6930000000000005
8.279 6.696000000000001
8.145 6.699
7.904 6.699
8.041 6.699
7.8149999999999995 6.695999999999999
7.808999999999999 6.695999999999999
7.797 6.6930000000000005
8.428999999999998 6.702
8.501 6.6930000000000005
8.722 6.702
8.599 6.702
8.747 6.705
8.475 6.699
8.554 6.711
8.581 6.731999999999999
8.552 6.702
8.405000000000001 6.702
8.177999999999999 6.759000000000001
8.133 6.699
8.496 6.705
8.533 6.702
8.368 6.702
8.264000000000001 6.702
8.219 6.702
8.096 6.702
8.651 6.708
8.328 6.702
8.193999999999999 6.699
8.09 6.699
8.166 6.702
8.06 6.699
8.578 6.702
8.511000000000001 6.702
8.343 6.702
8.494 6.702
8.024000000000001 6.702
10.888 8.936
8.405 6.702
15.02 11.179
8.441 6.726
8.581 6.711
8.38 6.726
8.145 6.702
8.526 6.736000000000001
8.279 6.702
7.895 6.699
8.197000000000001 6.702
8.263 6.699
8.05 6.699
8.307 6.702
7.733 6.695999999999999
7.605 6.696000000000001
7.77 6.695999999999999
7.852 6.699
7.678999999999999 6.695999999999999
9.037 6.705
8.254999999999999 6.699
7.992000000000001 6.696000000000001
7.932 6.696000000000001
7.7909999999999995 6.6930000000000005
7.76 6.699
8.193999999999999 6.702
7.5649999999999995 6.6930000000000005
7.587 6.69
7.501999999999999 6.6930000000000005
7.508000000000001 6.717
7.373 6.702
7.922 6.731999999999999
7.425 6.695999999999999
7.658000000000001 6.696000000000001
7.603 6.696000000000001
7.266 6.69
7.324 6.684000000000001
7.632999999999999 6.699
7.617 6.6930000000000005
7.257 6.69
7.2330000000000005 6.696000000000001
7.083 6.6930000000000005
7.12 6.6930000000000005
7.862000000000001 6.699
7.791 6.695999999999999
7.397000000000001 6.6930000000000005
7.736 6.6930000000000005
7.66 6.6930000000000005
7.413 6.6930000000000005
7.779 6.699
7.476000000000001 6.69
7.41 6.711
7.397000000000001 6.714
7.546 6.699
7.255000000000001 6.699
8.062 6.696000000000001
7.6850000000000005 6.6930000000000005
7.879 6.695999999999999
8.085 6.699
8.236 6.699
7.983999999999999 6.699
8.335 6.699
7.832 6.699
7.663 6.69
7.773 6.699
7.8340000000000005 6.696000000000001
7.4270000000000005 6.69
7.858 6.69
7.776 6.69
7.91 6.696000000000001
7.519999999999999 6.69
7.539 6.69
7.373 6.69
8.087 6.699
7.661 6.696000000000001
7.176 6.6930000000000005
7.727 6.723
7.883000000000001 6.711
7.446 6.711
8.27 6.699
7.766000000000001 6.6930000000000005
7.507 6.6930000000000005
7.600000000000001 6.6930000000000005
7.668 6.6930000000000005
7.312 6.69
7.4639999999999995 6.6930000000000005
7.166 6.69
7.163 6.69
6.997999999999998 6.684000000000001
7.016 6.684000000000001
6.933 6.684000000000001
7.861999999999999 6.6930000000000005
7.122000000000001 6.69
6.916 6.69
7.034 6.69
6.94 6.687
6.9190000000000005 6.687
7.382 6.69
7.205 6.69
7.186999999999999 6.726
6.970999999999999 6.695999999999999
6.912 6.705
6.907000000000001 6.684000000000001
