75.61 22.814000000000004
74.54899999999999 22.805000000000003
73.85 22.694
74.53599999999997 22.743
75.76799999999999 22.861
74.83899999999998 22.748999999999995
75.805 22.822
74.41299999999998 22.811000000000003
74.192 22.715
74.35099999999998 22.753999999999998
74.91399999999999 22.851
74.27899999999998 22.745999999999995
75.49999999999999 22.823999999999998
74.74399999999999 22.845000000000002
74.11999999999999 22.741999999999997
74.27899999999998 22.733
75.46299999999998 22.868
73.79299999999999 22.755
75.28099999999999 22.790000000000006
74.645 22.817
73.54699999999998 22.766000000000002
73.26499999999999 22.721000000000004
74.341 22.830000000000002
73.597 22.772000000000002
75.24399999999999 22.805000000000003
74.49999999999999 22.817999999999998
73.40099999999998 22.787000000000003
73.14699999999999 22.7
75.21899999999998 22.809
73.804 22.827
74.437 22.787
73.901 22.761
73.85099999999998 22.811000000000003
73.94999999999999 22.721
73.975 22.745
74.523 22.894000000000002
75.477 22.863000000000003
74.19599999999998 22.748
74.122 22.848000000000003
73.75399999999999 22.790000000000003
75.37799999999999 22.807
74.16999999999999 22.866999999999997
75.08500000000001 22.833
74.47500000000001 22.799
73.96099999999998 22.872999999999998
73.353 22.76
73.79100000000001 22.801
73.704 22.857
75.31599999999999 22.82
74.096 22.772
73.583 22.850000000000005
73.451 22.739
75.10900000000001 22.793000000000003
74.499 22.884
75.26899999999999 22.87
74.32799999999999 22.759999999999998
74.097 22.781000000000002
74.147 22.865999999999996
74.20599999999999 22.798
73.707 22.815
75.317 22.979999999999997
74.08599999999998 22.790999999999997
73.37800000000001 22.761
73.939 22.854000000000003
75.195 22.864
73.71699999999998 22.785000000000004
75.29199999999999 22.930999999999997
74.22 22.830000000000002
73.81599999999999 22.756999999999998
74.082 22.842000000000002
74.047 22.852
72.767 22.747999999999998
74.56099999999999 22.858999999999998
73.889 22.875999999999998
72.88899999999998 22.762999999999998
73.21699999999998 22.791
74.92599999999999 22.913
73.047 22.797
75.45199999999998 22.913
74.85399999999998 22.845000000000002
74.098 22.742
74.15699999999998 22.766000000000002
74.62299999999999 22.884999999999998
73.79199999999999 22.770000000000003
75.42699999999999 22.862
74.964 22.891000000000002
73.98499999999999 22.784000000000002
74.267 22.84
75.60999999999999 22.903000000000002
74.535 22.806
75.51299999999999 22.898
74.96399999999998 22.875
74.51299999999999 22.772000000000002
74.55999999999999 22.79
75.208 22.916
74.29100000000003 22.812
77.11099999999999 22.989
75.85300000000001 22.956000000000003
74.597 22.829
73.72999999999999 22.778000000000002
75.35399999999998 22.904
73.339 22.869
74.37799999999999 22.836000000000002
73.84100000000001 22.858
74.049 22.879
74.999 22.902
75.562 22.95
74.41499999999999 22.854000000000003
75.025 22.845000000000002
74.20799999999998 22.817999999999998
74.09599999999999 22.908999999999995
73.707 22.787000000000003
75.18199999999997 22.833000000000002
73.37499999999999 22.836000000000002
74.779 22.982
73.69299999999998 22.802999999999997
73.74199999999999 22.863999999999997
73.365 22.845000000000002
73.59399999999998 22.775000000000002
73.80499999999999 22.845
75.20699999999998 22.952
75.02299999999998 22.811
75.29299999999998 23.011
74.93799999999999 22.997000000000003
76.21899999999998 22.955000000000002
74.59700000000001 23.041999999999998
75.23300000000002 23.048
74.15899999999999 22.823999999999998
74.05999999999999 22.888
73.66899999999998 22.906000000000002
73.99699999999999 22.816
73.974 22.902
74.901 22.898
74.30399999999999 22.828
74.145 22.913
73.902 22.802000000000003
75.03699999999999 22.837000000000003
73.66799999999999 22.919
74.81499999999998 22.883
74.75599999999997 22.852
74.463 22.953
73.35099999999998 22.834000000000003
73.963 22.848000000000003
73.975 22.932999999999996
75.17099999999999 22.919
74.55999999999999 22.826
74.69599999999998 22.908
74.10900000000001 22.877
75.38000000000001 22.857000000000003
74.439 22.911000000000005
75.53799999999998 23.014
74.53799999999998 22.832
74.42499999999998 22.854000000000003
74.24299999999998 22.955000000000002
74.56 22.869
74.207 22.854000000000003
75.804 23.038
74.69299999999998 22.866
74.53699999999999 22.875999999999998
74.402 22.965
75.62199999999999 22.901999999999997
74.17099999999999 22.87
75.90199999999999 23.0
75.04899999999999 22.949
74.975 22.848000000000003
74.794 22.95
75.036 22.888
73.912 22.823999999999998
75.83 22.967
75.05 22.994999999999997
74.08399999999999 22.836000000000002
74.57400000000001 22.848000000000003
76.318 23.002
74.08399999999999 22.875
75.317 22.945999999999998
74.83 22.991999999999997
74.20499999999998 22.881999999999998
74.48800000000003 22.854000000000003
74.92699999999999 22.992
74.109 22.903000000000002
75.54899999999998 22.918
75.074 22.857000000000003
74.815 22.918000000000003
74.903 22.947
76.061 22.889
74.33999999999999 22.884999999999998
75.89099999999999 23.054000000000002
74.96400000000001 22.884999999999998
74.08399999999999 22.842000000000002
74.41399999999999 22.909000000000002
74.41499999999999 22.968
73.4 22.845000000000002
75.33099999999999 22.919
74.81700000000001 22.969999999999995
73.93699999999998 22.896
73.74199999999999 22.842000000000002
76.41499999999999 22.959
74.57199999999999 22.994999999999997
75.45099999999998 22.933999999999997
75.13499999999999 22.854000000000003
74.96299999999998 22.964999999999996
74.36399999999999 22.896
74.32799999999999 22.848000000000003
74.207 22.845000000000002
76.207 23.040000000000003
74.77999999999999 22.875
73.999 22.830000000000002
73.76799999999999 22.89
75.80599999999998 23.000999999999998
73.779 22.881999999999998
75.195 22.919
74.475 22.872000000000003
74.133 22.98
73.52199999999999 22.878
73.91399999999997 22.854
73.78 22.909000000000002
75.319 23.035
74.29199999999999 22.857
73.903 22.842000000000002
74.024 22.878
75.268 23.020000000000003
73.70699999999998 22.899
75.18299999999999 22.942999999999998
75.15799999999999 22.926000000000002
74.511 22.973000000000003
73.707 22.857000000000003
74.572 22.876
74.986 22.881
76.806 23.115
75.04899999999999 22.936
74.085 22.872000000000003
74.82999999999998 22.988999999999997
75.71999999999998 22.990999999999996
74.47399999999999 22.911000000000005
76.10999999999999 23.012
75.086 23.027000000000005
73.99799999999999 22.899
74.42599999999999 22.884
75.195 22.963
75.19599999999998 23.035
75.57199999999999 22.971
74.96299999999998 22.927
74.76899999999999 22.974
74.62199999999999 22.92
76.42899999999999 22.913
74.62100000000001 22.902999999999995
76.08600000000001 23.006
74.817 23.012
74.29299999999999 22.866000000000003
74.17099999999999 22.869
75.389 22.942999999999998
75.15899999999999 23.028000000000002
76.63600000000001 22.979000000000003
75.573 22.926999999999996
75.52399999999999 23.013
74.841 22.919
76.36800000000001 22.938
75.37800000000001 22.961000000000002
77.271 23.157
76.30599999999998 23.049
76.34099999999998 23.061
75.69499999999998 23.046
75.48899999999999 22.931
75.073 22.952
76.61099999999999 23.115
75.56099999999999 22.939999999999998
75.01100000000001 22.915000000000003
75.413 23.044000000000004
76.99 23.041000000000004
76.05 23.008
76.90299999999999 23.031000000000002
76.15999999999998 23.076
75.23299999999999 22.994999999999997
75.27999999999999 22.939
76.51299999999999 23.074
75.76799999999999 23.222
76.14800000000001 23.013
75.86699999999999 23.069
75.03699999999999 23.000999999999998
74.988 22.939
77.25800000000001 23.111
75.70700000000001 23.058999999999997
76.758 23.047
76.56099999999999 23.01
75.89099999999999 23.117
75.25599999999999 22.998
75.89300000000001 22.991
74.98899999999999 23.074
