6.4751 6.897000000000002
5.7777 6.4629
5.8364 6.3957
5.9113 6.1744
6.350800000000001 6.286700000000001
5.8007 6.0811
6.096500000000001 6.1866
5.939500000000001 6.2499
5.7212000000000005 6.2882
5.8403 6.5194
5.7976 6.660399999999999
5.741899999999999 6.5887
6.4735000000000005 6.9717
6.0005999999999995 6.858800000000001
6.167600000000001 6.646599999999999
6.4177 6.582599999999999
5.9944 6.7788
5.8906 6.604699999999999
6.074599999999999 6.7657
6.0577000000000005 6.6438
5.9982 6.6742
6.1219 6.8343
5.849500000000001 6.713900000000001
5.6777 6.6025
6.392499999999999 6.9702
5.649499999999999 6.7795
5.8023 6.8115000000000006
5.9982 6.864900000000001
6.0356 6.857399999999999
6.072900000000001 6.7627999999999995
6.2692 6.7414000000000005
6.0066 6.4712000000000005
5.9273 6.657400000000001
6.1911000000000005 6.8313
6.0683 6.857200000000001
6.0504 6.8635
6.4544999999999995 7.0007
5.6626 6.761200000000002
5.8046 6.7978
5.9868 6.8909
5.8618 6.933699999999998
5.643599999999999 6.7505
5.8799 6.901600000000001
5.3833 6.726099999999999
5.449000000000001 6.6483
5.8180000000000005 6.753600000000001
5.8219 6.698599999999999
5.866199999999999 6.614599999999999
6.379700000000001 6.759600000000001
5.8234 6.648899999999999
5.738 6.5523
5.8098 6.661200000000001
5.7777 6.788600000000001
5.7411 6.761199999999999
5.9623 6.855900000000001
5.564299999999999 6.7490000000000006
5.5481 6.671099999999999
5.6717 6.5376
5.5107 6.6695
5.452 6.668
6.202800000000001 6.9352
5.830299999999999 6.762599999999999
5.8015 6.4864999999999995
5.7961 6.4958
5.694599999999999 6.4818
5.5886000000000005 6.729099999999999
5.9447 6.918399999999999
5.683800000000001 6.6803
5.9617 6.759699999999999
5.9249 6.829900000000001
5.824999999999999 6.8145999999999995
5.7648 6.5734
6.640699999999999 7.016
6.0120000000000005 6.832999999999998
6.1981 6.9322
6.1195 7.0115
6.198100000000001 6.9822999999999995
6.1882 6.8558
6.227899999999999 7.0038
5.8091 6.8634
5.8021 6.8755
5.7494 6.839
5.5870999999999995 6.715400000000001
5.760999999999999 6.6575
6.475899999999999 7.038900000000001
6.0814 6.718400000000001
6.2057 6.8001000000000005
6.3905 6.938199999999998
6.1547 6.855899999999999
5.9373000000000005 6.772499999999999
6.0654 6.8619
6.147 6.689399999999999
6.300999999999999 6.691700000000001
6.3164 6.793199999999999
6.0578 6.7468
6.2211 6.840600000000001
6.3652 6.9687
6.1279 6.8482
6.0654 6.825100000000001
6.1621999999999995 6.6192
6.1951 6.809300000000001
6.209600000000001 6.749
6.426100000000002 6.8695
6.3744 6.860300000000001
6.545300000000001 6.814600000000001
6.5489999999999995 6.991599999999999
6.1509 6.936599999999999
5.9487 6.8313
6.3576 7.1107000000000005
5.989800000000001 6.866499999999999
6.1478 6.840399999999999
6.4388000000000005 6.9718
6.3448 7.009899999999999
5.8547 6.8178
5.9334 6.5469
5.9898 6.729100000000001
6.228599999999999 6.184999999999999
6.529299999999999 6.2143
6.4940999999999995 6.1821
6.4582 6.4399999999999995
6.321700000000001 6.7200999999999995
6.1439 6.6949
5.821199999999999 6.501799999999999
5.874599999999999 6.575800000000001
6.027900000000001 6.698599999999999
5.9517 6.4315
5.721399999999999 6.5528
5.436799999999999 6.819
5.4314 6.7902000000000005
5.6556999999999995 6.8397
5.4283 6.760999999999999
5.3551 6.715400000000001
5.7702 7.014499999999998
5.6793000000000005 6.8481
5.4016 6.823699999999999
5.7867 6.823599999999999
5.7616 6.805400000000001
5.435199999999999 6.8328
5.2885 6.8512
5.4060999999999995 6.666600000000001
5.455 6.5109
5.5168 5.9437
5.6642 6.3165
5.5405 6.6796
6.0630999999999995 7.016
5.6733 6.868100000000001
5.557300000000001 6.616200000000001
5.883 6.887800000000001
5.739599999999999 6.993099999999999
5.799 6.950500000000001
5.996599999999999 6.994599999999999
5.8327 6.930499999999999
5.7381 6.805400000000001
5.9343 6.9382
5.9509 6.9382
5.8786 6.8449
6.369799999999999 7.067799999999999
6.4919 6.615500000000001
6.3065 6.571900000000001
6.229399999999999 6.784
6.047 6.879499999999999
6.1753 6.898499999999999
6.700800000000001 6.799999999999999
6.389600000000001 6.910000000000001
6.3942 6.945699999999999
6.2082 6.583500000000001
6.2302 6.9014999999999995
6.206499999999999 6.9368
6.7681000000000004 6.9923
6.5399 6.929099999999999
6.5367999999999995 6.933599999999999
6.7275 7.1183
6.560499999999999 7.0939000000000005
6.3293 7.022100000000001
6.5261 6.8618000000000015
6.5095 6.9229
6.5834 6.9535
6.757299999999999 7.1076
6.6552 7.0557
6.6656 7.035900000000001
7.0283 6.9992
6.771000000000001 6.759599999999999
6.635199999999999 6.8252
6.5794999999999995 6.976200000000002
6.5124 7.1075
6.7207 6.999200000000001
7.1684 7.0785
6.7741 7.022099999999999
6.689399999999999 6.9534
6.773299999999999 7.0633
6.570400000000001 7.042
6.6895999999999995 6.939600000000001
7.312099999999999 7.020599999999999
6.6306 6.9992
6.6177 7.019
6.797700000000001 7.0282
6.8168999999999995 7.1167
6.633 7.0481
6.6513 6.9418999999999995
6.456099999999999 6.8345
6.5283999999999995 6.9229
6.638300000000001 6.9147
6.608599999999999 7.014500000000002
6.557499999999999 6.973300000000002
6.970400000000001 7.1945
6.496500000000001 6.9733
6.525499999999999 6.8580999999999985
6.708999999999998 6.971900000000001
6.9293 7.074
6.601 6.9519
6.6956 7.0267
6.467499999999999 6.8931000000000004
6.2721 6.751299999999999
6.578100000000001 6.9855
6.6238 7.000700000000001
6.340800000000001 6.6513
6.8351 6.8214999999999995
6.368299999999999 6.7825999999999995
6.6039 6.8833
5.726 6.883299999999999
5.3991999999999996 5.6899999999999995
6.516899999999999 6.928999999999999
6.759599999999999 7.0496
6.4682 6.945900000000001
6.511 6.9855
6.590999999999999 6.9275
6.5529 6.835899999999999
6.579700000000001 6.948899999999999
6.7939 6.945900000000001
6.4956 6.8214000000000015
6.5071 6.887899999999999
6.579700000000001 6.7818000000000005
6.6108 6.8466
6.684799999999999 6.5987
6.911499999999999 6.572700000000001
6.7535 6.8786
6.565900000000001 7.0465
6.5421000000000005 7.0283
6.3584000000000005 6.841900000000001
6.4963999999999995 6.912100000000001
7.147699999999999 7.1122000000000005
6.700099999999999 7.029699999999998
6.8038 6.9246
6.872400000000001 7.073900000000001
6.771100000000001 7.051100000000001
6.6109 6.933600000000001
6.727600000000001 6.7382
6.576599999999999 7.032700000000001
6.448400000000001 6.9702
6.536899999999999 7.083100000000001
6.5316 6.976400000000001
6.4186 6.808400000000001
6.9637 7.1212
6.547600000000001 7.074000000000001
6.5828 7.023600000000001
6.5827 6.980900000000001
6.542200000000001 6.980900000000001
6.3621 6.8863
6.670300000000001 6.8375
6.7391000000000005 6.979300000000001
6.7032 7.0328
6.692500000000001 7.051200000000001
6.646599999999999 7.0343
6.5399 6.987
7.0863 7.1898
6.643599999999999 6.9871
6.7391000000000005 7.0297
6.8993 7.042
6.8299 7.0678
6.5972 6.933599999999999
6.780900000000001 7.0007
6.5628 6.8757
6.6566 6.8557999999999995
6.697699999999999 6.810599999999998
6.6414 6.9077
6.4751 6.862
6.8656999999999995 6.8999999999999995
6.5559 6.726799999999999
6.536900000000001 6.9168
6.696300000000001 7.0176
6.4834000000000005 6.9054
6.4377 6.722200000000001
6.666600000000001 6.9412
6.5230999999999995 6.843500000000001
6.645999999999999 6.9977
6.592499999999999 6.9748
6.481199999999999 6.8450999999999995
6.6673 6.8435999999999995
