22.372 9.414000000000001
22.189999999999998 9.394
22.912999999999997 9.411
23.22 9.421999999999999
24.361 9.45
24.043 9.428000000000003
23.645 9.42
23.431 9.433
23.877 9.447999999999999
24.227999999999998 9.442
24.373 9.442
23.611 9.440999999999997
24.644000000000002 9.429000000000002
24.744 9.42
24.659000000000002 9.423
24.583 9.429
24.404999999999998 9.438000000000002
23.294 9.414
22.619 9.435000000000002
22.673000000000002 9.439000000000002
22.407 9.44
22.384999999999998 9.414
22.491999999999997 9.422
22.716 9.422
22.628 9.450000000000001
22.472 9.434000000000003
23.095000000000002 9.42
23.147999999999996 9.419
23.51 9.43
23.354999999999997 9.434000000000001
23.669999999999998 9.435000000000002
23.198 9.434000000000001
23.494999999999997 9.436
23.584 9.423
23.511 9.428
23.23 9.430000000000001
23.825999999999997 9.437000000000001
23.279999999999998 9.422
23.303 9.435
23.579 9.432
23.430999999999997 9.437000000000001
24.087 9.446000000000002
24.520999999999997 9.409
24.499000000000002 9.429000000000002
24.377999999999993 9.42
22.735999999999997 9.406
22.83 9.389
22.058 9.394
21.667 9.379999999999999
21.191999999999997 9.373
21.203 9.359
21.523999999999997 9.361
20.202 9.341000000000001
19.516 9.322
19.343000000000004 9.306999999999999
18.633 9.287
18.775 9.287
18.13 9.270999999999999
17.378 9.261
16.646 9.242
17.015 9.255
16.214 9.238
15.843000000000002 9.222
15.597999999999997 9.212999999999997
15.24 9.203999999999999
14.889 9.182
15.127000000000002 9.189
15.045 9.18
15.335 9.176
14.969 9.165
14.961999999999998 9.169
14.667000000000002 9.158000000000003
14.310000000000004 9.147
13.4 9.123000000000001
13.931 9.130999999999998
14.069 9.115
13.299999999999997 9.112
12.667 9.099
12.522 9.1
12.174 9.086
12.322 9.077
11.709999999999999 9.075
11.414000000000001 9.067
11.301 9.069
11.777 9.058
11.193999999999999 9.059000000000001
11.156 9.057
11.005999999999998 9.049
11.376999999999999 9.046
11.142 9.049999999999999
10.563 9.066999999999998
10.744 9.031999999999998
10.693 9.033000000000001
10.479000000000001 9.029
9.877 9.027000000000001
9.876 9.028
9.934000000000001 9.028
10.376000000000001 9.026
9.813999999999998 9.031000000000002
9.969999999999999 9.039
9.905 9.017
9.498999999999999 9.011999999999999
9.5809 9.008999999999999
9.0918 9.006
9.2026 9.005
8.977599999999999 9.009999999999998
9.354999999999999 9.007
9.0935 9.008
9.24 9.009
9.341700000000001 9.0
9.5223 9.004000000000001
10.11 9.017
10.331000000000001 9.023
10.734 9.023
10.683000000000002 9.028
10.348000000000003 9.018
10.048 9.014
10.049000000000001 9.011
9.927 9.013
9.649 9.011999999999999
10.202000000000002 9.017
9.82 9.012999999999998
9.773 9.014000000000001
9.594999999999999 9.008000000000001
10.041 9.009999999999998
10.192 9.009999999999998
10.367999999999999 9.014
10.101 9.012
9.718 9.015
9.582 9.014999999999999
9.908100000000001 9.016
10.090300000000001 9.017999999999999
10.441000000000003 9.024999999999999
10.311 9.017999999999999
9.882 9.015999999999998
11.530000000000001 9.017999999999999
11.861 9.026
11.777 9.03
11.056 9.032
10.716000000000001 9.032000000000002
10.879999999999999 9.032999999999998
10.916 9.040999999999999
11.176 9.042
11.056000000000003 9.044999999999998
11.64 9.049
11.517000000000001 9.046999999999999
11.555 9.054
11.912 9.059000000000001
12.103 9.065999999999999
12.254999999999999 9.068
12.283 9.067
11.951 9.078999999999999
12.225 9.075999999999999
12.389999999999999 9.08
12.696999999999997 9.096
12.82 9.1
13.832 9.116
14.041 9.107999999999999
14.32 9.113
14.057 9.116
14.091000000000001 9.127
14.045 9.128000000000002
14.379000000000003 9.138
14.639 9.142999999999999
14.416999999999996 9.146
14.6 9.145
14.814 9.15
14.912 9.149
15.930999999999997 9.157
17.416999999999998 9.166999999999998
16.602 9.187000000000001
16.259999999999998 9.196
16.525 9.203000000000001
17.462000000000003 9.216
17.172 9.234
17.035 9.25
18.18 9.253
18.573 9.265
18.624 9.274000000000001
18.392 9.278999999999998
18.641000000000002 9.283
18.401999999999997 9.295
18.731 9.301
18.707 9.312
18.838 9.316
18.994 9.325999999999999
18.979000000000003 9.331
19.124 9.334000000000001
19.103 9.32
18.997 9.336
19.317999999999998 9.336
19.394 9.337000000000002
19.782000000000004 9.358
19.189 9.339
19.380000000000003 9.331
19.406 9.315000000000001
18.808999999999997 9.314
18.903 9.311999999999998
19.136999999999997 9.319999999999999
19.054000000000002 9.318999999999999
19.242 9.328
19.067999999999998 9.338000000000001
19.226000000000003 9.346
19.121 9.344999999999999
19.732 9.353
20.447999999999997 9.375
21.122 9.381
21.177 9.394999999999998
21.346999999999998 9.395000000000001
21.578999999999997 9.413
21.758 9.427
22.007000000000005 9.434999999999999
22.425 9.437999999999999
22.07 9.421
22.299 9.429
21.731 9.436000000000002
22.024 9.438
21.700999999999997 9.442
22.162000000000003 9.455
22.101000000000003 9.444
21.830999999999996 9.444999999999999
21.377000000000002 9.45
22.002 9.444
22.11 9.464999999999998
21.897 9.458
22.112 9.461000000000002
22.229000000000003 9.457
21.887999999999998 9.458000000000002
22.656 9.471
22.793999999999997 9.46
23.544000000000004 9.48
23.374 9.475999999999999
22.933999999999997 9.47
22.22 9.475999999999999
23.093000000000004 9.472000000000001
22.801999999999996 9.486
23.027 9.506
22.689999999999998 9.497000000000002
23.081 9.502000000000002
22.762999999999998 9.477
22.778000000000002 9.479
22.843 9.492999999999999
23.319000000000003 9.484
23.047 9.567
23.307 9.528
23.506 9.524999999999999
23.605 9.516
22.895 9.513000000000002
23.073 9.522
24.224999999999998 9.518
24.378 9.503999999999998
24.061999999999998 9.51
24.093999999999998 9.517000000000001
23.994 9.491
24.266 9.472999999999999
24.285999999999998 9.508999999999999
24.633999999999997 9.513
24.576 9.519000000000002
24.444 9.498999999999999
24.744000000000003 9.524000000000003
25.128 9.54
24.471 9.561000000000002
24.258999999999997 9.559
24.796000000000003 9.55
25.168999999999997 9.548000000000002
25.874999999999996 9.537999999999998
24.987000000000002 9.526000000000002
23.717999999999996 9.498
23.317 9.506
23.690000000000005 9.51
24.061 9.474
23.876 9.514
23.87 9.519
24.301000000000002 9.523000000000001
24.368 9.536000000000001
24.34 9.529000000000002
23.955000000000002 9.563000000000002
24.03 9.557
24.262 9.586
24.879 9.596
24.840999999999998 9.580000000000002
24.688 9.577
25.189 9.566
25.570999999999998 9.555
24.932 9.56
24.831 9.536999999999999
23.424 9.530999999999999
23.858999999999998 9.533000000000001
