7.752000000000001 6.69
6.857 6.687
6.68 6.687
6.973999999999999 6.687
6.8999999999999995 6.69
6.834 6.69
7.111000000000001 6.69
6.543 6.684000000000001
6.5 6.687
6.348000000000001 6.684000000000001
6.625 6.681000000000001
6.6129999999999995 6.681000000000001
7.2940000000000005 6.69
6.869 6.687
6.958 6.684000000000001
6.87 6.684000000000001
6.79 6.684000000000001
6.545999999999999 6.684000000000001
6.909 6.69
6.6290000000000004 6.684000000000001
6.343999999999999 6.692999999999999
6.705 6.725999999999999
6.4 6.699
6.2219999999999995 6.681000000000001
6.766 6.684000000000001
6.4479999999999995 6.684000000000001
6.292000000000001 6.684000000000001
6.340999999999999 6.681000000000001
6.098000000000001 6.681000000000001
6.0969999999999995 6.681000000000001
6.739000000000001 6.684000000000001
6.332 6.687
6.193999999999999 6.687
6.027 6.687
6.097 6.687
6.0920000000000005 6.687
7.071 6.687
6.418 6.687
6.626 6.687
6.784 6.687
6.537000000000001 6.684000000000001
6.397 6.684000000000001
6.65 6.687
6.3039999999999985 6.684000000000001
5.988 6.723000000000001
5.993 6.702
5.982 6.684000000000001
5.86 6.678000000000001
7.145 6.6930000000000005
6.481999999999999 6.684000000000001
6.384 6.684000000000001
6.507000000000001 6.684000000000001
6.510000000000001 6.684000000000001
6.516 6.684000000000001
6.747 6.687
6.458 6.684000000000001
6.180000000000001 6.681000000000001
6.021 6.681000000000001
6.2509999999999994 6.681000000000001
6.043 6.681000000000001
6.686 6.69
6.296 6.684000000000001
6.094 6.684000000000001
6.4670000000000005 6.684000000000001
6.5489999999999995 6.684000000000001
6.214 6.684000000000001
6.702 6.69
6.361999999999999 6.684000000000001
6.214 6.702
6.152 6.717
6.039999999999999 6.687000000000001
6.122 6.684000000000001
7.117999999999999 6.69
6.420999999999999 6.684000000000001
6.063000000000001 6.681000000000001
6.103 6.678000000000001
6.165 6.681000000000001
6.3629999999999995 6.684000000000001
6.973999999999999 6.687
6.476 6.687
6.497 6.687
6.380999999999999 6.684000000000001
6.576 6.687
6.343999999999999 6.687
7.297000000000001 6.6930000000000005
6.763 6.687
6.8420000000000005 6.69
6.766 6.687
6.64 6.684000000000001
6.817999999999999 6.684000000000001
7.397000000000001 6.6930000000000005
7.08 6.6930000000000005
11.919000000000002 11.152000000000001
7.0649999999999995 6.744
7.053 6.6930000000000005
7.084 6.69
8.004999999999999 6.6930000000000005
7.486 6.6930000000000005
7.287000000000001 6.6930000000000005
7.657 6.6930000000000005
7.434 6.6930000000000005
7.413 6.6930000000000005
8.054 6.702
7.397000000000001 6.6930000000000005
7.697 6.6930000000000005
7.608 6.696000000000001
7.611 6.696000000000001
7.623 6.696000000000001
8.427999999999999 6.702
8.142 6.702
8.056 6.699
7.949000000000001 6.702
7.767 6.699
7.996 6.696000000000001
8.127 6.705
10.654 8.933
7.739999999999999 6.734999999999999
10.589 8.939
7.614 6.696000000000001
7.709 6.699
8.475 6.705
8.170000000000002 6.702
7.883 6.702
7.752000000000001 6.696000000000001
7.7940000000000005 6.702
8.193999999999999 6.699
8.365 6.699
8.02 6.699
8.139000000000001 6.699
8.466 6.702
7.91 6.699
7.9350000000000005 6.696000000000001
8.17 6.699
8.282 6.699
8.145000000000001 6.699
8.295 6.6930000000000005
8.356 6.702
8.958 6.702
8.161 6.702
9.07 6.705
8.286 6.705
8.652 6.729
8.541 6.723
8.185 6.7379999999999995
8.392 6.702
8.13 6.699
8.224 6.702
8.124 6.702
8.059 6.696000000000001
8.399000000000001 6.699
8.164 6.699
7.822 6.695999999999999
7.702000000000001 6.6930000000000005
8.014000000000001 6.6930000000000005
7.8309999999999995 6.6930000000000005
12.674 11.149000000000001
11.588 8.939
8.179 6.702
13.532 11.164
8.273 6.702
8.273 6.705
8.554 6.705
8.642 6.702
8.312999999999999 6.699
14.174999999999999 11.185
8.176 6.75
7.977 6.699
10.552999999999999 8.927
8.605 6.702
8.503 6.699
8.166 6.699
8.218 6.699
8.197000000000001 6.702
8.191 6.702
8.600000000000001 6.702
8.289 6.699
14.169 11.167
8.172 6.699
8.054 6.6930000000000005
7.916 6.6930000000000005
8.346 6.702
8.097 6.699
8.093 6.699
8.466 6.705
8.053 6.699
7.9559999999999995 6.699
8.502 6.702
8.542 6.702
8.175 6.7379999999999995
8.337 6.734999999999999
8.051 6.708
8.01 6.696000000000001
8.395 6.702
11.245 8.933
10.507 8.93
8.484 6.702
7.933999999999999 6.699
10.385 8.912
13.402999999999999 11.151999999999997
12.967 11.14
10.123 8.921000000000001
7.6049999999999995 6.6930000000000005
7.680999999999999 6.696000000000001
7.55 6.695999999999999
8.288 6.699
7.888000000000001 6.699
7.602 6.6930000000000005
7.694000000000001 6.6930000000000005
7.372999999999999 6.69
7.403 6.69
7.851 6.6930000000000005
7.507 6.69
9.714 8.918000000000001
7.061000000000001 6.687
7.184 6.717
7.2989999999999995 6.708
8.16 6.708
7.415000000000001 6.72
7.535 6.695999999999999
7.539999999999999 6.6930000000000005
12.325 11.152
7.135 6.687
7.7780000000000005 6.6930000000000005
7.342 6.69
7.178 6.69
6.94 6.684000000000001
6.992 6.684000000000001
7.038 6.687
7.808999999999999 6.695999999999999
7.077 6.69
7.186999999999999 6.69
7.132 6.687
7.1129999999999995 6.687
7.129 6.69
7.9799999999999995 6.696000000000001
7.385 6.69
7.122000000000001 6.714
7.279000000000001 6.695999999999999
7.153 6.69
7.055 6.69
7.585999999999999 6.6930000000000005
7.3 6.69
7.394 6.6930000000000005
7.666 6.699
7.581 6.6930000000000005
7.1690000000000005 6.69
7.605 6.708
10.504000000000001 8.924
7.6259999999999994 6.6930000000000005
10.459 8.924
7.217 6.69
7.062 6.69
7.825 6.699
7.484 6.6930000000000005
7.159 6.6930000000000005
7.234999999999999 6.6930000000000005
7.034 6.687
7.089 6.687
7.288 6.69
7.019 6.687
6.9430000000000005 6.684000000000001
6.97 6.702
7.379 6.747
6.880999999999999 6.687
7.5329999999999995 6.696000000000001
7.3389999999999995 6.69
7.306 6.69
7.255000000000001 6.687
7.036999999999999 6.687
6.958 6.69
7.148000000000001 6.69
6.9430000000000005 6.687
6.677 6.684000000000001
6.717 6.684000000000001
6.506 6.684000000000001
6.561 6.681000000000001
7.2989999999999995 6.69
6.890000000000001 6.684000000000001
6.525 6.684000000000001
6.550000000000001 6.684000000000001
6.491 6.681000000000001
6.866 6.684000000000001
7.052 6.69
6.711 6.684000000000001
6.520999999999999 6.705
6.701 6.72
6.5729999999999995 6.681000000000001
6.744999999999999 6.681000000000001
