25.153 9.518999999999998
24.653999999999996 9.534999999999998
25.161999999999995 9.549000000000001
24.656 9.552000000000001
25.892 9.547
25.011 9.549999999999999
25.182 9.567999999999998
24.752 9.566999999999998
24.607 9.568999999999999
25.196999999999996 9.546000000000001
26.013 9.556
26.523999999999997 9.555
25.897 9.574
25.830000000000002 9.555000000000001
25.887999999999998 9.545
25.766 9.556000000000001
25.455 9.571
24.668 9.560999999999998
25.137999999999998 9.571
25.159 9.595999999999998
25.342 9.615
25.377 9.588
25.643 9.559000000000001
24.896 9.568999999999999
25.934 9.610000000000001
25.395 9.612
25.4 9.585999999999999
25.287 9.573
25.787 9.596
25.546999999999997 9.571000000000002
25.540000000000003 9.575
24.729 9.578000000000001
25.273 9.6
25.173999999999996 9.572999999999999
24.66 9.572
24.798000000000002 9.592000000000002
25.786000000000005 9.571
25.25 9.573
25.738 9.564
25.715999999999994 9.581000000000001
25.557999999999996 9.553
25.519000000000002 9.587
26.404000000000003 9.547
26.779999999999998 9.547
26.726 9.534999999999998
26.023000000000003 9.514
25.61 9.515
25.563000000000002 9.501
25.692999999999998 9.483
24.941000000000003 9.474
24.970000000000002 9.462000000000002
25.081999999999997 9.455
24.481 9.451
24.006 9.413
24.209 9.427
23.209999999999997 9.404
23.252 9.404
22.519 9.385
22.573999999999998 9.375
22.406000000000002 9.370000000000001
22.967000000000002 9.356
21.985 9.350000000000001
22.141 9.348999999999998
21.605 9.344000000000001
21.544 9.333
20.796 9.317
20.798 9.291999999999998
20.193 9.286000000000001
19.944 9.273
19.627999999999997 9.26
19.051 9.251
17.923 9.239
17.463 9.236
16.901 9.222999999999999
16.847000000000005 9.217
16.499999999999996 9.211
16.416 9.2
16.092000000000002 9.189
16.163 9.189
15.683000000000003 9.171999999999999
15.906 9.177
15.411 9.164
15.348 9.165
14.674999999999999 9.158
14.783 9.155999999999999
14.394000000000002 9.148
14.335 9.146
13.907 9.144
14.072000000000001 9.136999999999999
13.473000000000003 9.126999999999999
13.705 9.129999999999999
13.571000000000003 9.121
13.702 9.135
13.475000000000001 9.111
13.427999999999999 9.112000000000002
13.078000000000001 9.112
13.386999999999999 9.113999999999999
13.254000000000001 9.104999999999999
13.435999999999998 9.102
12.949000000000002 9.102999999999998
12.846000000000002 9.104
12.489 9.094000000000001
14.341999999999999 9.120000000000001
13.919999999999998 9.129000000000001
12.979000000000001 9.103999999999997
13.937 9.113
14.918999999999999 9.129999999999999
14.201 9.124
14.612999999999998 9.126
14.199 9.121999999999998
14.280000000000001 9.122
14.149000000000001 9.120000000000001
14.432 9.121000000000002
14.126 9.117
14.248 9.119000000000002
13.679000000000002 9.113
13.68 9.116
13.350000000000001 9.113999999999999
14.445 9.131999999999998
14.889999999999997 9.138000000000002
15.525000000000002 9.149000000000001
15.224000000000004 9.146
15.674 9.136999999999999
15.354999999999999 9.136
15.53 9.134999999999998
14.839999999999998 9.135
15.093 9.136999999999999
14.677999999999999 9.136
14.848999999999998 9.129999999999999
14.655999999999999 9.134
14.610000000000001 9.139
14.454999999999998 9.137
15.159 9.146
15.092 9.141
14.914000000000001 9.145
14.689999999999998 9.145
15.041999999999996 9.154
14.825999999999997 9.152000000000001
15.611999999999998 9.158999999999999
15.927 9.158
15.895000000000001 9.16
15.716000000000003 9.161
15.737000000000002 9.165999999999999
15.809999999999999 9.168
16.64 9.173
16.342000000000002 9.173
16.858 9.178
16.953000000000003 9.178999999999998
17.246000000000002 9.185999999999998
17.355 9.182
17.976 9.203999999999999
17.915 9.190999999999999
18.375 9.212
18.143 9.214
18.557000000000002 9.219
18.329 9.222999999999999
19.37 9.228
19.012999999999998 9.228
19.445 9.235
19.124 9.24
19.6 9.243000000000002
19.289 9.243000000000002
19.906999999999996 9.241000000000001
19.634 9.251000000000001
20.149 9.263
19.989 9.264999999999999
20.373 9.272
20.498 9.274
21.269 9.297
21.49 9.313
22.195999999999998 9.31
22.372000000000003 9.336000000000002
20.919999999999998 9.346000000000002
20.387 9.335
20.911 9.356
20.637 9.343
21.781 9.379000000000001
21.522999999999996 9.379
19.166999999999998 9.337000000000002
16.743000000000002 9.264000000000001
16.829 9.260000000000002
16.695 9.274000000000001
17.256999999999998 9.28
17.517 9.283
18.017999999999997 9.299
17.627 9.301
18.108999999999998 9.311
17.727999999999998 9.311
18.412 9.315000000000001
18.085 9.327
17.918 9.324
17.523 9.322999999999999
18.431 9.336000000000002
18.265 9.337000000000002
18.445 9.317
18.343999999999998 9.316
18.717 9.315
18.246999999999996 9.325
18.523999999999997 9.334000000000001
18.502000000000002 9.337
19.339000000000002 9.350000000000001
19.287000000000003 9.364
18.934 9.382
19.153 9.377
19.333 9.389
19.528 9.4
19.241000000000003 9.408
18.798000000000002 9.514
19.181 9.413999999999998
19.236 9.412
19.73 9.418000000000001
19.933999999999997 9.432000000000002
20.095 9.598999999999998
19.86 9.472
19.991999999999997 9.421000000000001
19.683999999999997 9.417000000000002
19.745 9.411
19.605999999999998 9.411000000000001
19.993000000000002 9.414
20.000999999999998 9.396
20.156 9.417
19.763999999999996 9.407000000000002
20.826 9.411
20.301 9.408
20.262 9.397
20.950999999999997 9.419
20.934 9.443000000000001
21.054 9.436
20.483000000000004 9.424999999999999
20.150000000000002 9.439
20.362 9.449
19.939 9.402999999999999
20.194000000000003 9.41
20.003 9.41
20.471 9.428
20.325000000000003 9.424000000000001
20.573 9.443999999999999
20.876 9.464
22.679000000000002 9.458
22.781 9.439999999999998
22.308 9.44
22.305 9.427000000000001
23.44 9.47
23.323 9.461
23.454000000000004 9.454
23.026 9.458
23.944000000000003 9.463
23.295 9.484
24.416999999999998 9.493
25.028 9.55
25.426 9.540000000000001
25.663999999999998 9.544
26.278999999999996 9.580000000000002
25.507 9.569999999999999
25.868999999999996 9.633
26.480000000000004 9.771
25.712999999999997 9.783
25.480999999999998 9.629999999999999
28.464 9.643
29.249000000000002 9.600999999999999
27.409 9.651000000000002
27.26 9.626999999999999
26.881 9.627
26.943 9.625
26.926 9.611
25.904 9.562999999999999
26.25 9.55
26.174999999999997 9.556
27.002 9.523000000000001
26.310999999999996 9.547
26.085 9.604
26.411 9.571
26.557 9.607000000000001
26.735 9.614
27.141999999999992 9.587
27.032999999999994 9.562999999999999
26.414000000000005 9.540000000000001
25.915 9.554000000000002
26.298 9.567
26.517000000000003 9.572
26.396000000000004 9.622
26.237 9.581000000000001
26.791999999999998 9.589999999999998
26.817999999999998 9.605
26.833000000000002 9.62
26.86 9.589999999999998
26.787999999999997 9.605
25.476000000000003 9.575
