14.223999999999998 25.861
15.389 25.909000000000006
15.225999999999997 25.836000000000002
14.465 25.909
15.109 25.903
14.686000000000002 25.904
15.203 25.971
15.906 25.909000000000006
15.378 25.965000000000003
15.225 26.002000000000002
14.862000000000004 25.879
15.884 25.996000000000002
15.537 26.014000000000003
14.953 25.921
15.178999999999998 26.039
14.856000000000002 25.946
15.309000000000003 25.904000000000003
15.241000000000001 26.020000000000003
14.786 25.946
14.992999999999999 25.916
15.17 25.983
14.738999999999999 25.903
14.776 25.983
14.663 25.945999999999998
14.245 25.86
15.418 25.933
14.544 25.897
14.495000000000003 25.855
14.088000000000001 25.933
14.872 25.835
14.627 25.873
14.923000000000004 25.951999999999998
14.161000000000001 25.817
14.902999999999999 25.873999999999995
14.57 25.928
14.786 25.842
15.018 25.946
14.133000000000001 25.86
14.812 25.898000000000003
14.279999999999998 25.946
14.243 25.817
14.349 25.916
14.509 25.922999999999995
14.062000000000003 25.8
14.169 25.879
14.212 25.848000000000006
14.803999999999998 25.817
13.873000000000001 25.866
14.544 25.785999999999998
13.724 25.786000000000005
14.767999999999997 25.836000000000002
14.046999999999999 25.755
13.437000000000001 25.817
14.094999999999999 25.829
13.418000000000003 25.730999999999998
14.63 25.83
13.669 25.799
13.339 25.773999999999997
13.316 25.774
14.096999999999998 25.671
13.278 25.761
13.578000000000001 25.738
13.074 25.653
13.55 25.732
13.879 25.707
13.355 25.617
12.959999999999999 25.700999999999997
12.85 25.671000000000006
13.423000000000002 25.647000000000002
12.769999999999998 25.707
12.878 25.611
13.024 25.659
12.918000000000001 25.677000000000007
12.891 25.568999999999996
13.042000000000002 25.665000000000006
12.427000000000001 25.665000000000006
12.600999999999999 25.556
13.227 25.635
12.575999999999999 25.659000000000002
12.369 25.575
12.408 25.635
12.040000000000001 25.587
12.419 25.599
13.260000000000002 25.665
12.213 25.532
13.156 25.575
12.4 25.641000000000002
12.229 25.544
12.695 25.605
13.367 25.647
12.054 25.544
12.886000000000001 25.617
11.989999999999998 25.605
12.415999999999999 25.545
12.122 25.593
12.933 25.544
12.026 25.532
12.555 25.611
11.813 25.568999999999996
12.503 25.569000000000003
12.124 25.605
12.840000000000002 25.544
12.655 25.617
12.530000000000003 25.599
12.123 25.526
12.408999999999999 25.605
11.773000000000001 25.563000000000002
11.756000000000002 25.489
12.61 25.605
12.415 25.635
12.104000000000001 25.539
12.145999999999999 25.587
11.611 25.526
11.808 25.52
12.606 25.593
12.283000000000001 25.55
12.622 25.575000000000003
12.943 25.653000000000002
12.232 25.568999999999996
12.394 25.605
12.02 25.635
12.659 25.544
12.251 25.599
12.305 25.611
12.619 25.556
12.237 25.581
11.863000000000001 25.593
11.727999999999998 25.490000000000002
12.583 25.55
12.124 25.605
12.277 25.501999999999995
12.262999999999998 25.568
12.142999999999999 25.611
11.977 25.507999999999996
11.979 25.562
11.876999999999999 25.599
13.530000000000001 25.55
11.981000000000002 25.592
11.935 25.581000000000003
12.246 25.519000000000002
12.249000000000002 25.586
11.862999999999998 25.575000000000003
11.906 25.514
13.523 25.605
11.85 25.629
12.111999999999998 25.605
12.095 25.635
12.352999999999998 25.562
12.516 25.611
12.206999999999999 25.659
12.665 25.538
13.223 25.623
12.158000000000001 25.671
12.231 25.562
12.323 25.617
12.588 25.689
12.332 25.581
13.004000000000001 25.653000000000002
13.437 25.761
13.336 25.678
12.785000000000002 25.623
12.971 25.671
12.862000000000002 25.617
13.294 25.659
12.738 25.701
13.175 25.611
13.589 25.712999999999997
13.504 25.700999999999997
12.763000000000002 25.641
12.955 25.695
12.815000000000001 25.695
13.267000000000001 25.629
13.501 25.707
13.324 25.743000000000006
13.59 25.712999999999997
13.840000000000002 25.773999999999997
12.928 25.665
13.068999999999997 25.713
13.008999999999999 25.761
13.941999999999998 25.671
13.174 25.695
13.617 25.785999999999998
13.295000000000002 25.694999999999997
14.638000000000002 25.744
13.306000000000001 25.811
13.382 25.701999999999998
14.127 25.743000000000006
13.770000000000001 25.817
13.922 25.695
13.850000000000001 25.767
14.151 25.811
14.056000000000001 25.713
14.411999999999999 25.75
13.234000000000002 25.824
13.339 25.695
14.224 25.743
13.41 25.798
13.431000000000001 25.745
14.568999999999999 25.793
13.806000000000001 25.818
14.071 25.744
13.674999999999999 25.797000000000004
14.31 25.823
13.527000000000001 25.761999999999997
14.181999999999997 25.823
14.13 25.805
13.531 25.737
13.501 25.78
14.386000000000001 25.824
13.932 25.798
13.974999999999998 25.841
13.900000000000002 25.755
13.982 25.779000000000003
13.48 25.830000000000002
13.998000000000003 25.75
14.884000000000002 25.798000000000005
14.286999999999999 25.867
14.389 25.755000000000006
14.501999999999999 25.824
14.021 25.830000000000002
14.702000000000002 25.773999999999997
13.969999999999999 25.805
14.487 25.879
14.096 25.823
14.376 25.887
14.322000000000001 25.830000000000002
14.106 25.768
13.88 25.792000000000005
14.233 25.880000000000003
14.786 25.903
14.563 25.935000000000002
14.340999999999998 25.785000000000004
13.743 25.792000000000005
13.584 25.856
13.929 25.785999999999998
14.502 25.830000000000002
14.697000000000001 25.898
13.597999999999999 25.805
13.587 25.848
14.004 25.792000000000005
14.258 25.798
14.75 25.873
14.264 25.805
14.014 25.785000000000004
13.995 25.855
14.772999999999998 25.836
14.27 25.817
14.529 25.905
13.950999999999999 25.798
13.65 25.761
14.172 25.755000000000006
14.303000000000003 25.842
14.662999999999998 25.886
13.996 25.805
14.697 25.836000000000002
14.026 25.872
14.346 25.818
14.625 25.860000000000007
15.049000000000001 25.892000000000003
14.725 25.828999999999997
14.129999999999999 25.91
14.452000000000002 25.879
14.834 25.841
14.093 25.892
15.192999999999998 25.861
14.02 25.829
13.912999999999997 25.898
15.093 25.837
14.44 25.817
15.043000000000001 25.929000000000002
14.309 25.842
14.329999999999998 25.841
15.068999999999999 25.951999999999998
15.148 25.885
14.640999999999998 25.884
14.819 25.965
14.231 25.849
14.529999999999998 25.843
15.268999999999998 25.933999999999997
14.478000000000002 25.892
14.693999999999999 25.867
14.398 25.941
14.862 25.867
14.77 25.872
14.322 25.996000000000002
15.088 25.904
14.901 25.898
15.189000000000002 26.008000000000003
