40.314 36.969
40.834 37.097
41.113 36.944
38.629999999999995 36.93299999999999
40.19 37.029
41.400000000000006 36.958999999999996
40.869 36.932
41.028 36.976
42.76599999999999 36.957
40.95399999999999 37.14
45.422999999999995 36.98800000000001
47.35 37.091
42.211000000000006 37.084
39.403 37.129
40.925 37.232
42.876 37.17
43.892 37.205000000000005
42.879 37.10999999999999
45.21 37.269
43.492000000000004 37.324
45.092 37.225
43.568 37.085
43.647 37.257
45.105 37.251
42.175000000000004 37.165
42.028999999999996 36.97
46.636 37.104
52.588 37.055
48.601000000000006 37.031
45.714 37.39
46.026 37.24400000000001
44.80700000000001 37.128
44.908 37.080999999999996
44.37799999999999 37.12199999999999
46.87500000000001 37.074
42.619 37.074
40.92399999999999 37.004999999999995
44.330999999999996 37.067
43.053999999999995 36.987
43.597 37.07300000000001
41.166 37.031000000000006
44.59799999999999 37.059999999999995
41.833 37.11
43.419999999999995 37.012
42.651999999999994 37.023
39.44800000000001 37.024
36.205999999999996 33.85399999999999
39.246 32.4039537
39.459 32.4708583
37.032 32.3739537
37.457 32.447049
36.793000000000006 32.434049
35.62499999999999 32.38004899999999
31.384 32.349049
33.324 32.35604899999999
31.872 32.338049
31.848 32.362049
30.919999999999998 32.495048999999995
27.319 31.915048999999996
30.909 27.692359
28.906 27.741907299999998
27.612 27.8779073
29.614 27.717907299999993
27.533 27.828907299999994
24.701999999999998 27.858002699999997
25.788000000000004 27.7350027
24.505000000000003 27.8280027
22.534 27.7049074
21.027 27.7109074
20.093 27.6999074
23.48 27.668907400000002
20.490000000000002 27.650002699999998
21.858000000000004 27.7180027
20.416 24.6140027
18.817000000000004 23.1519227
18.358999999999998 23.1631527
18.152 23.084056699999998
16.735 23.066152700000004
16.395 23.041152700000005
16.98 23.060056699999997
16.198 23.0780567
14.621999999999998 23.059961700000002
14.148 22.9810567
11.799000000000001 22.9320567
13.120000000000001 23.011057
13.11 22.993056999999997
12.692 22.926152
12.091 22.919151999999997
9.989999999999998 19.008352
10.956 18.423010299999998
10.719999999999999 18.4040103
10.671999999999999 18.4898196
10.517 18.404915
10.154 18.396915
11.700000000000001 18.4578196
11.022 18.549915
9.747 18.4097246
9.270999999999999 18.366724600000005
9.103 18.372819999999997
9.616 18.428915
9.94 18.3918196
10.926 18.440724600000003
10.165 18.416724600000002
10.480999999999998 18.482724600000005
9.836 18.4407246
9.11 18.4456296
8.239 18.355629599999997
9.304 18.4396296
9.866 18.355724600000002
8.777 18.287629600000002
9.68 20.5648667
10.358 22.6750567
10.138 22.7120567
8.643 20.5570567
8.834 18.2893457
9.002 18.3249647
8.298 18.2281547
9.36 18.2759647
9.185 18.3129647
9.036 18.2399647
8.877 18.252059699999997
9.161999999999999 18.2638687
10.583 21.0118657
9.683000000000002 22.5539617
9.614 22.670961699999996
9.073 22.6508657
9.889000000000001 22.6698657
10.532 22.717961700000004
10.966000000000001 22.7298657
11.213999999999999 22.8028657
10.743 22.7248657
11.115 22.894865700000004
11.856 22.8648657
11.945999999999998 22.9488657
12.408999999999999 22.9988657
13.882999999999997 23.0358657
14.224147 22.901247700000006
16.035 27.279097699999998
15.404999999999996 27.3630977
15.509 27.364097699999995
17.022000000000002 27.481097699999996
18.63 27.510097699999996
17.564999999999998 27.541097699999995
19.311999999999998 27.492097700000002
19.521 27.5410977
19.8 30.055953700000003
21.389 32.0189537
21.825 31.952953700000002
23.291999999999998 31.9709537
20.851999999999997 31.9519537
23.085 32.031953699999995
24.42 32.6249537
26.412999999999997 33.70799999999999
26.384999999999998 36.858000000000004
26.448000000000004 36.901
28.516000000000002 37.067
27.37 37.232
28.116000000000003 37.084999999999994
31.452 37.164
32.708000000000006 37.158
33.672000000000004 37.202
35.973 37.196999999999996
35.74 37.104
39.042 37.257
35.254 37.256
37.111 37.292
39.22 37.367
39.504 37.317
39.867 37.39
41.492999999999995 37.358999999999995
44.049 37.37199999999999
45.38 37.482
44.481 37.349
43.262 37.505
43.561 37.524
46.15 37.451
47.143 37.41
49.567 37.573
50.035 37.476000000000006
49.078 37.324
51.049 37.311
49.682 37.532
49.74399999999999 37.482000000000006
51.800000000000004 37.372
50.086 37.574999999999996
53.11899999999999 37.261
51.647999999999996 36.988
51.781 37.42699999999999
54.187000000000005 36.981
55.018 37.312
55.041 37.278000000000006
55.14 37.128
53.186 37.169999999999995
53.062999999999995 37.05500000000001
54.346000000000004 37.031000000000006
52.125 37.018
55.482000000000006 37.122
57.89899999999999 37.274
58.642 37.232
56.25 37.042
56.567 37.07300000000001
52.173 36.988
54.076000000000015 37.096000000000004
53.844 37.322
54.48099999999999 37.225
53.711999999999996 37.439
52.478 37.433
55.481 37.383
55.779 37.212
55.676 37.494
55.469 37.64
54.088 37.36000000000001
54.344999999999985 37.70299999999999
55.116 37.720000000000006
53.539999999999985 37.358000000000004
54.762 37.55
55.883 37.598
55.372 37.518
57.055 37.602999999999994
54.041 37.457
53.961000000000006 37.33
53.245 37.11000000000001
53.37 37.36
58.155 37.555
57.643 37.543
57.579 37.507000000000005
58.264999999999986 37.519000000000005
54.675 37.541000000000004
56.811 37.457
54.05800000000001 37.366
54.53499999999999 37.543000000000006
55.323 37.49
56.531 37.38399999999999
56.237999999999985 37.341
56.371 37.329
55.346 37.597
56.04100000000001 37.39000000000001
56.349000000000004 37.275999999999996
54.857 37.372
56.359 37.506
57.422 37.481
56.324 37.17700000000001
56.373 37.268
60.754 37.464
57.849000000000004 37.524
60.118 37.659
55.2 37.489
54.42999999999999 37.5
54.144000000000005 37.184
53.294999999999995 36.945
54.784 37.299
57.95999999999999 37.524
57.018 37.470000000000006
54.474000000000004 37.446
52.422999999999995 37.519
52.539 37.507000000000005
51.873999999999995 37.365
52.74000000000001 37.506
53.50900000000001 37.34
51.397000000000006 37.42100000000001
50.861000000000004 37.329
53.84500000000001 37.456999999999994
49.286 37.341
49.01199999999999 37.078
46.436 37.23800000000001
46.815 37.059999999999995
47.235 37.0
46.20400000000001 37.116
47.32200000000001 37.134
46.209 37.127
45.57 37.03
43.017 36.938
42.437000000000005 36.962
45.440000000000005 37.035000000000004
43.824 37.023999999999994
43.51199999999999 37.035000000000004
42.285000000000004 36.895
42.419999999999995 36.919000000000004
42.07300000000001 37.194
41.986000000000004 37.043000000000006
45.783 36.968999999999994
45.721 36.975
42.389 36.865
42.278 37.004
40.668000000000006 37.096999999999994
39.098 36.982
41.626 36.828
40.099000000000004 37.029999999999994
