14.940000000000001 5.768
13.48 5.713
14.649999999999999 5.731
19.189999999999998 5.804
14.99 5.768
13.84 5.7250000000000005
16.21 5.762
18.19 5.792
13.62 5.75
14.719999999999999 5.731
18.58 5.811
14.92 5.811
14.45 5.7250000000000005
15.379999999999999 5.779999999999999
13.33 5.853
16.82 5.840999999999999
15.14 5.779999999999999
20.0 5.811
13.059999999999999 5.737
13.79 5.731
14.940000000000001 5.743
18.21 5.792
15.45 5.798
13.569999999999999 5.718999999999999
19.56 5.811
12.959999999999999 5.737
12.27 5.713
14.499999999999998 5.756
17.43 5.798
14.06 5.756
13.350000000000001 5.7250000000000005
18.310000000000002 5.792
14.84 5.768
13.28 5.7250000000000005
14.330000000000002 5.731
18.970000000000002 5.811
13.669999999999998 5.743
13.5 5.713
16.7 5.768
16.75 5.798
12.870000000000001 5.718999999999999
13.450000000000001 5.7250000000000005
19.139999999999997 5.817
14.01 5.762
13.13 5.718999999999999
15.310000000000002 5.743
19.09 5.829
13.55 5.743
13.669999999999998 5.713
19.040000000000003 5.811
14.75 5.762
13.13 5.718999999999999
16.02 5.768
17.11 5.798
12.6 5.7250000000000005
12.889999999999999 5.713
18.65 5.811
13.55 5.737
12.57 5.713
15.82 5.756
16.669999999999998 5.811
12.67 5.713
13.450000000000001 5.7250000000000005
19.09 5.804
13.819999999999999 5.737
12.33 5.7250000000000005
15.920000000000002 5.75
16.41 5.792
12.44 5.731
12.770000000000001 5.718999999999999
18.19 5.811
14.45 5.756
12.5 5.718999999999999
15.6 5.756
16.939999999999998 5.817
12.67 5.7250000000000005
12.55 5.7250000000000005
17.65 5.798
13.84 5.743
12.3 5.7250000000000005
15.160000000000002 5.75
16.14 5.7860000000000005
12.4 5.731
12.24 5.718999999999999
17.5 5.798
18.68 5.792
13.79 5.731
14.330000000000002 5.743
17.97 5.811
16.650000000000002 5.779999999999999
13.919999999999998 5.7250000000000005
15.45 5.756
19.63 5.804
15.53 5.798
13.889999999999999 5.7250000000000005
18.970000000000002 5.8229999999999995
15.040000000000001 5.75
13.23 5.718999999999999
14.89 5.75
17.919999999999998 5.829
13.77 5.774
17.72 5.779999999999999
14.87 5.75
14.31 5.737
14.499999999999998 5.7250000000000005
17.41 5.817
16.14 5.756
13.18 5.7250000000000005
14.790000000000001 5.768
18.73 5.798
17.04 5.779999999999999
14.09 5.7250000000000005
16.650000000000002 5.798
16.82 5.7860000000000005
13.16 5.7250000000000005
16.02 5.756
16.650000000000002 5.817
16.41 5.756
13.87 5.731
16.99 5.804
17.549999999999997 5.792
14.06 5.743
15.45 5.779999999999999
16.02 5.804
15.36 5.743
13.5 5.731
17.36 5.792
16.16 5.774
13.209999999999999 5.737
11.32 5.743
14.31 5.804
20.169999999999998 5.840999999999999
13.99 5.762
16.41 5.811
16.46 5.804
13.919999999999998 5.731
14.92 5.743
17.580000000000002 5.8229999999999995
16.06 5.779999999999999
14.280000000000001 5.743
15.379999999999999 5.792
17.46 5.804
16.82 5.817
14.499999999999998 5.756
16.16 5.8229999999999995
16.580000000000002 5.798
13.99 5.731
16.43 5.798
17.549999999999997 5.829
13.84 5.743
14.280000000000001 5.743
16.99 5.829
15.620000000000001 5.774
13.059999999999999 5.731
17.09 5.8229999999999995
15.310000000000002 5.768
13.819999999999999 5.737
14.89 5.762
17.04 5.798
17.630000000000003 5.817
13.16 5.737
15.5 5.792
16.259999999999998 5.829
18.68 5.853
14.62 5.743
16.43 5.840999999999999
19.41 5.840999999999999
14.23 5.762
15.53 5.779999999999999
18.459999999999997 5.829
16.939999999999998 5.8229999999999995
14.790000000000001 5.743
15.989999999999998 5.829
18.360000000000003 5.829
13.719999999999999 5.75
16.869999999999997 5.792
16.21 5.792
13.62 5.75
15.040000000000001 5.756
15.58 5.817
16.21 5.762
13.62 5.731
15.55 5.756
17.31 5.817
18.02 5.835
13.48 5.743
16.24 5.829
17.02 5.804
13.11 5.737
15.89 5.792
16.53 5.798
13.84 5.743
13.669999999999998 5.743
17.14 5.829
16.11 5.792
13.350000000000001 5.743
15.040000000000001 5.75
17.02 5.811
17.68 5.853
13.87 5.756
16.38 5.8229999999999995
17.68 5.853
13.28 5.75
14.62 5.768
17.330000000000002 5.829
18.41 5.8229999999999995
13.700000000000001 5.768
16.11 5.804
17.599999999999998 5.840999999999999
13.62 5.75
15.06 5.737
16.77 5.811
16.85 5.835
13.38 5.737
15.67 5.817
18.48 5.859
14.99 5.7860000000000005
14.430000000000001 5.762
17.7 5.847
15.770000000000001 5.7860000000000005
13.18 5.737
16.06 5.817
18.6 5.817
16.580000000000002 5.8229999999999995
15.310000000000002 5.768
15.479999999999999 5.798
14.97 5.756
13.719999999999999 5.743
15.82 5.774
19.580000000000002 5.840999999999999
12.870000000000001 5.756
13.99 5.75
16.7 5.829
16.5 5.798
13.089999999999998 5.743
16.869999999999997 5.811
15.97 5.8229999999999995
13.569999999999999 5.762
13.700000000000001 5.737
16.82 5.835
15.72 5.768
12.870000000000001 5.737
16.28 5.798
15.58 5.804
14.6 5.762
12.989999999999998 5.737
16.63 5.835
17.16 5.804
12.6 5.737
14.01 5.756
17.43 5.835
14.99 5.792
13.16 5.737
17.02 5.811
14.719999999999999 5.779999999999999
13.48 5.743
14.430000000000001 5.756
15.7 5.835
15.379999999999999 5.756
12.889999999999999 5.743
16.55 5.804
14.77 5.7860000000000005
14.26 5.756
13.01 5.737
17.19 5.829
15.229999999999999 5.798
12.65 5.737
14.38 5.774
17.29 5.835
14.719999999999999 5.774
12.959999999999999 5.737
16.189999999999998 5.817
16.41 5.811
13.819999999999999 5.75
14.180000000000001 5.762
15.97 5.8229999999999995
15.65 5.756
13.13 5.743
16.99 5.798
14.399999999999999 5.774
13.889999999999999 5.756
12.920000000000002 5.737
17.21 5.817
15.870000000000001 5.774
12.989999999999998 5.75
14.330000000000002 5.762
17.380000000000003 5.847
14.62 5.768
