21.63 37.79
22.79 37.79
24.121 37.79
23.694 37.760000000000005
23.987 37.82
24.939 37.82
25.183 37.82
23.230999999999998 37.79
22.522000000000002 37.82
23.486 37.79
24.353 37.79
24.023 37.79
23.755 37.82
23.645 37.82
24.353 37.760000000000005
24.535999999999998 37.82
22.913 37.82
23.437 37.82
23.364 37.82
22.657 37.82
23.267 37.82
24.756 37.82
24.524 37.839999999999996
23.645 37.82
25.573999999999998 37.82
24.695 37.82
25.83 37.82
25.195 37.85
24.158 37.82
24.084 37.82
24.755 37.81
25.342 37.870000000000005
24.696 37.82
25.391 37.839999999999996
24.183000000000003 37.8
22.863999999999997 37.82
24.756 37.82
24.341 37.839999999999996
24.476000000000003 37.82
22.814 37.8
21.24 37.74000000000001
21.301000000000002 37.77
21.02 37.82
21.887 37.79
21.741 37.79
22.498 37.85
21.24 37.82
20.69 37.760000000000005
20.544 37.82
20.544 37.82
19.263 37.79
19.72 37.760000000000005
18.976 37.74000000000001
17.999 37.74000000000001
17.896 37.760000000000005
18.554000000000002 37.79
17.89 37.82
16.705000000000002 37.760000000000005
16.198 37.760000000000005
15.778 37.82
15.113 37.84
15.484 37.79
15.277000000000001 37.79
14.556999999999999 37.760000000000005
14.026 37.760000000000005
12.121 37.7
12.323 37.7
12.683 37.72
11.5 37.72
12.048 37.72
12.439 37.74000000000001
11.681999999999999 37.760000000000005
12.475 37.74000000000001
11.725 37.72
10.7 37.760000000000005
10.297 37.72
9.69 37.69
10.165000000000001 37.72
8.783 37.669999999999995
8.708 37.72
8.606 37.7
8.319 37.69
7.7700000000000005 37.72
7.773 37.69
7.596 37.669999999999995
7.675 37.669999999999995
7.373 37.7
7.156999999999999 37.669999999999995
7.581 37.669999999999995
7.614 37.669999999999995
7.1690000000000005 37.669999999999995
7.019 37.669999999999995
7.348000000000001 37.669999999999995
7.2940000000000005 37.669999999999995
7.141 37.669999999999995
7.407 37.669999999999995
7.303 37.669999999999995
7.153000000000001 37.669999999999995
7.346 37.64
6.8580000000000005 37.64
6.854 37.65
7.5920000000000005 37.669999999999995
7.489 37.65
7.764 37.72
6.920999999999999 37.669999999999995
6.7299999999999995 37.64
6.396 37.64
6.442 37.64
6.493 37.669999999999995
5.921 37.669999999999995
5.827999999999999 37.669999999999995
5.781 37.64
5.718999999999999 37.669999999999995
5.606999999999999 37.61
5.801 37.61
5.878 37.61
5.515 37.59
5.792 37.59
5.054 37.59
5.325 37.59
5.436000000000001 37.59
5.683 37.59
5.313 37.620000000000005
5.478 37.59
6.03 37.64
5.81 37.64
5.887 37.64
5.863 37.620000000000005
5.926 37.620000000000005
5.896 37.620000000000005
5.643000000000001 37.59
6.116 37.59
6.340999999999999 37.61
6.300999999999999 37.61
6.5409999999999995 37.61
6.973 37.61
6.920999999999999 37.61
7.635 37.63999999999999
8.273 37.69
8.052999999999999 37.669999999999995
8.798 37.64
8.521 37.64
8.450000000000001 37.64
9.113 37.65
8.979 37.64
10.394 37.64
10.022 37.669999999999995
10.693 37.669999999999995
11.047 37.669999999999995
11.651 37.7
12.048 37.7
12.115 37.7
12.977 37.669999999999995
12.517999999999999 37.69
14.246 37.72
13.94 37.72
15.064 37.77
15.241 37.74000000000001
16.107 37.74000000000001
16.576 37.74000000000001
17.926000000000002 37.74000000000001
18.854 37.74000000000001
19.305 37.74000000000001
18.836 37.77
18.645999999999997 37.77
19.580000000000002 37.74000000000001
20.441000000000003 37.74000000000001
20.801 37.760000000000005
21.471999999999998 37.8
21.753 37.77
21.533 37.74000000000001
22.949 37.760000000000005
24.732 37.77
23.23 37.74000000000001
23.498 37.77
25.317 37.79
24.340999999999998 37.77
25.086 37.77
26.6 37.82
26.159 37.760000000000005
27.319 37.82
27.982000000000003 37.85
28.068000000000005 37.85
28.254999999999995 37.82
28.208999999999996 37.8
27.67 37.77
28.327999999999996 37.81
26.682 37.79
29.195999999999998 37.82
28.432999999999996 37.82
30.400000000000006 37.870000000000005
28.145999999999997 37.839999999999996
29.308 37.870000000000005
30.276000000000003 37.79
28.708 37.79
29.625 37.760000000000005
29.778 37.79
30.715000000000003 37.81
29.910999999999998 37.82
30.831999999999997 37.82
29.801 37.839999999999996
29.198999999999998 37.82
30.232 37.84
42.711 50.46999999999999
32.249 37.82
29.250999999999998 37.79
29.744999999999997 37.79
28.712000000000003 37.85
48.656 63.04
41.857 50.44
30.018 37.85
39.257999999999996 50.44
39.686 50.39
27.308 37.74000000000001
27.051 37.82
27.662 37.870000000000005
27.117 37.79
27.685 37.82
28.332 37.82
26.245 37.82
26.697 37.82
27.0 37.85
26.976 37.82
25.964000000000002 37.82
24.462999999999997 37.8
24.366 37.77
23.975 37.760000000000005
27.063 37.839999999999996
25.036 37.85
24.878 37.79
24.988 37.82
23.523 37.74000000000001
24.939 37.79
25.879 37.82
26.587 37.82
26.648 37.82
24.048 37.79
26.05 37.79
25.0 37.77
25.976 37.84
23.95 37.77
24.951 37.82
26.283 37.82
24.695 37.82
24.267999999999997 37.79
22.778000000000002 37.760000000000005
23.181 37.74000000000001
24.414 37.82
25.232 37.82
24.523999999999997 37.85
25.207 37.82
25.355 37.82
25.477 37.82
26.184 37.82
26.489 37.82
26.270000000000003 37.79
26.416 37.839999999999996
27.622000000000003 37.839999999999996
26.512999999999998 37.82
29.727999999999998 37.82
32.18 37.89
44.203 50.4
31.367 37.82
28.624 37.82
29.818 37.82
40.639 50.46999999999999
29.294999999999998 37.82
29.543999999999997 37.82
29.458000000000002 37.89
28.634999999999998 37.870000000000005
27.673 37.839999999999996
28.661 37.82
28.800000000000004 37.839999999999996
27.858 37.82
27.040999999999997 37.82
27.939999999999998 37.870000000000005
28.866999999999997 37.85
28.019 37.82
28.190000000000005 37.870000000000005
28.398 37.870000000000005
29.909999999999997 37.89
28.681999999999995 37.85
27.803 37.89
27.956000000000003 37.89
28.999000000000002 37.870000000000005
27.36 37.82
27.990000000000002 37.86000000000001
28.987000000000002 37.82
