14.674999999999999 26.092000000000006
16.342000000000002 26.013
14.529999999999998 26.006999999999998
15.582 26.128
14.723 26.154
15.357 26.025
15.991 26.171999999999997
15.321000000000002 26.183999999999997
15.295 26.091000000000005
15.800999999999998 26.154000000000003
15.157000000000002 26.301000000000002
16.044 26.184
15.854 26.146
15.747 26.134
16.601 26.166
15.894 26.27
15.677000000000001 26.319
15.592999999999998 26.189999999999998
16.209 26.202
15.056999999999999 26.295
15.863 26.209
15.476999999999999 26.159000000000006
16.245 26.307000000000002
14.836999999999998 26.234
15.377999999999997 26.178
15.624000000000002 26.277
15.265 26.19
15.447 26.121000000000006
14.856 26.195999999999998
14.511 26.11
15.298 26.001
14.559999999999999 25.964
14.551 25.928
14.994 25.984
13.968 26.086
14.789 26.007
13.883000000000001 25.916
14.81 25.889999999999997
13.693999999999997 26.019
13.994000000000002 25.995
14.420000000000002 25.873
14.322000000000001 25.866
14.011 25.878
13.530999999999999 25.983
13.821 25.959000000000003
14.716000000000001 25.841
13.244 25.810999999999996
13.519 25.865000000000006
13.530999999999999 25.964
13.937 25.817
13.56 25.769
13.611999999999998 25.866
13.565 25.945
14.072 25.793000000000006
14.206 25.916
13.557000000000002 25.903
14.343 25.854
15.076 25.946
14.84 26.11
14.791000000000002 25.989
13.886 25.922999999999995
14.887 25.941000000000003
13.987 26.061
14.707 25.989
13.288 25.861999999999995
13.684 25.811
13.65 25.825
13.909000000000002 25.916
13.931 25.848000000000006
12.93 25.769000000000002
13.341 25.853000000000005
12.836 25.763
14.179 25.69
13.233 25.69
13.266 25.701999999999998
12.453 25.799000000000007
12.293000000000001 25.72
13.723999999999997 25.641
12.878 25.663999999999998
12.728 25.775000000000002
12.479 25.678
12.362 25.580000000000002
13.116999999999997 25.703000000000003
13.562000000000001 25.714
11.921000000000001 25.580000000000002
11.908 25.604
11.792 25.721
12.133 25.616
13.08 25.561
12.139 25.605
11.703000000000001 25.696
11.67 25.592
12.006 25.529999999999998
12.608 25.683
13.167000000000002 25.653000000000002
11.683 25.524
11.798000000000002 25.567999999999998
11.976 25.691000000000003
12.088000000000001 25.58
12.023 25.529999999999998
12.595 25.580000000000002
11.574 25.678
11.569 25.537
12.417 25.5
11.596 25.641
12.017999999999999 25.593
12.049 25.525
11.914 25.648
11.933 25.593
11.933 25.505999999999997
11.718 25.524
12.017 25.66
12.161 25.572999999999997
11.774999999999999 25.499
11.927999999999999 25.567999999999998
11.745 25.648
11.389999999999999 25.505999999999997
11.676 25.480999999999998
12.164 25.505
11.659 25.61
12.27 25.610999999999994
12.081 25.529999999999998
12.046000000000001 25.555
11.875 25.697000000000003
12.136999999999999 25.573999999999998
12.707 25.573999999999998
12.318000000000001 25.697000000000003
12.567 25.598
12.232 25.548
12.069000000000003 25.69
11.993 25.647000000000002
12.818999999999999 25.567
12.961 25.64
12.409 25.715
12.328999999999999 25.586000000000002
12.219 25.661
11.529 25.628999999999998
12.574 25.56
13.211 25.727
12.570999999999998 25.708
12.72 25.648
12.373000000000001 25.672
12.883 25.787000000000006
12.562000000000001 25.678
13.550999999999998 25.69
13.315 25.86
13.186 25.761999999999997
13.152999999999999 25.714
13.163 25.866
13.384000000000002 25.860000000000007
14.071 25.78
14.060999999999998 25.793
13.956 25.812
14.581 25.886000000000003
13.860000000000003 26.019000000000002
13.871 25.91
14.106 25.867
15.176 25.964
15.353 26.111
15.06 26.037000000000006
15.552 26.061999999999998
14.484000000000002 26.183
14.62 26.061
15.455 26.056
15.036 26.202
16.019000000000002 26.134
16.117 26.128
15.738999999999997 26.300999999999995
15.366 26.222
15.982 26.177
15.72 26.319000000000003
15.805 26.331
17.44 26.281
16.988999999999997 26.502
16.799999999999997 26.404000000000003
16.33 26.313000000000002
16.498 26.465000000000003
16.291 26.451999999999998
17.481 26.38
18.817 26.531
16.641000000000002 26.58
16.719 26.451999999999998
16.863999999999997 26.445999999999998
18.014999999999997 26.593
17.957 26.544
17.051 26.629
17.496000000000002 26.58
18.356 26.556
17.177 26.704
17.898999999999997 26.636
17.652 26.642
18.658 26.728
17.093 26.641000000000005
18.253000000000004 26.642
17.366 26.788
19.076 26.727
17.878000000000004 26.701999999999998
18.984 26.855999999999998
18.299000000000003 26.801
19.103 26.861
17.878 26.91
20.061999999999998 26.832
19.027 26.959
18.158 26.994999999999997
18.869 26.922
20.299999999999997 27.105999999999998
19.793999999999997 27.088
18.808 27.032
20.543999999999997 27.16
28.552699999999998 30.988000000000003
25.427999999999994 27.05
22.058 27.198
19.516 27.063
20.723000000000003 31.493000000000006
16.738999999999997 26.959
17.163 26.825
16.925 26.82
15.327000000000002 26.756999999999998
16.122 26.514
15.143 26.526000000000003
14.641000000000002 26.484
14.945 26.288
15.009 26.343
14.568 26.287
14.384999999999998 26.246000000000002
14.49 26.306
14.472000000000001 26.147
14.468 26.214
14.405000000000001 26.288
13.961000000000002 26.176999999999996
14.059 26.282
15.126999999999999 26.202
14.594000000000001 26.129
14.099 26.221
14.566 26.276
15.222000000000001 26.166
14.795 26.264
13.841999999999999 26.251
14.723999999999998 26.127999999999997
14.834 26.215
14.582 26.318
13.797 26.141000000000002
15.263000000000002 26.202
13.694 26.282
14.802999999999999 26.159
14.255999999999998 26.202
14.529999999999998 26.294
13.797 26.178
15.036 26.153
14.370000000000003 26.337
14.905000000000001 26.221
14.157 26.159
14.426 26.331
15.431999999999999 26.232
14.441 26.166
14.431000000000003 26.319
14.221 26.208000000000002
14.445 26.215
14.722000000000001 26.336000000000006
14.689000000000002 26.214
13.999 26.215
14.74 26.342000000000006
14.304 26.220999999999993
15.041999999999996 26.257
14.569 26.35
14.923 26.208000000000002
14.578 26.268
14.976000000000003 26.343
14.857000000000001 26.208
14.768 26.25
15.305000000000001 26.294
14.453000000000001 26.196
15.506 26.282
14.599 26.361
16.15 26.245
15.361999999999998 26.227
14.876999999999999 26.349
15.583 26.294
14.899000000000001 26.209
16.154999999999998 26.331
14.895 26.282
14.697 26.207
15.15 26.331
15.488000000000001 26.3
15.242 26.227
15.296 26.349
14.517 26.288
14.945999999999998 26.19
