39.971500000000006 73.59549999999999
38.755799999999994 73.62049999999999
37.451299999999996 73.6516
41.0964 73.6994
36.4894 73.71490000000001
36.9551 73.7444
37.180600000000005 73.77330000000002
36.6628 73.78880000000001
34.901199999999996 73.80229999999999
37.332300000000004 73.84740000000001
35.12580000000001 73.8649
36.463800000000006 73.8882
35.5267 73.92420000000001
34.09930000000001 73.9567
33.7235 73.9673
34.51839999999999 73.98559999999999
36.404500000000006 74.01039999999998
35.73909999999999 74.03739999999999
37.58140000000001 74.0697
37.9626 74.09470000000002
32.52780000000001 74.11420000000003
33.25670000000001 74.13300000000001
35.86090000000001 74.17010000000002
37.59590000000001 74.19610000000002
35.8926 74.21390000000001
33.0983 74.26389999999998
31.415299999999995 74.2667
34.11099999999999 74.2922
32.68099999999999 74.3
32.939299999999996 74.32469999999999
34.572 74.35899999999998
36.546 74.38529999999997
31.371499999999997 74.40839999999999
33.4602 74.4334
34.4107 74.45289999999999
34.0994 74.48019999999997
34.176600000000015 74.4987
29.458400000000008 74.50820000000002
29.121899999999997 74.52300000000001
32.0863 74.55830000000002
32.0967 74.58530000000003
31.08139999999999 74.61310000000003
28.847000000000005 74.63490000000002
29.573100000000004 74.65860000000002
28.265900000000006 74.68790000000001
29.478199999999994 74.71100000000001
31.687199999999997 74.7363
27.365499999999997 74.7503
30.14790000000001 74.7738
35.1237 74.78909999999999
31.959999999999994 74.82389999999998
27.631100000000004 74.85159999999998
26.918799999999997 74.85919999999999
29.243999999999993 74.88269999999999
27.5292 74.89119999999998
27.058699999999998 74.91679999999997
25.9745 74.92549999999999
24.6499 74.9425
25.660299999999996 74.95529999999998
26.943799999999996 74.97180000000002
29.226000000000003 74.9816
27.728 75.0069
25.012700000000006 75.02860000000003
24.712099999999996 75.04490000000003
29.980300000000003 75.07860000000002
24.135099999999998 75.08270000000003
23.330599999999997 75.09470000000003
23.467200000000005 75.10920000000002
22.816399999999998 75.12920000000001
22.937799999999996 75.15220000000001
23.052100000000006 75.15520000000001
24.108300000000003 75.1675
22.3603 75.18310000000001
22.843399999999995 75.19160000000001
22.3785 75.21379999999999
22.2727 75.23140000000001
23.626300000000004 75.2429
21.1793 75.26339999999998
22.176199999999998 75.26889999999999
21.171699999999998 75.28469999999997
21.760499999999993 75.30349999999999
21.978399999999993 75.32319999999999
22.766200000000005 75.33849999999998
22.589399999999994 75.37599999999999
25.1766 75.38659999999999
23.738 75.41029999999999
23.799899999999997 75.43560000000001
28.421499999999998 75.47190000000002
25.44929999999999 75.49309999999998
26.4907 75.51620000000003
27.2662 75.544
26.8339 75.569
27.636700000000005 75.60329999999999
29.5282 75.6326
28.349199999999993 75.6559
30.965599999999995 75.69019999999999
36.0592 75.7332
33.72699999999999 75.76769999999999
35.1529 75.814
34.974500000000006 75.84909999999999
34.90659999999999 75.88260000000001
34.91410000000001 75.92170000000003
36.1191 75.95770000000002
38.072599999999994 76.0045
38.705600000000004 76.04399999999998
43.10900000000001 76.0866
38.2576 76.1124
41.370099999999994 76.16609999999997
39.7776 76.19199999999996
40.1368 76.23649999999999
43.6111 76.27279999999999
46.403999999999996 76.3366
44.9631 76.37260000000002
46.29600000000001 76.42770000000002
45.8234 76.4855
45.649 76.5343
46.76880000000001 76.57539999999999
49.588 76.62819999999999
49.434999999999995 76.69370000000002
49.138000000000005 76.75080000000001
48.734 76.79760000000002
62.73399999999999 76.8683
51.00300000000001 76.92210000000001
63.361000000000004 76.98289999999999
53.245 77.0292
55.411 77.08
55.82899999999999 77.1411
53.91999999999998 77.18489999999998
53.93600000000001 77.241
53.087999999999994 77.28869999999999
53.12700000000001 77.33380000000001
54.31200000000002 77.37679999999999
55.83400000000002 77.4277
54.00899999999999 77.46340000000001
55.58099999999999 77.511
50.61599999999999 77.5528
51.952 77.5859
55.176999999999985 77.64519999999999
56.131 77.6892
51.69499999999999 77.7263
54.947999999999986 77.7929
55.88000000000001 77.83089999999999
52.196999999999996 77.5695
52.15999999999998 71.74790000000002
51.20800000000002 71.80820000000003
51.17999999999999 71.87550000000002
54.208999999999996 71.93010000000001
54.505 71.9972
52.024 72.0498
54.163000000000004 72.11919999999999
55.390000000000015 72.1708
54.847 72.23910000000001
57.81999999999999 72.2984
57.63599999999999 72.366
59.492999999999995 72.43489999999998
55.87799999999999 72.49669999999999
57.362 72.563
55.63699999999999 72.6125
59.760999999999996 72.672
60.907 72.7555
59.548 72.81240000000001
58.809999999999995 72.88390000000001
59.645 72.94470000000001
61.166999999999994 73.0151
63.660000000000004 73.09739999999998
60.053 73.14719999999998
60.613000000000014 73.22260000000003
62.33599999999999 73.28980000000001
60.535000000000004 73.3488
60.772999999999996 73.40960000000001
61.855000000000004 73.48959999999998
64.23700000000001 73.5672
65.53599999999999 73.64210000000001
64.498 73.69730000000001
65.74600000000001 73.7718
70.527 73.8591
74.554 73.93639999999998
73.193 74.02620000000002
67.524 74.0948
65.46700000000001 74.16019999999999
64.70100000000002 74.21940000000001
64.502 74.29570000000001
65.273 74.36850000000001
65.17200000000001 74.42729999999997
71.712 74.51910000000001
69.19300000000001 74.59300000000002
69.29700000000001 74.6604
71.986 74.7541
73.3 74.8253
80.81699999999998 74.8989
71.597 74.96610000000003
73.48899999999998 75.02860000000001
70.744 75.09969999999998
68.97899999999998 75.16529999999999
68.25199999999998 75.2346
72.033 75.2961
71.17299999999999 75.3642
68.73700000000001 75.43
67.379 75.49130000000001
69.46199999999999 75.54950000000001
69.39300000000001 75.60870000000001
63.711 75.6848
62.352 75.74500000000002
67.281 75.81820000000002
71.97200000000001 75.876
67.27799999999999 75.998
64.665 76.04910000000001
63.741 76.11149999999998
62.592000000000006 76.17080000000003
66.85199999999999 76.23530000000001
63.26399999999999 76.29400000000001
64.614 76.35609999999998
63.99900000000002 76.4051
64.947 76.47249999999998
63.920999999999985 76.53189999999998
63.108 76.57349999999998
57.494 76.63349999999998
58.79500000000001 76.67410000000001
59.248999999999995 76.72670000000001
61.20399999999998 76.8044
65.835 76.859
65.317 76.90670000000001
61.73500000000001 76.9708
59.17099999999999 77.02730000000001
61.63900000000001 77.0774
60.744 77.13980000000001
62.61200000000001 77.19940000000001
58.687000000000026 77.23450000000001
55.66099999999998 77.29820000000002
56.432 77.35310000000001
60.88499999999999 77.4062
58.933 77.47059999999998
62.18499999999999 77.5178
61.28800000000002 77.5926
56.97699999999999 77.62149999999998
58.13499999999999 77.68270000000001
61.155 77.7454
61.32000000000001 77.79769999999999
60.57600000000002 77.86690000000002
58.614 77.9086
61.69300000000002 77.97990000000003
61.363 78.04440000000002
62.254 78.0862
61.86800000000001 78.1531
64.70899999999999 78.21000000000001
59.55600000000001 76.76519999999998
61.7 75.2399
62.404 75.31740000000002
61.844 75.37040000000003
63.28499999999999 75.45530000000001
61.108999999999995 75.5026
59.113000000000014 75.57409999999999
60.496 75.614
55.993999999999986 75.68840000000002
58.94999999999999 75.74780000000001
61.78399999999999 75.80389999999998
61.32599999999999 75.85740000000001
56.155 75.88900000000001
54.99400000000001 75.95299999999999
53.96499999999998 75.5771
60.91900000000001 72.98209999999999
54.86599999999999 73.04360000000001
54.74300000000001 73.1006
54.48499999999999 73.16510000000001
49.56099999999999 72.3407
51.39900000000001 70.19310000000002
49.73400000000001 68.64240000000001
52.67200000000001 67.21770000000001
57.93999999999999 67.30470000000001
55.68000000000001 67.38470000000001
51.292000000000016 67.4284
52.726000000000006 67.1564
46.95489999999999 64.4422
48.434099999999994 64.49170000000001
47.479000000000006 64.54270000000002
48.65120000000001 64.62599999999999
45.726099999999995 64.67309999999999
45.928 64.7276
45.9913 64.76280000000001
45.7467 64.8094
45.3366 64.8577
44.2718 64.89349999999999
42.531400000000005 64.94839999999999
41.1149 64.99479999999998
41.8852 65.02999999999999
42.005199999999995 65.07939999999998
38.85150000000001 65.11649999999999
35.74719999999999 65.158
