34.831 36.804
35.803 36.762
37.456999999999994 36.70100000000001
39.471000000000004 36.859
37.623 36.877
38.196 36.8
36.487 36.730000000000004
37.904 36.794
40.265 36.988
36.809999999999995 36.842
35.548 36.735
38.671 36.712
37.596000000000004 36.882999999999996
38.672000000000004 36.787
39.68 36.93299999999999
36.311 36.766000000000005
39.539 36.98800000000001
39.582 37.11
38.397999999999996 37.054
38.263 36.818
40.544999999999995 36.99400000000001
39.949 36.982
41.369 36.933
40.541000000000004 36.931999999999995
40.992000000000004 37.017
38.93 36.827000000000005
38.824 36.742000000000004
45.783 37.09
40.466 36.744
39.196999999999996 36.744
41.639 36.971
40.308 36.676
44.75 36.829
40.31400000000001 36.937999999999995
40.026 36.915
38.025 37.031
38.592999999999996 36.846999999999994
42.096000000000004 36.828
41.328 36.891
39.861999999999995 36.951
40.943 36.945
40.216 36.873
34.918000000000006 36.848
36.462 36.772999999999996
38.928000000000004 36.718
39.581 36.854000000000006
37.602999999999994 37.004
35.96 36.76200000000001
34.881 36.749
31.602999999999998 36.713
32.997 36.89
31.604 36.763
30.25 36.756
31.732000000000006 36.714
29.863999999999997 36.915
27.124 33.97500000000001
27.24 32.193003
27.842999999999996 32.161907
30.779999999999998 32.240812
26.805999999999997 32.289526
26.727 32.19843100000001
22.406000000000002 30.24824
22.668999999999997 27.542482
23.913000000000004 27.560006000000005
25.396 27.738815000000006
24.396 27.70872
21.752999999999997 27.591527999999997
22.942000000000004 27.657528
21.435000000000002 27.726433
23.389000000000003 27.602432999999998
21.893 27.664433
19.657 27.604433
19.976 27.603433
18.891 27.499433
18.409 27.500432999999997
17.458 27.694432999999997
16.602 25.140337000000002
16.547 23.029103
18.42 22.991817
16.512999999999998 22.979626
16.250999999999998 23.047626
16.083 23.02853
15.5 23.034721
13.640999999999998 23.114625999999998
16.349 23.113626
13.523 23.021626
12.261 22.929721
13.352 22.997626
14.085 23.009721000000003
14.904 23.064626
13.019 23.017626000000003
12.531 23.04153
12.203999999999999 23.00353
10.261000000000001 22.941626
10.327 22.84534
11.242 22.912626000000003
11.4 22.863435000000003
11.047 22.906531
10.517 22.87534
10.640999999999998 22.943245
11.673 22.90634
10.457999999999998 22.87534
10.987 22.979340000000004
11.475 22.942244000000002
10.863999999999999 22.875149
10.862 22.887149
10.364 22.844148999999998
10.950000000000001 23.039054
10.431 22.867959000000003
10.544 22.857958999999997
9.652 22.758054
10.655999999999999 22.942054
10.818999999999999 22.904958999999998
10.705 22.881054000000002
10.766 22.869054000000002
10.947 22.991149
10.959000000000001 22.930958999999998
10.178999999999998 22.788959000000002
11.168 22.866959
10.632999999999997 22.904864000000003
9.222000000000001 22.776768000000004
10.347999999999999 22.837864000000003
10.031 22.764959
10.302 22.794864
10.691 22.776958999999998
10.943999999999999 22.922769000000002
10.953 22.825769
11.657 22.838864
11.066 22.813864000000002
11.126 22.721673000000006
11.688 22.734769000000004
12.93 22.850769
12.217 22.947769
13.251000000000001 25.408765999999993
14.256000000000002 27.241766000000002
14.62 27.285766
16.153 27.443765999999997
15.997 27.424766
16.936999999999998 27.383765999999998
17.377 27.486766000000003
16.368 27.419765999999996
18.706999999999997 30.787049
19.644000000000002 31.928048999999998
20.447 32.020049
19.61 32.002049
20.846 32.00804899999999
21.080000000000002 32.098049
20.196 32.099049
21.502 32.144048999999995
24.277 34.215999999999994
22.517 36.492000000000004
25.033999999999995 36.645
25.25 36.622
25.122 36.644
27.577 36.664
27.486 36.809999999999995
27.892999999999997 36.931000000000004
28.616999999999997 36.931999999999995
31.040999999999997 36.876999999999995
32.696 36.915
33.503 36.980000000000004
34.910000000000004 36.931999999999995
35.638 37.041999999999994
34.497 36.974999999999994
37.731 37.32299999999999
36.077999999999996 37.273
36.712999999999994 37.025
39.656000000000006 37.452
38.922000000000004 37.279
41.938 37.08
41.492000000000004 37.366
45.25900000000001 37.480000000000004
41.443000000000005 36.974000000000004
42.249 36.883
44.032999999999994 37.073
44.075 37.311
42.163000000000004 36.994
44.189 37.06
42.781000000000006 37.074
41.64999999999999 37.227
41.518 37.092000000000006
41.229 37.019000000000005
43.767999999999994 36.980000000000004
40.900000000000006 37.017
42.327999999999996 36.793
41.186 36.702
38.67100000000001 36.57899999999999
38.239999999999995 36.559999999999995
37.75 36.620000000000005
36.615 36.811
40.782999999999994 36.784
37.00599999999999 36.646
36.754999999999995 36.677
35.941 36.536
35.254000000000005 36.792
34.235 36.68900000000001
36.480999999999995 36.622
34.998000000000005 36.559000000000005
35.405 36.609
37.501 36.675000000000004
37.19 36.638999999999996
37.67700000000001 36.596000000000004
36.425 36.56
35.346 36.601000000000006
30.885 36.573
35.986 36.705000000000005
34.05200000000001 36.567
34.721000000000004 36.573
31.451 36.591
32.922000000000004 36.480999999999995
34.083 36.583000000000006
34.059000000000005 36.456
33.349 36.396
34.241 36.567
33.098000000000006 36.585
33.745999999999995 36.603
34.497 36.469
35.443000000000005 36.571999999999996
35.143 36.658
33.526 36.615
32.702 36.614000000000004
33.17400000000001 36.572
32.330000000000005 36.56
33.404 36.713
32.86 36.529
35.852000000000004 36.762
31.995 36.632999999999996
33.942 36.713
30.828 36.56099999999999
31.323 36.774
30.377 36.651
31.457 36.507
31.573 36.682
29.047 36.46399999999999
29.503999999999998 36.421
28.711 36.480000000000004
27.643 36.523
28.310000000000002 36.474999999999994
26.623000000000008 36.480999999999995
28.976999999999997 36.425000000000004
25.517 36.352999999999994
24.773999999999997 36.302
25.409 36.315
25.253999999999998 36.341
24.759 36.236
25.759999999999998 36.364000000000004
25.85 36.316
24.589 36.205
24.048 36.297999999999995
23.7 36.242000000000004
24.508 36.237
24.697000000000003 36.253
24.220999999999997 36.175000000000004
23.892000000000003 36.413999999999994
21.447999999999997 36.138000000000005
21.525999999999996 36.120000000000005
19.738 36.028000000000006
20.105 36.114000000000004
21.081999999999997 36.224999999999994
20.644999999999996 36.157000000000004
18.904 36.035000000000004
21.494999999999997 36.085
23.681 36.163000000000004
21.408 36.121
22.305 36.113
18.439999999999998 36.027
19.683000000000003 36.047999999999995
18.744 35.979000000000006
18.009 35.931000000000004
18.106 35.967
17.868000000000002 36.004000000000005
16.828000000000003 35.992000000000004
18.558999999999997 35.961999999999996
20.558 36.022999999999996
18.887 36.00399999999999
19.503999999999998 35.912
20.678 36.126000000000005
19.324 36.065000000000005
19.197999999999997 35.949
18.106 35.986000000000004
19.571 36.279
19.668 36.248
19.872999999999998 36.226
18.88 36.095
20.305999999999997 36.150000000000006
20.328 36.07599999999999
20.909999999999997 36.151999999999994
21.837000000000003 36.058
