16.189999999999998 5.713
18.12 5.718999999999999
20.14 5.756
18.459999999999997 5.768
14.21 5.676
16.53 5.707
22.220000000000002 5.774
16.869999999999997 5.7250000000000005
15.7 5.67
22.24 5.7860000000000005
15.840000000000002 5.731
14.01 5.67
19.85 5.718999999999999
18.33 5.743
13.889999999999999 5.67
17.380000000000003 5.695
18.85 5.762
14.48 5.67
13.889999999999999 5.67
19.950000000000003 5.743
14.89 5.774
17.630000000000003 5.829
23.32 5.779999999999999
16.189999999999998 5.731
16.48 5.682
16.939999999999998 5.688
18.77 5.774
15.989999999999998 5.682
16.16 5.676
21.26 5.779999999999999
13.77 5.682
13.99 5.6579999999999995
20.580000000000002 5.756
14.67 5.7250000000000005
13.33 5.664000000000001
21.39 5.743
14.82 5.695
14.84 5.676
20.53 5.737
15.260000000000002 5.718999999999999
14.14 5.664000000000001
19.509999999999998 5.707
19.63 5.768
15.5 5.682
18.09 5.713
17.75 5.756
13.96 5.67
17.11 5.707
19.259999999999998 5.774
13.99 5.682
16.06 5.682
20.07 5.792
13.79 5.682
14.99 5.676
21.12 5.774
15.329999999999998 5.718999999999999
14.16 5.676
21.07 5.774
14.21 5.713
14.580000000000002 5.676
19.17 5.743
18.16 5.768
14.940000000000001 5.682
19.040000000000003 5.7250000000000005
18.9 5.762
15.36 5.676
16.53 5.688
22.36 5.779999999999999
15.310000000000002 5.718999999999999
15.67 5.688
22.39 5.762
16.55 5.75
15.28 5.682
19.34 5.731
19.68 5.798
15.620000000000001 5.695
15.479999999999999 5.682
23.14 5.7860000000000005
15.260000000000002 5.718999999999999
15.329999999999998 5.688
22.12 5.779999999999999
15.939999999999998 5.756
15.310000000000002 5.688
19.46 5.731
17.82 5.762
15.14 5.695
15.7 5.688
22.46 5.779999999999999
15.6 5.701
15.8 5.695
21.73 5.75
17.36 5.743
14.97 5.695
17.990000000000002 5.718999999999999
20.9 5.7860000000000005
13.919999999999998 5.688
14.45 5.688
19.73 5.768
18.04 5.762
13.750000000000002 5.688
15.21 5.707
18.63 5.75
13.700000000000001 5.713
14.45 5.695
17.380000000000003 5.7250000000000005
15.97 5.756
12.959999999999999 5.688
15.97 5.707
17.5 5.768
13.18 5.688
15.06 5.701
18.21 5.743
14.45 5.743
13.18 5.682
15.989999999999998 5.713
17.36 5.774
29.520000000000003 11.383000000000001
20.4223 9.7576
14.6 5.17
15.67 5.542
15.75 5.542
15.82 5.56
15.989999999999998 5.591
16.77 5.603000000000001
14.360000000000001 5.621
10.63 5.579
11.52 5.554
11.129999999999999 5.554
11.450000000000001 5.566
15.21 5.603000000000001
14.31 5.621
12.770000000000001 5.566
13.889999999999999 5.621
13.01 5.615
11.16 5.554
14.06 5.615
14.530000000000001 5.634
11.77 5.573
15.65 5.646
12.7 5.646
14.38 5.585
14.649999999999999 5.67
11.379999999999999 5.579
15.620000000000001 5.64
13.23 5.664000000000001
14.21 5.603000000000001
13.94 5.652
10.780000000000001 5.585
16.43 5.64
11.62 5.603000000000001
12.72 5.579
14.77 5.64
13.65 5.664000000000001
11.91 5.621
15.040000000000001 5.652
11.55 5.621
12.72 5.591
15.06 5.652
14.11 5.695
17.19 5.688
16.06 5.682
13.819999999999999 5.664000000000001
12.389999999999999 5.603000000000001
14.62 5.646
15.479999999999999 5.664000000000001
15.010000000000002 5.676
12.870000000000001 5.634
14.330000000000002 5.6579999999999995
14.06 5.676
13.23 5.652
15.5 5.64
15.479999999999999 5.676
12.379999999999999 5.646
13.11 5.615
14.16 5.627
15.58 5.695
11.91 5.621
14.7 5.627
15.97 5.695
11.72 5.634
14.399999999999999 5.615
14.790000000000001 5.646
14.92 5.713
13.28 5.652
14.790000000000001 5.64
15.939999999999998 5.695
12.24 5.609
13.94 5.64
15.09 5.652
14.6 5.67
11.88 5.627
15.110000000000001 5.646
14.38 5.688
14.01 5.688
14.6 5.634
15.989999999999998 5.664000000000001
13.450000000000001 5.695
12.280000000000001 5.615
15.409999999999998 5.652
15.920000000000002 5.707
12.43 5.6579999999999995
15.65 5.646
15.97 5.707
11.540000000000001 5.64
13.26 5.64
15.479999999999999 5.664000000000001
15.160000000000002 5.707
14.23 5.7250000000000005
14.790000000000001 5.6579999999999995
14.75 5.707
14.11 5.718999999999999
14.45 5.695
14.97 5.676
15.160000000000002 5.7250000000000005
13.569999999999999 5.701
15.010000000000002 5.652
15.14 5.688
14.97 5.707
16.89 5.713
15.75 5.688
15.479999999999999 5.713
12.889999999999999 5.67
16.5 5.676
14.75 5.701
15.21 5.7250000000000005
15.53 5.682
14.360000000000001 5.713
14.75 5.75
13.719999999999999 5.676
15.5 5.707
14.16 5.731
14.75 5.713
15.82 5.682
16.38 5.743
12.55 5.676
15.040000000000001 5.664000000000001
15.36 5.682
16.02 5.713
12.44 5.646
15.67 5.707
14.7 5.7250000000000005
11.99 5.646
16.669999999999998 5.695
14.97 5.713
13.750000000000002 5.701
13.28 5.67
14.89 5.682
14.89 5.713
14.38 5.701
15.65 5.688
15.479999999999999 5.731
12.120000000000001 5.6579999999999995
14.31 5.67
15.65 5.713
13.99 5.707
12.72 5.646
16.11 5.701
14.649999999999999 5.743
12.889999999999999 5.646
15.920000000000002 5.676
15.97 5.737
13.059999999999999 5.688
13.28 5.652
15.09 5.718999999999999
14.6 5.713
14.330000000000002 5.695
15.989999999999998 5.701
15.6 5.7250000000000005
12.04 5.646
15.379999999999999 5.682
14.97 5.701
16.02 5.731
13.04 5.682
16.5 5.718999999999999
13.55 5.707
12.15 5.664000000000001
15.870000000000001 5.713
15.479999999999999 5.7250000000000005
15.82 5.756
14.77 5.688
16.82 5.731
12.65 5.688
14.09 5.682
16.919999999999998 5.707
16.14 5.75
12.21 5.664000000000001
16.06 5.688
15.6 5.75
