39.056999999999995 36.944
40.062000000000005 36.823
40.387 36.840999999999994
38.470000000000006 36.870999999999995
41.091 36.97
40.538000000000004 37.001999999999995
39.30499999999999 37.061
40.314 37.06
43.81699999999999 37.293000000000006
41.108 37.214000000000006
42.937999999999995 37.147
43.132999999999996 37.092
41.827000000000005 37.317
43.25000000000001 37.279999999999994
38.99700000000001 37.220000000000006
39.012 37.255
38.245 37.164
41.45 37.206
39.765 37.117
40.56999999999999 37.164
42.366 37.159000000000006
44.135000000000005 37.169999999999995
42.76200000000001 37.114999999999995
44.023999999999994 37.079
43.596999999999994 37.072
49.457 37.097
46.550999999999995 37.22
46.691 37.263999999999996
43.213 37.213
43.665 37.353
44.983999999999995 37.26199999999999
44.946000000000005 37.159
44.153999999999996 37.117
44.226000000000006 37.14
47.535 37.181999999999995
42.017999999999994 37.08
40.936 36.975
41.096 37.164
41.548 37.152
40.887 37.099
40.008 37.074999999999996
40.443 37.134
40.660999999999994 37.146
40.1 37.195
39.837 37.091
42.656000000000006 36.944
39.447 36.925000000000004
39.599000000000004 36.944
34.527 35.723
36.114000000000004 32.518245
32.85 32.319907
34.796 32.291003
37.480999999999995 32.540098
33.313 32.515097999999995
34.961 32.400098
30.975 32.582098
33.337 32.490003
33.173 28.756802999999998
31.596999999999998 27.919860699999997
29.994 27.877956700000002
28.314 27.908956700000005
25.341 27.762956700000004
28.265 27.791956700000004
25.078 27.956146999999998
25.653000000000002 27.891052
24.555000000000003 27.8227653
23.656 27.9447653
22.691999999999997 27.858860700000005
21.881 27.7807653
22.961000000000002 27.774765300000006
23.674999999999997 27.7677653
20.047 27.7747653
20.227 26.4688613
17.523 23.1104883
18.756 23.223436299999996
19.178 23.217245300000002
16.122 23.2904363
15.697 23.0872453
14.493 23.0393413
15.628 23.095245300000002
14.509000000000002 23.0082453
13.847000000000001 23.1063413
14.110999999999999 23.033436299999998
12.017 23.003341300000002
12.974 23.040245300000002
13.672 23.016341300000004
13.028 23.070341300000003
13.272 23.027436300000005
11.079 20.4764367
10.501 18.4956297
10.837 18.4706297
11.026 18.549534
10.749 18.666629999999998
9.351 18.45863
10.684 18.396534
11.084000000000001 18.543725
9.173 18.446629
10.595 18.446439
10.807 18.397534
9.363 18.373439
9.189 18.43463
9.406 18.434438
9.717 18.501438000000004
8.578 18.434247
9.985 18.439438000000003
9.606 18.446629
8.252 18.385629
8.197000000000001 18.4104387
8.312999999999999 18.3972477
9.057 18.3792477
8.803999999999998 18.3912477
8.303 18.367342700000002
8.975 18.4641527
8.849000000000002 18.4512477
9.677 18.4512477
8.481 18.397151700000002
7.878 18.3791517
7.6690000000000005 18.380152700000004
8.218 18.324152700000003
9.366 18.451961700000002
8.322000000000001 18.3551527
8.078000000000001 18.331152700000004
9.386999999999999 18.373152700000002
9.118 18.348057700000002
9.821 18.324056700000003
9.838999999999999 18.3490567
9.457 18.331247700000002
9.13155 18.2975857
12.020999999999999 22.7291497
10.923 22.7229587
9.824 22.741054700000003
10.938 22.8689587
13.515999999999998 22.8329587
11.722000000000001 22.832958700000006
12.601 22.935958700000004
12.967 22.867958700000003
12.389999999999999 22.7760547
12.686 22.8570547
14.661 23.831565700000002
15.628 27.3837657
15.697999999999999 27.279765700000002
16.248 27.333765700000008
16.467 27.346670700000004
17.898999999999997 27.425670699999998
19.089 27.419670700000005
21.63 30.560717000000004
22.888 32.9823
21.481 31.973955999999998
22.026 32.137766
23.006999999999998 32.179575
23.935 32.22867
25.041800000000002 32.549499999999995
24.06 36.663000000000004
25.217 36.774
26.398000000000003 36.725
28.686999999999998 36.88999999999999
27.47 36.853
28.221999999999998 36.882999999999996
28.595000000000002 36.805
29.871000000000002 36.937999999999995
31.269000000000002 36.951
32.080000000000005 37.041999999999994
34.704 37.074
34.48 37.047
37.102 37.053999999999995
41.302 37.097
39.856 37.158
38.879999999999995 37.189
37.439 37.104
39.160000000000004 37.139
43.495 37.126999999999995
43.743 37.232
43.812999999999995 37.214
41.093999999999994 37.14099999999999
42.791999999999994 37.072
46.668 37.214
46.307 37.230999999999995
46.410000000000004 37.042
47.126 37.104
48.358000000000004 37.226
47.614000000000004 37.158
49.56100000000001 37.31699999999999
49.120999999999995 37.37199999999999
49.888999999999996 37.28
49.334999999999994 37.39
49.297999999999995 37.323
48.028999999999996 37.151
48.821 37.085
51.117000000000004 37.238
51.385999999999996 37.285999999999994
50.049 37.194
48.321000000000005 37.189
50.580999999999996 37.183
49.21900000000001 37.151
50.06699999999999 37.049
52.71 37.32300000000001
53.576 37.20700000000001
51.734 37.303999999999995
50.75000000000001 37.017
51.049 37.042
48.876000000000005 37.134
52.276 37.103
51.824000000000005 37.25
49.798 37.329
49.541999999999994 37.291
48.097 37.067
49.821999999999996 37.023999999999994
51.312000000000005 37.146
49.06 37.084
49.248000000000005 37.262
47.949000000000005 37.24
50.653000000000006 37.220000000000006
52.39900000000001 37.33
47.588 37.073
49.963 37.171
47.035000000000004 36.962
46.62500000000001 36.94499999999999
50.010999999999996 37.073
51.166 37.059999999999995
48.498999999999995 37.23199999999999
48.59099999999999 37.144000000000005
47.882999999999996 37.11
50.77600000000001 37.133
51.43500000000001 37.263000000000005
51.135000000000005 37.324
54.108000000000004 37.214000000000006
49.504999999999995 37.086
54.047 37.244
50.452 37.036
50.769 37.127
50.318 37.207
47.46 37.126999999999995
53.59499999999999 37.318
52.861999999999995 37.364000000000004
49.68900000000001 37.25600000000001
49.06 37.14
52.556000000000004 37.53
52.137000000000015 37.567
52.60600000000001 37.458
53.028 37.446
49.99399999999999 37.477000000000004
52.056999999999995 37.561
51.208 37.441
53.331999999999994 37.287000000000006
53.943 37.524
52.129999999999995 37.233
52.294 37.555
51.17800000000001 37.341
51.678999999999995 37.311
50.44500000000001 37.495
54.211 37.348000000000006
50.464 37.525000000000006
51.05 37.445
51.971999999999994 37.342000000000006
48.760999999999996 37.141999999999996
50.678 37.029
53.54 37.298
52.751999999999995 37.323
49.10900000000001 37.288
51.83200000000001 37.36
53.43599999999999 37.385
50.487999999999985 37.196999999999996
47.17400000000001 37.037
49.664 37.022000000000006
46.410999999999994 36.999
49.604000000000006 37.123
48.205999999999996 36.994
45.080999999999996 37.128
46.69799999999999 37.042
47.461000000000006 37.196
43.86800000000001 37.079
44.416 37.135
42.876 37.037000000000006
44.414 37.091
43.20700000000001 37.078
43.30499999999999 36.94499999999999
42.163999999999994 36.949
40.808 37.129
37.18299999999999 37.158
39.550999999999995 37.171
38.684000000000005 37.145999999999994
40.056999999999995 37.232
36.102000000000004 37.001
40.259 37.096999999999994
38.704 36.981
38.145999999999994 36.913000000000004
39.605000000000004 36.986000000000004
35.413 36.902
