76.47900000000001 22.180000000000003
77.222 22.218
75.68199999999999 22.081999999999997
76.03699999999999 22.183999999999997
77.025 22.176000000000002
76.49000000000001 22.137
76.197 22.223000000000003
76.93900000000001 22.199
75.26799999999999 22.094
75.794 22.180999999999997
75.57499999999999 22.173000000000005
75.86599999999999 22.119
76.245 22.173000000000005
76.91699999999999 22.281999999999996
75.35399999999998 22.089
75.39 22.149
75.84100000000001 22.222
75.37599999999999 22.134
75.17099999999999 22.192000000000004
75.78099999999999 22.222
74.437 22.063999999999997
74.55899999999998 22.134
74.13199999999999 22.171000000000003
74.475 22.092
74.75599999999999 22.125
75.98799999999999 22.304000000000002
74.51199999999999 22.086
74.74199999999999 22.146
75.681 22.225
74.901 22.154
75.148 22.207
75.976 22.264000000000003
74.72999999999999 22.104999999999997
74.80399999999999 22.208
74.59599999999999 22.167
74.828 22.125
75.37700000000001 22.180000000000003
75.928 22.301
74.438 22.108
74.583 22.152
75.52499999999999 22.240000000000006
74.84200000000001 22.159000000000002
75.197 22.168000000000003
76.208 22.313
75.17099999999999 22.128999999999998
75.14699999999999 22.161
74.988 22.213
74.84299999999999 22.12
75.21799999999999 22.126
76.80600000000001 22.347
75.11 22.153
75.026 22.167
75.831 22.252
74.97599999999998 22.166
75.29299999999999 22.159000000000002
76.47699999999999 22.322
75.073 22.156000000000002
75.0 22.19
74.77799999999999 22.246000000000006
74.54899999999999 22.172000000000004
75.02399999999999 22.200999999999997
75.512 22.335
74.18199999999999 22.16
74.53299999999999 22.274
75.17200000000001 22.209
74.695 22.199
74.732 22.262000000000004
75.64699999999999 22.304000000000002
74.64499999999998 22.144
74.585 22.164
74.317 22.228
74.61 22.144
74.68299999999999 22.162000000000003
75.878 22.319
74.595 22.128999999999998
75.33 22.152
75.76699999999998 22.282000000000004
75.33999999999999 22.19
75.22 22.235000000000003
75.53599999999999 22.316999999999997
74.54799999999999 22.149
74.53599999999997 22.217000000000002
74.244 22.229000000000003
74.451 22.172
74.44 22.199
75.22 22.347
73.57199999999999 22.145
74.14399999999999 22.163
75.14800000000001 22.292
74.562 22.180000000000003
74.78099999999999 22.268
75.13300000000001 22.244000000000003
74.475 22.188999999999997
74.132 22.265
73.82799999999999 22.154
74.62199999999999 22.259000000000004
74.694 22.297
75.84300000000002 22.266
74.415 22.293000000000003
73.681 22.191
75.07199999999999 22.192
74.76799999999999 22.323000000000004
74.035 22.168000000000003
74.632 22.247
73.96199999999999 22.274
73.56 22.15
74.256 22.199
74.79400000000001 22.352
74.5 22.226000000000003
75.70800000000001 22.304000000000002
74.035 22.282000000000004
73.63099999999999 22.15
74.81500000000001 22.212
75.40400000000001 22.382
74.98799999999999 22.195999999999998
76.295 22.369
74.353 22.221
73.705 22.152
74.03499999999998 22.221
74.27899999999998 22.272
73.99799999999999 22.149
75.121 22.329
73.46199999999999 22.165000000000003
73.741 22.164
75.073 22.304000000000006
74.268 22.208000000000002
73.975 22.201
75.05999999999999 22.341
73.93799999999999 22.147
74.33999999999999 22.243000000000002
73.88899999999998 22.177000000000003
74.38799999999999 22.196
74.68199999999999 22.27
75.865 22.259
74.755 22.162000000000003
76.011 22.360000000000003
76.707 22.330000000000002
76.89199999999998 22.358
75.98699999999998 22.382999999999996
76.549 22.281
75.69399999999999 22.233999999999998
76.026 22.302000000000003
75.29199999999999 22.183
75.33000000000001 22.216
75.51099999999998 22.304000000000006
76.18499999999999 22.277
75.15899999999999 22.213
75.232 22.285000000000004
76.172 22.21
75.805 22.284000000000002
74.609 22.284000000000002
75.062 22.261000000000003
74.54899999999999 22.21
75.317 22.298000000000002
74.82799999999999 22.204
74.97399999999999 22.229000000000003
75.551 22.311
76.01299999999999 22.292
75.195 22.253
74.708 22.297
75.24500000000002 22.216
75.463 22.317000000000004
75.03599999999999 22.277
75.85499999999999 22.282
74.392 22.220000000000002
74.15599999999999 22.289
73.62099999999998 22.180000000000003
74.584 22.299000000000003
75.011 22.288
75.94000000000001 22.383000000000003
74.633 22.43
73.97500000000001 22.262
74.999 22.21
74.80399999999999 22.336
73.52299999999998 22.24
74.68299999999999 22.252
74.82699999999998 22.291000000000004
74.194 22.264999999999997
73.94999999999999 22.192
74.77999999999999 22.333000000000002
74.82799999999999 22.254999999999995
74.92599999999999 22.264
74.57300000000001 22.307999999999996
74.26799999999997 22.249000000000002
75.24499999999999 22.225
74.695 22.351000000000003
74.32900000000001 22.267
74.511 22.279
74.109 22.229000000000003
73.86600000000001 22.305000000000003
73.64299999999999 22.207000000000004
74.32699999999998 22.248
75.18199999999999 22.333
74.85399999999998 22.289
73.97299999999998 22.231
74.695 22.313999999999997
75.51199999999997 22.246
74.31700000000001 22.238999999999997
74.55999999999999 22.313000000000002
74.57400000000001 22.322000000000003
74.04899999999999 22.186000000000003
73.53599999999999 22.195000000000004
73.71799999999999 22.301999999999996
73.65599999999999 22.221000000000004
74.59499999999998 22.21
75.27899999999998 22.387
74.90299999999999 22.222
74.68299999999999 22.225
76.404 22.384999999999998
74.53599999999997 22.295
74.93799999999999 22.32
74.68199999999999 22.368000000000002
73.80399999999999 22.232000000000003
74.132 22.320000000000004
74.05999999999999 22.318
74.256 22.244
74.81599999999999 22.237
74.779 22.403000000000002
73.90199999999999 22.238
74.19299999999998 22.216
75.597 22.35
74.33999999999999 22.28
74.90299999999999 22.233
75.41399999999999 22.408
74.41499999999999 22.3
73.79099999999998 22.220000000000002
73.817 22.308
73.90100000000001 22.304
74.499 22.226000000000003
74.684 22.376
74.20599999999999 22.311999999999998
73.80399999999999 22.231
75.121 22.291
74.77999999999999 22.382
74.76700000000001 22.266000000000002
74.536 22.299000000000003
74.609 22.320000000000004
73.91399999999999 22.288
73.60699999999999 22.221
74.365 22.343000000000004
74.67099999999999 22.351000000000003
74.26899999999999 22.303
74.07199999999999 22.351000000000003
73.57199999999999 22.229000000000003
74.707 22.251
74.84299999999999 22.367
74.854 22.299000000000007
74.09700000000001 22.296000000000003
74.11899999999999 22.312
73.27899999999998 22.288
73.216 22.223
74.27900000000001 22.352
74.93899999999998 22.282000000000004
74.315 22.291
73.999 22.248
74.39999999999999 22.339000000000002
74.62199999999999 22.272000000000002
74.75599999999999 22.287999999999997
75.512 22.375
74.70599999999999 22.317
75.28200000000001 22.249000000000002
75.04899999999999 22.349000000000004
74.195 22.255000000000003
74.60900000000001 22.273
76.122 22.376
75.488 22.342000000000002
74.511 22.231
74.89099999999999 22.3
75.376 22.367000000000004
74.401 22.282000000000004
75.17099999999999 22.288
75.43799999999999 22.416
75.06099999999999 22.285999999999998
75.03699999999999 22.272000000000002
74.93899999999998 22.561999999999998
74.86599999999999 22.369
75.514 22.285000000000004
74.866 22.333000000000002
74.38899999999998 22.380999999999997
73.866 22.284000000000002
75.013 22.272
74.573 22.394
74.952 22.358
75.26899999999999 22.323
74.512 22.261000000000003
74.40099999999998 22.262999999999998
74.04799999999999 22.363
74.31599999999999 22.296000000000006
