13.059999999999999 5.737
17.53 5.8229999999999995
14.530000000000001 5.774
14.04 5.75
14.430000000000001 5.756
16.24 5.835
15.5 5.762
13.889999999999999 5.75
17.31 5.811
16.04 5.804
15.6 5.768
15.09 5.779999999999999
16.82 5.835
17.21 5.840999999999999
15.97 5.914
13.43 5.884
23.02 5.859
16.33 5.774
13.99 5.75
16.53 5.762
17.21 5.8229999999999995
17.94 5.829
15.89 5.798
17.990000000000002 5.829
15.190000000000001 5.8229999999999995
14.530000000000001 5.756
18.07 5.804
16.189999999999998 5.8229999999999995
15.58 5.792
18.87 5.811
15.21 5.8229999999999995
13.919999999999998 5.743
17.97 5.798
16.189999999999998 5.829
15.28 5.804
18.990000000000002 5.792
15.53 5.829
13.16 5.762
17.77 5.804
15.989999999999998 5.829
12.959999999999999 5.768
17.65 5.804
14.84 5.811
12.7 5.743
18.33 5.798
13.669999999999998 5.792
12.43 5.737
17.580000000000002 5.792
14.14 5.811
11.99 5.737
16.53 5.768
15.229999999999999 5.811
12.15 5.737
14.97 5.743
17.72 5.804
16.6 5.811
16.5 5.811
18.63 5.840999999999999
14.530000000000001 5.798
12.65 5.731
18.360000000000003 5.792
14.38 5.792
12.72 5.731
14.62 5.75
18.38 5.829
12.65 5.743
12.72 5.737
18.529999999999998 5.7860000000000005
14.499999999999998 5.792
13.01 5.737
13.99 5.75
18.82 5.829
12.67 5.737
13.04 5.743
18.33 5.756
16.89 5.7860000000000005
18.65 5.840999999999999
13.719999999999999 5.768
18.9 5.811
14.45 5.7860000000000005
13.309999999999999 5.731
17.11 5.768
17.07 5.840999999999999
12.7 5.75
13.889999999999999 5.737
18.09 5.7860000000000005
16.939999999999998 5.811
16.21 5.792
18.87 5.7860000000000005
18.12 5.792
16.38 5.8229999999999995
17.72 5.811
18.509999999999998 5.7860000000000005
16.97 5.835
14.45 5.756
17.29 5.756
16.97 5.829
14.77 5.792
14.82 5.743
17.75 5.817
17.29 5.835
13.43 5.768
16.869999999999997 5.768
15.89 5.865
19.17 5.865
18.8 5.878
21.560000000000002 5.859
13.919999999999998 5.779999999999999
13.059999999999999 5.731
15.89 5.75
18.14 5.817
14.360000000000001 5.7860000000000005
13.669999999999998 5.731
17.72 5.792
17.21 5.817
17.04 5.8229999999999995
16.89 5.779999999999999
17.7 5.817
14.7 5.798
13.089999999999998 5.743
18.07 5.779999999999999
17.82 5.835
14.67 5.774
14.580000000000002 5.75
18.6 5.840999999999999
13.04 5.762
13.530000000000001 5.743
17.53 5.774
16.48 5.829
15.14 5.811
14.62 5.75
18.07 5.859
13.059999999999999 5.774
13.059999999999999 5.743
17.7 5.798
15.36 5.804
12.790000000000001 5.737
15.8 5.762
18.73 5.829
13.569999999999999 5.768
13.62 5.756
17.5 5.779999999999999
17.09 5.829
12.989999999999998 5.756
15.479999999999999 5.762
17.990000000000002 5.798
17.14 5.840999999999999
13.43 5.75
18.82 5.7860000000000005
17.26 5.853
12.959999999999999 5.762
15.09 5.756
18.6 5.829
13.209999999999999 5.768
13.38 5.743
17.26 5.792
16.6 5.835
13.750000000000002 5.75
15.620000000000001 5.756
18.19 5.847
15.840000000000002 5.8229999999999995
13.65 5.762
18.43 5.817
16.6 5.878
13.94 5.779999999999999
16.02 5.7860000000000005
16.82 5.847
16.72 5.835
14.430000000000001 5.774
17.68 5.8229999999999995
16.97 5.840999999999999
14.09 5.811
16.939999999999998 5.7860000000000005
17.75 5.859
14.26 5.768
15.55 5.774
18.240000000000002 5.8229999999999995
15.6 5.817
13.84 5.762
17.330000000000002 5.804
18.19 5.853
14.430000000000001 5.792
16.21 5.774
18.02 5.847
15.770000000000001 5.8229999999999995
14.21 5.774
18.529999999999998 5.835
16.77 5.865
14.16 5.7860000000000005
17.04 5.798
16.53 5.840999999999999
16.8 5.859
15.43 5.798
19.09 5.853
14.16 5.7860000000000005
13.62 5.768
17.87 5.811
17.580000000000002 5.840999999999999
13.94 5.774
16.63 5.7860000000000005
18.7 5.847
13.700000000000001 5.779999999999999
14.67 5.774
18.990000000000002 5.835
14.580000000000002 5.811
14.14 5.774
17.19 5.792
17.43 5.865
14.280000000000001 5.798
15.010000000000002 5.774
18.529999999999998 5.847
15.43 5.847
13.94 5.768
16.16 5.7860000000000005
16.8 5.859
18.990000000000002 5.872
16.31 5.829
17.9 5.853
16.33 5.853
14.180000000000001 5.792
18.58 5.798
18.29 5.865
13.209999999999999 5.7860000000000005
16.259999999999998 5.779999999999999
18.33 5.835
14.330000000000002 5.817
13.669999999999998 5.762
18.92 5.829
15.310000000000002 5.835
13.450000000000001 5.762
15.840000000000002 5.7860000000000005
17.9 5.859
13.5 5.762
12.94 5.768
18.7 5.8229999999999995
16.11 5.835
14.23 5.774
15.939999999999998 5.774
17.36 5.8229999999999995
15.45 5.847
13.309999999999999 5.768
17.330000000000002 5.798
16.919999999999998 5.853
13.4 5.779999999999999
14.97 5.768
18.55 5.859
13.04 5.792
13.77 5.762
17.02 5.7860000000000005
16.99 5.835
13.309999999999999 5.768
13.4 5.762
18.9 5.829
14.89 5.8229999999999995
13.23 5.762
15.160000000000002 5.774
17.630000000000003 5.847
14.23 5.835
13.18 5.756
17.14 5.792
17.48 5.859
13.16 5.774
14.14 5.768
18.9 5.840999999999999
15.260000000000002 5.835
13.059999999999999 5.762
15.7 5.7860000000000005
17.9 5.853
13.4 5.768
13.089999999999998 5.768
17.94 5.8229999999999995
15.75 5.853
13.13 5.792
14.31 5.7860000000000005
18.95 5.872
12.989999999999998 5.804
13.65 5.779999999999999
16.5 5.798
17.849999999999998 5.853
13.87 5.7860000000000005
13.26 5.779999999999999
19.040000000000003 5.835
14.84 5.840999999999999
13.450000000000001 5.779999999999999
14.62 5.792
17.43 5.853
16.869999999999997 5.859
13.11 5.792
