18.16 5.737
17.02 5.7860000000000005
21.310000000000002 5.762
13.209999999999999 5.75
15.329999999999998 5.829
21.48 5.7860000000000005
16.11 5.731
16.259999999999998 5.731
18.68 5.75
14.77 5.701
13.04 5.792
14.499999999999998 5.8229999999999995
14.45 5.835
14.31 5.811
20.07 5.774
14.360000000000001 5.695
17.43 5.7250000000000005
14.14 5.67
18.29 5.743
18.7 5.762
18.29 5.731
14.23 5.688
13.600000000000001 5.811
16.16 5.798
15.36 5.817
14.06 5.798
15.43 5.804
22.12 5.817
19.68 5.774
15.329999999999998 5.707
17.21 5.731
13.23 5.701
16.72 5.701
15.14 5.701
15.840000000000002 5.695
16.580000000000002 5.7250000000000005
16.09 5.695
18.04 5.713
20.02 5.731
16.72 5.731
17.02 5.688
16.16 5.676
17.04 5.731
20.68 5.756
15.5 5.707
16.919999999999998 5.7250000000000005
14.7 5.718999999999999
15.190000000000001 5.731
16.99 5.731
17.580000000000002 5.737
14.82 5.701
15.89 5.695
13.309999999999999 5.682
14.399999999999999 5.664000000000001
15.6 5.718999999999999
14.82 5.67
15.010000000000002 5.688
13.819999999999999 5.701
14.280000000000001 5.6579999999999995
15.939999999999998 5.718999999999999
13.26 5.6579999999999995
13.18 5.652
15.55 5.731
14.399999999999999 5.6579999999999995
13.309999999999999 5.652
16.24 5.737
14.6 5.6579999999999995
13.750000000000002 5.652
16.72 5.7250000000000005
14.01 5.652
13.99 5.652
16.939999999999998 5.713
13.089999999999998 5.652
14.940000000000001 5.664000000000001
15.920000000000002 5.676
14.82 5.688
15.310000000000002 5.67
13.33 5.646
17.07 5.713
14.430000000000001 5.652
15.14 5.67
16.11 5.676
17.36 5.737
15.14 5.682
14.89 5.67
16.259999999999998 5.7250000000000005
15.840000000000002 5.67
13.209999999999999 5.646
17.26 5.7250000000000005
13.700000000000001 5.6579999999999995
14.23 5.6579999999999995
17.599999999999998 5.695
13.38 5.682
15.21 5.664000000000001
13.65 5.652
16.75 5.7250000000000005
14.31 5.652
13.750000000000002 5.652
16.259999999999998 5.701
17.24 5.707
15.8 5.676
13.13 5.646
14.940000000000001 5.652
17.11 5.713
14.82 5.676
13.450000000000001 5.646
17.46 5.701
16.259999999999998 5.682
14.549999999999999 5.652
14.940000000000001 5.646
19.56 5.737
18.09 5.718999999999999
14.38 5.646
17.330000000000002 5.695
18.63 5.731
15.45 5.664000000000001
15.28 5.652
19.34 5.743
14.940000000000001 5.688
15.8 5.676
17.97 5.707
16.939999999999998 5.707
15.409999999999998 5.664000000000001
15.620000000000001 5.652
18.55 5.731
16.53 5.676
15.28 5.6579999999999995
17.16 5.688
18.77 5.737
16.189999999999998 5.676
15.53 5.6579999999999995
19.09 5.737
18.21 5.7250000000000005
15.82 5.664000000000001
18.29 5.695
20.169999999999998 5.756
15.110000000000001 5.67
16.28 5.6579999999999995
18.07 5.737
18.12 5.737
16.63 5.688
16.650000000000002 5.707
20.849999999999998 5.756
15.36 5.676
16.72 5.67
18.7 5.756
17.02 5.713
16.189999999999998 5.67
17.8 5.731
20.09 5.743
16.36 5.688
16.77 5.682
18.509999999999998 5.743
16.89 5.713
16.63 5.676
18.68 5.737
19.259999999999998 5.7250000000000005
17.09 5.67
17.72 5.701
20.560000000000002 5.75
19.139999999999997 5.7250000000000005
17.43 5.67
18.9 5.743
19.900000000000002 5.743
16.28 5.664000000000001
19.31 5.75
17.46 5.701
15.989999999999998 5.676
18.58 5.682
21.240000000000002 5.75
16.259999999999998 5.688
17.16 5.664000000000001
19.8 5.756
21.240000000000002 5.798
16.99 5.688
18.8 5.731
19.040000000000003 5.7250000000000005
14.330000000000002 5.646
17.599999999999998 5.713
18.95 5.75
16.09 5.695
16.21 5.682
19.650000000000002 5.737
18.21 5.756
16.89 5.701
18.29 5.718999999999999
17.87 5.676
15.72 5.664000000000001
18.04 5.688
19.75 5.743
17.53 5.737
16.04 5.682
20.21 5.756
19.509999999999998 5.756
14.87 5.67
18.95 5.7250000000000005
18.04 5.768
18.6 5.774
16.7 5.737
22.900000000000002 5.8229999999999995
18.21 5.75
17.919999999999998 5.707
20.46 5.792
17.94 5.731
16.669999999999998 5.688
16.06 5.762
20.97 5.8229999999999995
17.77 5.743
20.24 5.743
20.0 5.762
19.12 5.731
18.92 5.743
21.73 5.804
17.97 5.743
16.5 5.695
19.509999999999998 5.762
17.580000000000002 5.707
18.48 5.762
21.12 5.811
20.34 5.762
17.549999999999997 5.779999999999999
21.12 5.779999999999999
15.989999999999998 5.804
18.09 5.829
19.75 5.743
21.17 5.7860000000000005
17.09 5.731
17.24 5.743
17.580000000000002 5.718999999999999
20.07 5.75
19.6 5.8229999999999995
20.75 5.7860000000000005
19.919999999999998 5.737
15.28 5.688
21.0 5.762
16.21 5.701
20.65 5.75
15.72 5.701
19.259999999999998 5.707
17.21 5.7250000000000005
16.7 5.695
18.75 5.756
16.36 5.695
18.8 5.737
14.430000000000001 5.664000000000001
20.34 5.75
18.63 5.768
19.34 5.713
18.310000000000002 5.75
18.04 5.688
20.75 5.718999999999999
18.21 5.743
18.509999999999998 5.718999999999999
18.14 5.737
14.23 5.664000000000001
20.04 5.743
13.33 5.695
14.87 5.664000000000001
21.22 5.762
16.38 5.731
15.620000000000001 5.676
21.17 5.75
19.82 5.756
17.330000000000002 5.737
20.04 5.774
14.940000000000001 5.688
16.72 5.695
20.02 5.762
13.99 5.688
15.97 5.676
20.29 5.768
15.55 5.718999999999999
15.6 5.676
20.630000000000003 5.75
19.09 5.756
17.580000000000002 5.713
19.040000000000003 5.713
20.46 5.768
18.990000000000002 5.737
15.870000000000001 5.676
21.34 5.768
17.990000000000002 5.762
14.499999999999998 5.676
21.310000000000002 5.7250000000000005
18.29 5.75
17.549999999999997 5.731
18.43 5.701
20.78 5.756
