22.790899999999997 28.27
22.9302 28.274
22.748899999999995 28.275
23.1957 28.274
22.6645 28.274999999999995
22.191599999999998 28.274
21.827199999999998 28.272000000000002
21.520400000000002 28.270999999999997
23.239500000000003 28.269
23.404700000000002 28.287000000000003
23.4805 28.274
23.146000000000004 28.28
22.437100000000004 28.275999999999996
22.8436 28.276999999999997
22.7765 28.272000000000002
23.400599999999997 28.269
23.675600000000003 28.273
23.669299999999996 28.276999999999997
23.211899999999996 28.271
23.566300000000005 28.276999999999997
24.094700000000003 28.271
23.969000000000005 28.282
24.639800000000005 28.27
24.713900000000002 28.273
24.036900000000003 28.270999999999997
24.0167 28.270999999999997
24.849500000000003 28.27
25.165 28.266999999999996
25.005 28.272000000000002
24.508799999999997 28.272000000000002
24.281 28.276999999999997
25.1498 28.267000000000003
25.2546 28.272
25.438 28.28
25.4121 28.273
25.023700000000005 28.273
24.4313 28.269
24.4907 28.269999999999996
24.150700000000004 28.266999999999996
26.035099999999993 28.269
25.367099999999997 28.270999999999997
24.863699999999998 28.273999999999994
24.461999999999996 28.274
24.415500000000005 28.269
24.5356 28.267999999999997
24.834300000000002 28.279
24.962500000000006 28.267999999999997
24.5531 28.267999999999997
23.783700000000003 28.270999999999997
24.060000000000002 28.272
24.2211 28.269999999999996
24.265 28.273
23.981500000000004 28.269999999999996
23.7973 28.271
23.410599999999995 28.269999999999996
23.1449 28.269999999999996
23.4023 28.267999999999997
23.310100000000002 28.279000000000003
23.4439 28.267999999999997
23.237800000000004 28.269
22.2995 28.267999999999997
22.441600000000005 28.266999999999996
22.1021 28.267999999999997
22.025699999999997 28.264
21.9915 28.273
21.80130000000001 28.27
22.0975 28.266
22.1063 28.267999999999997
21.953699999999998 28.266999999999996
22.3678 28.28
22.5042 28.265
21.9027 28.266
20.8951 28.259999999999998
21.236499999999996 28.267999999999997
21.269 28.266
21.184699999999996 28.266
21.738099999999996 28.264999999999997
21.6558 28.266000000000002
21.4919 28.266999999999996
21.2231 28.262000000000004
21.629199999999997 28.264
21.422 28.271000000000008
22.302699999999994 28.264
22.1877 28.261000000000003
21.948700000000002 28.264
22.1157 28.264999999999997
22.2684 28.261999999999997
22.3609 28.262999999999998
22.6572 28.265
23.538 28.262999999999998
23.9938 28.270999999999997
24.1021 28.267000000000003
24.9297 28.273999999999994
24.6143 28.282
23.635 28.267999999999997
23.995499999999996 28.272
24.3499 28.275
24.200700000000005 28.278
24.012000000000004 28.272
23.840900000000005 28.273
23.832800000000002 28.273
23.7879 28.274
24.1456 28.272
24.418599999999998 28.267999999999994
24.3607 28.270999999999997
24.459899999999998 28.279000000000003
24.4309 28.266999999999996
24.601699999999997 28.264
24.338500000000003 28.272000000000002
24.060799999999997 28.274
24.063000000000002 28.276999999999997
23.965799999999994 28.274
24.3746 28.272
24.0152 28.266
24.2361 28.269
24.5891 28.266999999999996
24.873800000000006 28.276
25.068599999999996 28.286000000000005
25.5996 28.272
25.784200000000002 28.272
25.365400000000005 28.274999999999995
25.835900000000006 28.273
25.910399999999996 28.270999999999997
26.276 28.268999999999995
27.135599999999993 28.274
26.9831 28.27
27.185 28.271
26.994199999999996 28.27
26.8689 28.27
26.7054 28.289
26.790500000000005 28.274
27.0133 28.273000000000003
27.002299999999995 28.271
26.9545 28.271
26.955099999999995 28.27
27.109500000000004 28.272000000000002
27.473700000000008 28.275
27.467200000000002 28.274999999999995
27.6329 28.275
28.335000000000004 28.271
29.297800000000002 28.271
29.6584 28.288000000000007
30.1878 28.275
30.895500000000002 28.276
30.597300000000004 28.274
31.216700000000003 28.276
31.4608 28.276
32.1304 28.279
32.299899999999994 28.277
32.697500000000005 28.28
32.71360000000001 28.279
33.1606 28.283
34.09700000000001 28.279
34.51630000000001 28.292
34.723000000000006 28.281
34.9293 28.281999999999996
34.8077 28.279
35.3637 28.279000000000003
35.5557 28.282
36.1178 28.281
36.497 28.282
36.8957 28.284000000000002
36.53999999999999 28.290000000000003
37.1096 28.283
38.4471 28.281
38.5268 28.302000000000007
38.0902 28.282
38.1023 28.281
38.1913 28.285
38.624900000000004 28.282
39.737399999999994 28.288000000000004
40.244099999999996 28.285
40.6172 28.290000000000003
41.0101 28.283
41.9307 28.291000000000004
42.15440000000001 28.286
43.131699999999995 28.286
43.189499999999995 28.297
41.714400000000005 28.289
41.47280000000001 28.288000000000004
41.772499999999994 28.283
40.869200000000006 28.284000000000002
41.471599999999995 28.287000000000003
42.2469 28.286
42.1566 28.288000000000004
42.039 28.285
41.923700000000004 28.285
41.8318 28.284
41.83820000000001 28.281
42.06810000000001 28.300000000000004
42.20429999999999 28.285
42.361399999999996 28.282
41.28380000000001 28.281
41.0114 28.287000000000006
40.588499999999996 28.287000000000006
40.82410000000001 28.284000000000002
40.31620000000001 28.282
40.699 28.285000000000004
40.233000000000004 28.281
40.5533 28.286
40.7364 28.283
40.7024 28.301
40.8271 28.282
40.5399 28.281
41.380300000000005 28.288000000000007
42.0666 28.28
41.0347 28.285000000000004
40.903999999999996 28.284
40.9375 28.285
40.4752 28.286000000000005
40.984500000000004 28.287000000000003
41.008 28.286000000000005
41.705999999999996 28.290000000000003
42.5768 28.301000000000005
43.22469999999999 28.292000000000005
43.2654 28.289
42.54729999999999 28.287000000000006
42.54930000000001 28.287000000000003
42.338 28.291000000000004
42.0935 28.287000000000003
41.84080000000001 28.287000000000003
42.0507 28.28900000000001
42.01990000000001 28.291000000000004
41.7496 28.292000000000005
42.5121 28.292000000000005
42.32950000000001 28.300000000000004
42.527300000000004 28.289
42.277100000000004 28.283
41.0288 28.288000000000004
41.28820000000001 28.290000000000003
41.3822 28.289
41.0699 28.294000000000008
41.319 28.288000000000007
40.78249999999999 28.294000000000004
40.51690000000001 28.289
40.7418 28.287000000000003
41.43199999999999 28.287000000000003
42.195 28.293000000000006
41.6944 28.289
42.07329999999999 28.290000000000003
42.12819999999999 28.289
42.8338 28.297000000000004
42.2198 28.29
41.2361 28.289
41.9555 28.288000000000004
42.628699999999995 28.295
42.3511 28.289
41.0868 28.289
40.7383 28.285
40.3961 28.299000000000003
41.02569999999999 28.287000000000003
41.5149 28.284
41.096599999999995 28.286
41.2029 28.285000000000004
40.2658 28.285
39.21370000000001 28.287000000000003
38.6885 28.288000000000004
37.9863 28.281
37.7832 28.284000000000002
37.316 28.284
37.863899999999994 28.285000000000004
38.3588 28.295
38.22680000000001 28.288000000000004
37.1885 28.283
36.134899999999995 28.284000000000002
36.050000000000004 28.281000000000006
35.5524 28.281
34.97 28.283
34.6318 28.282
34.037099999999995 28.283
33.4423 28.282
33.4112 28.283
33.070899999999995 28.282
32.9063 28.292999999999996
33.01070000000001 28.281
32.3337 28.278
31.279500000000006 28.278
30.768800000000006 28.28
30.549899999999997 28.276
29.589700000000008 28.281
28.777099999999994 28.268999999999995
28.827500000000008 28.276
28.9235 28.277
28.999099999999995 28.273
29.851999999999997 28.282
29.435900000000004 28.288000000000004
29.705499999999997 28.273
29.044200000000004 28.275999999999996
