15.457200000000002 34.163999999999994
15.5801 34.1476
15.527600000000003 34.1466
15.919 34.1516
15.630199999999997 34.1536
16.8699 34.168099999999995
16.420800000000003 34.17449999999999
16.029599999999995 34.169599999999996
15.705799999999998 34.17549999999999
15.994000000000005 34.185
16.6424 34.19649999999999
16.4158 34.1954
15.986100000000004 34.1995
15.8815 34.1995
15.8662 34.2075
16.1094 34.2185
15.857700000000003 34.2195
15.749599999999997 34.2346
15.737800000000002 34.23699999999999
15.615100000000004 34.2376
15.859800000000002 34.244099999999996
16.160600000000002 34.2601
16.2304 34.260600000000004
16.1964 34.2721
15.963499999999994 34.2606
15.761699999999998 34.2736
15.853399999999999 34.2911
15.715399999999999 34.3036
15.589899999999998 34.301500000000004
15.823500000000001 34.29410000000001
15.567199999999998 34.28910000000001
16.084200000000003 34.29310000000001
15.643499999999996 34.308600000000006
16.436300000000003 34.3166
15.729300000000002 34.319100000000006
15.764700000000001 34.31410000000001
15.782099999999996 34.3171
15.615400000000001 34.31510000000001
15.8581 34.319100000000006
16.2552 34.30710000000001
16.2602 34.3296
16.001199999999997 34.3331
15.665400000000004 34.324600000000004
15.5751 34.332100000000004
15.251200000000004 34.327600000000004
14.9882 34.3006
14.697799999999999 34.296
14.365100000000004 34.3031
14.769100000000002 34.289500000000004
14.836800000000002 34.282500000000006
14.214700000000002 34.283500000000004
14.746199999999998 34.2855
14.4116 34.28800000000001
14.693800000000001 34.278000000000006
14.434699999999998 34.27100000000001
14.215500000000002 34.2575
13.757900000000003 34.2495
13.732299999999997 34.2431
13.6175 34.264100000000006
14.050199999999998 34.264100000000006
13.953299999999999 34.2651
13.934 34.2646
13.9451 34.2495
13.660299999999998 34.255
13.5108 34.2486
13.954299999999996 34.255100000000006
13.557399999999998 34.262100000000004
13.769499999999999 34.2611
13.991499999999998 34.25359999999999
13.610700000000003 34.2441
13.838699999999998 34.2776
14.196599999999998 34.27460000000001
14.1679 34.2801
13.915299999999997 34.287099999999995
13.7245 34.2891
13.466800000000001 34.28809999999999
13.403599999999999 34.295700000000004
13.9512 34.30669999999999
13.862399999999997 34.31419999999999
13.773899999999998 34.3132
13.438299999999998 34.3097
13.367 34.315200000000004
14.2399 34.3288
14.475999999999999 34.3278
14.682499999999997 34.340900000000005
15.127699999999997 34.34890000000001
15.276599999999998 34.3583
15.0676 34.3564
14.692499999999997 34.373799999999996
14.773200000000001 34.3804
15.0784 34.400400000000005
15.161600000000004 34.4154
15.076299999999994 34.4234
16.1588 34.439
15.9937 34.4155
15.744499999999995 34.477199999999996
15.618000000000002 34.416599999999995
15.4851 34.4216
15.993000000000004 34.4341
15.720600000000001 34.4371
15.4972 34.45009999999999
15.774599999999998 34.4321
15.870399999999998 34.44559999999999
15.266399999999997 34.4551
15.580299999999998 34.4661
15.8379 34.46959999999999
16.1678 34.45609999999999
16.531499999999998 34.477199999999996
16.4539 34.48169999999999
16.4079 34.4822
16.6804 34.5128
15.5844 34.5167
15.3335 34.5043
15.3279 34.5023
16.326500000000003 34.5128
15.9438 34.5203
15.461 34.5183
15.732 34.5264
15.491199999999997 34.5408
16.3948 34.5589
16.5993 34.551899999999996
16.667200000000005 34.5514
17.1554 34.570499999999996
16.7162 34.551899999999996
16.232499999999998 34.570899999999995
16.226100000000002 34.55239999999999
16.6104 34.56739999999999
17.726699999999997 34.555399999999985
18.090400000000002 34.57989999999999
17.868699999999997 34.64009999999999
18.2733 34.711099999999995
18.006299999999996 34.798399999999994
16.8265 34.8225
16.601899999999997 34.6665
16.587000000000003 34.5971
16.647599999999997 34.596599999999995
16.6785 34.6046
16.958599999999997 34.61109999999999
17.182100000000002 34.726099999999995
16.9018 34.895599999999995
17.8826 34.730999999999995
16.909100000000002 34.63719999999999
17.0913 34.64419999999999
17.3348 34.658199999999994
17.9525 34.6592
18.221000000000004 34.6727
18.734299999999998 34.6792
19.162400000000005 34.694199999999995
19.3451 34.7044
19.7931 34.71189999999999
19.8719 34.72889999999999
20.4168 34.73289999999999
20.802799999999998 34.767399999999995
21.3138 34.786899999999996
21.105200000000004 34.79449999999999
20.7784 34.802
20.5166 34.799
20.931400000000004 34.80799999999999
21.7668 34.834199999999996
21.686200000000007 34.84160000000001
21.4269 34.84969999999999
21.502399999999998 34.860200000000006
21.790000000000003 34.86520000000001
21.6935 34.8827
21.6354 34.907199999999996
21.924200000000003 34.9278
22.135399999999997 34.9448
22.623500000000003 34.98329999999999
22.48 34.943299999999994
22.2279 34.9503
21.900100000000005 34.965300000000006
20.7831 34.997
20.703800000000005 35.09299999999999
20.329300000000007 35.211999999999996
19.667500000000004 35.06499999999999
19.5335 35.01429999999999
20.026100000000003 35.0223
21.3136 35.033300000000004
21.571999999999996 35.0469
20.491000000000003 35.0569
20.513399999999997 35.0694
20.213399999999996 35.0659
19.8212 35.072399999999995
20.070800000000002 35.078900000000004
19.852 35.09589999999999
20.306300000000004 35.09739999999999
19.9177 35.09889999999999
19.804800000000004 35.1285
19.946099999999998 35.12449999999999
20.1528 35.13849999999999
20.048500000000004 35.138999999999996
20.272800000000004 35.1335
20.500300000000003 35.142999999999994
21.084699999999994 35.150999999999996
20.924799999999998 35.16400000000001
20.8875 35.158
20.8272 35.163999999999994
20.6447 35.162000000000006
21.8297 35.25599999999999
21.898300000000003 35.309
21.499899999999997 35.306000000000004
21.4749 35.304
21.840600000000002 35.296
22.113099999999996 35.32
20.412 35.309000000000005
21.129400000000004 35.340999999999994
22.108399999999996 35.337999999999994
21.6866 35.327999999999996
23.102899999999998 35.336
23.2023 35.369
23.186799999999998 35.362
22.729800000000004 35.378
22.133200000000002 35.386
22.0611 35.416000000000004
21.8552 35.413000000000004
22.086699999999997 35.42
21.853700000000003 35.42000000000001
21.7109 35.422
22.069699999999997 35.438
22.8112 35.508
22.597799999999996 35.57900000000001
22.644299999999994 35.424
22.687699999999996 35.426
23.0204 35.437000000000005
22.6936 35.451
22.8553 35.452999999999996
22.681899999999995 35.474
22.378600000000002 35.482
22.1324 35.488
22.0445 35.477000000000004
22.0405 35.498000000000005
22.274399999999996 35.505
21.808200000000003 35.510000000000005
21.828699999999998 35.516000000000005
21.8063 35.53200000000001
22.1716 35.537
21.9591 35.545
22.377499999999998 35.566
21.856499999999997 35.559000000000005
22.263400000000004 35.59100000000001
21.912399999999998 35.571999999999996
22.5481 35.592
22.2398 35.61
22.288099999999996 35.598
21.6517 35.612
21.673900000000003 35.60900000000001
21.736100000000004 35.63400000000001
21.353899999999996 35.626000000000005
21.199 35.638999999999996
20.980900000000002 35.647000000000006
20.8297 35.638999999999996
21.0925 35.654
20.337800000000005 35.649
20.0075 35.647
20.0403 35.657
20.0797 35.666999999999994
19.969900000000003 35.666000000000004
20.499599999999997 35.657999999999994
20.3766 35.661
20.9547 35.663999999999994
20.473400000000005 35.672
20.446299999999997 35.675
19.985300000000002 35.681
19.5426 35.657
19.077900000000003 35.649
19.010099999999998 35.635000000000005
18.7851 35.643
18.910299999999996 35.642
18.915600000000005 35.644
18.9876 35.644000000000005
18.816 35.646
18.952299999999997 35.649
18.5693 35.65400000000001
18.857499999999998 35.641999999999996
19.224999999999994 35.650999999999996
18.714399999999998 35.638000000000005
18.246100000000002 35.61500000000001
18.318399999999997 35.613
18.2069 35.608000000000004
18.068700000000003 35.61
18.084500000000002 35.607
18.0546 35.614000000000004
17.6798 35.61
18.0358 35.606
17.7944 35.624
17.646800000000002 35.597
17.369899999999998 35.602000000000004
17.307499999999994 35.63
