9.558 17.82
9.508999999999999 17.849999999999998
10.36 17.8
16.16 18.04
15.379999999999999 18.07
11.34 17.990000000000002
9.338000000000001 17.849999999999998
9.533999999999999 17.849999999999998
10.440000000000001 17.87
14.649999999999999 17.990000000000002
12.67 18.07
11.08 17.9
14.01 17.87
9.314 17.849999999999998
10.96 17.849999999999998
14.790000000000001 18.02
12.1 18.07
9.045 17.87
9.216000000000001 17.82
12.21 17.87
13.750000000000002 17.87
15.06 18.02
12.889999999999999 18.04
9.216000000000001 17.87
9.167 17.82
9.668000000000001 17.87
10.94 17.849999999999998
15.36 18.02
15.770000000000001 18.02
11.4 18.04
9.155000000000001 17.849999999999998
9.46 17.82
10.620000000000001 17.849999999999998
14.530000000000001 18.04
12.72 18.02
11.87 17.919999999999998
9.447999999999999 17.849999999999998
13.13 17.849999999999998
10.440000000000001 17.849999999999998
14.97 18.02
12.389999999999999 18.02
9.411999999999999 17.849999999999998
9.766 17.82
13.919999999999998 17.849999999999998
11.790000000000001 17.9
15.190000000000001 17.990000000000002
12.67 18.04
9.180000000000001 17.9
9.569999999999999 17.82
9.583 17.82
12.23 17.849999999999998
17.21 18.04
14.530000000000001 18.07
9.192 17.919999999999998
9.29 17.849999999999998
9.46 17.87
10.620000000000001 17.87
15.040000000000001 18.12
14.99 18.14
13.04 18.02
9.583 17.9
9.851 17.9
10.34 17.849999999999998
15.110000000000001 18.12
12.520000000000001 18.09
9.106 17.94
13.23 17.919999999999998
11.55 17.919999999999998
10.75 17.849999999999998
14.82 18.09
12.43 18.07
9.155000000000001 17.9
9.253 17.87
9.375 17.849999999999998
15.21 17.87
15.14 18.07
13.55 18.07
9.302000000000001 17.919999999999998
9.264999999999999 17.849999999999998
9.350999999999999 17.87
11.08 17.87
15.09 18.07
15.28 18.09
12.65 18.04
9.485000000000001 17.87
9.363000000000001 17.87
11.18 17.9
15.28 18.09
11.58 18.02
10.639999999999999 17.87
13.530000000000001 17.919999999999998
10.74 17.87
11.16 17.87
14.67 18.07
13.43 18.07
9.314 17.919999999999998
9.447999999999999 17.849999999999998
11.62 17.87
14.940000000000001 17.919999999999998
11.83 17.97
10.79 17.94
10.290000000000001 17.97
11.1 17.9
11.129999999999999 17.9
14.77 17.97
16.48 17.990000000000002
12.43 17.94
9.180000000000001 17.87
9.68 17.82
11.1 17.849999999999998
14.62 18.07
12.01 18.04
9.229 17.919999999999998
13.55 17.87
11.58 17.87
10.95 17.9
15.14 18.07
11.44 18.07
9.424000000000001 17.87
9.180000000000001 17.849999999999998
9.790000000000001 17.9
14.280000000000001 17.9
15.840000000000002 18.09
14.180000000000001 18.07
9.411999999999999 17.94
9.229 17.87
9.594999999999999 17.849999999999998
11.19 17.87
14.790000000000001 18.07
17.11 18.07
10.01 17.94
9.46 17.87
10.03 17.87
10.82 17.849999999999998
14.77 18.04
12.620000000000001 18.09
11.58 17.9
14.16 17.9
9.998 17.9
10.73 17.87
14.649999999999999 18.09
12.44 18.09
9.399000000000001 17.9
9.192 17.9
12.4 17.9
14.26 17.9
14.719999999999999 18.07
13.059999999999999 18.09
9.594999999999999 17.919999999999998
9.619 17.87
10.05 17.87
10.51 17.87
14.99 18.07
17.16 18.07
12.770000000000001 18.04
9.569999999999999 17.9
10.14 17.9
10.879999999999999 17.87
14.99 18.07
11.959999999999999 17.990000000000002
13.04 17.919999999999998
11.559999999999999 17.9
9.802 17.9
11.23 17.87
15.620000000000001 18.07
11.4 18.07
9.241000000000001 17.919999999999998
9.594999999999999 17.87
14.14 17.9
13.089999999999998 17.94
14.97 18.07
11.49 18.07
9.338000000000001 17.9
9.180000000000001 17.849999999999998
9.668000000000001 17.849999999999998
12.27 17.919999999999998
14.84 18.07
15.21 18.07
12.280000000000001 18.04
9.338000000000001 17.919999999999998
9.753 17.849999999999998
11.459999999999999 17.9
15.28 18.04
13.450000000000001 18.02
12.889999999999999 17.919999999999998
9.216000000000001 17.87
9.9 17.87
11.540000000000001 17.919999999999998
14.67 18.02
11.98 18.02
9.363000000000001 17.9
12.67 17.9
12.870000000000001 17.9
11.28 17.9
15.36 18.07
11.4 18.02
9.411999999999999 17.9
9.375 17.87
9.875 17.87
14.23 17.9
14.48 18.04
14.7 18.04
9.705 17.94
9.253 17.849999999999998
9.644 17.849999999999998
11.18 17.919999999999998
15.06 18.04
16.46 18.07
11.63 18.02
9.497 17.87
10.07 17.849999999999998
10.31 17.87
13.94 18.04
13.28 18.04
13.209999999999999 18.02
13.94 17.919999999999998
10.69 17.9
10.9 17.87
13.569999999999999 18.04
13.209999999999999 18.09
10.459999999999999 17.990000000000002
9.302000000000001 17.87
11.899999999999999 17.87
15.53 17.919999999999998
14.31 18.09
12.65 18.07
9.594999999999999 17.87
9.131 17.87
9.692 17.87
11.459999999999999 17.919999999999998
15.409999999999998 18.07
15.160000000000002 18.07
12.15 18.02
9.07 17.849999999999998
9.949 17.9
11.41 17.919999999999998
14.16 18.07
12.04 17.990000000000002
12.370000000000001 17.919999999999998
12.870000000000001 17.919999999999998
9.937 17.87
11.55 17.87
14.21 18.07
12.43 18.09
9.533999999999999 17.919999999999998
9.436 17.87
13.700000000000001 17.9
13.889999999999999 17.94
15.06 18.07
11.83 18.07
9.497 17.87
9.692 17.919999999999998
9.998 17.87
11.83 17.919999999999998
15.989999999999998 18.07
15.190000000000001 18.07
11.44 18.02
9.253 17.9
10.07 17.9
11.68 17.919999999999998
14.67 18.07
14.330000000000002 18.09
13.87 17.94
9.766 17.9
9.9 17.9
11.65 17.9
14.180000000000001 18.04
12.389999999999999 18.07
9.583 17.919999999999998
13.309999999999999 17.919999999999998
12.740000000000002 17.919999999999998
11.55 17.919999999999998
13.87 18.12
13.28 18.07
9.485000000000001 17.94
9.180000000000001 17.919999999999998
9.961 17.9
14.92 17.97
15.010000000000002 18.09
14.23 18.12
9.631 18.02
9.203999999999999 17.919999999999998
9.949 17.9
11.78 17.94
16.38 18.16
16.11 18.12
10.05 17.97
9.192 17.94
