8.341 6.702
7.683999999999999 6.699
7.167999999999999 6.6930000000000005
7.535 6.699
7.33 6.696000000000001
7.333 6.696000000000001
7.193 6.6930000000000005
6.955 6.687
6.644 6.687
6.720999999999999 6.687
6.872999999999998 6.687
6.815 6.687
8.011 6.699
7.744999999999999 6.696000000000001
7.636 6.696000000000001
7.2940000000000005 6.69
7.123 6.69
7.016 6.687
7.7940000000000005 6.696000000000001
7.3950000000000005 6.6930000000000005
7.224 6.72
7.022 6.7379999999999995
7.159 6.69
7.162 6.69
8.151 6.696000000000001
7.385 6.6930000000000005
6.994 6.6930000000000005
7.177 6.696000000000001
6.888 6.6930000000000005
6.671 6.687
7.138 6.6930000000000005
6.476 6.687
6.5329999999999995 6.687
6.588999999999999 6.687
6.503 6.687
6.436 6.684000000000001
7.288 6.6930000000000005
6.699 6.6930000000000005
6.888 6.687
6.958 6.6930000000000005
6.7780000000000005 6.6930000000000005
6.643000000000001 6.69
7.077 6.696000000000001
6.608 6.702
6.510000000000001 6.744
6.708 6.705
6.436 6.684000000000001
6.461 6.687
7.507 6.696000000000001
6.888 6.69
7.078000000000001 6.6930000000000005
6.848 6.687
6.97 6.69
6.9830000000000005 6.69
7.135 6.6930000000000005
6.631000000000001 6.687
6.555 6.684000000000001
6.688999999999999 6.69
6.585000000000001 6.687
6.756999999999999 6.687
7.8740000000000006 6.699
7.218000000000001 6.696000000000001
6.518 6.687
6.946 6.6930000000000005
6.545999999999999 6.687
6.805 6.687
7.221 6.6930000000000005
6.6000000000000005 6.69
6.372 6.695999999999999
6.205 6.75
6.191 6.684000000000001
6.6000000000000005 6.684000000000001
7.431 6.696000000000001
6.412 6.687
6.1579999999999995 6.681000000000001
8.572000000000001 8.909
6.712999999999999 6.687
6.819999999999999 6.687
7.106999999999999 6.6930000000000005
6.549 6.684000000000001
6.584 6.684000000000001
6.381 6.687
6.5489999999999995 6.687
6.409 6.69
7.199 6.696000000000001
6.491 6.69
6.464 6.687
6.576 6.687
6.984999999999999 6.687
6.76 6.69
7.4719999999999995 6.696000000000001
6.79 6.69
6.7139999999999995 6.726
6.772 6.741
7.01 6.696000000000001
6.647 6.69
7.7090000000000005 6.699
7.098 6.696000000000001
7.275999999999999 6.696000000000001
7.428999999999999 6.696000000000001
7.196 6.696000000000001
6.946000000000001 6.69
7.994999999999999 6.702
7.492999999999999 6.696000000000001
7.337000000000001 6.6930000000000005
7.434 6.699
7.392 6.696000000000001
7.135 6.696000000000001
8.276 6.708
7.12 6.696000000000001
7.050000000000001 6.6930000000000005
7.0249999999999995 6.696000000000001
7.058000000000001 6.69
7.01 6.6930000000000005
7.5440000000000005 6.696000000000001
6.8839999999999995 6.6930000000000005
6.931 6.723
6.628 6.7299999999999995
6.975999999999999 6.687
7.281 6.6930000000000005
7.944 6.705
7.9399999999999995 6.702
7.657 6.696000000000001
7.66 6.696000000000001
7.993 6.699
7.5569999999999995 6.696000000000001
7.553 6.696000000000001
7.477 6.6930000000000005
7.187 6.696000000000001
7.257 6.696000000000001
7.228999999999999 6.6930000000000005
7.273000000000001 6.69
8.548 6.705
8.469 6.699
7.6850000000000005 6.699
7.633000000000001 6.699
8.444 6.702
7.629 6.702
7.446 6.699
8.295 6.696000000000001
7.861 6.717
17.169 15.668000000000001
7.391 6.739000000000001
7.4590000000000005 6.708
8.353 6.696000000000001
8.068999999999999 6.705
7.739 6.699
7.683999999999999 6.699
7.138 6.696000000000001
7.385999999999999 6.6930000000000005
7.4639999999999995 6.699
7.135 6.6930000000000005
7.272 6.696000000000001
6.888 6.696000000000001
6.757000000000001 6.69
6.736000000000001 6.69
7.535 6.699
7.471 6.696000000000001
7.492999999999999 6.6930000000000005
7.654 6.6930000000000005
7.617 6.699
7.539 6.6930000000000005
7.785 6.699
7.805999999999999 6.699
7.761 6.708
7.553 6.752999999999999
7.316000000000001 6.705
7.292999999999999 6.69
8.184 6.702
7.766999999999999 6.699
7.416 6.696000000000001
7.373 6.696000000000001
7.253 6.69
7.163 6.69
7.513 6.696000000000001
7.196 6.696000000000001
7.164999999999999 6.6930000000000005
7.095 6.6930000000000005
7.205 6.6930000000000005
6.715 6.696000000000001
7.965 6.702
7.16 6.696000000000001
7.2090000000000005 6.6930000000000005
7.287000000000001 6.6930000000000005
7.288 6.6930000000000005
7.123 6.6930000000000005
7.865 6.702
7.558999999999999 6.702
7.581 6.734999999999999
7.785 6.714
7.117 6.696000000000001
7.0249999999999995 6.6930000000000005
8.154 6.702
7.581 6.699
6.949 6.6930000000000005
7.385999999999999 6.6930000000000005
7.014000000000001 6.6930000000000005
6.909999999999999 6.69
7.789 6.699
7.343 6.696000000000001
6.912 6.69
7.291 6.69
7.231999999999999 6.6930000000000005
7.23 6.6930000000000005
7.962 6.699
7.244000000000001 6.696000000000001
7.244000000000001 6.696000000000001
6.959999999999999 6.69
6.851999999999999 6.69
6.824 6.69
7.703 6.699
7.293999999999999 6.69
6.927 6.69
6.851 6.7139999999999995
7.236 6.702
7.162 6.729
8.312999999999999 6.711
7.526 6.699
7.541 6.6930000000000005
7.568 6.699
7.180000000000001 6.69
7.017999999999999 6.69
7.632 6.699
6.986000000000001 6.69
6.714 6.69
6.915 6.69
6.9 6.69
6.835000000000001 6.69
7.883000000000001 6.702
6.886 6.6930000000000005
7.111000000000001 6.696000000000001
7.046000000000001 6.6930000000000005
6.792999999999999 6.69
6.934 6.69
7.436999999999999 6.696000000000001
6.715 6.687
6.874999999999999 6.729
7.01 6.747
6.976 6.6930000000000005
6.784 6.69
7.666 6.699
7.616999999999999 6.695999999999999
7.558999999999999 6.699
7.705999999999999 6.699
7.492 6.696000000000001
7.3149999999999995 6.696000000000001
7.419 6.696000000000001
6.927999999999999 6.69
6.8629999999999995 6.69
6.851 6.69
6.802 6.69
6.7540000000000004 6.69
8.112 6.705
7.446 6.699
7.172000000000001 6.6930000000000005
7.331 6.696000000000001
7.242 6.69
6.992 6.69
7.444000000000001 6.696000000000001
7.074 6.69
6.9 6.695999999999999
9.86 8.933
7.019 6.69
6.997999999999998 6.708
10.987 8.948
15.249000000000002 13.391999999999998
7.202 6.6930000000000005
7.503 6.699
7.2940000000000005 6.699
7.08 6.699
7.386000000000001 6.6930000000000005
6.976 6.6930000000000005
6.9239999999999995 6.69
6.765000000000001 6.687
6.641 6.684000000000001
6.515 6.684000000000001
7.800999999999999 6.699
6.869 6.69
6.654999999999999 6.69
6.876 6.6930000000000005
6.9670000000000005 6.69
6.938999999999999 6.69
7.321 6.6930000000000005
7.3950000000000005 6.696000000000001
6.802 6.699
7.0649999999999995 6.72
6.94 6.702
6.775 6.69
