22.492 9.264
22.601000000000003 9.268
22.305 9.267
22.846 9.27
22.146 9.272
22.285 9.249
22.553000000000004 9.266
21.874999999999996 9.257
22.814 9.257999999999997
22.87 9.262
22.944 9.267
22.830000000000002 9.259999999999998
23.101 9.263
22.398 9.264999999999999
22.455 9.261
21.880999999999997 9.278
22.469 9.277
21.954 9.267
22.085 9.261
21.876 9.272
22.198999999999998 9.274999999999999
22.315999999999995 9.251000000000001
22.189999999999998 9.248000000000001
22.25 9.251999999999999
22.525000000000002 9.261000000000001
22.144 9.25
22.165000000000003 9.243000000000002
22.156000000000002 9.248999999999999
21.96 9.249
21.885 9.234
21.807999999999996 9.234
22.022 9.245999999999999
22.004 9.245999999999999
21.815 9.245000000000001
21.722 9.246
21.387000000000004 9.219999999999999
21.463 9.229000000000001
21.342 9.207
21.092000000000002 9.215
21.130999999999997 9.193000000000001
21.525000000000002 9.182
21.200000000000003 9.193
20.226 9.183
19.921999999999997 9.173
19.794 9.165000000000001
19.487999999999996 9.147
18.723 9.148000000000001
18.055 9.133999999999999
18.411 9.132
17.678 9.116
17.551 9.114
18.506 9.132
17.712 9.179
17.432 9.073
17.043 9.078
16.169 9.053
15.898000000000001 9.038
16.189 9.049999999999999
16.330000000000002 9.059
16.209 9.065
15.898000000000001 9.058
15.21 9.036999999999999
15.919 9.029
15.346000000000002 9.027000000000001
15.564 9.019
15.316999999999997 9.004000000000001
15.565999999999999 9.002000000000002
15.275999999999998 8.995999999999999
15.919 8.988
15.006 9.012
14.646999999999998 9.118
14.273 9.081
14.252999999999998 8.974000000000002
13.855999999999998 8.954999999999998
13.559 8.953
13.193 8.941
13.035999999999998 8.931000000000001
12.556000000000001 8.924
12.391 8.918
12.09 8.908000000000001
12.273 8.907
12.592999999999998 8.904
12.721000000000002 8.899
12.264999999999999 8.899
12.337 8.898
11.834999999999999 8.889
11.687 8.880999999999998
11.384 8.880000000000003
11.051 8.878
10.614 8.870000000000001
11.127 8.868
10.901000000000002 8.861
11.129999999999999 8.863999999999999
10.719999999999999 8.850999999999999
11.118 8.857
10.73 8.853
11.048 8.860999999999999
10.349 8.85
10.232999999999999 8.842
9.8267 8.837
10.22 8.841
10.3029 8.842
10.280999999999999 8.839
9.7342 8.834
9.8469 8.842
9.5361 8.835999999999999
9.858699999999999 8.832
9.8919 8.84
10.1445 8.847999999999999
10.220500000000001 8.838
10.267999999999999 8.842
9.986699999999999 8.835999999999999
9.9548 8.837
9.637799999999999 8.83
9.822900000000002 8.836
9.888899999999998 8.838
9.6679 8.841
9.2732 8.838
9.543600000000001 8.838
9.6311 8.834999999999999
9.991800000000001 8.84
9.5174 8.829
9.365000000000002 8.829
9.140899999999998 8.832999999999998
9.287 8.832
8.968699999999998 8.833
9.2045 8.831999999999999
9.8255 8.834999999999999
10.1166 8.838000000000001
9.9812 8.834
10.4644 8.834999999999999
9.6349 8.832
9.6093 8.834999999999999
9.354899999999999 8.829
9.7926 8.847
9.8055 8.846
10.270999999999999 8.849
9.8938 8.839
9.836999999999998 8.841
9.6454 8.847
10.0513 8.844000000000001
10.299 8.853
10.557999999999998 8.859
10.527000000000001 8.857999999999999
10.861 8.864999999999998
10.561000000000002 8.866999999999999
10.812 8.871
10.700999999999999 8.877000000000002
10.961000000000002 8.882000000000001
10.910999999999998 8.88
11.299999999999999 8.886000000000003
11.464 8.886000000000001
11.635 8.890999999999998
11.054 8.883000000000001
11.511 8.89
11.518 8.892999999999999
11.923 8.906
11.965 8.902
12.372 8.908000000000001
12.138000000000002 8.903
12.765 8.928
12.64 8.932
13.294 8.938
13.497 8.945000000000002
13.594999999999999 8.951999999999998
13.565 8.957999999999998
13.927 8.969000000000001
14.790000000000001 8.975
15.7 8.992
14.333000000000002 9.008000000000003
14.511 9.018
14.517000000000003 9.022999999999998
15.152 9.033
15.415999999999999 9.026
15.959999999999999 9.046999999999999
16.438 9.049
16.025 9.058
16.464000000000002 9.061
16.704 9.069999999999999
16.18 9.078
16.823999999999998 9.091000000000001
16.406 9.092
16.714 9.099
16.757 9.11
17.409 9.126000000000001
18.031999999999996 9.148
17.214000000000002 9.134
16.422000000000004 9.114
16.296 9.125
16.776000000000003 9.128
17.631000000000004 9.153
18.534 9.197
19.154999999999998 9.200999999999999
17.749000000000002 9.155000000000001
17.730999999999998 9.165999999999999
17.874999999999996 9.164
19.562999999999995 9.203
19.586000000000002 9.230999999999998
19.665 9.232000000000001
19.410999999999998 9.231
19.629 9.254999999999999
19.592000000000002 9.26
19.77 9.267000000000001
19.514 9.245000000000001
19.931 9.272
19.782 9.264999999999999
20.321 9.273000000000001
20.703 9.293000000000001
21.233999999999998 9.288000000000002
21.132 9.299000000000001
21.102999999999998 9.298
21.113 9.306999999999999
20.522000000000002 9.29
20.74 9.287
20.904 9.293
20.987000000000002 9.311
21.006000000000004 9.315
21.023 9.3
22.033 9.307
21.941 9.312999999999999
21.505000000000003 9.327
21.811000000000003 9.315000000000001
21.906 9.339
22.61 9.331
22.793000000000003 9.318999999999999
22.982999999999997 9.346
23.012 9.35
22.325999999999997 9.336
22.397 9.352000000000002
22.038 9.351
22.381 9.362
22.295 9.342
22.402 9.34
22.438 9.351
22.826 9.344999999999999
23.363999999999997 9.338
23.301999999999996 9.344000000000001
23.604999999999997 9.34
24.047 9.371
23.839999999999996 9.378
24.345 9.386
24.142000000000003 9.378
24.549 9.376999999999999
24.694 9.380999999999998
25.253999999999998 9.405999999999999
25.03 9.409
25.259000000000004 9.419
24.979 9.428
24.903 9.430000000000001
24.64 9.444999999999999
24.503000000000004 9.433000000000002
24.888 9.433
24.268 9.415
24.84 9.433000000000003
25.296000000000003 9.439
25.436999999999998 9.428
25.337 9.430000000000001
25.338 9.415
25.895000000000003 9.428
25.996000000000002 9.577
26.077999999999996 9.418
25.683 9.409999999999998
25.758 9.407000000000002
26.013 9.410999999999998
25.91 9.424000000000001
25.868000000000002 9.393
26.084000000000003 9.413
25.757 9.415
26.319 9.411999999999999
26.258000000000003 9.425
26.411 9.417
26.483 9.415
26.626 9.393
26.840999999999998 9.41
26.745 9.407000000000002
26.313 9.427
26.948999999999995 9.429000000000002
26.266000000000002 9.431000000000001
25.830000000000002 9.417
26.580000000000005 9.430000000000001
26.020000000000003 9.443000000000001
25.363000000000003 9.426
25.756 9.396
25.399 9.395
25.056 9.399
25.979000000000003 9.388
26.375999999999998 9.398000000000001
26.566000000000003 9.418999999999999
