36.39000000000001 36.939
40.044999999999995 36.988
39.624 36.982000000000006
37.609 36.798
37.988 36.95
39.349999999999994 36.891
39.851 36.858999999999995
37.151 36.877
38.706999999999994 36.94500000000001
38.252 36.884
40.986 36.907999999999994
35.968999999999994 36.822
31.951 36.731
32.897999999999996 36.761
33.369 36.804
32.91 36.755
35.992999999999995 36.689
36.676 36.69500000000001
35.241 36.792
35.827 36.658
35.717 36.712
35.338 36.609
35.858 36.622
37.104000000000006 36.937000000000005
38.732 36.768
35.101 36.852000000000004
37.525 37.005
41.650000000000006 37.042
40.552 37.017
44.352999999999994 37.017
44.371 37.317
41.467 37.042
45.568 37.049
50.236999999999995 37.083000000000006
52.245999999999995 37.06
50.709 37.257
43.975 37.164
39.33599999999999 37.23799999999999
40.044999999999995 37.122
40.431 37.19499999999999
38.231 37.134
38.513 37.120999999999995
40.027 37.097
39.776 37.188
42.816 37.349
55.761 37.304
57.484 37.378
53.42399999999999 37.286
53.760000000000005 37.233000000000004
48.005 37.288
48.687 37.329
49.547999999999995 37.219
38.647999999999996 37.236000000000004
31.696 37.103
31.762 37.163999999999994
28.729000000000006 33.249300000000005
29.413 32.435575
30.237000000000002 32.375098
32.818999999999996 32.514621000000005
31.038 32.558144
24.383000000000003 30.785953699999997
25.817999999999998 27.773861300000004
26.519000000000005 27.7736706
23.919999999999998 27.9015752
24.847 27.8335752
23.035 27.815575200000005
20.799999999999997 27.7854798
22.729 27.7483838
21.794 27.6454798
21.265 23.2984838
20.14451 23.280244800000002
18.898039999999998 23.3291498
18.480999999999998 23.056632200000003
17.743000000000002 23.049575200000003
18.035999999999998 23.097479800000002
17.291999999999998 23.0984798
14.954 23.104574799999998
15.142 23.1825748
14.521999999999998 23.122574800000002
14.206 23.025574799999998
14.357999999999999 23.0795748
13.452 23.159574799999998
13.723000000000003 23.0495748
12.488000000000001 23.037574799999998
13.850000000000001 23.092574799999998
11.852 23.0565748
11.88 22.989669799999994
11.485999999999999 22.939669799999997
10.825 22.934669799999998
8.85 20.5136698
11.31789 18.4746698
10.25342 18.5246698
10.19 18.5339598
10.071000000000002 18.495669799999998
10.193000000000001 18.399765799999997
9.135 18.429860799999997
8.615 18.2818608
8.816 18.337860799999998
8.626000000000001 18.282860799999998
8.951 18.258860799999997
10.061 18.288860800000002
9.857 18.319860799999997
9.557 18.307860799999997
8.457 18.3618608
8.365 18.349860800000002
8.945 18.319860799999997
8.6 18.344860799999996
8.764000000000001 18.331860799999998
8.157 18.336860799999997
9.052 18.368860799999997
8.853 18.356860799999996
9.216000000000001 18.3128608
8.139 18.318860799999996
8.028 18.294860799999995
8.603000000000002 18.263860799999996
8.746 18.3438608
7.822 18.325860799999997
7.405 18.2698608
8.246 18.251860799999996
8.563 18.288860799999995
8.326 18.3378608
8.142 18.2708608
8.708999999999998 18.2758608
10.149999999999999 18.245860800000003
8.969000000000001 18.233765799999997
9.866 18.251765799999998
10.504000000000001 19.5327658
11.126999999999999 22.749765799999995
10.715 22.7197658
10.437 22.792765799999998
10.616 22.853765799999998
11.241999999999999 22.811765799999996
10.419 22.774765799999997
11.472 22.7688608
12.021 22.8118608
12.506 22.780860799999996
12.039 22.7568608
13.404000000000002 25.5918608
13.129 27.187860800000003
14.319 27.175860800000002
16.168000000000003 27.2968608
18.735000000000003 27.3458608
19.11 27.4078608
18.905 27.4308608
18.613 27.389860799999997
20.828000000000003 29.3074768
20.692 31.7404768
21.201 31.8744768
21.697 31.848476799999997
23.429 31.872476799999998
24.513 31.909476799999997
24.023 31.988476799999997
25.851999999999997 32.8504
25.090999999999998 36.279
28.076 36.455000000000005
27.390000000000004 36.603
30.168999999999997 36.638999999999996
30.900999999999996 36.678
31.414 36.816
29.163000000000004 36.658
31.316000000000006 36.846999999999994
32.556000000000004 36.822
31.275 36.889
35.32000000000001 36.933
35.204 36.885
35.754 36.84
35.071 36.88399999999999
37.80500000000001 36.982
39.112 36.982
38.196000000000005 37.157000000000004
41.663 37.097
44.263 37.159
45.582 37.139
46.532999999999994 37.373
46.886 37.129
49.370999999999995 37.248999999999995
48.622 37.226
48.224000000000004 37.268
48.449999999999996 37.166
46.135 37.2
46.338 37.273
47.577999999999996 37.219
45.849999999999994 37.06
51.239999999999995 37.244
50.39 37.12
51.726000000000006 37.286
50.20100000000001 37.181999999999995
49.0 37.06
50.22 37.297999999999995
49.2 37.236999999999995
50.524 36.884
51.129000000000005 37.208000000000006
48.992999999999995 37.041000000000004
52.65399999999999 37.092
52.235 37.0
52.601 37.074
49.707 36.968
49.06100000000001 37.257
49.83500000000001 37.111
50.57899999999999 37.182
49.109 37.114000000000004
47.126000000000005 37.111
51.001 37.138
46.73500000000001 37.146
50.842 37.158
51.98500000000001 37.041999999999994
49.456 37.037
46.802 37.195
46.992000000000004 37.085
49.462 37.055
51.227000000000004 37.099
48.699 37.0
49.933 36.963
48.785000000000004 37.152
47.516999999999996 37.042
48.943999999999996 37.017
49.598 37.048
49.846999999999994 37.244
49.544 37.0
49.132999999999996 37.36000000000001
50.324000000000005 37.444
51.673 37.32899999999999
48.73799999999999 37.232
51.056999999999995 37.38399999999999
50.437999999999995 37.16
51.166 37.152
50.437999999999995 37.091
49.995 37.341
50.434 37.188
48.645 37.134
50.078 37.244
50.622 37.336000000000006
50.696000000000005 37.199999999999996
50.958000000000006 37.249
50.080999999999996 37.17700000000001
50.043000000000006 37.109
52.562999999999995 37.126999999999995
52.190999999999995 37.176
54.022000000000006 37.415
52.587999999999994 37.274
53.660999999999994 37.261
53.620000000000005 37.20099999999999
50.659 37.042
52.378999999999984 37.354
50.572 37.402
48.443 37.096000000000004
49.866 37.195
47.999 37.408
50.629000000000005 37.323
52.296 37.238
53.15 37.232
49.830999999999996 37.145
51.625 37.083000000000006
49.602999999999994 37.293
52.935 37.115
51.208999999999996 37.30500000000001
50.734 37.47
50.05500000000001 37.20899999999999
49.651 37.248999999999995
47.967000000000006 37.212
53.87 37.194
49.682 37.13400000000001
47.136 37.195
47.882000000000005 37.11
46.172999999999995 37.091
45.656 37.004999999999995
43.842999999999996 36.81
44.232 36.88999999999999
44.908 37.061
43.157999999999994 36.803999999999995
44.873000000000005 36.866
41.876000000000005 37.012
41.882 36.998999999999995
43.254999999999995 36.828
46.416000000000004 37.152
43.707 36.914
45.166000000000004 37.054
43.34 37.171
43.712999999999994 37.053999999999995
42.987 37.067
41.638000000000005 36.891
42.93899999999999 36.95099999999999
37.87799999999999 36.89
39.662 36.944
38.085 36.852999999999994
37.492999999999995 37.048
38.911 37.080999999999996
38.885 36.997
