34.80209999999999 51.93800000000001
37.837900000000005 51.972699999999996
38.69109999999999 52.00790000000001
36.5172 52.05270000000001
36.2453 52.085000000000015
38.512100000000004 52.127
34.9053 52.1676
33.43740000000002 52.2008
32.9955 52.2366
34.282000000000004 52.26900000000001
36.2938 52.30779999999999
33.318400000000004 52.34470000000001
32.79170000000001 52.384299999999996
35.43729999999999 52.4162
32.2945 52.44950000000001
31.696999999999996 52.48590000000001
31.337600000000005 52.51960000000001
31.9511 52.556999999999995
32.8333 52.596700000000006
29.878300000000003 52.62310000000001
31.4104 52.648700000000005
31.2779 52.6825
29.372300000000006 52.712900000000005
32.8006 52.7504
29.285300000000003 52.786100000000005
28.445500000000006 52.81149999999999
29.931600000000007 52.83430000000001
32.33610000000001 52.872299999999996
31.761900000000004 52.915600000000005
30.1643 52.950599999999994
30.5605 52.977399999999996
29.854300000000002 53.01129999999999
29.8103 53.04509999999999
32.240899999999996 53.08489999999999
32.77870000000001 53.10959999999999
29.153699999999994 53.144000000000005
29.978599999999993 53.1784
25.8017 53.19809999999999
27.036500000000007 53.22950000000001
26.394500000000008 53.257600000000004
24.7349 53.2705
27.490199999999998 53.311600000000006
27.953 53.35569999999999
26.592999999999993 53.38510000000001
29.101900000000004 53.406299999999995
26.964899999999997 53.43810000000001
25.5932 53.4609
25.677999999999994 53.4832
26.947599999999998 53.523900000000005
24.4041 53.55989999999999
25.988899999999997 53.5833
25.2724 53.6149
24.456199999999995 53.635299999999994
21.923799999999996 53.654599999999995
24.804299999999994 53.67659999999999
24.055999999999997 53.69329999999999
23.668599999999994 53.722
23.475600000000007 53.7401
21.7301 53.7572
21.831 53.761
22.092700000000008 53.785799999999995
21.901600000000006 53.8067
20.429499999999994 53.82119999999999
21.906200000000002 53.8346
21.75 53.86
21.172399999999993 53.8782
19.068599999999993 53.8906
19.737199999999998 53.9181
18.505800000000004 53.93940000000001
19.3755 53.96960000000001
19.6891 53.9806
20.4728 54.00450000000001
20.914700000000007 54.023300000000006
20.6637 54.04119999999999
18.6996 54.05119999999999
19.712000000000003 54.075100000000006
19.405099999999997 54.092699999999994
20.6488 54.126799999999996
20.8981 54.14019999999999
20.010500000000004 54.15869999999998
21.232100000000003 54.182900000000004
21.4499 54.2008
20.7396 54.23110000000001
22.071099999999998 54.2691
20.839000000000002 54.2868
24.331199999999995 54.31560000000001
21.616899999999998 54.3399
22.659800000000004 54.3633
24.219700000000003 54.41429999999998
24.4947 54.4407
24.9721 54.4675
27.371299999999998 54.503299999999996
26.697299999999995 54.5385
25.626699999999996 54.578900000000004
26.3104 54.618199999999995
26.0043 54.66519999999999
26.606300000000005 54.7064
26.556500000000007 54.7465
28.884599999999992 54.7786
31.610599999999998 54.83270000000001
30.9191 54.858799999999995
31.64839999999999 54.919700000000006
33.181700000000006 54.9423
34.236 54.9933
32.53170000000001 55.04889999999999
34.952 55.0971
37.5447 55.147499999999994
37.51919999999999 55.196600000000004
35.0705 55.2513
34.75099999999999 55.29350000000001
39.996300000000005 55.341300000000004
37.96870000000001 55.39489999999998
37.012899999999995 55.453300000000006
37.349300000000014 55.501900000000006
39.85160000000001 55.5663
40.561699999999995 55.6172
39.952999999999996 55.660699999999984
45.861 55.73879999999999
52.586999999999996 55.7984
43.0947 55.84959999999999
42.75769999999999 55.92029999999999
42.6875 55.971799999999995
44.05119999999999 56.023
45.574000000000005 56.072500000000005
46.7958 56.132599999999975
42.8919 56.20299999999999
42.334 56.24460000000002
42.23029999999999 56.29439999999999
44.7472 56.361099999999986
44.648300000000006 56.413899999999984
42.0547 56.46790000000001
45.6515 56.52260000000001
43.4183 56.56709999999999
44.778 56.6314
44.51499999999999 56.6968
47.47220000000001 56.748299999999986
44.27300000000002 56.8037
46.57399999999999 56.8705
44.273 56.92990000000001
45.169000000000004 56.96960000000001
45.458400000000005 57.0203
43.989 57.0742
44.79 57.123400000000004
43.78629999999999 57.18589999999999
43.8239 57.222600000000014
44.415 57.28680000000001
43.31899999999999 57.338199999999986
45.69499999999999 57.404300000000006
46.76 57.44389999999999
44.885000000000005 57.500800000000005
50.29899999999999 57.566399999999994
46.951 57.62660000000002
51.30000000000001 57.675200000000004
50.741000000000014 57.7569
57.41299999999999 57.809599999999996
53.702000000000005 57.88320000000001
45.893 57.92179999999999
47.66300000000001 55.7936
54.46300000000001 54.96590000000001
52.92399999999999 55.043200000000006
44.31699999999999 54.729099999999995
48.433099999999996 52.0636
49.67699999999999 52.140699999999995
50.25799999999999 52.22030000000001
52.625 52.31679999999999
50.489000000000004 52.356700000000004
50.28600000000001 52.445600000000006
52.893 52.5139
52.973000000000006 52.575399999999995
56.469000000000015 52.6624
53.183 52.73779999999999
54.574999999999996 52.81159999999999
52.04899999999999 52.8719
51.40899999999999 52.963300000000004
52.14300000000001 53.04309999999999
52.27900000000001 53.09910000000001
54.705000000000005 53.169700000000006
58.07799999999999 53.252599999999994
51.347 53.3177
57.56000000000001 53.39620000000001
54.77700000000001 53.484300000000005
57.73600000000001 53.5382
59.01 53.623
57.24399999999999 53.69619999999999
62.49699999999999 53.76990000000001
58.349 53.8502
53.264 53.90849999999999
56.62600000000001 53.981199999999994
55.37800000000001 54.05509999999999
56.31300000000002 54.11119999999999
54.257999999999996 54.171499999999995
54.64300000000001 54.23519999999999
53.288000000000004 54.299399999999984
54.583000000000006 54.3637
51.217999999999996 54.42940000000001
51.516 54.468
53.154 54.52720000000001
51.92 54.569
52.937999999999995 54.64690000000001
55.843999999999994 54.685100000000006
56.032000000000004 54.738399999999984
56.481999999999985 54.80500000000001
49.197 54.841800000000006
47.951000000000015 54.8898
50.74299999999998 53.772600000000004
59.469000000000015 51.91480000000001
49.929 51.98159999999999
46.82400000000001 52.03359999999999
50.206999999999994 52.07700000000002
49.867000000000004 52.13289999999999
49.878 52.1984
48.90399999999999 52.25489999999999
49.340000000000025 52.3122
47.556000000000004 52.355399999999996
47.12 52.400400000000005
47.91 52.44709999999999
47.45799999999999 52.505499999999984
43.88439999999999 52.538300000000014
46.851000000000006 52.5856
44.72 52.63759999999999
44.72099999999999 52.6859
47.096000000000004 52.7336
50.080000000000005 52.778000000000006
47.527999999999984 52.823100000000004
47.785999999999994 52.849500000000006
45.7308 52.9061
48.13199999999999 52.95679999999998
49.560999999999986 52.998400000000004
52.1935 53.0356
53.101000000000006 53.071
52.2918 53.1161
43.51799999999999 53.15969999999999
46.06900000000002 53.20919999999999
49.324 53.24820000000001
45.32299999999999 53.2777
46.193 53.328599999999994
42.788 53.36730000000001
45.4088 53.41020000000001
45.215 53.449000000000005
44.082300000000004 53.487899999999996
45.25430000000001 53.52619999999999
43.6412 53.5587
43.02700000000001 53.5946
45.940999999999995 53.64140000000002
46.5 53.68160000000002
42.7784 53.72080000000001
44.87590000000001 53.75200000000001
42.242 53.793200000000006
44.05500000000001 53.817199999999985
45.96400000000002 53.85159999999999
48.315000000000005 53.90999999999999
45.158 53.930200000000006
47.487 53.961000000000006
44.873999999999995 53.99850000000001
43.5529 54.0346
46.0769 54.0723
43.493700000000004 54.113600000000005
44.16499999999999 54.141499999999986
46.300000000000004 54.18059999999999
43.66420000000001 54.2134
45.394000000000005 54.249
43.358399999999996 54.273799999999994
49.423 54.313000000000024
42.5088 54.3454
40.9068 54.3716
39.11570000000001 54.39649999999999
38.9457 54.4277
40.5854 54.4464
38.585999999999984 54.47650000000001
41.3284 54.49759999999999
39.2606 54.514300000000006
38.9638 54.529700000000005
41.21470000000001 54.55570000000001
35.10600000000001 54.576499999999996
36.96 54.59209999999999
36.94419999999999 54.609700000000004
32.238600000000005 54.61869999999999
34.30509999999999 54.638699999999986
35.77440000000001 54.653000000000006
33.53069999999999 54.6741
35.6449 54.6985
33.834900000000005 54.71760000000001
34.6328 54.738299999999995
32.135299999999994 54.7557
30.03739999999999 54.765
30.736200000000004 54.77699999999999
30.834200000000006 54.79729999999999
30.856 54.8126
