19.82 11.540000000000001
19.139999999999997 11.52
18.12 11.49
18.38 11.49
20.39 11.51
20.97 11.57
20.31 11.52
17.990000000000002 11.49
18.21 11.49
18.6 11.5
20.95 11.600000000000001
20.46 11.540000000000001
17.8 11.51
17.53 11.49
17.75 11.49
20.73 11.559999999999999
21.240000000000002 11.52
18.21 11.51
18.310000000000002 11.5
17.82 11.49
21.14 11.540000000000001
20.48 11.540000000000001
18.459999999999997 11.51
17.65 11.49
17.7 11.49
20.8 11.52
19.73 11.55
18.6 11.51
17.599999999999998 11.49
17.41 11.469999999999999
20.31 11.51
19.21 11.559999999999999
18.21 11.52
20.560000000000002 11.51
18.48 11.5
20.14 11.51
21.39 11.57
20.19 11.51
17.7 11.49
17.68 11.469999999999999
19.189999999999998 11.5
20.31 11.58
20.02 11.51
17.5 11.5
18.07 11.49
18.8 11.49
21.310000000000002 11.57
20.48 11.52
17.97 11.49
17.630000000000003 11.469999999999999
17.599999999999998 11.469999999999999
20.830000000000002 11.55
20.61 11.52
17.41 11.49
17.65 11.469999999999999
17.48 11.469999999999999
20.87 11.540000000000001
20.48 11.540000000000001
18.12 11.49
17.630000000000003 11.469999999999999
17.68 11.469999999999999
20.68 11.55
20.43 11.559999999999999
17.94 11.49
17.68 11.469999999999999
17.43 11.469999999999999
20.75 11.52
20.65 11.52
19.040000000000003 11.5
17.48 11.469999999999999
17.549999999999997 11.459999999999999
20.8 11.51
19.580000000000002 11.540000000000001
18.87 11.5
17.9 11.49
17.65 11.469999999999999
20.34 11.5
18.68 11.55
20.36 11.5
17.53 11.49
17.599999999999998 11.469999999999999
19.34 11.49
20.73 11.57
20.0 11.51
17.87 11.49
17.919999999999998 11.469999999999999
19.82 11.49
21.88 11.600000000000001
20.31 11.55
17.630000000000003 11.5
17.75 11.5
17.7 11.469999999999999
22.34 11.58
20.560000000000002 11.58
18.04 11.51
18.21 11.49
19.189999999999998 11.49
24.07 11.55
20.95 11.55
18.43 11.51
18.48 11.5
18.41 11.5
21.9 11.52
21.07 11.57
18.38 11.51
17.72 11.49
17.82 11.49
21.529999999999998 11.52
22.09 11.559999999999999
18.75 11.5
18.92 11.5
18.8 11.49
22.189999999999998 11.540000000000001
20.31 11.559999999999999
18.43 11.5
18.240000000000002 11.5
18.6 11.49
22.24 11.55
20.65 11.55
17.990000000000002 11.5
17.94 11.49
17.9 11.49
23.1 11.58
20.43 11.559999999999999
18.529999999999998 11.51
18.04 11.49
19.21 11.49
21.8 11.58
19.7 11.540000000000001
18.07 11.5
19.34 11.5
20.53 11.52
21.78 11.58
18.970000000000002 11.52
17.919999999999998 11.5
18.63 11.49
21.73 11.540000000000001
21.7 11.559999999999999
19.040000000000003 11.5
17.919999999999998 11.5
17.97 11.49
21.88 11.55
20.09 11.57
17.82 11.49
18.12 11.49
18.14 11.49
23.36 11.559999999999999
20.73 11.540000000000001
18.77 11.51
18.43 11.49
19.56 11.5
22.439999999999998 11.58
19.73 11.52
18.14 11.49
18.38 11.49
20.919999999999998 11.5
21.95 11.61
18.58 11.51
18.529999999999998 11.49
18.38 11.5
22.53 11.540000000000001
21.09 11.58
18.92 11.540000000000001
18.63 11.5
18.529999999999998 11.51
22.95 11.61
20.26 11.559999999999999
18.16 11.5
18.12 11.51
19.82 11.51
22.05 11.58
18.68 11.51
18.26 11.49
18.38 11.5
19.7 11.540000000000001
21.09 11.58
21.310000000000002 11.540000000000001
18.26 11.52
19.07 11.5
22.49 11.559999999999999
19.38 11.540000000000001
17.97 11.49
19.189999999999998 11.49
22.509999999999998 11.559999999999999
21.51 11.58
18.09 11.51
18.29 11.5
18.6 11.49
23.41 11.600000000000001
19.12 11.52
18.7 11.51
18.38 11.51
22.12 11.540000000000001
20.97 11.57
18.26 11.540000000000001
18.12 11.5
18.95 11.5
23.119999999999997 11.600000000000001
20.26 11.540000000000001
19.34 11.49
18.77 11.5
21.88 11.540000000000001
21.29 11.57
19.43 11.52
19.34 11.5
19.53 11.5
27.54 11.66
19.68 11.600000000000001
19.09 11.540000000000001
17.82 11.540000000000001
22.61 11.559999999999999
20.26 11.559999999999999
18.82 11.55
17.849999999999998 11.51
20.68 11.52
27.339999999999996 11.709999999999999
19.85 11.66
19.68 11.57
19.24 11.55
23.56 11.600000000000001
21.240000000000002 11.600000000000001
18.990000000000002 11.55
18.38 11.52
20.07 11.540000000000001
22.88 11.62
19.34 11.540000000000001
18.459999999999997 11.51
19.56 11.52
23.39 11.57
22.509999999999998 11.600000000000001
18.77 11.540000000000001
19.29 11.51
19.509999999999998 11.51
24.93 11.62
20.169999999999998 11.55
19.21 11.51
18.73 11.52
22.71 11.55
21.51 11.600000000000001
18.85 11.52
18.310000000000002 11.5
18.87 11.51
23.36 11.600000000000001
20.09 11.55
18.82 11.52
19.41 11.5
21.66 11.540000000000001
21.12 11.600000000000001
19.36 11.52
18.7 11.5
18.26 11.49
23.849999999999998 11.58
19.869999999999997 11.55
18.75 11.51
18.38 11.5
21.240000000000002 11.52
22.53 11.62
19.24 11.52
18.87 11.5
19.38 11.51
22.8 11.559999999999999
21.34 11.540000000000001
18.41 11.52
18.85 11.5
19.6 11.51
22.8 11.61
21.34 11.55
19.21 11.51
18.43 11.52
22.509999999999998 11.559999999999999
20.75 11.57
19.139999999999997 11.52
18.75 11.51
18.970000000000002 11.5
23.46 11.62
20.849999999999998 11.55
18.58 11.51
19.12 11.51
21.26 11.540000000000001
22.58 11.61
18.68 11.52
19.02 11.5
18.529999999999998 11.5
23.78 11.57
20.87 11.58
18.73 11.51
18.360000000000003 11.52
19.12 11.5
