18.970000000000002 11.21
17.9 11.21
19.43 11.219999999999999
17.82 11.23
16.48 11.219999999999999
20.43 11.23
16.33 11.219999999999999
21.09 11.219999999999999
16.33 11.23
17.9 11.219999999999999
19.17 11.24
17.990000000000002 11.219999999999999
19.6 11.23
17.97 11.24
16.33 11.21
21.02 11.23
16.36 11.23
20.8 11.219999999999999
16.63 11.25
17.919999999999998 11.23
19.139999999999997 11.219999999999999
18.19 11.219999999999999
18.6 11.219999999999999
18.87 11.219999999999999
16.28 11.19
20.36 11.21
17.09 11.23
19.46 11.219999999999999
18.26 11.25
18.02 11.21
18.509999999999998 11.219999999999999
18.9 11.23
17.04 11.21
20.61 11.23
16.53 11.219999999999999
19.75 11.219999999999999
17.75 11.23
18.02 11.219999999999999
19.63 11.23
18.04 11.219999999999999
17.21 11.21
20.39 11.24
16.38 11.21
21.240000000000002 11.24
16.41 11.23
19.09 11.219999999999999
18.38 11.219999999999999
18.04 11.21
19.73 11.23
18.12 11.219999999999999
17.14 11.21
20.51 11.23
16.5 11.21
21.41 11.24
16.48 11.23
18.38 11.21
19.02 11.21
17.990000000000002 11.19
19.6 11.219999999999999
17.990000000000002 11.23
16.41 11.21
21.02 11.24
16.38 11.19
21.240000000000002 11.21
16.36 11.24
17.94 11.21
19.38 11.219999999999999
18.09 11.219999999999999
18.9 11.21
18.68 11.219999999999999
16.46 11.19
20.41 11.23
17.14 11.21
18.92 11.19
18.68 11.24
17.97 11.19
17.77 11.18
19.63 11.219999999999999
16.36 11.18
21.12 11.24
16.31 11.24
18.38 11.219999999999999
18.9 11.219999999999999
17.94 11.219999999999999
19.6 11.21
17.990000000000002 11.23
16.53 11.219999999999999
20.97 11.219999999999999
16.36 11.19
21.240000000000002 11.21
16.28 11.219999999999999
17.94 11.19
18.8 11.219999999999999
18.6 11.19
18.12 11.18
19.38 11.25
16.38 11.23
19.650000000000002 11.219999999999999
17.77 11.24
18.310000000000002 11.23
21.73 11.24
17.990000000000002 11.24
17.36 11.19
20.24 11.219999999999999
16.38 11.219999999999999
21.240000000000002 11.21
16.43 11.219999999999999
18.360000000000003 11.21
19.12 11.219999999999999
18.07 11.19
19.189999999999998 11.21
18.68 11.23
16.36 11.19
21.0 11.219999999999999
16.580000000000002 11.23
19.650000000000002 11.21
18.09 11.23
18.07 11.21
18.9 11.19
18.73 11.19
16.939999999999998 11.19
20.75 11.24
16.55 11.21
19.85 11.21
17.9 11.21
18.19 11.19
19.8 11.23
18.12 11.21
18.509999999999998 11.21
19.36 11.23
16.46 11.18
21.46 11.21
16.48 11.219999999999999
19.68 11.21
18.19 11.21
18.14 11.21
19.869999999999997 11.23
18.16 11.21
17.599999999999998 11.21
20.02 11.219999999999999
16.580000000000002 11.19
21.51 11.23
16.580000000000002 11.23
19.17 11.21
18.7 11.23
18.16 11.19
19.7 11.21
18.21 11.23
17.09 11.21
20.7 11.21
16.6 11.219999999999999
21.39 11.21
16.669999999999998 11.24
18.12 11.21
19.17 11.219999999999999
18.459999999999997 11.19
19.21 11.21
18.82 11.23
16.580000000000002 11.21
21.29 11.219999999999999
16.7 11.19
20.119999999999997 11.19
18.07 11.25
18.310000000000002 11.21
19.53 11.21
18.33 11.21
18.04 11.19
20.31 11.24
16.82 11.219999999999999
21.0 11.21
17.26 11.21
19.24 11.19
19.41 11.24
18.43 11.21
19.189999999999998 11.19
19.09 11.21
17.53 11.18
20.919999999999998 11.24
16.82 11.219999999999999
21.0 11.19
17.380000000000003 11.19
19.46 11.19
19.07 11.25
18.38 11.21
19.43 11.21
18.9 11.219999999999999
18.68 11.19
19.73 11.24
16.75 11.19
21.22 11.21
17.19 11.19
21.29 11.21
17.24 11.24
18.459999999999997 11.21
19.7 11.21
18.360000000000003 11.18
20.0 11.219999999999999
18.41 11.25
17.29 11.21
20.95 11.23
16.77 11.21
21.61 11.23
16.75 11.219999999999999
19.46 11.219999999999999
18.82 11.21
18.459999999999997 11.19
20.07 11.24
18.41 11.219999999999999
18.02 11.19
20.34 11.219999999999999
16.8 11.19
21.63 11.23
16.869999999999997 11.21
20.73 11.21
17.599999999999998 11.19
19.580000000000002 11.21
19.189999999999998 11.25
18.55 11.18
19.82 11.19
18.55 11.19
19.17 11.21
19.31 11.24
16.8 11.19
21.58 11.219999999999999
16.99 11.19
21.73 11.19
16.75 11.219999999999999
18.87 11.21
19.41 11.21
18.459999999999997 11.18
20.14 11.21
18.529999999999998 11.23
17.94 11.19
20.39 11.19
16.919999999999998 11.18
21.75 11.219999999999999
16.8 11.21
19.900000000000002 11.21
18.529999999999998 11.219999999999999
18.92 11.18
19.85 11.24
18.48 11.219999999999999
19.139999999999997 11.19
19.31 11.19
18.48 11.19
20.119999999999997 11.27
16.869999999999997 11.21
21.310000000000002 11.219999999999999
17.21 11.21
20.97 11.19
17.65 11.25
18.55 11.21
19.919999999999998 11.19
18.6 11.19
20.14 11.19
18.58 11.21
16.919999999999998 11.17
21.68 11.21
16.85 11.18
21.83 11.21
16.89 11.219999999999999
18.85 11.18
19.46 11.19
18.55 11.18
20.14 11.21
18.58 11.219999999999999
17.72 11.18
20.97 11.219999999999999
16.99 11.18
21.88 11.21
16.97 11.19
19.63 11.17
18.82 11.21
18.65 11.19
20.169999999999998 11.24
18.63 11.219999999999999
18.16 11.19
20.36 11.21
16.869999999999997 11.18
21.85 11.219999999999999
16.97 11.21
20.0 11.18
18.68 11.21
18.68 11.19
20.31 11.219999999999999
18.6 11.19
18.41 11.19
20.39 11.19
