26.0759 14.335799999999999
25.9979 14.320799999999995
26.741500000000006 14.3206
27.343400000000003 14.355699999999999
27.812599999999993 14.369100000000001
23.3602 14.343299999999997
21.599899999999998 14.277799999999996
21.4257 14.245899999999997
21.8959 14.2575
23.057499999999994 14.2763
24.145699999999998 14.290899999999999
25.841 14.276000000000005
25.698700000000002 14.272699999999999
24.66989999999999 14.258899999999999
23.6146 14.267600000000002
25.7934 14.2837
24.778699999999994 14.312299999999995
24.304699999999997 14.342899999999995
24.286700000000003 14.377099999999995
22.730600000000003 14.3567
23.781799999999997 14.383399999999998
25.187000000000005 14.375900000000003
24.565100000000008 14.3453
24.8886 14.363600000000002
24.499200000000002 14.343900000000007
24.715899999999998 14.328999999999997
24.800100000000008 14.3268
24.653200000000002 14.312099999999997
24.4521 14.318399999999997
24.7093 14.334999999999996
23.940500000000004 14.336900000000002
24.042400000000004 14.344600000000002
24.071600000000004 14.319800000000004
23.750799999999998 14.2933
24.258899999999997 14.319
24.060200000000002 14.311400000000004
23.862199999999998 14.300200000000002
24.012699999999995 14.288300000000007
24.107300000000002 14.28260000000001
23.431100000000004 14.283900000000003
23.915299999999995 14.306000000000003
23.794299999999996 14.266000000000004
23.5436 14.318800000000001
24.2928 14.338900000000002
24.7442 14.375900000000003
24.089000000000002 14.410199999999996
23.7405 14.3679
23.477200000000003 14.365699999999999
23.204900000000006 14.380799999999999
23.8832 14.366600000000002
24.089399999999998 14.334299999999997
24.469000000000005 14.320399999999994
20.9143 14.342599999999997
20.666700000000002 14.301000000000002
21.881500000000003 14.2901
22.0701 14.288599999999995
19.201000000000004 14.241799999999994
18.619299999999996 14.245400000000005
18.1088 14.238799999999996
17.203699999999998 14.2541
16.467 14.309699999999998
16.8115 14.2778
16.91330000000001 14.287499999999998
16.9253 14.3093
16.4849 14.231900000000003
16.2398 14.222499999999998
17.648899999999994 14.247200000000007
19.4597 14.3161
20.10639999999999 14.315199999999994
19.03450000000001 14.322000000000006
16.761899999999997 14.257700000000003
16.2513 14.273799999999998
17.267000000000003 14.261199999999999
19.028100000000002 14.289799999999994
16.947799999999997 14.285699999999999
17.1601 14.263800000000002
16.668199999999995 14.252
16.378499999999995 14.224199999999998
16.150799999999993 14.183500000000002
16.531199999999995 14.180399999999995
16.621899999999997 14.190099999999994
16.590399999999995 14.2037
16.9016 14.177499999999998
16.68219999999999 14.161499999999997
17.076100000000004 14.1803
17.235299999999995 14.194799999999997
17.222399999999997 14.213599999999996
17.7101 14.321599999999998
17.6798 14.280099999999996
18.076400000000003 14.281000000000002
18.675700000000003 14.268400000000003
20.087799999999998 14.270800000000003
19.991100000000003 14.251599999999998
19.988799999999994 14.263
18.5232 14.2699
19.152799999999992 14.252000000000004
20.8723 14.267799999999998
20.9184 14.278600000000003
21.1687 14.326100000000002
19.369699999999995 14.370799999999997
19.781599999999997 14.429200000000003
21.2664 14.410899999999996
21.063200000000002 14.3555
21.37759999999999 14.346200000000003
19.867500000000003 14.3613
19.6756 14.354800000000004
20.244199999999996 14.3185
20.13960000000001 14.305600000000002
20.095700000000004 14.332399999999994
21.9669 14.293100000000006
22.915099999999995 14.314599999999999
21.906399999999998 14.348299999999997
21.430799999999998 14.3293
22.676400000000005 14.339800000000002
22.033 14.3297
21.865399999999998 14.299500000000002
21.8251 14.2747
22.443400000000004 14.281100000000002
22.1439 14.290199999999995
22.932299999999998 14.321400000000004
22.89999999999999 14.266799999999998
21.3648 14.244599999999998
21.705999999999996 14.2515
22.623399999999997 14.258299999999998
24.4419 14.432699999999999
24.912000000000003 14.714999999999995
23.085900000000002 14.974399999999994
23.1412 14.979000000000003
22.800600000000006 14.655800000000005
23.3247 14.637299999999998
23.5827 14.809500000000003
23.669700000000006 15.0671
23.007099999999987 14.969299999999999
23.088 14.6892
23.7203 14.579899999999999
24.0075 14.477500000000004
24.177500000000002 14.424499999999995
24.377499999999998 14.394400000000001
23.5945 14.363699999999998
23.497 14.373300000000002
24.001499999999997 14.380800000000002
23.270299999999995 14.354600000000001
23.037400000000005 14.334900000000003
24.310699999999997 14.311600000000002
24.1263 14.305099999999996
24.055 14.3101
23.953299999999995 14.298300000000003
23.713500000000007 14.321200000000003
23.8576 14.307499999999997
23.934500000000007 14.289399999999999
23.4683 14.2914
23.806000000000004 14.287700000000001
24.289800000000003 14.324900000000001
24.2175 14.3288
24.174999999999994 14.321699999999998
23.442 14.319400000000002
23.622300000000003 14.282499999999999
24.443900000000003 14.26
25.365599999999993 14.322099999999999
25.006600000000013 14.313500000000001
25.683700000000005 14.339200000000002
25.786800000000003 14.347000000000001
25.241999999999997 14.3351
26.626500000000004 14.295799999999995
26.595499999999994 14.319199999999995
25.806199999999997 14.299999999999995
25.664900000000003 14.308900000000001
26.553599999999992 14.301100000000003
26.298800000000007 14.318200000000001
27.628500000000006 14.316600000000001
26.664099999999998 14.3435
27.0177 14.3286
27.210899999999995 14.328400000000006
27.317400000000003 14.332799999999999
27.370400000000007 14.311499999999997
27.544100000000004 14.3344
28.117699999999996 14.341800000000005
27.74120000000001 14.312800000000003
27.888700000000004 14.338699999999996
27.992900000000002 14.334400000000002
27.026899999999994 14.332000000000006
27.3176 14.334100000000008
27.578799999999998 14.316499999999998
29.210900000000006 14.355600000000004
29.95239999999999 14.372899999999996
28.847999999999995 14.327100000000003
29.106000000000005 14.338900000000002
28.8361 14.349800000000004
29.081700000000005 14.3478
29.511599999999998 14.356399999999999
29.163 14.34
28.707800000000006 14.371799999999999
28.621599999999997 14.388599999999999
28.636499999999998 14.3594
28.458399999999994 14.365699999999999
28.083299999999994 14.386400000000002
28.084500000000006 14.365399999999998
27.4001 14.378200000000001
27.5594 14.313499999999998
27.397199999999998 14.358
28.2561 14.358200000000002
28.12639999999999 14.332399999999994
28.005800000000004 14.347700000000007
27.06150000000001 14.352800000000002
27.354300000000002 14.341400000000002
27.570399999999996 14.340400000000002
28.617700000000013 14.354899999999994
28.306499999999996 14.355200000000002
28.202899999999996 14.310799999999993
27.149200000000008 14.275399999999996
26.307499999999994 14.321199999999997
27.059299999999997 14.342799999999997
26.631799999999988 14.356299999999997
26.735299999999995 14.319200000000002
28.505799999999997 14.351500000000003
28.11040000000001 14.356999999999998
28.623599999999982 14.387499999999998
27.880499999999998 14.3555
27.4148 14.353299999999999
27.4914 14.334400000000006
28.061100000000007 14.354299999999999
27.414899999999996 14.352799999999997
28.048499999999986 14.3844
26.535199999999993 14.342400000000003
26.464100000000013 14.3304
26.789399999999997 14.350700000000005
27.048 14.324700000000002
27.3711 14.351899999999999
26.941599999999994 14.355200000000002
25.172399999999996 14.3585
26.229699999999994 14.3657
26.25490000000001 14.353200000000005
25.7087 14.339900000000002
25.011000000000006 14.3305
25.8264 14.338200000000004
25.0518 14.362100000000003
25.4503 14.350499999999997
25.502600000000005 14.352700000000002
25.385400000000004 14.346199999999998
24.600300000000004 14.3398
24.610500000000005 14.335599999999998
25.0404 14.332600000000003
25.6415 14.361
25.382199999999997 14.319000000000004
25.5392 14.309000000000003
25.416100000000004 14.327499999999999
24.895499999999995 14.323399999999998
25.1135 14.3106
24.961099999999995 14.314599999999999
25.180500000000006 14.340399999999997
25.16260000000001 14.306200000000002
25.3261 14.3117
25.528900000000004 14.292100000000001
25.1697 14.295599999999997
24.702100000000005 14.303799999999999
25.5021 14.305500000000002
25.432099999999995 14.304100000000004
25.1541 14.2953
24.6582 14.311399999999995
24.784999999999993 14.306799999999997
25.408900000000003 14.307300000000003
25.2426 14.3131
24.875899999999998 14.3195
24.211799999999997 14.2963
24.2327 14.311700000000002
25.523999999999997 14.304899999999998
25.453299999999995 14.302200000000006
23.5906 14.3039
22.9898 14.284100000000002
23.370700000000006 14.269099999999993
22.7427 14.275400000000001
23.502200000000002 14.278300000000002
23.6152 14.260200000000001
23.2228 14.245399999999995
22.624199999999995 14.258900000000002
22.646700000000003 14.261299999999999
23.399700000000003 14.2788
23.505 14.285700000000004
23.576099999999997 14.2758
23.042099999999994 14.2926
21.7573 14.2849
22.172099999999997 14.259500000000003
23.481499999999993 14.273200000000003
23.2568 14.2838
23.275999999999996 14.278700000000002
22.4071 14.26
21.211699999999997 14.259
20.899600000000003 14.259100000000002
