36.29900000000001 10.070500000000001
36.277 10.082899999999999
36.623 10.086899999999998
36.217 10.0942
36.102000000000004 10.104000000000001
36.96 10.1212
37.06000000000001 10.128800000000002
36.754 10.131
37.132999999999996 10.1368
37.314 10.1513
36.687 10.159300000000002
35.824 10.1828
37.429 10.186400000000003
36.863 10.200199999999999
36.047 10.202400000000003
36.429 10.219999999999999
36.51399999999999 10.229600000000003
37.408 10.243400000000001
36.931 10.2508
36.988 10.2664
36.75 10.2771
36.684 10.2866
36.55500000000001 10.291700000000002
35.584 10.314400000000001
35.74 10.311200000000003
36.209999999999994 10.328599999999998
36.12800000000001 10.338800000000003
35.657 10.353100000000001
35.512 10.359399999999999
35.00299999999999 10.37
35.637 10.380400000000002
35.485 10.3947
35.35900000000001 10.4091
34.94799999999999 10.4199
34.95800000000001 10.4225
35.263000000000005 10.4366
35.339999999999996 10.4363
34.74300000000001 10.4519
35.056 10.457300000000002
34.542 10.457099999999999
34.717000000000006 10.4558
36.354 10.4592
37.989 10.468599999999999
39.275 10.488799999999998
41.513 10.511600000000001
41.437999999999995 10.5356
39.629999999999995 10.545
36.797 10.5576
36.303 10.5766
37.106 10.6003
36.568999999999996 10.6258
34.753 10.6437
34.910000000000004 10.6564
35.461 10.678400000000002
35.557 10.689400000000001
35.468 10.7059
35.075 10.719000000000001
35.30999999999999 10.7342
35.008 10.7423
37.059 10.7493
37.17999999999999 10.7661
37.11200000000001 10.7831
36.15 10.7926
36.894 10.795499999999999
35.092 10.795300000000001
35.747 10.818900000000001
35.549 10.8315
35.666 10.849599999999999
34.480999999999995 10.848099999999999
33.951 10.854999999999999
33.019999999999996 10.861599999999997
33.135999999999996 10.8778
34.17600000000001 10.9012
34.883 11.1092
34.455 10.987199999999998
35.64 10.991599999999998
34.763000000000005 11.000599999999999
34.562000000000005 10.986699999999999
35.504999999999995 10.9994
35.67599999999999 11.0312
35.444 11.0333
35.577000000000005 11.0697
35.303000000000004 11.057699999999999
34.842999999999996 11.0681
35.111000000000004 11.070800000000002
35.99499999999999 11.090200000000001
34.256 11.094999999999999
34.963 11.115300000000001
36.243 11.122400000000003
36.109 11.1302
35.371 11.129100000000001
35.79 11.149
36.26799999999999 11.160300000000001
35.46 11.177399999999999
34.93399999999999 11.174700000000001
35.149 11.189400000000003
34.835 11.1971
34.839000000000006 11.1926
35.291999999999994 11.2038
34.150999999999996 11.2157
34.778000000000006 11.2246
34.919 11.2344
34.397 11.2317
34.81399999999999 11.242700000000001
34.718 11.2449
35.217 11.270999999999999
34.69199999999999 11.267199999999999
34.428000000000004 11.2731
34.663 11.2801
36.103 11.2915
36.18299999999999 11.297600000000001
36.422999999999995 11.3114
36.775 11.3136
36.309000000000005 11.3214
36.840999999999994 11.326099999999997
35.735 11.3374
35.474 11.3328
35.557 11.341000000000001
35.499 11.332
36.23100000000001 11.361600000000001
37.827999999999996 11.3691
37.230000000000004 11.376900000000001
36.27799999999999 11.379300000000002
35.425 11.387
35.635000000000005 11.387600000000003
35.04200000000001 11.402300000000002
34.601000000000006 11.4074
34.535 11.4183
35.120000000000005 11.4249
34.127 11.429500000000004
34.466 11.4295
34.846 11.444899999999999
34.641000000000005 11.456400000000002
35.948 11.463800000000003
34.864999999999995 11.2583
36.083999999999996 11.1155
35.482 11.1572
34.795 11.185900000000002
34.709999999999994 11.2023
36.187999999999995 11.2423
35.290000000000006 11.269400000000001
34.53600000000001 11.289600000000002
34.168000000000006 11.2934
33.97399999999999 11.299299999999999
35.13199999999999 11.3112
35.255 11.3367
36.024000000000015 11.248499999999998
35.974999999999994 11.1997
35.083999999999996 11.193
34.551 11.196200000000001
34.389 11.188500000000001
34.803999999999995 11.186200000000003
35.424 11.1794
37.222 11.2093
37.611000000000004 11.234499999999997
37.222 11.242599999999998
36.065999999999995 11.2394
36.56900000000001 11.250499999999999
36.108999999999995 11.249100000000004
34.692 11.2678
35.89 11.270499999999998
36.99700000000001 11.289200000000001
36.085 11.295600000000002
36.669999999999995 11.306
35.617 11.309700000000001
36.516999999999996 11.322200000000002
35.779 11.337700000000002
36.338 11.3461
36.31399999999999 11.351400000000002
36.234 11.3576
36.357 11.362900000000002
36.231 11.3682
35.742 11.3667
36.232000000000006 11.3787
36.458999999999996 11.390600000000001
35.730999999999995 11.408700000000001
35.78 11.4099
35.573 11.419500000000001
35.293000000000006 11.415899999999999
36.175000000000004 11.4298
36.462 11.445600000000002
36.279999999999994 11.4583
36.295 11.462500000000002
36.291000000000004 11.4785
35.52300000000001 11.4733
36.121 11.483400000000001
35.600999999999985 11.4821
35.156 11.488000000000001
35.581999999999994 11.503400000000001
36.277 11.5213
36.537000000000006 11.536100000000001
36.461000000000006 11.536600000000002
35.485 11.5289
35.447 11.5395
35.973000000000006 11.552
36.943 11.562100000000001
36.784 11.565699999999998
37.358999999999995 11.577600000000002
37.041000000000004 11.5653
37.746 11.5802
36.811 11.582400000000002
37.24699999999999 11.590699999999998
37.757 11.622000000000002
36.91199999999999 11.628400000000003
36.973 11.6288
37.157999999999994 11.793600000000001
36.929 11.6668
37.253 11.670300000000001
37.043000000000006 11.6689
38.057 11.6716
37.492000000000004 11.683699999999998
37.636 11.681999999999999
37.279999999999994 11.683900000000001
37.066 11.6926
35.56199999999999 11.677999999999999
36.733 11.6898
37.596000000000004 11.864499999999998
37.462999999999994 11.785600000000002
37.213 11.8023
37.917 11.8783
38.379000000000005 11.749100000000002
38.004000000000005 11.728199999999998
38.00299999999999 11.7444
37.053 11.7569
36.65800000000001 11.761500000000002
38.077 11.757700000000003
37.836999999999996 11.7692
36.342 11.7676
37.266 11.7721
36.19199999999999 11.769099999999998
36.876 11.897300000000003
36.651 11.782800000000002
36.620000000000005 11.776700000000002
36.775 11.7943
36.885 11.7881
38.300999999999995 11.789700000000003
38.23999999999999 11.7883
36.907000000000004 11.803400000000002
35.36899999999999 11.808200000000001
35.681 11.8217
36.19299999999999 11.813199999999998
37.467000000000006 11.831
36.468 11.8292
35.86900000000001 11.828800000000001
36.400000000000006 11.844000000000001
36.681999999999995 11.850900000000001
36.283 11.8607
36.598000000000006 11.8661
36.131 11.863000000000001
35.905 11.8729
35.734 11.8783
37.160000000000004 11.889
37.015 11.8889
37.370999999999995 11.8959
36.944 11.8997
36.449999999999996 11.905799999999997
36.184 11.914099999999998
36.129 11.9272
36.42 11.934700000000001
35.882000000000005 11.934599999999998
35.746 11.9377
35.504999999999995 11.946
34.54 11.931599999999998
34.91199999999999 11.7455
37.097 11.6048
37.775000000000006 11.675699999999999
38.476000000000006 11.699999999999998
37.43 11.651
38.903 11.200700000000001
37.866 11.260600000000002
37.28099999999999 11.2954
37.497 11.327900000000001
37.172 11.363
36.973 11.4087
35.700999999999986 11.433
35.373 11.422
36.403999999999996 11.4087
37.483 11.422799999999999
36.248999999999995 11.425799999999999
37.48 11.387300000000002
37.651999999999994 11.239299999999998
37.45 11.216999999999999
36.71 11.2123
36.276999999999994 11.2068
36.145999999999994 11.222399999999999
36.069 11.230699999999997
36.19200000000001 11.228200000000001
36.107 11.2274
