22.27 11.469999999999999
18.55 11.49
16.7 11.459999999999999
18.48 11.469999999999999
18.529999999999998 11.49
23.189999999999998 11.49
16.7 11.459999999999999
18.38 11.469999999999999
16.82 11.469999999999999
22.14 11.469999999999999
19.75 11.49
18.529999999999998 11.49
16.869999999999997 11.469999999999999
18.63 11.469999999999999
22.36 11.49
19.29 11.49
16.77 11.49
18.529999999999998 11.49
16.82 11.459999999999999
24.95 11.52
16.82 11.49
18.529999999999998 11.469999999999999
16.97 11.49
18.970000000000002 11.49
23.14 11.5
18.68 11.5
16.869999999999997 11.469999999999999
18.529999999999998 11.469999999999999
17.82 11.469999999999999
24.0 11.49
17.02 11.450000000000001
18.68 11.459999999999999
20.580000000000002 11.49
20.09 11.51
21.7 11.5
18.38 11.51
16.89 11.49
18.41 11.469999999999999
20.8 11.5
21.17 11.51
16.939999999999998 11.49
18.48 11.49
16.89 11.469999999999999
24.02 11.5
17.919999999999998 11.52
18.48 11.49
16.97 11.469999999999999
18.310000000000002 11.49
23.32 11.5
18.310000000000002 11.49
16.99 11.469999999999999
18.55 11.469999999999999
17.75 11.459999999999999
21.14 11.51
20.14 11.52
18.43 11.5
16.97 11.469999999999999
19.56 11.49
22.189999999999998 11.51
18.43 11.49
17.07 11.49
18.360000000000003 11.51
18.63 11.49
23.630000000000003 11.52
16.97 11.5
18.38 11.49
16.939999999999998 11.5
21.12 11.51
20.75 11.52
18.41 11.51
16.97 11.49
18.360000000000003 11.49
20.919999999999998 11.49
21.0 11.540000000000001
17.04 11.5
18.41 11.49
16.939999999999998 11.49
23.1 11.51
18.85 11.51
18.33 11.5
16.97 11.469999999999999
18.43 11.469999999999999
22.509999999999998 11.51
19.34 11.540000000000001
16.89 11.5
18.360000000000003 11.51
16.97 11.49
24.83 11.51
17.04 11.540000000000001
18.41 11.5
16.939999999999998 11.49
18.82 11.5
23.119999999999997 11.51
18.41 11.51
17.09 11.5
18.75 11.5
17.919999999999998 11.49
26.419999999999998 11.52
17.14 11.51
18.55 11.49
17.04 11.5
19.78 11.51
21.73 11.51
18.26 11.51
16.82 11.5
18.26 11.5
19.040000000000003 11.51
22.71 11.52
17.11 11.5
18.48 11.49
17.41 11.5
21.19 11.51
21.41 11.52
18.68 11.51
17.14 11.51
19.040000000000003 11.51
22.61 11.51
19.38 11.52
17.11 11.49
18.68 11.5
18.48 11.51
23.830000000000002 11.52
17.26 11.52
18.6 11.5
17.14 11.49
20.97 11.5
21.36 11.52
18.58 11.5
17.24 11.5
18.509999999999998 11.51
21.240000000000002 11.51
21.09 11.52
17.26 11.5
18.7 11.5
17.9 11.5
24.12 11.52
17.87 11.52
18.73 11.5
17.29 11.5
20.04 11.49
22.36 11.540000000000001
18.6 11.540000000000001
17.16 11.5
18.8 11.51
19.6 11.51
22.95 11.52
17.36 11.5
18.77 11.5
17.380000000000003 11.49
23.0 11.51
19.48 11.55
18.7 11.5
17.29 11.5
19.38 11.51
23.02 11.55
18.87 11.52
17.26 11.51
18.68 11.51
19.24 11.5
23.46 11.52
17.36 11.51
18.95 11.49
17.549999999999997 11.49
22.53 11.51
20.34 11.52
18.7 11.51
17.26 11.5
19.509999999999998 11.5
22.78 11.51
18.990000000000002 11.52
17.26 11.49
18.75 11.49
19.43 11.5
23.119999999999997 11.52
17.31 11.5
18.75 11.5
17.41 11.5
23.51 11.51
18.8 11.51
18.459999999999997 11.51
17.09 11.49
20.169999999999998 11.5
21.85 11.51
18.41 11.51
17.14 11.5
18.43 11.49
21.39 11.5
20.65 11.57
17.02 11.51
18.509999999999998 11.51
18.48 11.51
23.46 11.52
17.11 11.5
18.459999999999997 11.5
17.07 11.5
22.36 11.51
19.6 11.51
18.55 11.51
17.07 11.5
19.68 11.5
22.31 11.51
18.48 11.52
17.07 11.5
18.459999999999997 11.51
20.43 11.51
21.46 11.540000000000001
17.09 11.5
18.529999999999998 11.5
18.09 11.5
23.849999999999998 11.51
17.11 11.5
18.48 11.5
17.07 11.5
21.51 11.5
20.53 11.51
18.63 11.51
17.11 11.51
19.34 11.51
22.73 11.51
21.8 11.52
17.94 11.52
18.55 11.49
19.75 11.51
22.39 11.540000000000001
17.19 11.5
18.82 11.49
17.990000000000002 11.49
23.66 11.51
17.77 11.52
18.48 11.51
17.16 11.5
20.560000000000002 11.51
21.61 11.52
18.509999999999998 11.5
17.26 11.49
18.6 11.5
21.97 11.5
20.07 11.51
17.29 11.5
18.7 11.5
18.87 11.49
23.66 11.52
17.43 11.5
18.75 11.51
17.29 11.49
22.24 11.5
20.21 11.51
18.77 11.5
17.380000000000003 11.49
19.950000000000003 11.49
23.07 11.52
18.990000000000002 11.52
17.41 11.49
18.92 11.5
19.919999999999998 11.51
23.119999999999997 11.52
17.549999999999997 11.49
19.07 11.5
17.72 11.5
23.73 11.51
19.139999999999997 11.51
18.970000000000002 11.51
17.580000000000002 11.49
20.43 11.51
22.34 11.540000000000001
18.82 11.52
17.24 11.5
18.26 11.51
19.53 11.51
22.919999999999998 11.52
17.549999999999997 11.49
18.990000000000002 11.5
17.97 11.49
24.22 11.51
18.6 11.52
19.139999999999997 11.540000000000001
17.5 11.49
20.39 11.5
22.509999999999998 11.540000000000001
18.87 11.55
17.53 11.5
18.85 11.51
19.8 11.5
23.07 11.52
17.46 11.51
18.95 11.52
17.65 11.5
23.1 11.51
