43.961999999999996 7.6919
43.24000000000001 7.682
42.585 7.662200000000001
43.626999999999995 7.6705000000000005
42.928000000000004 7.655999999999999
42.394 7.6505
42.056 7.602600000000001
41.456 7.597200000000001
40.74100000000001 7.5831
42.165000000000006 7.607799999999999
40.974 7.5775999999999994
41.289 7.5713
42.198 7.5913
40.752 7.547800000000001
40.414 7.541899999999998
40.775000000000006 7.532599999999999
41.45399999999999 7.551499999999998
40.870999999999995 7.5408
41.233 7.545599999999999
40.86100000000001 7.549300000000001
40.82000000000001 7.550800000000001
41.15800000000001 7.543899999999999
41.87999999999999 7.566899999999999
41.484 7.538000000000002
41.299 7.524199999999999
41.71899999999999 7.5057
41.267999999999994 7.506599999999998
41.781000000000006 7.504299999999999
42.074 7.5518
42.290000000000006 7.5515
43.127 7.568299999999999
43.398 7.6043
42.354 7.580699999999998
41.681 7.5339
40.868 7.5195
40.11099999999999 7.4867
40.332 7.475399999999999
39.657999999999994 7.4349
39.093 7.423399999999999
38.697 7.4112
37.97299999999999 7.410000000000001
36.902 7.370799999999999
36.437999999999995 7.349199999999999
36.971 7.359399999999999
36.61 7.363599999999998
35.684999999999995 7.306799999999999
34.879 7.2892
35.289 7.2929
35.761 7.312499999999998
34.75100000000001 7.2692000000000005
33.706 7.2296
33.465 7.230900000000001
33.224000000000004 7.200300000000001
32.211 7.1701
31.447000000000003 7.1659
31.357999999999997 7.155399999999999
30.134 7.1167
29.635999999999996 7.0630000000000015
29.14 7.0551
29.238999999999997 7.023399999999998
28.695999999999998 6.9789
28.459000000000007 7.0119
27.450000000000003 6.9879999999999995
26.939 6.9581
26.518000000000004 6.9605000000000015
26.461999999999996 6.9595
26.189 6.945699999999999
25.889 6.8939
25.843 6.910300000000001
25.588 6.8617
25.338000000000005 6.8588
25.006999999999994 6.872900000000001
24.697 6.845
23.938299999999995 6.854
24.103000000000005 6.837999999999999
24.2232 6.8225
23.69 6.8151
23.546000000000003 6.7856
23.4387 6.7924999999999995
22.368199999999995 6.7079
22.6569 6.7122
22.2583 6.719199999999999
22.318600000000004 6.700500000000001
21.7593 6.637899999999999
22.401700000000005 6.658
22.240099999999998 6.642099999999999
22.770000000000003 6.645600000000002
22.270899999999994 6.636099999999999
21.576100000000004 6.6034
20.266100000000005 6.5323
20.7206 6.548599999999999
20.409700000000004 6.5493999999999994
20.189799999999998 6.5667
20.410600000000002 6.5471999999999975
20.649699999999996 6.547599999999999
20.512900000000002 6.549399999999999
21.164 6.564699999999999
20.747799999999998 6.542699999999998
20.364500000000003 6.5051
20.3572 6.516900000000001
19.6431 6.4902
19.657200000000003 6.475700000000001
19.8927 6.4898
19.4806 6.4701
19.373300000000004 6.466399999999998
19.5191 6.464800000000001
19.853099999999998 6.460000000000001
19.920699999999997 6.4841999999999995
19.855 6.489000000000001
19.795700000000004 6.4969
19.670699999999997 6.467499999999999
19.9659 6.473800000000001
19.2375 6.4563999999999995
20.575100000000003 6.4781
20.812599999999996 6.520500000000001
20.443600000000004 6.5062
19.843 6.483599999999999
19.6218 6.4605999999999995
19.4401 6.4568
19.483000000000004 6.4609
19.6838 6.453199999999999
19.627200000000002 6.454099999999999
19.468000000000004 6.439299999999999
20.2306 6.470200000000001
20.0489 6.505000000000001
19.728 6.461799999999999
20.503800000000002 6.475499999999999
20.322100000000002 6.491099999999999
19.9412 6.480599999999999
20.096099999999996 6.5052
20.2871 6.5062
20.593000000000004 6.503099999999999
21.7007 6.5142999999999995
21.4309 6.533900000000001
22.301499999999997 6.5482
23.953000000000003 6.5592000000000015
24.090400000000002 6.591300000000001
24.352 6.597299999999999
24.080000000000002 6.598400000000002
24.0237 6.593500000000001
24.669 6.5801
26.180999999999997 6.658799999999999
26.072999999999997 6.679700000000001
26.201999999999998 6.6858
27.721999999999998 6.7433
27.997000000000007 6.768000000000001
28.027 6.827099999999999
28.612 6.8633
28.310999999999996 6.839
29.378000000000004 6.866900000000001
29.607000000000006 6.926399999999999
29.552000000000007 6.945400000000001
29.468000000000004 6.9903
31.173999999999996 7.021000000000001
32.13399999999999 7.076099999999999
33.74500000000001 7.135699999999999
34.958000000000006 7.1903999999999995
35.452999999999996 7.2354
35.739 7.254500000000001
35.72899999999999 7.297500000000001
35.6 7.2761000000000005
36.647999999999996 7.315099999999999
37.053 7.349499999999999
37.046 7.3327
37.336000000000006 7.335800000000002
38.90200000000001 7.372300000000001
38.723 7.4026
39.955000000000005 7.4379
41.656000000000006 7.4899
42.776 7.5569999999999995
42.806 7.638399999999999
43.629 7.6451
43.72300000000001 7.630199999999999
44.31 7.682000000000001
44.785 7.6842
44.123000000000005 7.6735
44.76100000000001 7.714899999999999
45.766000000000005 7.728700000000001
45.98500000000001 7.734299999999999
45.548 7.7253
45.38499999999999 7.7362
45.29700000000001 7.7238000000000016
45.72399999999999 7.779699999999999
46.53099999999999 7.812599999999999
46.71099999999999 7.8003
46.07400000000001 7.808799999999999
46.47500000000001 7.8239
46.728 7.8376
46.977999999999994 7.843000000000002
47.817 7.872800000000001
47.69800000000001 7.869700000000002
46.896 7.8504000000000005
47.448 7.869800000000001
47.26 7.912400000000002
47.757 7.8752
49.25800000000001 7.9171000000000005
49.089 7.9277000000000015
49.148 7.932299999999999
49.69199999999999 7.9772
49.775 7.9488
49.480000000000004 7.9903
48.489 7.9276
47.72100000000001 7.891900000000001
47.912000000000006 7.8847999999999985
47.943 7.8741
47.817 7.875699999999998
47.23 7.880300000000001
47.585 7.874300000000001
48.312000000000005 7.882600000000001
47.895999999999994 7.884800000000001
47.49099999999999 7.8863
47.579 7.9126
47.47299999999999 7.8987
47.175 7.890899999999999
47.989 7.902500000000002
47.569 7.906500000000001
48.096 7.923100000000001
47.269999999999996 7.8941
46.98 7.881199999999998
47.11000000000001 7.880400000000002
47.049 7.8917
46.967 7.877300000000001
47.85399999999999 7.904
48.138 7.880400000000002
47.545 7.9094000000000015
47.896 7.871299999999999
47.909 7.8696
48.077 7.8598
48.163000000000004 7.8918
48.705999999999996 7.895799999999999
47.528 7.842999999999998
47.718999999999994 7.849000000000002
47.830999999999996 7.8209
46.74600000000001 7.8387
47.213 7.848199999999999
48.157 7.8805
48.474000000000004 7.906200000000001
48.152 7.872700000000001
47.903 7.9046
48.004 7.9186000000000005
48.019 7.9012
47.705 7.8896999999999995
47.266999999999996 7.897099999999998
46.989999999999995 7.885000000000001
46.602999999999994 7.8462000000000005
47.035000000000004 7.8496999999999995
47.592 7.8658
47.262 7.850700000000001
46.976 7.866699999999999
47.589999999999996 7.8697
47.081999999999994 7.852899999999999
47.333000000000006 7.858999999999999
47.294 7.842299999999999
46.978 7.8055
47.141000000000005 7.838400000000001
47.291 7.8071
46.808000000000014 7.8094
44.926 7.745900000000002
44.446999999999996 7.725599999999999
44.48799999999999 7.700399999999999
44.161 7.713400000000001
44.47600000000001 7.743099999999998
44.214999999999996 7.731700000000001
42.939 7.663700000000001
43.22699999999999 7.751400000000001
41.551 7.685899999999999
40.934 7.666800000000001
40.47599999999999 7.651
39.375 7.6095999999999995
40.09899999999999 7.6447
40.445 7.647900000000001
40.678 7.632400000000001
40.583000000000006 7.6316999999999995
40.38100000000001 7.6203
40.522 7.6349
40.547999999999995 7.6232
40.808 7.5888
39.800999999999995 7.5354
39.77199999999999 7.5204
39.99300000000001 7.545299999999999
39.999 7.551700000000001
38.909 7.514400000000003
38.937 7.5332
38.8 7.515
38.739999999999995 7.487000000000002
38.944 7.5017999999999985
38.481 7.506900000000001
39.03499999999999 7.5051000000000005
