17.65 11.55
21.240000000000002 11.58
16.5 11.57
18.29 11.559999999999999
19.09 11.559999999999999
19.580000000000002 11.559999999999999
20.0 11.600000000000001
18.459999999999997 11.559999999999999
16.8 11.55
21.04 11.57
17.7 11.559999999999999
21.560000000000002 11.58
16.82 11.55
18.68 11.55
19.53 11.58
20.09 11.57
19.24 11.600000000000001
18.26 11.559999999999999
16.5 11.55
21.41 11.559999999999999
18.29 11.559999999999999
19.56 11.58
16.5 11.559999999999999
18.8 11.55
19.68 11.559999999999999
20.78 11.559999999999999
17.31 11.600000000000001
18.7 11.559999999999999
17.36 11.559999999999999
20.65 11.57
18.95 11.559999999999999
17.53 11.57
14.77 11.51
16.7 11.450000000000001
15.379999999999999 11.450000000000001
17.7 11.43
13.38 11.43
14.7 11.360000000000001
15.260000000000002 11.35
16.02 11.379999999999999
16.46 11.4
17.87 11.44
13.79 11.4
17.07 11.4
14.7 11.43
18.16 11.450000000000001
13.94 11.41
15.379999999999999 11.41
15.870000000000001 11.41
16.259999999999998 11.43
16.97 11.459999999999999
15.55 11.43
13.819999999999999 11.43
16.63 11.41
14.99 11.41
18.26 11.49
13.79 11.450000000000001
15.229999999999999 11.41
14.580000000000002 11.43
16.939999999999998 11.43
16.11 11.450000000000001
15.58 11.49
13.700000000000001 11.41
15.310000000000002 11.43
16.259999999999998 11.43
16.11 11.41
15.97 11.5
15.43 11.43
14.06 11.4
18.310000000000002 11.44
13.700000000000001 11.43
18.12 11.5
13.77 11.43
15.190000000000001 11.41
16.189999999999998 11.44
15.67 11.43
16.75 11.450000000000001
15.329999999999998 11.44
13.87 11.41
17.46 11.43
14.99 11.44
18.63 11.450000000000001
14.23 11.44
15.409999999999998 11.44
15.379999999999999 11.43
16.41 11.43
16.97 11.459999999999999
15.7 11.459999999999999
14.430000000000001 11.44
17.330000000000002 11.43
16.04 11.43
18.970000000000002 11.459999999999999
14.38 11.5
15.920000000000002 11.43
15.190000000000001 11.44
17.5 11.450000000000001
16.85 11.450000000000001
18.09 11.540000000000001
14.280000000000001 11.44
16.75 11.43
16.5 11.450000000000001
15.97 11.43
17.549999999999997 11.5
15.920000000000002 11.450000000000001
15.260000000000002 11.43
17.82 11.450000000000001
14.430000000000001 11.43
18.82 11.5
14.360000000000001 11.450000000000001
16.63 11.43
16.41 11.44
15.89 11.44
17.549999999999997 11.49
15.89 11.450000000000001
14.92 11.43
16.97 11.44
15.53 11.44
18.92 11.49
14.399999999999999 11.450000000000001
16.24 11.450000000000001
16.7 11.450000000000001
15.7 11.44
17.24 11.459999999999999
15.75 11.450000000000001
14.719999999999999 11.43
18.240000000000002 11.459999999999999
14.280000000000001 11.43
18.8 11.49
14.430000000000001 11.459999999999999
16.09 11.44
16.869999999999997 11.44
15.89 11.450000000000001
17.330000000000002 11.49
15.870000000000001 11.44
14.67 11.44
18.55 11.450000000000001
14.360000000000001 11.44
18.87 11.49
14.38 11.459999999999999
16.33 11.450000000000001
17.48 11.469999999999999
16.28 11.450000000000001
17.9 11.5
16.33 11.49
14.99 11.469999999999999
18.970000000000002 11.49
14.87 11.459999999999999
19.46 11.51
14.82 11.5
16.41 11.450000000000001
17.26 11.450000000000001
16.97 11.450000000000001
17.97 11.5
16.36 11.49
14.99 11.459999999999999
19.38 11.459999999999999
14.940000000000001 11.44
19.53 11.49
14.97 11.49
16.53 11.450000000000001
17.990000000000002 11.450000000000001
16.53 11.459999999999999
17.990000000000002 11.49
16.48 11.5
15.21 11.459999999999999
19.919999999999998 11.459999999999999
15.82 11.459999999999999
19.82 11.5
15.14 11.459999999999999
16.89 11.450000000000001
17.68 11.450000000000001
16.7 11.44
18.29 11.5
16.669999999999998 11.469999999999999
15.45 11.450000000000001
19.24 11.469999999999999
15.14 11.450000000000001
19.900000000000002 11.52
15.160000000000002 11.469999999999999
17.36 11.450000000000001
17.599999999999998 11.469999999999999
16.72 11.459999999999999
18.360000000000003 11.52
16.77 11.49
16.63 11.459999999999999
18.459999999999997 11.459999999999999
15.82 11.450000000000001
19.29 11.540000000000001
15.229999999999999 11.450000000000001
18.65 11.459999999999999
16.5 11.469999999999999
18.6 11.469999999999999
16.77 11.540000000000001
16.919999999999998 11.469999999999999
17.7 11.459999999999999
17.53 11.459999999999999
18.360000000000003 11.469999999999999
16.919999999999998 11.469999999999999
15.409999999999998 11.450000000000001
19.82 11.49
15.379999999999999 11.450000000000001
20.04 11.5
15.329999999999998 11.5
17.11 11.459999999999999
18.19 11.469999999999999
16.919999999999998 11.459999999999999
18.459999999999997 11.5
16.919999999999998 11.5
16.11 11.459999999999999
19.189999999999998 11.469999999999999
15.409999999999998 11.450000000000001
20.0 11.52
15.409999999999998 11.5
18.14 11.459999999999999
17.11 11.459999999999999
17.11 11.459999999999999
18.38 11.540000000000001
17.48 11.469999999999999
17.36 11.469999999999999
18.09 11.49
16.85 11.459999999999999
18.63 11.55
15.409999999999998 11.469999999999999
19.56 11.459999999999999
15.82 11.459999999999999
19.68 11.49
15.840000000000002 11.51
16.97 11.459999999999999
18.529999999999998 11.469999999999999
16.97 11.49
18.6 11.52
17.07 11.52
15.65 11.5
19.869999999999997 11.51
15.620000000000001 11.469999999999999
20.21 11.55
15.53 11.52
17.580000000000002 11.49
17.97 11.5
17.02 11.459999999999999
18.55 11.540000000000001
17.04 11.5
16.55 11.469999999999999
19.040000000000003 11.49
15.53 11.469999999999999
20.07 11.540000000000001
15.6 11.49
18.63 11.49
16.97 11.469999999999999
17.5 11.459999999999999
18.12 11.540000000000001
17.11 11.49
17.24 11.49
18.38 11.469999999999999
16.8 11.469999999999999
18.970000000000002 11.55
15.5 11.469999999999999
19.12 11.469999999999999
16.5 11.49
18.92 11.49
16.89 11.52
17.09 11.459999999999999
17.8 11.469999999999999
17.849999999999998 11.49
17.72 11.469999999999999
18.14 11.559999999999999
15.58 11.49
19.38 11.469999999999999
16.31 11.469999999999999
19.68 11.49
16.11 11.51
17.09 11.469999999999999
18.04 11.5
17.68 11.469999999999999
18.459999999999997 11.49
17.43 11.5
15.6 11.459999999999999
19.21 11.459999999999999
16.53 11.469999999999999
20.19 11.49
15.72 11.52
17.14 11.469999999999999
17.31 11.459999999999999
18.459999999999997 11.49
18.58 11.49
17.26 11.49
15.620000000000001 11.459999999999999
19.950000000000003 11.49
