7.788 10.77
7.532 10.73
8.520999999999999 10.780000000000001
7.996 10.74
8.777 10.79
7.373 10.77
7.617 10.72
7.983 10.74
8.032 10.75
7.947 10.74
9.07 10.780000000000001
7.581 10.74
7.605 10.72
7.617 10.74
8.777 10.73
7.996 10.75
8.606 10.82
7.434 10.75
8.179 10.74
7.373 10.77
7.7509999999999994 10.73
7.996 10.77
8.777 10.8
7.703 10.75
8.081000000000001 10.77
7.642 10.79
9.009 10.8
7.8740000000000006 10.75
8.875 10.8
7.788 10.74
7.9350000000000005 10.75
7.8 10.83
8.105 10.77
8.105 10.75
8.801 10.82
7.7509999999999994 10.74
8.325000000000001 10.780000000000001
7.91 10.77
9.009 10.77
8.251999999999999 10.77
8.948 10.780000000000001
7.776 10.79
8.068999999999999 10.74
7.678 10.75
8.02 10.75
8.215 10.75
9.203999999999999 10.8
7.739 10.75
8.179 10.74
7.825 10.77
9.131 10.780000000000001
8.373999999999999 10.780000000000001
8.911 10.85
7.483 10.74
8.228 10.73
7.629 10.77
7.996 10.73
8.118 10.72
8.691 10.79
7.532 10.75
8.032 10.75
7.457999999999999 10.73
8.899 10.74
8.081000000000001 10.74
8.862 10.780000000000001
7.324 10.75
8.129999999999999 10.71
7.544 10.74
7.947 10.74
8.081000000000001 10.74
8.569 10.75
7.581 10.75
7.996 10.77
7.373 10.74
8.752 10.77
7.849 10.780000000000001
8.423 10.8
7.324 10.79
7.971 10.74
7.629 10.75
7.849 10.73
7.849 10.74
8.826 10.8
7.446 10.77
7.837 10.77
7.41 10.75
8.923 10.780000000000001
7.959 10.75
8.655 10.82
7.385 10.75
7.825 10.75
7.361 10.73
7.715 10.74
7.947 10.75
8.190999999999999 10.780000000000001
7.288 10.74
7.922 10.74
7.495 10.74
8.533 10.75
7.9350000000000005 10.73
9.020999999999999 10.83
7.532 10.74
7.91 10.74
7.764 10.75
8.008 10.780000000000001
7.544 10.75
9.192 10.77
7.483 10.75
7.764 10.74
7.41 10.73
8.606 10.75
7.2749999999999995 10.72
9.020999999999999 10.780000000000001
7.349 10.73
7.581 10.69
7.361 10.69
7.715 10.71
7.1290000000000004 10.73
8.959999999999999 10.77
7.495 10.75
7.568 10.72
7.153 10.72
8.923 10.74
7.446 10.73
8.813 10.79
7.3 10.72
7.959 10.74
7.288 10.75
7.7509999999999994 10.71
7.288 10.72
8.789 10.75
7.2749999999999995 10.71
7.654 10.71
7.251 10.75
8.508000000000001 10.69
7.239 10.74
8.801 10.780000000000001
7.141 10.71
7.825 10.8
7.446 10.75
7.861 10.69
7.544 10.75
9.045 10.82
7.2749999999999995 10.77
8.032 10.75
7.8740000000000006 10.75
8.838 10.77
7.568 10.8
8.959999999999999 10.82
7.312 10.71
7.837 10.77
7.385 10.77
7.6899999999999995 10.72
7.385 10.73
9.229 10.82
7.457999999999999 10.74
7.678 10.73
7.396999999999999 10.73
8.923 10.75
7.422 10.74
17.383 21.63
14.404 21.500000000000004
7.898 10.77
7.361 10.75
7.642 10.72
7.434 10.73
8.899 10.77
7.349 10.73
8.044 10.77
7.666 10.77
9.058 10.74
7.788 10.77
9.386999999999999 10.82
7.715 10.75
8.228 10.74
7.849 10.780000000000001
8.228 10.75
7.811999999999999 10.73
9.9 10.8
8.02 10.74
8.533 10.8
8.057 10.73
9.705 10.77
8.093 10.780000000000001
9.998 10.83
8.081000000000001 10.82
8.594 10.780000000000001
7.983 10.75
8.655 10.74
8.276 10.79
10.11 10.86
7.811999999999999 10.77
8.569 10.75
8.068999999999999 10.8
9.375 10.780000000000001
7.886 10.75
9.569999999999999 10.83
7.776 10.75
8.190999999999999 10.75
7.776 10.82
8.190999999999999 10.77
7.898 10.77
9.338000000000001 10.82
7.629 10.77
7.983 10.73
7.5200000000000005 10.74
9.07 10.82
7.788 10.77
9.094 10.8
7.629 10.77
8.02 10.74
7.654 10.74
8.02 10.72
7.825 10.74
9.119 10.77
7.788 10.74
7.959 10.71
7.581 10.72
8.801 10.75
7.703 10.72
9.216000000000001 10.83
7.568 10.780000000000001
8.179 10.74
7.825 10.72
8.35 10.75
8.02 10.75
9.607000000000001 10.8
7.788 10.72
8.337 10.74
7.971 10.73
9.533999999999999 10.79
8.434999999999999 10.780000000000001
9.766 10.85
8.057 10.780000000000001
8.459 10.75
8.215 10.75
8.484 10.75
8.386000000000001 10.79
9.607000000000001 10.84
7.971 10.74
8.423 10.77
7.91 10.75
9.277000000000001 10.73
8.118 10.73
9.350999999999999 10.8
7.739 10.73
8.044 10.72
7.617 10.77
8.264000000000001 10.77
8.02 10.75
8.948 10.83
7.996 10.77
8.129999999999999 10.72
7.666 10.74
9.094 10.77
7.788 10.75
8.984 10.77
7.788 10.77
7.9350000000000005 10.75
7.776 10.75
7.825 10.77
7.837 10.74
9.131 10.8
7.617 10.77
7.996 10.77
7.324 10.74
8.813 10.74
7.837 10.74
8.74 10.780000000000001
7.532 10.74
7.837 10.74
7.568 10.75
7.971 10.75
7.739 10.72
8.875 10.77
7.422 10.74
7.776 10.75
7.544 10.75
8.643 10.75
7.811999999999999 10.780000000000001
8.434999999999999 10.8
7.361 10.73
7.91 10.74
7.715 10.75
7.861 10.72
7.825 10.75
8.716 10.8
7.5200000000000005 10.77
