8.488999999999999 16.214286099999995
9.042 16.2232861
8.94 16.2202861
8.485000000000001 16.2172861
8.922999999999998 16.2142861
8.947999999999999 16.2182861
8.943 16.2092861
8.976 16.2212861
8.85 16.215286099999997
9.372000000000002 16.2122861
9.122 16.1912861
9.559000000000001 16.1972861
8.415 16.1902861
8.431000000000001 16.2242861
8.335 16.204286099999997
9.341000000000003 16.255286099999996
10.26 16.2792861
10.075 16.4122861
7.695 16.2872861
8.72 16.2762861
7.374 16.2432861
7.929 16.215286099999997
8.066999999999998 16.1972861
9.76 16.237286100000002
9.227999999999998 16.270286099999996
8.953 16.2582861
18.628248 16.36135
19.303865999999996 16.4745
21.958 16.5746
19.323 17.961000000000002
18.584 18.144000000000002
19.235 18.171
18.11 18.202
18.037 18.266000000000002
17.23 18.293
17.255000000000003 18.315
15.939 18.248
17.144 18.239
15.678999999999998 16.894000000000002
14.721 16.267
15.636 16.279
16.226000000000003 16.282
16.241 16.261
15.463 16.252
15.678999999999998 16.257
15.661 16.264
16.212 16.276000000000003
15.543 16.255
16.308999999999997 16.252
14.947000000000003 16.246
13.947000000000001 16.240000000000002
14.313 16.233
14.258 16.239
14.868 16.233
14.584 16.252000000000002
15.716999999999997 16.255
13.976999999999999 16.240000000000002
14.059 16.246000000000002
14.26 16.273
13.08 16.249000000000002
13.065 16.246000000000002
11.384 16.243000000000002
12.511999999999999 16.228
13.016 16.230000000000004
12.865000000000002 16.221000000000004
11.5075 16.224000000000004
14.121 16.212
13.607 16.206
14.363999999999999 16.215000000000003
14.13 16.224000000000004
14.755 16.245
12.418 16.218000000000004
14.352 16.222
13.526 16.218000000000004
12.891 16.212
11.801 16.212
11.562 16.213
13.388 16.219
12.723999999999998 16.219
11.86 16.191000000000003
11.612 16.188
12.489 16.194000000000003
11.445 16.197000000000003
11.891 16.191
13.052999999999997 16.194
11.063999999999998 14.232799999999997
11.318999999999999 13.639000000000001
10.595 13.63
12.416999999999998 14.358699999999999
11.858 15.320999999999998
11.934999999999999 15.372999999999998
11.056000000000001 14.386299999999999
12.964 14.399700000000001
11.835999999999999 15.370000000000001
12.062 15.458
12.58 15.467
11.594 15.467
12.995000000000001 15.495000000000001
13.507 15.732000000000001
13.126999999999999 15.692999999999998
12.261 15.693000000000001
13.174 15.780999999999997
11.442 15.699000000000002
10.834000000000001 15.68
10.416 15.004000000000001
10.376999999999999 13.614
10.284 13.618
10.459 13.621
10.92 13.614
10.273 13.611
10.925 13.599
11.28 13.602
11.148 13.608
11.042 13.602
11.911000000000001 13.611
12.747 13.611
11.944 13.614
11.41 13.614999999999998
11.276 13.621
10.093 13.614
11.855999999999998 13.614
10.61 13.608
10.736 13.608
10.528 13.602
11.917 13.602
11.548000000000002 13.624
10.807 13.624000000000002
11.895999999999999 13.618000000000002
13.434 14.534100000000002
14.279999999999998 15.393
13.796 15.421000000000001
11.996 15.427
12.211 15.421000000000001
11.334000000000001 15.375
10.614 14.824000000000002
11.849 15.473
12.381 15.509
14.267 15.525
12.836 15.540000000000001
13.056000000000001 15.549000000000001
11.741 15.543000000000001
12.261 15.537
13.458 15.600999999999999
12.444999999999999 15.589
12.983 15.58
12.863 15.586
12.863000000000003 15.589
15.24 15.635000000000002
14.747 15.660000000000002
15.578 15.668
14.405000000000001 15.675
15.404999999999996 15.677999999999997
15.168999999999999 15.675
14.062 15.669
15.085999999999999 15.681000000000001
15.183 15.708
15.443999999999999 15.726999999999999
16.855 15.739
16.933999999999997 15.805
17.16 15.869
16.622999999999998 15.842
17.389 15.814999999999998
18.1063 15.856419999999998
17.2 16.0686
17.725 15.830000000000002
18.113 15.866
17.810000000000002 15.854
18.272 15.86
19.656000000000002 15.872
18.682000000000002 15.857
17.429 15.866
17.569000000000003 15.881
18.598 15.882
18.819999999999997 15.899999999999997
19.563 15.906
21.365000000000002 15.895999999999999
19.171 15.889999999999999
19.597000000000005 15.906
24.755000000000003 15.969
19.631999999999998 15.899
19.659 15.892999999999999
21.374 15.929999999999996
19.881 15.903
21.950999999999997 15.921000000000001
20.693 16.007
18.073 15.982
18.398999999999997 16.006
20.618000000000002 16.5224
20.889999999999997 17.819000000000003
22.049000000000003 18.049
19.509999999999998 18.026999999999997
19.451999999999998 18.006000000000004
19.520000000000003 18.03
18.903 18.017
19.331000000000003 18.02
18.927 17.296
23.366999999999997 16.044
26.34009 16.106101
22.149 17.654000000000003
22.031 17.999
19.691 18.185000000000002
19.141000000000002 18.206
20.262999999999998 18.212
19.257 18.2
18.436 18.221999999999998
19.983999999999998 18.246000000000002
19.426000000000002 18.273
22.985 20.6792
23.177 22.33
24.197 23.261000000000003
20.754 23.315
19.227 20.534
16.266 18.626000000000005
11.741999999999999 18.081999999999997
14.9176 17.812
11.6569 19.047000000000004
9.9224 19.365999999999996
13.006300000000001 19.512
10.691500000000001 19.709000000000003
14.706 19.878999999999998
8.5881 18.91
18.121000000000002 13.233498000000003
19.429999999999996 14.049999999999999
17.851999999999997 14.368999999999998
17.617 14.405000000000001
18.933 14.419
19.277 14.444
19.706000000000003 14.478
21.038999999999998 13.949
24.334 15.061
23.69 15.204999999999998
22.076999999999998 15.262
22.037999999999997 15.310000000000002
22.105999999999998 15.310000000000002
25.8 15.364
23.721999999999998 15.465000000000002
25.401999999999997 15.546
22.482999999999997 15.600999999999999
23.820000000000004 15.652999999999997
21.388999999999996 15.628999999999998
21.292 15.619999999999997
23.966 15.674
23.997 15.674
22.275 15.597999999999997
21.472 15.583999999999998
22.181 15.586
20.980999999999998 15.592999999999998
21.160999999999998 15.589999999999998
21.898999999999997 15.628999999999998
21.494000000000003 15.650000000000002
21.805 15.706999999999999
22.06 15.760000000000002
21.343999999999998 16.009
20.796 16.009
20.282 16.007
21.488000000000003 16.007
21.613 16.01
22.318 16.142
23.013 16.427000000000003
22.355 16.939999999999998
22.554000000000002 17.053
22.482999999999997 17.477999999999998
21.735 17.590999999999998
21.814999999999998 17.727
24.171 17.709000000000003
24.535999999999998 17.706000000000003
22.612 17.706
21.670000000000005 17.691000000000003
22.557 17.682
22.200999999999997 17.545
25.69 17.581000000000003
22.084999999999997 17.574
21.372000000000003 17.514000000000003
20.536 17.302999999999997
24.680000000000003 17.419999999999998
24.074999999999996 17.498
20.831 17.468
22.214 17.459000000000003
21.455 17.425
20.544999999999998 17.251
19.860999999999997 17.251
21.017 17.160000000000004
20.727999999999998 17.162
20.401 17.19
20.413000000000004 17.19
20.244999999999997 17.196
21.886999999999997 17.199
21.292 17.281
