32.7224 11.6533
32.585899999999995 11.637500000000003
32.890499999999996 11.7211
33.016 11.641000000000002
33.12199999999999 11.642
32.97689999999999 11.6444
33.5358 11.8537
33.0352 11.676500000000003
32.671299999999995 11.629199999999997
33.08779999999999 11.7024
33.31800000000001 11.652099999999999
32.92400000000001 11.633999999999999
33.546200000000006 11.6395
33.5728 11.657899999999998
33.354 11.644200000000001
33.522000000000006 11.642599999999998
34.61081000000001 11.989687999999997
34.3441 11.584900000000001
35.16369999999999 11.9276
33.6085 11.624799999999997
33.3728 11.5727
32.8442 11.556599999999998
32.716899999999995 11.5602
32.569199999999995 11.549100000000001
32.6668 11.581599999999998
32.53119999999999 11.5865
32.4619 11.587900000000001
32.051100000000005 11.613599999999998
32.272899999999986 11.6651
32.43869999999999 11.5738
32.27759999999999 11.5688
32.2247 11.5518
32.0503 11.543000000000001
31.977200000000007 11.541899999999998
31.997699999999995 11.535600000000002
32.361 11.537299999999998
32.04090000000001 11.5802
32.27449999999999 11.547400000000001
32.41439999999999 11.548899999999998
32.3864 11.5401
32.0589 11.540600000000001
31.938499999999998 11.575927
32.646300000000004 11.459999999999999
32.776 11.811
31.189100000000003 11.4696
31.398299999999992 11.492600000000001
31.304799999999993 11.477199999999998
30.922500000000003 11.4817
31.249099999999995 11.482100000000003
31.574199999999998 11.4692
31.6506 11.472
31.629899999999996 11.5121
31.815699999999996 11.501800000000003
31.5809 11.5052
31.54930000000001 11.5035
31.7145 11.4947
31.862399999999997 11.504800000000001
31.664999999999992 11.5134
31.398800000000005 11.503099999999998
31.7237 11.4969
31.9241 11.486699999999999
31.706899999999994 11.494299999999999
31.7455 11.4919
31.94 11.510299999999999
31.184000000000005 11.493999999999998
31.314199999999985 11.515699999999999
31.5862 11.4956
31.598000000000003 11.516700000000004
31.588500000000003 11.5252
30.752699999999994 11.508200000000002
30.696099999999998 11.515100000000002
30.6376 11.495399999999998
30.6825 11.490799999999998
30.881899999999995 11.4907
31.537299999999995 11.497800000000002
32.12150000000001 11.5021
30.340100000000003 11.127
31.2673 11.5024
30.815700000000014 11.503099999999996
30.687000000000005 11.498999999999999
30.823400000000007 11.522199999999998
30.817199999999996 11.519099999999998
30.642700000000005 11.508200000000002
30.247400000000003 11.494900000000003
30.3996 11.492300000000002
30.113100000000003 11.499299999999996
30.248300000000008 11.5129
30.662000000000006 11.525399999999996
30.632200000000008 11.525
30.4632 11.528500000000001
30.362699999999997 11.5084
30.700899999999997 11.5226
30.7961 11.5306
30.379299999999997 11.5273
30.061599999999995 11.541099999999998
30.279400000000003 11.569200000000002
30.434700000000003 11.535100000000002
30.5352 11.522699999999999
30.553599999999985 11.5065
30.727199999999993 11.517000000000001
32.71720000000001 12.3836
31.276100000000007 11.828499999999998
30.0491 11.468399999999995
29.9754 11.477500000000001
30.1474 11.4979
29.695099999999996 11.501900000000001
29.785899999999998 11.525100000000002
30.007999999999996 11.5205
30.102600000000013 11.506100000000002
30.153600000000008 11.5173
30.192999999999998 11.523600000000002
30.522399999999994 11.5496
30.4348 11.6065
30.175700000000006 11.5466
30.602100000000004 11.5114
31.0218 11.4999
30.282200000000003 11.4928
30.263600000000007 11.4923
30.790499999999994 11.515999999999998
30.850299999999997 11.5138
30.668500000000005 11.5106
30.026000000000003 11.504599999999996
30.2365 11.5235
30.3969 11.512300000000003
36.00554 12.126819999999999
30.53979999999999 11.395000000000001
30.18540000000001 11.4029
31.104299999999995 11.7384
30.65779999999999 11.417000000000003
30.3933 11.414399999999999
30.1039 11.414099999999996
30.0384 11.421
30.00689999999999 11.401800000000001
30.1801 11.4213
30.584400000000002 11.4242
30.496799999999997 11.4399
30.566400000000005 11.443100000000001
30.150499999999997 11.447799999999999
30.230100000000004 11.4494
30.765399999999985 11.459299999999999
30.5203 11.459399999999997
30.196099999999994 11.446200000000003
30.230500000000006 11.473699999999997
30.573800000000002 11.4732
33.1176861 11.834025000000002
30.517600000000005 11.428399999999996
31.413400000000003 11.454899999999999
32.553900000000006 11.8325
31.384800000000002 11.497399999999999
31.047200000000004 11.4985
30.870299999999993 11.497499999999999
30.738500000000002 11.4945
30.96089999999999 11.5484
31.6744 11.6683
31.6799 11.6875
31.7791 11.594100000000001
31.4589 11.6577
30.282299999999996 11.7484
30.3508 11.719599999999998
29.768100000000004 11.7504
30.1152 11.753200000000001
31.354 11.596100000000002
30.897199999999998 11.557899999999998
30.884800000000002 11.558200000000001
30.6515 11.5417
33.66239999999999 11.895299999999997
31.636900000000008 11.894699999999998
30.307699999999993 11.49
30.231299999999994 11.487800000000002
30.846400000000006 11.494000000000003
30.51460000000001 11.5095
30.761999999999993 11.531099999999999
30.464799999999997 11.534799999999999
30.9083 11.518400000000002
30.694599999999994 11.5177
30.547700000000006 11.516500000000002
30.883099999999995 11.521799999999999
30.20340000000001 11.502600000000001
30.417499999999997 11.5143
30.625300000000006 11.519699999999998
30.73869999999999 11.518099999999999
30.547299999999993 11.515600000000003
30.41080000000001 11.529000000000002
30.2045 11.504799999999998
29.960700000000013 11.510800000000003
30.2355 11.509299999999998
29.994799999999998 11.5047
29.859100000000005 11.498899999999995
30.240000000000006 11.5121
30.25870000000001 11.512699999999999
29.555700000000012 11.503
29.924099999999992 11.4956
30.333699999999997 11.4997
30.458900000000007 11.5079
30.189099999999996 11.4909
30.7243 11.4892
32.4656 11.852999999999998
31.426800000000004 11.802499999999998
30.636800000000004 11.458400000000001
30.964500000000005 11.466099999999999
30.486099999999993 11.4738
30.402399999999997 11.4856
29.970600000000005 11.469400000000002
30.2211 11.492300000000002
30.1332 11.491
30.444900000000008 11.493699999999999
30.43700000000001 11.485400000000002
30.5725 11.5055
30.496199999999995 11.507900000000001
30.759400000000003 11.510800000000003
30.930500000000006 11.5021
30.945800000000002 11.4954
30.904500000000002 11.4927
30.654299999999996 11.483800000000002
30.778699999999997 11.494900000000003
30.516 11.496
30.5479 11.491799999999998
30.491400000000002 11.486599999999997
30.765700000000002 11.4947
30.622700000000002 11.507199999999997
30.223399999999994 11.5512
30.492900000000006 11.611900000000002
30.9733 11.659699999999999
31.05909999999999 11.5633
30.619200000000003 11.550300000000002
30.210199999999997 11.536
30.126700000000007 11.605699999999999
30.7456 11.5597
31.08100000000001 11.527199999999999
31.102899999999995 11.5293
31.015900000000002 11.553600000000001
30.329399999999996 11.489000000000003
29.992000000000008 11.150199999999998
29.182499999999994 11.138299999999997
42.22729999999999 11.823600000000004
32.3767 12.19311
30.812000000000005 11.487999999999998
30.527900000000013 11.498000000000003
30.292900000000007 11.4844
30.366600000000005 11.494000000000002
30.21540000000001 11.5019
30.103600000000004 11.500199999999998
29.933799999999994 11.5004
30.072499999999998 11.513099999999998
29.94860000000001 11.514
30.118599999999994 11.5142
30.2312 11.5302
30.3039 11.526799999999998
30.1073 11.5305
29.860899999999997 11.537799999999997
30.143700000000003 11.5454
30.658899999999996 11.5549
30.7481 11.549400000000002
30.634300000000003 11.560199999999998
30.8125 11.548899999999996
30.9503 11.5388
30.625499999999995 11.532900000000001
30.878000000000007 11.5478
30.98490000000001 11.553400000000003
30.718399999999995 11.5314
30.6405 11.545900000000001
30.22569999999999 11.536400000000002
30.263800000000003 11.543600000000001
30.455800000000004 11.554500000000003
30.73239999999999 11.573699999999999
30.930000000000014 11.564300000000001
30.879600000000007 11.5685
31.6811 11.6001
31.363000000000003 11.580900000000002
31.217199999999995 11.5733
36.047700000000006 11.8451
49.35759000000001 16.942160000000005
52.052070000000015 16.688429000000003
61.58227000000001 17.337790000000002
52.74516000000001 16.758481999999997
45.22453 14.760936000000003
32.2075 11.287600000000003
32.4452 11.4178
30.889100000000003 11.185400000000003
30.436200000000003 10.886900000000002
30.464399999999998 10.895100000000001
30.735400000000006 10.908400000000002
30.384500000000003 10.9345
30.453199999999992 10.9594
31.003499999999995 11.003500000000003
30.971800000000005 11.0349
30.61360000000001 11.043
30.59099999999999 11.071100000000001
