10.602669999999998 26.859709999999996
10.609249999999996 26.87513999999999
10.595410000000005 26.824600000000014
10.670169999999997 26.884019999999992
10.643399999999994 26.79500000000002
10.529689999999988 26.81003999999999
10.661089999999993 26.804520000000004
10.704159999999995 26.82128000000001
10.583819999999996 26.78947000000001
10.635429999999996 26.879329999999996
10.711129999999994 26.761640000000007
10.706110000000002 26.796110000000006
10.613309999999995 26.76455
10.561019999999989 26.814119999999996
10.646079999999996 26.805079999999997
10.64698999999999 26.90354000000001
10.732249999999986 26.88425000000001
10.612019999999994 26.904450000000008
10.509799999999995 26.801350000000006
10.538239999999993 26.828469999999992
10.528659999999993 26.813600000000022
10.611159999999984 26.888559999999966
10.567079999999997 26.773090000000003
10.519859999999989 26.750750000000007
10.514059999999988 26.74875000000001
10.513769999999983 26.79697999999999
10.531429999999999 26.732650000000017
10.614379999999995 26.8199
10.582599999999989 26.751830000000005
11.038899999999984 26.892300000000002
10.529059999999998 26.836660000000023
10.601606999999996 26.874790000000004
10.606989999999989 26.79183000000001
10.597289999999992 26.851249999999993
10.60107999999999 26.728149999999996
10.586739999999995 26.729360000000007
10.547709999999995 26.742099999999997
10.467439999999986 26.78326
10.544599999999994 26.713700000000003
10.650469999999988 26.76513
10.61871 26.704739999999994
10.555119999999995 26.745850000000004
10.550829999999992 26.70308999999999
10.5757 26.72663000000001
10.480779999999992 26.66174
10.633379999999995 26.787190000000006
10.606599999999998 26.689350000000005
10.533249999999994 26.713650000000005
10.559999999999985 26.661039999999993
10.492759999999993 26.712449999999993
10.512049999999997 26.65129999999999
10.644749999999995 26.736439999999984
10.610489999999986 26.655300000000004
10.52119999999999 26.676290000000012
10.477639999999992 26.656930000000003
10.498089999999989 26.68563999999998
10.457999999999993 26.639339999999994
10.549999999999994 26.832
10.540919999999984 26.752410000000005
10.472069999999983 26.69966000000001
10.418029999999982 26.654029999999988
10.430499999999988 26.697110000000002
10.449849999999984 26.71474000000001
10.521299999999972 26.870875370000004
10.490429999999987 26.65532
10.50809999999999 26.66431
10.495699999999994 26.664460000000012
10.501969999999995 26.66832
10.495319999999982 26.663949999999996
10.536139999999994 26.81399000000001
10.622419999999984 26.63140999999999
10.543309999999988 26.628529999999994
10.445619999999991 26.619829999999993
10.487929999999992 26.67093
10.51037999999999 26.684700000000017
10.524889999999983 26.73350000000001
10.436699999999988 26.628970000000006
10.342029999999989 26.673289999999984
10.356909999999996 26.65796000000001
10.471789999999984 26.678739999999994
10.472449999999991 26.600220000000004
10.521719999999995 26.694240000000015
10.625719999999996 26.595079999999992
10.546539999999984 26.639870000000005
10.447009999999983 26.662539999999996
10.44652 26.62872999999999
10.43325999999999 26.584790000000012
10.414409999999982 26.659849999999985
10.61960999999999 26.606230000000004
10.531039999999999 26.685079999999985
10.53532999999999 26.747479999999996
10.419980000000004 26.70425000000001
10.36628999999999 26.652640000000005
10.433849999999998 26.710730000000005
10.482359999999993 26.63329999999999
10.41841999999999 26.654619999999994
10.399939999999996 26.614530000000002
10.433589999999997 26.745049999999992
10.40716999999999 26.69024999999999
10.485669999999999 26.74722000000001
10.401369999999995 26.60835999999998
10.333699999999984 26.63737999999999
10.444359999999982 26.638689999999993
10.745910999999996 26.732980000000012
10.746759999999997 26.69396999999999
10.768369999999999 26.726310000000016
10.637919999999996 26.59300999999998
10.510339999999998 26.61856999999999
10.420629999999985 26.60922999999997
10.42064599999998 26.722626999999992
10.367559999999983 26.704559999999983
10.387979999999985 26.75137999999999
10.49261999999999 26.666739999999976
10.41614999999998 26.67624999999998
10.40068999999999 26.675249999999988
10.425579999999984 26.70899999999999
10.384609999999977 26.70210999999999
10.435199999999995 26.74764999999997
10.439409999999986 26.642799999999976
10.401809999999985 26.659129999999987
10.371779999999998 26.625439999999976
10.445239999999997 26.661199999999987
10.503779999999992 26.640009999999993
10.49876999999999 26.724970000000013
10.550910000000005 26.619319999999995
10.521309999999989 26.66023999999997
10.52019999999999 26.628630000000005
10.555109999999992 26.648049999999994
10.551349999999996 26.562969999999993
10.52319999999999 26.711239999999965
10.509839999999986 26.599260000000015
10.448159999999989 26.62166999999999
10.40337999999999 26.60292000000001
10.405489999999995 26.66743999999998
10.408979999999985 26.697859999999984
10.419349999999994 26.738640000000004
10.441369999999987 26.672719999999995
10.40684999999999 26.67654999999999
10.349689999999978 26.598809999999993
10.392719999999985 26.77427999999999
10.45646999999999 26.70375999999999
10.522910000000003 26.78250999999999
10.493459999999986 26.693119999999986
10.367789999999982 26.667290000000005
10.575260000000004 26.702710000000003
10.618070000000005 26.714969999999987
10.509689999999985 26.675059999999995
10.565569999999992 26.733229999999974
10.564239999999996 26.677999999999997
10.369869999999986 26.724269999999972
10.284569999999981 26.73610999999999
10.372319999999975 26.885439999999996
10.460779999999973 26.903889999999997
10.599099999999986 27.032049999999998
10.705709999999998 26.876049999999967
10.557449999999982 26.886919999999993
10.432609999999988 26.87881999999998
10.52623 26.905409999999975
11.450119999999995 27.719681999999978
11.20909999999999 27.723587
10.588609999999997 27.10183999999999
11.18274999999999 27.490939999999988
10.551199999999996 27.34389999999997
10.477829999999994 27.227839999999993
10.449319999999982 27.185529999999986
10.529629999999985 27.21455999999998
11.125333000000001 27.249950000000002
10.573049999999991 27.333359999999995
10.502919999999987 27.22807000000001
10.496629999999985 27.263419999999993
10.596749999999995 27.268200000000004
10.68533999999999 27.371000000000013
10.673469999999988 27.266650000000002
10.536419999999993 27.31197999999999
10.700469999999997 27.405179999999994
10.606109999999996 27.466279999999983
10.536109999999995 27.322639999999993
10.617469999999999 27.418429999999994
10.630939999999992 27.289809999999985
10.570499999999997 27.31803
10.541199999999993 27.314670000000014
10.514059999999988 27.364049999999995
10.607590000000002 27.34553999999999
10.814029999999995 27.56610599999999
11.016446999999996 27.573490000000007
10.57419 27.521979999999985
10.675679999999991 27.523500000000006
10.62813 27.578929999999996
10.625930000000006 27.468940000000007
10.610809999999992 27.593549999999993
10.627586 27.589969999999976
11.083849999999993 27.66211999999998
10.454659999999988 27.477479999999986
10.551439999999992 27.573479999999982
10.520119999999993 27.441690000000012
10.582719999999988 27.503439999999994
10.56627 27.423589999999987
10.538439999999987 27.46493999999997
10.48583 27.403719999999986
10.540279999999989 27.42856999999999
10.63171 27.405000000000012
10.691579999999997 27.499949999999995
10.65583 27.441480000000002
10.596069999999996 27.46566999999998
10.525589999999978 27.401930000000007
10.513539999999988 27.45035999999999
10.562379999999989 27.424509999999998
10.659200000000004 27.49590999999998
10.904010000000003 27.556241000000004
10.614819999999998 27.571609999999993
10.53579999999999 27.480680000000007
10.553409999999985 27.496089999999988
10.58211 27.474240000000023
10.628380000000005 27.520990000000012
10.654840000000014 27.45949000000002
10.630489999999993 27.473430000000004
10.593679999999999 27.440860000000004
10.554409999999987 27.49702
10.56388999999999 27.471039999999995
10.627979999999997 27.563840000000024
10.602329999999984 27.48175000000001
10.554139999999988 27.47849999999999
10.551000000000005 27.46694
10.724159999999996 27.631780000000006
10.888639999999995 27.60129999999999
10.633759999999985 27.634580000000007
10.821088000000003 27.623039999999992
10.646249999999986 27.629010000000015
10.626479999999992 27.525389999999994
10.579609999999985 27.483829999999998
10.58984999999999 27.45311999999999
10.641339999999989 27.542299999999997
10.555799999999978 27.47219000000001
10.527999999999981 27.46591999999999
10.484989999999998 27.445870000000028
10.599420000000007 27.490790000000004
10.585679999999996 27.44901999999999
10.640150000000004 27.52449
10.613872 27.440849999999994
10.59478 27.49916000000001
10.522979999999986 27.453860000000006
10.498230000000003 27.478510000000007
10.53382999999999 27.452050000000007
10.55999999999999 27.49923000000002
10.537469999999994 27.43349000000001
10.4288 27.470879999999998
10.876389999999999 27.552720000000026
10.456919999999995 27.495090000000015
10.459809999999994 27.42818999999999
10.565650000000005 27.500579999999992
10.46219999999999 27.40221
10.497679999999994 27.43997000000001
10.482849999999992 27.404239999999998
10.510279999999991 27.43431999999999
10.549169999999991 27.42715
10.66932199999999 27.593949999999996
10.662589999999996 27.458199999999994
10.557049999999993 27.427759999999985
10.524899999999985 27.42691999999999
10.55711999999999 27.44667999999998
10.548299999999994 27.40188999999999
10.664600000000016 27.45774000000002
10.659560000000003 27.37037999999999
10.6048 27.40204000000001
10.493429999999996 27.393730000000005
10.463260000000002 27.439760000000014
10.481409999999995 27.418509999999998
10.535279999999995 27.48974000000001
10.49350999999999 27.415620000000008
10.439599999999988 27.43908999999999
10.44721 27.426349999999992
10.445489999999996 27.42387
10.480279999999986 27.354529999999993
10.558159999999994 27.441210000000005
10.542750000000002 27.362609999999997
10.49300999999999 27.386860000000013
10.450739999999987 27.400339999999996
10.470049999999986 27.406589999999998
10.640299999999995 27.554299999999998
10.512049999999995 27.461740000000013
10.54370999999999 27.4681
10.496999999999995 27.421119999999995
10.512559999999997 27.36599000000001
10.622370000000002 27.39338000000001
10.557839999999997 27.388060000000003
10.6027 27.469410000000003
10.58141 27.34436000000003
10.47599999999999 27.36812000000001
