50.926 17.0479
50.815 17.1216
50.53900000000001 17.1247
50.507000000000005 17.155200000000004
51.078 17.166600000000003
51.455 17.1572
50.934999999999995 17.1292
51.417 17.1417
49.848000000000006 17.1259
49.555000000000014 17.128100000000003
49.912 17.0977
51.282000000000004 17.12
51.306 17.1422
51.36699999999998 17.1493
51.565000000000005 17.1599
51.202000000000005 17.1349
51.024 17.133399999999998
50.68899999999999 17.1399
49.68999999999999 17.175400000000003
49.46699999999999 17.1611
49.10000000000001 17.1634
49.193999999999996 17.1548
49.882999999999996 17.171800000000005
49.806999999999995 17.1748
49.742 17.185499999999998
49.932 17.1714
49.977 17.1765
50.066 17.1849
49.910000000000004 17.180600000000002
49.567 17.1919
49.429 17.2027
49.403000000000006 17.206599999999998
49.199 17.1915
49.113 17.2146
49.59400000000001 17.2266
49.411 17.2271
49.053999999999995 17.2136
49.755 17.2314
49.39899999999998 17.2184
49.656000000000006 17.208899999999996
49.991 17.2146
49.801 17.2102
50.214000000000006 17.2091
50.00800000000001 17.2088
49.468999999999994 17.1967
49.441 17.2122
49.12400000000001 17.203599999999998
48.81100000000001 17.1935
49.216 17.2017
49.59 17.2376
49.516 17.2277
49.385 17.2301
49.711999999999996 17.218899999999998
49.78999999999999 17.225999999999996
50.300999999999995 17.2349
50.468999999999994 17.2391
49.825 17.224899999999998
51.12000000000001 17.7296
47.839250000000014 16.506819999999998
48.36289 16.66116
51.8282 17.935639999999996
47.309900000000006 16.277149999999995
48.723 16.5103
55.35822 18.663825000000003
46.166999999999994 15.747349999999999
49.366200000000006 16.3447
50.06900000000001 16.808600000000002
49.88 16.967000000000002
49.601000000000006 17.0847
49.428000000000004 17.1003
49.56 17.1257
49.297999999999995 17.1438
49.501999999999995 17.130999999999997
50.292 17.1485
50.193999999999996 17.160300000000003
49.75899999999999 17.169700000000002
49.541000000000004 17.1539
49.623 17.139000000000003
49.454 17.140000000000004
49.870999999999995 17.1514
49.346999999999994 17.142500000000002
49.15399999999999 17.157700000000002
49.35499999999999 17.151200000000003
49.413000000000004 17.194000000000003
49.57000000000001 17.1964
49.504999999999995 17.2182
49.38799999999999 17.1812
49.629 17.192100000000003
49.16699999999999 17.181900000000002
49.059000000000005 17.170700000000004
48.91 17.189100000000003
49.46299999999999 17.201600000000003
49.227000000000004 17.198700000000002
49.782999999999994 17.193800000000003
49.771 17.169600000000003
49.302 17.1825
49.397 17.184100000000004
50.08299999999999 17.2038
49.35 17.2366
49.315000000000005 17.229099999999995
49.712999999999994 17.2238
49.248999999999995 17.199599999999997
49.62 17.2043
49.65899999999999 17.2162
49.263 17.241
49.208 17.238999999999997
49.06700000000001 17.2451
49.08 17.215600000000002
49.338 17.2286
49.60699999999999 17.226800000000004
50.27799999999999 17.2382
49.758 17.229
49.411 17.2281
48.85 17.2376
49.196 17.298199999999998
49.58899999999999 17.3006
48.984 17.3022
49.127 17.276899999999998
48.95100000000001 17.222099999999998
49.113 17.2433
49.46099999999999 17.257500000000004
49.937 17.262
50.939 17.2961
50.036 17.2838
50.38499999999999 17.286599999999996
50.136 17.292199999999998
50.08200000000001 17.2646
50.617999999999995 17.2756
50.26300000000001 17.2667
50.547999999999995 17.2668
50.339 17.270100000000006
49.90599999999999 17.3093
50.296 17.3184
57.35717 19.78831
43.41415 14.958569999999998
46.06634999999999 15.430680000000004
53.666000000000004 17.415458000000005
53.55694 17.33337
51.79770000000001 17.210710000000002
48.834 16.095000000000002
50.297000000000004 16.6507
50.324000000000005 16.933300000000003
50.574 17.086
50.38399999999999 17.1209
50.298 17.1692
51.01800000000001 17.200499999999998
50.92200000000001 17.2065
50.547999999999995 17.2114
50.56900000000001 17.213299999999997
50.708 17.2042
53.817799999999984 17.897945
49.39927 16.504720000000002
50.339 16.729799999999997
50.861999999999995 17.0385
50.761 17.095399999999998
50.79600000000001 17.1544
51.88900000000001 17.164099999999998
53.486999999999995 17.1984
56.583529999999996 18.179069000000002
51.80773999999999 16.59255
53.675 16.94
52.173999999999985 17.1814
52.010999999999996 17.2567
51.794000000000004 17.2972
52.35799999999998 17.295999999999996
51.60600000000001 17.285
51.683 17.2924
51.29899999999999 17.336399999999998
51.366 17.336299999999998
51.763000000000005 17.341099999999997
51.913 17.339800000000004
51.353 17.3356
51.34999999999999 17.321
50.96900000000001 17.341299999999997
51.657 17.3567
51.492000000000004 17.3706
51.17 17.368899999999996
51.223000000000006 17.381499999999996
51.524 17.363500000000002
51.757 17.369200000000003
51.94900000000001 17.3631
52.288999999999994 17.3751
52.675 17.3677
51.86000000000001 17.3727
51.92100000000001 17.3813
51.541000000000004 17.409
51.42 17.436099999999996
51.446999999999996 17.4006
51.30199999999999 17.3975
51.815999999999995 17.39
50.33 16.563
49.812400000000004 16.625040000000002
53.70400000000001 17.3168
52.507000000000005 18.060900000000004
53.956100000000006 18.219540000000002
49.461589999999994 16.54959
50.499 16.628599999999995
51.236000000000004 17.0745
51.32700000000001 17.1604
51.24399999999999 17.196600000000004
50.537 17.2362
51.288 17.2275
51.39600000000001 17.2537
51.061 17.2563
59.8999 21.009570000000004
43.129459999999995 14.12662
51.606399999999994 15.114780000000003
53.23200000000001 16.484
52.554 16.748899999999995
54.42320000000001 17.39495
49.05861 16.19453
51.00900000000001 16.4357
52.354 16.849
51.516000000000005 16.947200000000002
51.243 16.991899999999998
51.345 17.012500000000003
50.932 17.032700000000002
50.56400000000001 17.042600000000004
50.93 17.0276
51.13399999999999 17.073900000000002
51.662000000000006 17.091
51.45400000000001 17.1092
50.89900000000001 17.0641
51.241 17.049300000000002
51.149 17.066100000000002
50.64500000000001 17.081400000000002
50.76199999999999 17.102
50.580000000000005 17.0964
50.451 17.0516
50.18400000000002 17.043699999999998
50.032 17.0842
49.68499999999999 17.1386
50.172000000000004 17.157600000000002
49.297999999999995 17.114400000000003
49.278999999999996 17.1414
49.684999999999995 17.1824
49.90899999999999 17.1759
49.02700000000001 17.1596
49.818999999999996 17.1357
49.504 17.1211
49.157999999999994 17.1213
48.838 17.128
49.230000000000004 17.1552
48.683 17.2146
49.095 17.2065
48.79299999999999 17.2028
49.349 17.2017
48.519 17.200499999999998
48.92999999999999 17.1967
49.202999999999996 17.224999999999998
49.08300000000001 17.211299999999998
48.888 17.218099999999996
48.932 17.255000000000003
49.266000000000005 17.259400000000003
49.361000000000004 17.261899999999997
49.16 17.2563
48.88599999999999 17.2857
49.108999999999995 17.252200000000002
49.159000000000006 17.243400000000005
48.47 17.2171
48.348 17.216099999999997
48.620999999999995 17.2215
49.108999999999995 17.2292
49.161 17.2347
48.977999999999994 17.2415
49.363 17.2267
50.157 17.2247
49.70099999999999 17.2424
49.394000000000005 17.238699999999998
49.47699999999999 17.2398
49.668 17.246399999999994
49.33100000000001 17.262099999999997
49.357 17.2787
49.246 17.2708
49.21300000000001 17.26
49.461999999999996 17.2688
49.729 17.2924
49.559 17.299699999999998
49.44899999999999 17.2972
49.57 17.3269
50.065000000000005 17.355200000000004
49.742000000000004 17.363100000000006
50.068 17.3504
51.089 17.378400000000003
49.826 17.3594
49.056000000000004 17.3572
49.51399999999999 17.354300000000002
49.626 17.342100000000002
