26.598 62.977000000000004
25.073999999999998 62.934
25.169000000000004 62.903
25.695999999999998 62.909000000000006
25.101000000000003 62.902
24.715000000000003 62.88400000000001
23.933999999999997 62.878
23.233 62.878000000000014
22.388 62.878000000000014
21.538 62.878000000000014
22.407 62.87200000000001
20.955 62.879000000000005
24.294999999999998 62.866
33.825 62.89900000000001
35.711999999999996 62.439
35.07699999999999 62.340999999999994
33.957 62.340999999999994
30.759999999999998 62.334999999999994
31.096 62.340999999999994
31.367999999999995 62.340999999999994
33.754 62.346999999999994
54.279999999999994 63.794
48.833000000000006 65.625
66.388 68.84700000000001
70.392 71.3
73.475 71.79100000000001
71.411 71.34500000000001
71.862 71.77799999999999
73.375 72.245
68.76299999999999 72.88900000000001
73.35899999999998 73.157
72.912 73.15699999999998
72.39399999999999 73.14499999999998
72.62599999999999 73.13799999999998
76.14 73.13799999999999
73.297 73.13199999999999
75.79899999999999 73.11999999999999
73.588 73.12599999999998
76.37299999999999 73.133
76.458 73.127
75.40999999999998 73.127
72.46000000000001 73.091
71.637 73.03500000000001
69.826 73.02199999999999
60.405999999999985 73.04099999999998
62.073 73.035
63.470000000000006 73.03399999999999
61.51899999999999 73.02199999999999
62.18900000000001 73.01599999999999
35.608000000000004 71.71000000000001
26.383000000000006 69.918
26.076 69.904
26.176999999999996 69.898
26.040000000000003 69.898
26.697 69.898
46.984 69.898
45.189 69.898
44.39300000000001 69.904
43.816 69.898
45.112 69.904
44.110000000000014 69.88600000000001
29.874000000000006 69.83000000000001
54.76800000000001 69.623
52.186 68.817
78.07099999999998 69.04199999999999
70.928 69.882
73.675 70.382
76.093 70.869
75.751 71.936
77.73499999999999 72.58399999999999
79.38399999999999 72.46000000000001
76.196 72.493
69.921 72.82600000000001
69.367 72.79599999999999
73.833 72.584
71.387 71.17400000000002
77.66699999999999 70.947
85.334 70.93499999999999
83.301 70.929
83.37999999999998 70.935
81.19599999999998 70.935
80.414 70.92899999999999
81.518 70.93499999999999
80.694 70.923
80.91899999999998 70.929
78.623 70.929
77.17299999999999 70.917
81.51899999999999 70.923
79.095 70.923
78.10099999999998 70.917
77.08 70.917
82.33599999999998 70.905
76.691 70.893
78.436 70.899
75.58 70.91099999999999
78.43599999999998 70.89899999999999
77.68500000000002 70.89899999999999
79.19999999999999 70.887
78.572 70.89899999999999
77.533 70.893
77.568 70.893
80.139 70.869
81.77 70.881
78.66099999999999 70.881
79.96199999999999 70.887
80.547 70.887
79.637 70.887
78.30199999999999 70.887
76.149 70.881
71.26400000000001 70.86899999999999
59.21000000000001 70.87499999999999
61.669 70.869
57.653999999999996 70.875
29.099000000000004 70.845
9.0191 70.80799999999999
8.488 70.79599999999999
8.341 70.79599999999999
8.2802 70.78999999999999
7.971100000000001 70.777
7.935200000000002 70.771
7.7794 70.76500000000001
21.173000000000002 70.76400000000001
27.393 70.77
25.268 70.758
24.616999999999997 70.74000000000001
23.338000000000005 70.72800000000001
27.316000000000006 70.73400000000001
25.156 70.72800000000001
24.142 70.73400000000001
25.811999999999998 70.746
27.897 70.72800000000001
26.327 70.72800000000001
27.558 70.73400000000001
25.877999999999997 70.73400000000001
26.378 70.73400000000001
25.773000000000003 70.722
25.210999999999995 70.722
24.877999999999997 70.716
24.520999999999997 70.71
25.903 70.704
25.057000000000002 70.704
23.727 70.704
27.712999999999994 70.704
27.449999999999996 70.692
26.840999999999998 70.692
26.996 70.69800000000001
26.35 70.68599999999999
24.647000000000002 70.704
22.331000000000003 70.72800000000001
21.956 70.795
21.380000000000003 70.77699999999999
24.547 70.77699999999999
26.913999999999998 71.77799999999999
24.674 72.327
24.917 72.333
28.056000000000004 72.363
26.782 72.35
25.773000000000003 72.35000000000001
26.5 72.34400000000001
25.826999999999995 72.34400000000001
27.377000000000006 72.34400000000001
27.474999999999994 72.34400000000001
41.486000000000004 70.76599999999999
31.836 67.83500000000001
36.188 67.51700000000001
39.727 66.95500000000001
32.887 66.22399999999999
34.185 66.16900000000001
40.934000000000005 66.51
38.467 66.45
34.487 66.35600000000001
28.041000000000004 66.35
35.885 66.363
33.001999999999995 66.363
32.284 66.363
31.918999999999997 66.369
31.71 66.375
29.902 66.35700000000001
30.618999999999996 66.35700000000001
36.772000000000006 66.425
39.778000000000006 66.32
32.593 66.005
42.548 66.303
33.983999999999995 66.155
47.87500000000001 67.00399999999999
57.911 68.37
63.39800000000001 68.401
66.98700000000002 68.622
70.259 69.574
68.737 70.043
69.445 70.953
72.07000000000001 71.51499999999999
71.977 69.73899999999999
67.53500000000001 69.072
67.995 68.98199999999999
69.90899999999999 68.93800000000002
63.20100000000001 68.89699999999999
70.68 69.56700000000001
68.60900000000001 69.92099999999999
70.899 70.75299999999999
71.638 69.67099999999999
69.977 68.51900000000002
75.42299999999999 68.255
71.093 66.43100000000001
76.51899999999999 66.504
77.484 65.23
71.551 63.95200000000001
78.12 63.891
79.61299999999999 63.879
80.02199999999999 63.879
65.809 63.885000000000005
52.088 65.577
50.49199999999999 66.05900000000001
47.272 66.246
47.833999999999996 66.253
33.151 64.95899999999999
34.666999999999994 64.78299999999999
52.954000000000015 64.51500000000001
47.101 63.062000000000005
55.51199999999999 62.818000000000005
56.852999999999994 64.83799999999998
50.20099999999999 66.77799999999999
58.128 65.607
54.827999999999996 66.08800000000001
60.243 68.115
57.789 70.046
54.835 70.795
61.854 70.801
50.502 69.72699999999999
47.699000000000005 69.65900000000002
53.717999999999996 69.72500000000001
59.216 69.732
72.846 69.72500000000001
73.18700000000001 69.71300000000001
74.47500000000001 69.707
75.22 69.707
74.603 69.707
75.848 69.719
68.395 69.72699999999999
36.48499999999999 67.774
33.84400000000001 65.801
47.79599999999999 65.838
36.815 65.399
49.620999999999995 65.13799999999999
37.516 64.229
35.005 64.104
36.97 64.46
60.741 66.09400000000001
63.58800000000001 67.509
70.412 70.369
75.99999999999999 72.08200000000001
72.77900000000001 73.25999999999999
73.61 74.291
78.491 73.88900000000001
78.178 70.117
71.124 67.512
76.73400000000001 67.08000000000001
70.87400000000001 64.56500000000001
66.74799999999999 63.90999999999999
63.598 64.14199999999998
56.586000000000006 63.971000000000004
47.986000000000004 65.619
46.626 66.49900000000001
41.43799999999999 66.578
37.745 66.596
42.643 66.60199999999999
44.474999999999994 66.608
43.921 66.678
53.11900000000001 68.041
57.306999999999995 69.79299999999999
67.987 71.302
71.18100000000001 72.762
82.46999999999998 73.08399999999999
74.409 69.75099999999999
74.837 69.20899999999999
81.76299999999999 67.57900000000001
70.16499999999999 65.79
77.74699999999999 65.578
78.74699999999999 64.276
79.864 64.22700000000002
60.943999999999996 64.23400000000001
56.95099999999999 64.22200000000001
57.52499999999999 64.209
56.499 64.22100000000002
54.717000000000006 64.21500000000002
53.871 64.19000000000001
54.773 64.209
58.216 64.19600000000001
