10.8062 10.569199999999999
11.0049 10.5698
11.010599999999998 10.5691
11.1787 10.568400000000002
11.267100000000001 10.566000000000003
11.1463 10.562100000000001
11.234199999999998 10.560700000000002
11.0527 10.5606
11.6103 10.559000000000001
11.278400000000003 10.560500000000001
11.4366 10.553700000000001
11.229800000000001 10.5537
11.558499999999999 10.5477
11.2702 10.547699999999999
11.3572 10.5409
12.0546 10.5438
12.2525 10.5393
11.480599999999999 10.5401
11.4464 10.533999999999997
10.977300000000001 10.527800000000001
11.1213 10.520100000000001
11.440999999999999 10.520999999999999
11.1664 10.5239
11.635600000000002 10.5254
11.575999999999999 10.517700000000001
11.634799999999998 10.519300000000001
11.106100000000001 10.508899999999999
11.6669 10.5096
11.335699999999997 10.505099999999999
11.3328 10.5074
11.0506 10.496499999999997
11.187799999999998 10.495899999999999
11.2435 10.488
10.910800000000002 10.483300000000002
11.02 10.4856
11.315900000000001 10.487900000000002
11.6092 10.486600000000001
11.2163 10.480499999999997
11.1771 10.4767
11.0145 10.473099999999999
10.966000000000001 10.473799999999999
10.8444 10.474499999999997
11.1406 10.4716
10.574000000000002 10.4722
10.874700000000002 10.461400000000001
11.1421 10.463800000000003
11.130399999999998 10.459800000000001
11.360100000000003 10.466100000000003
11.507600000000002 10.461500000000001
11.538699999999997 10.466999999999999
11.438600000000001 10.459999999999999
11.3433 10.457600000000001
11.544100000000004 10.4583
11.089799999999999 10.455300000000003
10.9338 10.446900000000001
10.764399999999998 10.4462
11.147899999999998 10.448500000000001
11.776700000000002 10.4562
11.641 10.453100000000001
11.1237 10.450700000000001
11.297500000000001 10.4408
11.292200000000001 10.4461
11.3161 10.441600000000001
11.719600000000002 10.4447
11.460299999999998 10.4371
11.493800000000002 10.4377
11.569100000000002 10.4309
12.0427 10.4332
12.1673 10.430900000000001
11.720199999999998 10.433099999999998
11.436300000000001 10.4324
11.3328 10.428600000000001
11.031300000000002 10.4172
10.987799999999998 10.4179
11.3807 10.4202
11.6277 10.424
11.285699999999999 10.413400000000001
11.451199999999998 10.4079
11.294500000000001 10.403599999999999
11.436800000000002 10.4012
11.1901 10.3989
11.0676 10.398899999999998
10.8963 10.3951
10.7566 10.3929
11.202299999999997 10.391300000000001
11.422399999999998 10.3935
12.176899999999998 10.394399999999997
11.671199999999999 10.394399999999997
11.118500000000003 10.392799999999996
10.675300000000002 10.391999999999998
11.1854 10.385299999999999
10.8103 10.3836
11.6433 10.3842
11.525599999999997 10.3934
11.013300000000001 10.388799999999998
10.8812 10.388099999999998
10.825999999999999 10.377599999999997
10.978499999999999 10.380699999999997
11.0295 10.380000000000003
12.163499999999999 10.3859
12.7199 10.5377
12.698099999999998 10.3913
12.1818 10.388299999999997
11.7968 10.387400000000001
12.0189 10.3914
12.172100000000002 10.3952
11.733100000000002 10.388200000000001
11.504299999999999 10.379000000000001
11.7218 10.3744
11.4381 10.3708
11.6007 10.3752
11.8387 10.378900000000002
11.223799999999999 10.370600000000001
10.860899999999999 10.365300000000001
10.8491 10.356300000000001
11.1564 10.356300000000001
11.364099999999999 10.3645
11.3349 10.3652
10.855099999999998 10.3653
10.6299 10.3555
10.774500000000002 10.350900000000001
10.742899999999999 10.3448
11.34 10.3537
11.6017 10.352300000000001
11.068700000000002 10.3484
11.085999999999999 10.3464
10.5338 10.344100000000001
10.461800000000002 10.338599999999998
10.9348 10.3424
11.6193 10.350800000000001
11.857999999999999 10.356800000000002
11.4329 10.3576
11.065900000000003 10.344700000000001
10.7412 10.338
10.403999999999998 10.3379
11.137100000000002 10.340099999999998
12.2127 10.356200000000001
12.264200000000002 10.359300000000003
11.912399999999998 10.3485
11.2444 10.3409
11.0151 10.338699999999998
11.039000000000001 10.3349
11.096200000000003 10.3354
10.4265 10.338700000000001
10.6171 10.3387
10.9726 10.337899999999998
11.2226 10.3357
11.2575 10.3349
10.891400000000003 10.336399999999998
11.135 10.344000000000001
11.317500000000003 10.3448
11.03 10.3379
11.0624 10.332500000000001
10.8854 10.3334
10.914499999999999 10.330200000000001
10.625999999999998 10.3287
11.0977 10.3387
11.9008 10.344599999999998
11.416900000000002 10.3393
11.1601 10.334200000000001
11.009199999999998 10.3319
10.934 10.331699999999998
11.4794 10.333300000000001
11.7534 10.336300000000001
11.4514 10.338600000000001
12.070000000000002 10.4889
11.164300000000003 10.336999999999998
10.6651 10.331599999999998
10.247800000000002 10.319500000000001
10.510299999999999 10.317199999999998
10.8689 10.321
11.074 10.3255
11.212199999999998 10.3248
10.7361 10.315500000000002
10.788 10.3102
10.485800000000001 10.306600000000001
10.893200000000004 10.3089
11.253499999999999 10.317199999999998
11.6081 10.3203
11.672600000000001 10.322599999999998
11.0229 10.3098
10.7089 10.301200000000001
10.8742 10.302000000000001
11.099200000000002 10.3105
11.6581 10.316499999999996
11.184100000000003 10.320999999999998
10.907399999999999 10.314099999999998
10.586500000000001 10.302799999999998
10.6303 10.299100000000001
10.8784 10.301300000000001
11.477099999999997 10.3112
11.4694 10.316500000000001
11.626600000000002 10.319700000000001
10.62 10.307300000000001
11.2145 10.305499999999999
11.706599999999998 10.3026
12.131699999999999 10.3135
12.169 10.3203
12.3605 10.3203
12.0418 10.314799999999998
11.686899999999998 10.3041
11.1429 10.2913
11.925499999999998 10.301099999999998
12.9037 10.3128
12.938499999999998 10.321
11.9812 10.3188
11.7883 10.3043
11.483800000000002 10.296599999999998
12.3183 10.3105
12.2918 10.322000000000001
12.265799999999999 10.318199999999997
12.281600000000001 10.318199999999997
11.8881 10.308
11.998800000000001 10.294400000000001
12.557199999999998 10.3037
13.059099999999999 10.315599999999998
13.604999999999997 10.326200000000002
13.4818 10.3317
12.556999999999999 10.3166
12.108 10.306
12.048399999999997 10.3051
12.847 10.313399999999998
13.0716 10.3233
12.839399999999998 10.3257
12.712900000000001 10.321
12.1697 10.3074
12.0789 10.301199999999998
12.6445 10.310199999999998
12.964999999999998 10.3149
13.198400000000001 10.479800000000001
12.8933 10.4202
12.6362 10.3469
13.0764 10.3057
13.7403 10.318100000000003
13.709700000000002 10.3296
13.5027 10.3346
12.7797 10.322599999999998
12.6557 10.3106
12.937299999999999 10.3219
13.309999999999999 10.3281
13.4262 10.3386
12.779599999999999 10.3274
12.7493 10.460700000000001
12.8912 10.314
13.214399999999998 10.3235
13.638400000000003 10.3302
12.636700000000001 10.314799999999998
12.034499999999998 10.3019
12.687100000000001 10.304200000000002
12.632299999999999 10.3051
12.1469 10.300499999999998
11.018500000000001 10.3899
13.455800000000002 10.2995
13.230499999999997 10.310500000000001
13.3586 10.3182
13.424800000000001 10.321
12.9489 10.3125
12.211700000000002 10.291100000000002
12.662199999999999 10.288900000000002
12.806500000000002 10.297500000000001
12.9828 10.302700000000002
12.7158 10.300500000000001
12.101099999999999 10.2898
11.8248 10.276800000000003
12.447499999999998 10.278400000000003
12.781799999999999 10.287600000000003
13.348 10.293700000000001
12.776400000000002 10.292200000000001
12.06 10.280100000000001
11.544699999999999 10.270000000000001
11.422000000000002 10.2609
12.2783 10.255500000000001
13.422199999999998 10.2829
12.6085 10.275400000000001
12.0286 10.265300000000002
11.394199999999998 10.253
12.326200000000002 10.257900000000001
13.5197 10.442299999999998
12.9305 10.286000000000001
12.5856 10.281299999999998
12.1535 10.270700000000001
12.2761 10.263900000000001
12.286900000000003 10.269300000000001
13.0167 10.278899999999998
13.126800000000003 10.276100000000001
12.5551 10.279700000000002
11.9619 10.269200000000001
11.3853 10.252500000000001
