48.447 66.83099999999999
37.716 49.13200000000001
29.671999999999997 40.26499999999999
42.354 58.057
36.327999999999996 49.278999999999996
49.6 62.645999999999994
32.312 44.762
35.93900000000001 49.156000000000006
40.36 58.012
28.693999999999996 49.271
23.28 40.26300000000001
19.565 35.833999999999996
21.222 35.871
23.250999999999998 40.418000000000006
25.246000000000002 44.972
19.951999999999998 35.938
22.419000000000004 40.479
21.238 35.999
24.368000000000002 40.540000000000006
26.455000000000002 45.038
20.447 36.011
20.450000000000003 35.968
34.467000000000006 58.214
23.168000000000003 40.428000000000004
21.528 35.919999999999995
21.668000000000003 35.926
21.326 35.933
20.287000000000003 35.902
20.446 35.858999999999995
20.699 35.835
19.227 35.809000000000005
19.248 35.790000000000006
19.546 35.815
28.670999999999996 49.400999999999996
22.607 40.344
19.711 35.772000000000006
21.387 35.765
24.843 44.56100000000001
18.734 35.644
18.584999999999997 35.603
18.211 35.632000000000005
19.94 40.009
20.809999999999995 44.471000000000004
21.278999999999996 40.064
18.469 35.589999999999996
19.456999999999997 35.614000000000004
19.39 35.626000000000005
18.2 35.639
18.703999999999997 35.638999999999996
20.023 35.67
20.022000000000002 35.650999999999996
19.125000000000004 35.699
18.282999999999998 35.675000000000004
17.883000000000003 35.63099999999999
17.743000000000002 35.668000000000006
17.313 35.68600000000001
16.653000000000002 35.687000000000005
16.235000000000003 35.694
15.515 35.7
16.595 35.698
16.82 35.717
16.412000000000003 35.742000000000004
12.653 35.723
9.782 35.668
9.456000000000001 35.662
9.557 35.674
8.896799999999999 35.674
8.742700000000001 35.661
8.739899999999999 35.688
7.972299999999999 35.705999999999996
7.700499999999999 35.717999999999996
8.1944 35.736000000000004
8.922400000000001 35.748999999999995
8.4988 35.67
8.1388 35.650000000000006
8.613 35.638
8.718399999999999 35.626000000000005
8.613 35.595
8.443100000000001 35.55200000000001
7.865799999999999 35.498000000000005
7.8292 35.498000000000005
7.823099999999999 35.474000000000004
7.439500000000001 35.456
7.463999999999999 35.468
7.341100000000001 35.468
7.2632 35.468
7.0157 35.462
7.0395 35.474000000000004
7.145 35.45
7.4477 35.456
7.277700000000001 35.444
7.0645 35.468
7.1648000000000005 35.504000000000005
7.1036 35.492000000000004
8.7096 35.479
8.224200000000002 35.461000000000006
8.186399999999999 35.461000000000006
8.5404 35.449
8.1371 35.467
8.0109 35.473000000000006
8.3418 35.467000000000006
7.9838 35.479000000000006
8.491200000000001 35.528
8.0495 35.54
7.985500000000001 35.565999999999995
8.0034 35.626
8.3769 35.650999999999996
8.555299999999999 35.705999999999996
8.058800000000002 35.717999999999996
8.232800000000001 35.705
8.2324 35.681999999999995
7.8237999999999985 35.522
7.6268 35.467000000000006
7.495400000000001 35.449000000000005
7.4918 35.431000000000004
7.7293 35.455000000000005
7.5706999999999995 35.456
7.572799999999999 35.437000000000005
7.542400000000001 35.461000000000006
7.3816999999999995 35.480000000000004
7.661399999999999 35.479
8.218399999999999 35.499
7.6699 35.522
7.697499999999999 35.534
7.863400000000001 35.546
7.6326 35.57
7.791500000000001 35.58899999999999
7.7849 35.583
7.572900000000001 35.607
7.8158 35.61999999999999
8.113599999999998 35.62599999999999
7.855700000000001 35.61999999999999
8.4148 35.626
8.8531 35.62599999999999
9.3948 35.62
9.1477 35.602000000000004
9.451 35.602000000000004
9.918 35.626
10.733 35.657
11.394 35.705999999999996
11.766999999999998 35.73500000000001
11.421000000000001 35.754
11.614 35.815000000000005
12.084 35.888
12.651000000000002 35.925000000000004
13.402999999999999 35.900999999999996
13.746 35.772999999999996
14.036999999999999 35.699
14.179 35.621
14.64 35.558
15.664 35.601000000000006
16.217 35.71
17.041 35.753
17.544 35.785
18.115 35.839999999999996
18.299000000000003 35.858000000000004
18.772 35.888000000000005
19.878999999999998 35.949999999999996
19.733 36.016
19.836000000000002 36.016000000000005
20.015 36.058
20.404 36.101
20.974999999999998 36.094
22.079 36.101000000000006
23.224 36.119
23.864 36.149
27.017999999999997 40.653999999999996
23.804 36.162000000000006
25.137999999999998 36.193999999999996
45.53399999999999 58.809
38.42099999999999 49.806
34.492 45.257000000000005
44.42 58.814
35.386 45.259
33.099000000000004 40.742
44.939 54.339999999999996
41.49299999999999 49.824
32.48199999999999 36.219
37.048 40.742
37.775000000000006 40.722
36.329 40.656000000000006
38.050000000000004 40.674
34.864 36.169000000000004
29.868999999999996 36.103
45.629 54.199
38.00699999999999 45.196999999999996
39.410000000000004 45.141000000000005
36.486000000000004 40.358
43.48199999999999 49.17
38.32299999999999 44.80499999999999
36.97 35.884
38.195 40.36899999999999
37.17700000000001 35.846000000000004
36.755 35.864999999999995
37.323 35.858999999999995
37.61 35.846999999999994
38.129000000000005 35.81
39.704 35.827999999999996
40.723000000000006 35.84
40.455 35.796
42.12800000000001 35.790000000000006
40.717 35.766
40.935 35.754000000000005
40.296 35.742
39.746 35.730000000000004
39.544999999999995 35.711000000000006
38.208 35.705000000000005
36.371 35.699999999999996
38.336000000000006 35.711999999999996
37.639 35.682
36.873 35.704
38.976 35.709999999999994
35.345 35.722
32.726 35.687000000000005
41.149 44.531000000000006
41.382000000000005 44.525000000000006
42.736000000000004 44.677000000000014
32.531000000000006 35.876000000000005
43.419 49.322
39.17999999999999 40.349000000000004
38.196 35.936
36.248000000000005 35.912
37.358999999999995 40.349000000000004
48.169000000000004 53.727999999999994
45.849 53.794999999999995
42.859 49.34100000000001
32.236999999999995 35.907
43.396 49.407000000000004
45.342 53.980000000000004
55.35399999999999 62.88500000000001
66.077 76.50200000000001
49.456 53.961000000000006
51.952 53.96200000000001
45.02 45.008
37.085 35.969
39.287 35.987
53.57000000000001 45.123000000000005
48.589999999999996 40.56400000000001
40.753 35.987
39.160999999999994 35.955
39.922 35.943000000000005
41.748000000000005 35.967
41.36300000000001 35.955
40.61300000000001 35.943
40.239999999999995 35.919000000000004
41.149 35.931000000000004
41.072 35.943000000000005
40.178999999999995 35.931000000000004
40.302 35.919000000000004
41.040000000000006 35.913000000000004
40.4 35.907000000000004
40.044999999999995 35.889
40.998000000000005 35.870000000000005
40.259 35.86300000000001
41.278 35.88000000000001
41.150999999999996 35.862
40.587999999999994 35.85
40.32 35.82600000000001
39.568999999999996 35.893
39.379999999999995 35.86900000000001
43.114 35.9
39.208999999999996 35.791000000000004
40.625 35.742
39.513999999999996 35.736000000000004
46.27 44.708000000000006
34.149 35.655
29.706 35.656
56.011 66.905
34.925999999999995 44.664
54.740999999999985 66.96400000000001
62.52799999999999 80.355
33.749 44.64600000000001
40.37700000000001 53.465
36.826 49.083
45.17 67.00899999999997
26.482 40.173
26.774000000000004 40.143
24.929000000000002 35.724000000000004
26.028000000000002 40.204
37.59 58.141
25.427999999999994 40.276
24.836 40.27
24.345 40.234
24.772000000000002 40.289
21.593999999999998 35.803000000000004
21.484 35.821000000000005
21.741 35.833
21.457 35.839000000000006
