50.535999999999994 17.4862
50.99999999999999 17.665599999999998
50.426 17.732100000000003
49.24900000000001 17.7835
48.916 17.768000000000004
49.782000000000004 17.776600000000006
50.84000000000001 17.7841
50.624 17.8079
49.58899999999999 17.757800000000003
49.559 17.7539
49.78800000000001 17.7481
49.144 17.760299999999997
49.391999999999996 17.7607
50.218999999999994 17.800300000000004
49.891 17.799599999999998
50.456 17.751800000000003
50.085 17.7252
49.964000000000006 17.742
50.06700000000001 17.7859
50.453 17.7755
50.547 17.7708
50.461999999999996 17.761300000000002
50.84000000000001 17.7593
50.24099999999999 17.7487
50.337999999999994 17.785200000000003
50.37200000000001 17.750500000000002
50.44799999999999 17.747100000000003
50.451 17.755100000000002
50.58200000000001 17.773500000000006
50.438 17.749399999999998
50.39 17.765900000000002
51.126000000000005 17.800499999999996
50.468 17.7888
51.05899999999999 17.8226
50.605999999999995 17.841900000000003
49.812 17.842900000000004
50.60199999999999 17.810200000000002
50.34400000000001 17.8276
50.105999999999995 17.7847
50.907000000000004 17.8341
51.22599999999999 17.816800000000004
50.168 17.8359
50.46799999999999 17.820700000000002
50.78 17.8082
50.095 17.824900000000003
50.28699999999999 17.8614
50.33500000000001 17.8444
49.798 17.843700000000005
50.28999999999999 17.863200000000003
49.832 17.8466
49.476 17.8331
50.08100000000001 17.859600000000004
50.31499999999999 17.8452
49.744 17.8491
50.061 17.881
50.109999999999985 17.856099999999994
49.566 17.8295
49.57900000000001 17.879900000000003
49.70399999999999 17.938399999999994
49.35600000000001 17.936200000000007
49.97999999999999 17.903499999999998
50.01 17.930600000000002
52.673140000000004 18.816089999999992
47.42827 17.0608
50.047799999999995 17.318299999999997
50.153999999999996 17.7174
50.11 17.773500000000002
50.708999999999996 17.758399999999998
50.834999999999994 17.7836
50.15100000000001 17.8526
49.18700000000001 17.8362
49.06099999999999 17.8421
49.568000000000005 17.854200000000002
50.059999999999995 17.8537
49.29200000000001 17.811999999999998
49.376 17.811799999999998
49.566999999999986 17.843899999999994
49.54899999999999 17.855900000000002
49.65599999999999 17.846100000000003
49.712999999999994 17.8465
49.155000000000015 17.832299999999996
48.986 17.813499999999998
50.37499999999999 17.8289
50.13999999999999 17.857300000000002
49.86799999999999 17.872099999999996
49.918000000000006 17.8071
50.138000000000005 17.799599999999998
50.561 17.798499999999997
50.43300000000001 17.829299999999996
49.82099999999999 17.807299999999994
50.407000000000004 17.823199999999996
50.489 17.840099999999996
50.465 17.8361
51.37500000000001 17.870299999999997
51.04 17.8904
50.971999999999994 17.918599999999994
50.803999999999995 17.927100000000003
50.427 17.8789
50.857000000000006 17.9036
50.871 17.9038
51.101000000000006 17.876899999999996
50.222999999999985 17.8862
50.229 17.9231
50.254 17.9061
50.066 17.909
49.72800000000001 17.898600000000002
51.05499999999999 17.8998
51.564 17.939099999999996
50.543000000000006 18.005599999999994
50.20300000000001 17.96719999999999
50.27799999999999 17.9167
50.349 17.906799999999993
50.165000000000006 17.922
49.752999999999986 17.901899999999998
50.602999999999994 17.8901
50.608 17.894999999999996
50.405 17.939099999999996
50.129999999999995 17.9112
50.44 17.917500000000004
50.543000000000006 17.907400000000003
50.858000000000004 17.905099999999997
50.943000000000005 17.925200000000004
50.839 17.9576
50.554 17.9477
50.49399999999999 18.014499999999998
50.416000000000004 18.020300000000002
50.19699999999999 17.982499999999995
52.36000000000001 17.913099999999996
52.544999999999995 17.953
55.201499999999996 19.723412999999997
47.50360999999999 16.53279
48.150000000000006 16.657299999999996
50.836999999999996 17.4985
51.089 17.6953
50.748000000000005 17.766099999999998
63.168449999999986 23.287689999999994
43.71598 13.77651
49.662000000000006 15.374899999999997
54.60219999999999 17.537989999999997
49.42170000000001 16.418300000000002
49.754000000000005 16.639499999999998
50.958000000000006 17.1042
51.05 17.1922
51.646 17.251900000000003
54.216799999999985 18.232729999999997
52.47849 17.243240000000004
51.254999999999995 16.3266
50.77700000000001 16.6767
51.227000000000004 17.0516
50.904 17.179500000000004
50.531000000000006 17.1605
50.568999999999996 17.1852
51.098 17.1787
53.82109999999999 18.09054
48.81481 16.515770000000003
50.109 16.790100000000002
51.455 17.127799999999997
51.29300000000001 17.2378
51.803 17.2856
50.94499999999999 17.2303
51.114000000000004 17.2551
51.242 17.2342
51.00899999999999 17.2677
51.14500000000001 17.305999999999997
50.731 17.285599999999995
51.02300000000001 17.3275
51.38199999999999 17.2945
53.139 17.2848
53.088000000000015 17.3715
52.016 17.423
51.309000000000005 17.423499999999997
56.315000000000005 18.768400000000003
48.483270000000005 16.73156
48.692370000000004 15.905099999999997
52.138 16.700299999999995
52.822 17.054899999999996
52.60900000000001 17.124999999999996
53.323 17.1937
54.193000000000005 17.215400000000002
53.201 17.212000000000003
52.876 17.203699999999998
52.584999999999994 17.210799999999995
52.14 17.215
52.074 17.2785
52.149 17.2503
51.869 17.226800000000004
51.16 17.212600000000002
52.077 17.2206
53.87499999999999 18.1464
49.55600999999999 17.28961
49.81936 16.44388
52.086999999999996 16.837400000000002
52.35799999999999 17.0191
52.98 17.049899999999997
52.19400000000001 17.058700000000005
52.05499999999999 17.104799999999997
52.77099999999999 17.130799999999997
52.70399999999999 17.129499999999997
52.812000000000005 17.140599999999996
52.86700000000001 17.130399999999995
52.493 17.1378
52.33199999999999 17.137299999999996
52.772000000000006 17.1657
52.285000000000004 17.1323
52.58200000000001 17.168899999999997
52.693999999999996 17.160099999999996
52.991 17.1755
52.547 17.1875
53.74200000000001 17.1953
53.317000000000014 17.186200000000003
53.452999999999996 17.188299999999998
53.79999999999999 17.237099999999998
55.91073 18.134519999999995
51.32492 16.58351
52.662 16.949699999999996
52.226000000000006 17.153399999999998
52.506 17.202
52.305 17.225699999999996
53.16 17.2252
53.32499999999999 17.2373
53.42 17.2405
53.237 17.2424
53.663000000000004 17.2058
53.68800000000002 17.2119
53.078 17.200900000000004
53.115 17.230700000000002
53.05200000000001 17.220399999999998
52.608 17.2165
52.388 17.222199999999997
52.87500000000001 17.243499999999997
52.507999999999996 17.264899999999997
52.29600000000001 17.2653
51.885000000000005 17.244999999999997
51.49 17.248600000000003
51.470000000000006 17.260099999999998
52.43300000000001 17.270100000000006
52.695 17.318700000000003
53.37200000000001 17.3616
53.574999999999996 17.3187
52.957 17.311999999999998
52.92299999999999 17.3275
52.772000000000006 17.3244
52.642 17.3219
52.86099999999999 17.340100000000003
52.855 17.3693
55.0765 18.2611
49.15894000000001 16.505810000000004
50.34779 16.6784
52.06999999999999 17.063200000000002
52.854 17.170700000000004
51.908 17.145900000000005
52.04200000000001 17.2017
51.117999999999995 17.1995
51.268999999999984 17.1855
51.659 17.2302
51.237 17.214399999999998
51.227000000000004 17.226699999999997
50.958999999999996 17.2233
51.11899999999999 17.215000000000003
51.86000000000001 17.232200000000002
51.707 17.2303
51.80200000000001 17.2516
51.845 17.2624
51.176 17.2307
51.248000000000005 17.2421
51.524 17.256200000000003
51.30800000000001 17.2543
51.15500000000001 17.269199999999998
51.548 17.276200000000003
51.79799999999999 17.278799999999997
51.761999999999986 17.3013
51.903999999999996 17.272
51.31099999999999 17.2693
51.696999999999996 17.2902
52.349999999999994 17.286600000000004
51.13800000000002 17.268100000000004
51.725 17.2895
51.844 17.3256
50.96799999999999 17.296000000000003
51.04299999999999 17.3073
51.638000000000005 17.3058
51.513000000000005 17.308099999999996
51.573 17.301199999999998
52.904999999999994 17.3084
51.66899999999999 17.317199999999996
51.513 17.3126
51.84000000000001 17.3199
51.678000000000004 17.3204
