7.7940000000000005 12.561
9.784 12.592
9.094 12.647
8.062 12.58
9.253 12.628
8.124 12.567
7.885000000000001 12.586
11.052999999999999 12.647
7.849 12.573
9.558 12.64
7.868 12.616
8.129999999999999 12.561
10.943999999999999 12.659
8.068999999999999 12.597999999999999
7.7509999999999994 12.561
9.607 12.653
7.947 12.586
9.991 12.597
9.259 12.61
8.252 12.598
9.350999999999999 12.647
8.075000000000001 12.586
8.575 12.573
10.571 12.647
7.77 12.58
5.636 12.561
11.578000000000001 12.586
8.057 12.574
10.834 12.635
8.118 12.598
7.904 12.579
9.54 12.622
7.971 12.58
10.156 12.634
8.777 12.597999999999999
8.148 12.573
9.35 12.628
8.063 12.628
9.234 12.585
9.803 12.622
7.837 12.597999999999999
8.093 12.567
9.43 12.647
8.765 12.597999999999999
9.661999999999999 12.634
9.033 12.604000000000001
7.866999999999999 12.604000000000001
9.491 12.628
7.811999999999999 12.61
10.241999999999999 12.647
8.673 12.597999999999999
8.033 12.58
8.197000000000001 12.598
9.388 12.64
9.674 12.609
8.984 12.622
8.625 12.592
8.215 12.567
9.436 12.641
9.18 12.622
9.186 12.646
9.058 12.61
7.861 12.604000000000001
8.612 12.58
8.77 12.677
10.339 12.671
8.289 12.579
8.777 12.598
8.116999999999999 12.585
9.716 12.647
9.583 12.634
8.771 12.61
8.716 12.598
8.185 12.592
8.551 12.586
9.790000000000001 12.695
9.253 12.635
8.264 12.573
8.594 12.61
8.051 12.58
9.307 12.647
10.315 12.695
7.824000000000001 12.592
8.912 12.58
7.886 12.598
8.49 12.597999999999999
10.486 12.707
8.887 12.635
7.855 12.61
8.790000000000001 12.604
7.7700000000000005 12.58
9.436 12.641
9.912 12.695
7.983999999999999 12.573
8.629999999999999 12.598
8.056 12.592
7.849 12.586
13.439 12.683
8.093 12.622
8.16 12.586
8.85 12.598
8.258000000000001 12.604000000000001
9.595 12.604
10.346 12.696
7.977 12.61
8.99 12.586
7.8919999999999995 12.586
8.106 12.592
11.554 12.708
8.129 12.622
7.824000000000001 12.586
8.911 12.58
7.959 12.597999999999999
10.755 12.61
9.009 12.696
8.16 12.592
8.74 12.592
8.148 12.622
7.904 12.586
11.895999999999999 12.732
8.051 12.61
8.233 12.573
8.966 12.622
8.099 12.598
10.802999999999999 12.634
9.485000000000001 12.706999999999999
8.118 12.592
9.088000000000001 12.573
8.112 12.598
9.35 12.61
10.944 12.781
8.325000000000001 12.634
8.063 12.592
9.156 12.622
8.049999999999999 12.598
11.175 12.647
9.009 12.658999999999999
8.307 12.573
8.362 12.604000000000001
8.874 12.592
10.205 12.622
10.846 12.719999999999999
8.221 12.628
8.483 12.597999999999999
8.972 12.598
9.088000000000001 12.592
10.23 12.695
9.075999999999999 12.665000000000001
8.033 12.579
8.935 12.597999999999999
8.136 12.604000000000001
10.584 12.647
9.472999999999999 12.671
8.221 12.592
8.075000000000001 12.597999999999999
9.014999999999999 12.616
10.254 12.659
9.619 12.646
7.971 12.653
8.27 12.61
8.82 12.604000000000001
9.516 12.61
8.881 12.647
9.607 12.671
7.916 12.592
8.185 12.61
8.770999999999999 12.616
10.218 12.658999999999999
9.589 12.645999999999999
8.136000000000001 12.64
7.941000000000001 12.586
8.936 12.61
10.107 12.658999999999999
8.251999999999999 12.61
9.424000000000001 12.689
8.325000000000001 12.61
8.02 12.597999999999999
10.651 12.634
8.508000000000001 12.635
9.57 12.646
7.916 12.616
8.148 12.61
8.973 12.604000000000001
10.059 12.658999999999999
8.056 12.61
9.454 12.689
7.916 12.586
8.429 12.61
10.626 12.695
8.264000000000001 12.597999999999999
9.418 12.671
8.136000000000001 12.64
7.928 12.598
11.065 12.659
7.849 12.622
9.052 12.61
8.295 12.653
8.038 12.573
10.01 12.634
8.826 12.671
7.813000000000001 12.604000000000001
9.515 12.695
7.819000000000001 12.604000000000001
8.172 12.598
10.87 12.695
8.106 12.597999999999999
9.339 12.634
8.087 12.628
7.849 12.586
11.084 12.671
7.8309999999999995 12.61
8.087 12.604000000000001
9.381 12.695
8.099 12.592
10.169 12.659
8.991 12.646
7.805999999999999 12.592
9.57 12.658999999999999
7.855 12.616
9.186 12.597999999999999
9.784 12.695
8.002 12.61
8.972 12.61
8.563 12.683
7.855 12.597999999999999
11.188 12.683
7.91 12.61
8.063 12.592
9.271 12.671
8.068999999999999 12.604000000000001
10.003 12.634
8.972 12.622
7.861 12.61
9.449 12.634
7.91 12.658999999999999
9.564 12.622
9.449 12.634
8.185 12.622
7.843 12.604000000000001
9.711 12.695
8.521 12.658999999999999
9.937 12.658999999999999
8.795 12.622
8.081 12.592
9.277 12.61
8.173 12.597999999999999
10.096 12.683
8.991 12.622
7.8919999999999995 12.61
8.832 12.592
8.636 12.659
10.205 12.647
8.759 12.609
8.27 12.604000000000001
7.941 12.61
9.54 12.64
9.265 12.622
8.917 12.658999999999999
8.698 12.61
8.124 12.586
9.338 12.646
8.283 12.64
10.01 12.671
8.936 12.61
7.8919999999999995 12.61
8.105 12.598
9.357 12.683
10.315 12.658999999999999
7.904 12.61
8.892999999999999 12.616
7.880000000000001 12.586
9.564 12.64
9.888 12.658999999999999
8.386 12.634
8.765 12.61
8.166 12.604000000000001
9.21 12.598
9.772 12.683
8.764 12.647
8.862 12.604000000000001
7.983999999999999 12.622
8.093 12.616
9.473 12.671
10.266 12.683
7.952000000000001 12.61
8.978 12.604000000000001
7.952999999999999 12.61
9.552 12.646
