10.469072999999995 79.58529999999996
10.446174999999982 79.63780000000007
10.502489999999993 79.62179999999992
10.588190000000004 79.73110000000004
10.638435999999993 79.6331
10.584534000000003 79.63340000000011
10.532885999999998 79.58970000000005
10.538545 79.62070000000001
10.550896999999997 79.55989999999996
10.610571999999994 79.65630000000003
10.581814999999995 79.58810000000001
10.543973999999995 79.62210000000002
10.50827799999999 79.58509999999995
10.52645399999999 79.62509999999997
10.578727999999995 79.61049999999997
10.617302999999998 79.74720000000005
10.668868000000007 79.65899999999996
10.658405000000007 79.68380000000013
10.627716000000008 79.66580000000008
10.580241 79.70380000000011
10.637289999999997 79.6556
10.729673000000002 79.71350000000004
10.624749999999986 79.6417
10.631534999999987 79.7326
10.531860999999994 79.68560000000005
10.55600999999999 79.69210000000008
10.573648999999994 79.67380000000006
10.569309999999998 79.78249999999998
10.55963799999999 79.65070000000006
10.442819999999994 79.50840000000004
10.606489999999999 79.6661
10.652340000000008 79.72379999999998
10.717003000000012 79.66380000000002
10.766421000000005 79.70650000000006
10.793809000000007 79.62469999999996
10.765696000000002 79.61240000000005
10.667376999999997 79.61769999999994
10.642379999999994 79.6464000000001
10.618927000000006 79.61299999999997
10.689180000000006 79.67980000000003
10.712510000000004 79.68040000000002
10.609037999999998 79.72430000000003
10.587522 79.65989999999998
10.660778 79.70000000000012
10.698346000000006 79.65849999999993
10.741680000000004 79.73990000000005
10.726410000000007 79.64369999999992
10.65762 79.68880000000014
10.702969999999995 79.68439999999988
10.661959000000005 79.70840000000005
10.575833999999999 79.67939999999997
10.65622 79.84250000000003
10.674923000000003 79.70419999999993
10.599286999999995 79.71770000000006
10.541631999999995 79.68650000000004
10.565651999999995 79.72290000000011
10.593345 79.71159999999998
10.691851000000002 79.76460000000006
10.618541000000002 79.71450000000003
10.526617999999994 79.71860000000007
10.48201399999999 79.69110000000003
10.519632999999994 79.72940000000006
10.56943199999999 79.67730000000005
10.679053000000003 79.74239999999993
10.592622000000004 79.72019999999995
10.490364000000001 79.72139999999996
10.51715 79.70520000000002
10.577139999999995 79.73209999999997
10.54331999999999 79.704
10.494761999999994 79.7654
10.510188999999988 79.67300000000006
10.537978999999996 79.72499999999994
10.448214000000002 79.70299999999997
10.588054999999997 79.74080000000004
10.610799999999994 79.69379999999995
10.627107999999993 79.83090000000003
10.585480999999998 79.69489999999998
10.597999999999988 79.71879999999994
10.65516999999999 80.04080000000006
10.642018999999994 80.00080000000001
10.504154999999994 79.72830000000003
10.56999699999999 79.82329999999995
10.590421 79.70230000000004
10.454116999999993 79.71249999999999
10.375944999999984 79.69039999999998
10.558188999999981 79.73490000000002
10.677956999999989 79.74059999999997
10.616247000000003 79.81589999999997
10.421837999999987 79.72099999999999
10.361052999999986 79.74489999999993
10.374100999999989 79.73469999999998
10.344512999999997 79.7825
10.482821 79.81380000000001
10.401955999999982 79.86270000000005
10.419591999999987 79.77749999999997
10.39001799999999 79.7566
10.446551999999992 79.76990000000002
10.482183 79.83340000000001
10.50598599999999 79.75569999999999
10.762709000000008 79.88539999999989
10.800657999999999 79.76680000000006
10.764913000000007 79.77509999999997
10.674529999999999 79.6864
10.57497799999999 79.76920000000004
10.527973 79.73080000000003
10.465185999999992 79.80870000000002
10.433835999999985 79.73360000000007
10.46924099999998 79.78799999999995
10.563545 79.75389999999993
10.536891999999984 79.77200000000005
10.549649 79.74770000000007
10.618797 79.80230000000003
10.616171999999994 79.76140000000002
10.569822999999987 79.7794
10.555073999999996 79.60289999999998
10.562409999999991 79.79690000000004
10.525204999999982 79.94500000000005
10.540339999999993 79.86860000000004
10.574553999999988 79.7637
10.434302999999998 79.79400000000003
10.409711999999988 79.75219999999995
10.501612999999981 79.77070000000003
10.553957 79.75309999999996
10.701716000000006 79.90610000000001
10.616373999999997 79.78190000000002
10.472374999999996 79.79880000000003
10.473081000000002 79.76580000000001
10.457605999999998 79.80130000000003
10.435214999999983 79.7679
10.555465999999987 79.8488
10.639507 79.74719999999998
10.60113 79.74220000000003
10.486154999999991 79.7477
10.521134999999989 79.78480000000002
10.480184999999993 79.77840000000008
10.636230999999995 79.8465
10.79846300000002 79.79669999999999
10.702143000000007 79.78280000000004
10.581373000000005 79.73719999999999
10.548124999999988 79.75340000000006
10.501274999999993 79.74109999999996
11.210650999999983 80.86612100000009
10.589091999999994 80.46019999999999
10.428238999999989 79.77130000000005
10.450845999999993 79.7379
10.549803999999996 79.9132
11.038026000000002 80.43123000000006
11.20611300000001 80.32279999999996
10.682354 80.12910000000005
10.586838999999989 79.95890000000006
10.556299999999991 79.93959999999998
10.544890999999987 79.94830000000007
10.545789999999986 79.91869999999997
10.544610999999986 80.03490000000004
10.565808 79.91049999999996
10.537486000000001 79.96810000000004
10.489159999999996 79.92579999999998
10.578729999999988 79.92900000000003
10.654720000000003 79.92070000000001
10.701080000000001 79.99259999999995
10.67838 80.02059999999997
10.66462 80.09370000000013
10.651410000000002 79.84309999999995
10.664799999999998 79.97610000000005
10.644460000000008 79.92890000000004
10.752229999999994 79.97110000000009
10.732429999999994 79.90689999999996
10.944519999999995 80.21560000000004
10.514829999999986 80.13770000000001
10.514149999999974 79.9896
10.556899999999988 79.977
10.609659999999993 80.05599999999993
10.576489999999989 79.97729999999999
10.618779999999994 80.01850000000007
10.589569999999995 79.96899999999994
10.583429999999993 79.98240000000006
10.584179999999998 79.98040000000005
10.60529999999999 80.02759999999999
10.583319999999995 79.92370000000005
10.50628 79.96029999999999
10.471980000000002 79.92790000000002
10.67609999999999 80.14370000000002
10.659099999999995 80.12320000000005
10.608070000000007 80.06879999999997
10.587839999999991 79.96579999999997
10.525919999999992 79.9946
10.53145999999998 80.01880000000003
10.54755999999999 80.07240000000003
10.528129999999988 80.10530000000003
10.62517 80.14860000000007
10.674170000000002 80.04269999999998
10.603659999999998 79.90570000000007
10.551810000000003 80.1067
10.543259999999988 80.09420000000004
10.600859999999987 80.08050000000001
10.70995999999999 80.14699999999996
10.714399999999998 80.05249999999997
10.675750000000013 80.05830000000003
10.680919999999984 80.10619999999997
10.744419999999996 80.06899999999997
10.673509999999986 80.03279999999997
10.719820000000006 80.10000000000001
10.768569999999997 80.0239
10.769530000000012 80.07349999999994
10.712500000000013 80.03359999999996
10.735549999999996 80.06009999999999
10.78118999999999 80.03319999999998
11.361920000000001 80.36433999999997
10.697319999999994 80.09739999999998
10.631859999999987 80.07780000000005
10.562689999999995 80.06849999999996
10.584839999999987 80.08849999999998
10.557299999999978 80.03540000000004
10.624719999999984 80.06779999999996
10.700010000000008 80.02129999999997
10.644640000000004 80.04299999999999
10.598559999999987 80.00179999999997
10.732620000000004 80.11250000000007
10.800070000000002 80.07339999999998
10.844750000000005 80.19610000000003
10.788640000000004 80.06200000000003
10.70123000000001 80.07420000000002
10.643610000000002 80.05159999999995
10.945689999999997 80.24536099999996
10.572949999999997 80.18200000000004
10.62930999999999 80.08550000000007
10.679459999999999 80.01220000000004
10.64855 80.01539999999999
11.134539999999996 80.675089
26.066288999999994 96.540453
23.33206499999999 95.69976099999998
12.103089999999987 83.23729999999995
11.34303000000001 81.9563
10.702400000000004 80.40159999999997
19.210848 85.23865460000006
12.233269999999996 83.24080000000008
12.511069999999993 83.77863600000005
12.531639999999989 81.71013000000002
12.19151000000001 82.60650000000004
11.036979999999998 81.83480000000002
10.583999999999996 80.19599999999996
10.578169999999995 80.24310000000004
10.621779999999994 80.19560000000007
10.67310999999998 80.32489999999997
10.781010000000009 80.3679
10.596040000000002 80.32529999999993
10.50210999999999 80.14179999999995
10.57235999999999 80.2080000000001
10.54174999999999 80.17979999999993
10.530219999999995 80.1837
10.507659999999992 80.16900000000003
10.495189999999996 80.1494
10.477739999999995 80.12409999999997
10.882479999999989 80.4892
10.576129999999976 80.34389999999996
10.592649999999988 80.19099999999996
12.32824 81.72492099999998
10.739350000000002 81.04670000000004
10.624970000000001 80.17809999999994
10.597459999999991 80.23860000000008
10.545979999999997 80.21100000000001
10.548849999999991 80.2366
10.548549999999997 80.17800000000003
10.512049999999986 80.00800000000004
10.474379999999984 80.15420000000006
10.514089999999989 80.17740000000003
10.627050000000002 80.14860000000002
10.643320000000013 80.13579999999989
10.562569999999996 79.99480000000003
10.67280999999999 80.14299999999997
10.636459999999994 80.4249
10.609589999999992 80.14220000000006
10.580629999999998 80.06600000000002
10.5815 80.1589
10.564379999999982 80.11910000000002
17.171485999999998 86.76532199999997
12.009659999999997 82.41523499999994
11.319359999999985 82.47699999999996
10.715059999999992 80.08200000000004
10.75942000000001 80.29940000000002
10.708819999999996 80.00670000000008
10.658170000000002 80.01319999999996
10.62353000000001 79.9932
10.669540000000007 79.8773
10.71677 79.98870000000008
10.76360000000001 80.12820000000009
10.692490000000017 79.95830000000007
10.652000000000005 79.9289
