21.8 11.16
19.82 11.16
19.24 11.17
18.07 11.129999999999999
18.41 11.15
21.97 11.16
20.51 11.17
18.07 11.15
17.87 11.129999999999999
19.21 11.12
20.87 11.18
19.650000000000002 11.16
17.68 11.16
17.72 11.129999999999999
19.85 11.129999999999999
20.36 11.15
19.139999999999997 11.15
17.43 11.110000000000001
17.46 11.12
20.0 11.12
19.97 11.15
19.02 11.129999999999999
17.549999999999997 11.110000000000001
17.7 11.1
21.0 11.12
18.65 11.16
20.46 11.16
17.990000000000002 11.12
17.7 11.12
21.14 11.12
19.8 11.15
18.65 11.129999999999999
18.12 11.110000000000001
17.87 11.110000000000001
21.02 11.15
20.29 11.15
18.14 11.15
17.599999999999998 11.12
17.599999999999998 11.129999999999999
21.07 11.15
20.41 11.17
17.990000000000002 11.12
17.7 11.12
17.94 11.129999999999999
21.46 11.15
20.65 11.15
17.65 11.129999999999999
17.630000000000003 11.12
18.02 11.110000000000001
21.529999999999998 11.129999999999999
19.97 11.15
17.77 11.12
17.599999999999998 11.129999999999999
18.87 11.110000000000001
20.849999999999998 11.16
19.97 11.129999999999999
17.77 11.12
17.97 11.12
19.97 11.15
20.36 11.15
19.6 11.129999999999999
17.8 11.12
17.7 11.110000000000001
19.73 11.12
21.07 11.17
19.31 11.15
17.65 11.15
17.82 11.12
20.78 11.129999999999999
20.02 11.15
19.02 11.15
17.87 11.12
17.72 11.12
20.61 11.129999999999999
20.29 11.16
19.040000000000003 11.129999999999999
17.599999999999998 11.12
17.8 11.1
21.12 11.12
20.14 11.17
18.63 11.129999999999999
17.97 11.12
17.630000000000003 11.129999999999999
21.04 11.12
20.119999999999997 11.15
18.48 11.129999999999999
17.53 11.110000000000001
17.8 11.110000000000001
21.07 11.129999999999999
20.53 11.15
18.04 11.129999999999999
17.8 11.110000000000001
17.630000000000003 11.110000000000001
21.26 11.12
20.97 11.129999999999999
18.77 11.12
18.65 11.129999999999999
18.33 11.110000000000001
23.56 11.129999999999999
20.97 11.16
17.77 11.12
17.82 11.12
17.630000000000003 11.129999999999999
21.78 11.15
20.34 11.17
17.849999999999998 11.129999999999999
17.77 11.129999999999999
17.97 11.12
22.24 11.18
20.09 11.17
17.599999999999998 11.15
17.919999999999998 11.12
17.7 11.12
23.54 11.18
18.95 11.17
17.87 11.129999999999999
17.7 11.129999999999999
19.040000000000003 11.12
23.02 11.18
18.16 11.129999999999999
17.68 11.12
17.990000000000002 11.12
20.75 11.15
21.48 11.17
17.65 11.15
18.04 11.129999999999999
18.02 11.129999999999999
22.36 11.15
19.97 11.16
17.94 11.15
17.82 11.15
18.16 11.12
23.27 11.17
19.31 11.15
17.87 11.12
18.529999999999998 11.129999999999999
19.7 11.16
23.07 11.21
19.38 11.18
18.310000000000002 11.15
17.94 11.15
21.51 11.16
21.240000000000002 11.18
19.07 11.15
18.29 11.16
18.41 11.129999999999999
22.39 11.16
20.560000000000002 11.16
18.55 11.15
18.240000000000002 11.12
17.919999999999998 11.129999999999999
23.71 11.15
18.63 11.129999999999999
18.09 11.12
17.72 11.12
20.61 11.110000000000001
21.310000000000002 11.18
18.75 11.16
18.12 11.15
18.26 11.16
23.0 11.17
20.61 11.17
18.33 11.16
18.509999999999998 11.129999999999999
18.459999999999997 11.15
23.32 11.18
19.650000000000002 11.16
18.360000000000003 11.12
18.14 11.129999999999999
21.63 11.129999999999999
22.34 11.219999999999999
18.360000000000003 11.17
18.360000000000003 11.15
18.459999999999997 11.129999999999999
23.56 11.17
19.650000000000002 11.17
18.26 11.129999999999999
18.459999999999997 11.15
20.07 11.16
22.85 11.16
17.97 11.15
18.240000000000002 11.12
17.94 11.129999999999999
23.29 11.17
19.869999999999997 11.21
18.26 11.15
17.94 11.16
20.169999999999998 11.129999999999999
23.05 11.19
18.41 11.15
17.919999999999998 11.129999999999999
18.38 11.129999999999999
23.0 11.17
20.02 11.16
17.97 11.15
18.29 11.129999999999999
20.0 11.129999999999999
21.22 11.16
19.41 11.15
18.16 11.15
17.87 11.129999999999999
23.95 11.15
23.1 11.21
17.549999999999997 11.15
18.29 11.110000000000001
19.85 11.110000000000001
22.509999999999998 11.16
18.07 11.110000000000001
18.33 11.110000000000001
17.580000000000002 11.1
23.46 11.129999999999999
19.21 11.15
18.29 11.110000000000001
17.75 11.1
20.53 11.12
22.27 11.129999999999999
18.29 11.110000000000001
17.580000000000002 11.110000000000001
18.240000000000002 11.110000000000001
22.830000000000002 11.129999999999999
20.73 11.17
17.990000000000002 11.12
18.75 11.12
19.09 11.129999999999999
24.44 11.17
18.459999999999997 11.12
18.63 11.110000000000001
17.919999999999998 11.12
23.02 11.129999999999999
20.24 11.15
18.55 11.129999999999999
17.82 11.110000000000001
18.68 11.110000000000001
23.44 11.16
19.07 11.129999999999999
17.72 11.1
18.310000000000002 11.1
21.22 11.12
21.58 11.15
17.65 11.110000000000001
18.360000000000003 11.12
17.72 11.1
23.630000000000003 11.15
19.24 11.129999999999999
18.33 11.1
17.630000000000003 11.1
19.73 11.12
22.41 11.16
18.240000000000002 11.12
17.26 11.12
17.849999999999998 11.1
21.310000000000002 11.129999999999999
20.36 11.15
17.16 11.110000000000001
17.68 11.110000000000001
17.19 11.12
22.88 11.129999999999999
18.529999999999998 11.12
17.53 11.12
17.11 11.110000000000001
19.21 11.110000000000001
22.34 11.16
17.919999999999998 11.15
17.16 11.110000000000001
17.68 11.12
20.830000000000002 11.12
20.78 11.17
17.09 11.110000000000001
17.580000000000002 11.110000000000001
17.02 11.1
22.29 11.12
19.07 11.129999999999999
17.72 11.110000000000001
17.14 11.08
17.68 11.1
22.61 11.129999999999999
18.970000000000002 11.12
17.19 11.1
17.7 11.110000000000001
18.26 11.08
22.68 11.16
17.82 11.129999999999999
17.75 11.12
17.21 11.1
20.24 11.110000000000001
21.529999999999998 11.129999999999999
17.72 11.12
17.36 11.110000000000001
