36.394999999999996 35.894
35.138999999999996 35.876
35.394000000000005 35.863
34.419 35.9
27.904 35.85699999999999
43.270999999999994 62.598
32.75599999999999 44.73199999999999
63.88999999999998 89.312
37.435 53.72300000000001
35.433 49.236000000000004
28.434999999999995 40.313
28.832 40.283
37.661 53.650999999999996
25.092000000000002 35.755
28.579 40.228
29.372 40.191
28.839999999999993 40.269
29.68 40.233999999999995
41.368 58.189
35.242999999999995 49.14900000000001
29.787000000000003 40.18299999999999
40.759 53.54300000000002
34.231 44.65100000000001
25.755999999999997 35.709999999999994
35.929 49.107
50.584 66.98899999999999
46.965 62.28999999999999
41.229 53.42300000000001
44.217 57.842000000000006
44.534 62.273
28.438999999999997 40.027
29.081000000000003 40.125
42.26200000000001 57.738
30.118000000000002 40.003
34.936 48.98700000000001
49.483 66.76499999999999
38.172999999999995 53.612
32.626 49.237
30.479999999999997 44.592999999999996
26.611 40.088
32.720000000000006 48.943999999999996
26.779999999999998 40.014
35.963 53.29400000000001
29.063 44.426
24.848 39.983000000000004
25.235000000000003 39.964000000000006
29.497 48.82100000000001
21.032999999999998 35.571
23.818 40.082
21.921 40.113
24.730999999999998 44.72
24.495 44.757000000000005
22.742999999999995 35.889
23.880000000000003 35.980000000000004
30.451999999999995 44.976000000000006
27.229999999999997 45.043000000000006
25.086 44.976000000000006
18.649 35.955999999999996
17.381 35.906000000000006
16.892000000000003 35.863
15.951 35.839999999999996
14.551 35.797
13.456999999999999 35.753
13.053999999999998 35.791
12.947000000000001 35.76
12.454 35.76
12.045000000000002 35.778
12.011 35.772
11.537999999999998 35.772
11.338999999999999 35.736000000000004
11.306999999999999 35.717
10.780000000000001 35.723000000000006
10.296000000000001 35.736
10.725999999999999 35.778999999999996
10.282 35.65
10.261999999999999 35.6
9.6021 35.553000000000004
9.16 35.535000000000004
8.944099999999999 35.541
9.592 35.559000000000005
8.979300000000002 35.547000000000004
9.063100000000002 35.528999999999996
8.9315 35.535
8.4299 35.534
8.494800000000001 35.566
8.434 35.553000000000004
8.271999999999998 35.54600000000001
8.151900000000001 35.547000000000004
8.1957 35.54
8.279499999999999 35.558
9.2168 35.582
9.165099999999999 35.57599999999999
9.882 35.577
9.4141 35.547000000000004
8.145299999999999 35.535
7.672 35.486
7.6251 35.497
7.612299999999999 35.510000000000005
7.3622000000000005 35.474
7.3866000000000005 35.49100000000001
7.2353000000000005 35.51
7.3353 35.498000000000005
10.198 35.587999999999994
10.811 35.522000000000006
8.1935 35.504000000000005
10.199000000000002 35.56400000000001
10.883000000000001 35.583999999999996
10.595 35.571000000000005
10.54 35.663
10.306999999999999 35.583000000000006
10.247 35.49100000000001
10.424 35.528000000000006
10.028 35.529
10.315000000000001 35.522
10.134 35.559000000000005
10.121 35.571000000000005
10.190999999999999 35.595
9.873000000000003 35.613
11.421000000000001 35.667
12.281999999999998 35.696999999999996
12.227 35.704
12.984000000000002 35.754
13.276 35.797000000000004
13.127999999999998 35.772999999999996
12.933999999999997 35.748000000000005
12.862000000000002 35.723
12.834999999999999 35.711000000000006
13.244 35.742000000000004
13.230999999999998 35.729
13.008999999999999 35.748999999999995
13.125 35.737
13.528 35.78
13.627999999999998 35.791000000000004
14.059000000000003 35.827999999999996
13.754 35.821999999999996
14.191999999999998 35.839999999999996
13.95 35.809999999999995
14.615 35.835
14.552999999999999 35.894999999999996
15.057 35.912
15.097000000000001 35.943000000000005
15.095 35.943999999999996
15.572999999999999 35.925000000000004
16.003 35.912
16.216 35.968
17.086000000000002 35.992000000000004
17.483 35.937000000000005
17.511 35.888999999999996
18.346999999999998 35.864999999999995
18.058999999999997 35.821999999999996
18.992 35.815999999999995
19.108999999999998 35.778999999999996
19.537 35.766999999999996
19.305999999999997 35.644999999999996
19.406000000000002 35.658
20.374 35.78
20.444000000000003 35.772999999999996
21.837999999999997 35.809999999999995
22.195 35.833999999999996
32.312999999999995 49.25400000000001
29.572000000000003 44.775
33.383 49.31
38.466 53.839999999999996
43.684 58.38000000000001
36.394999999999996 44.934000000000005
36.621 44.928000000000004
59.931999999999995 67.52900000000001
41.083000000000006 44.995000000000005
33.435 35.992000000000004
34.808 35.998000000000005
55.379 54.17399999999999
44.629 40.599999999999994
40.599999999999994 36.077999999999996
40.282000000000004 36.07299999999999
41.55399999999999 36.071999999999996
43.71300000000001 36.150999999999996
43.31700000000001 36.152
44.532 36.17700000000001
41.29 36.182
38.977000000000004 36.237
37.951 36.199000000000005
41.149 35.949
41.272 35.852
43.065 35.839999999999996
42.925 35.840999999999994
43.720000000000006 35.817
44.74 35.817
45.203 35.803999999999995
46.162 35.797000000000004
47.911 35.803000000000004
49.572 35.778999999999996
45.867999999999995 35.766999999999996
46.202000000000005 35.778
46.386 35.748000000000005
48.919999999999995 35.766
47.528000000000006 35.784000000000006
47.88100000000001 35.772000000000006
48.328 35.778000000000006
48.815999999999995 35.797000000000004
49.938 35.804
51.94599999999999 35.827999999999996
49.549 35.798
46.882000000000005 35.791000000000004
47.608000000000004 35.779
46.972 35.772000000000006
47.29 35.785000000000004
46.478 35.761
45.275999999999996 35.754
46.893 35.772999999999996
47.24699999999999 35.766000000000005
46.178 35.730000000000004
44.677 35.717999999999996
46.508 35.699999999999996
45.568999999999996 35.705999999999996
46.037 35.699999999999996
44.202000000000005 35.687999999999995
43.535999999999994 35.766999999999996
45.086000000000006 35.772999999999996
47.021 35.925000000000004
46.691 35.931000000000004
46.711000000000006 35.974
46.943 35.980000000000004
46.434999999999995 35.967000000000006
48.504 35.991
49.291 35.991
50.12799999999999 35.991
49.309999999999995 35.961
41.979 31.523999999999997
47.607 35.961999999999996
47.954 35.980000000000004
48.571 35.992000000000004
48.034 35.980000000000004
48.431000000000004 35.968
48.61600000000001 35.967000000000006
48.81099999999999 35.919000000000004
47.382000000000005 35.944
50.188 35.986000000000004
50.597 36.004999999999995
51.67299999999999 35.993
51.434000000000005 35.993
52.002 35.992999999999995
52.416999999999994 36.03
51.556000000000004 36.028999999999996
51.483000000000004 36.035000000000004
53.839999999999996 36.028999999999996
54.028 36.022999999999996
53.849000000000004 36.022999999999996
52.44799999999999 36.035000000000004
55.067 36.071999999999996
58.143 36.09
57.642 36.096000000000004
57.178 36.077999999999996
55.772999999999996 36.071999999999996
54.516999999999996 36.042
56.04899999999999 36.054
56.579 36.028999999999996
55.492 35.974999999999994
55.92699999999999 35.963
56.397 35.932
58.227 35.926
56.348000000000006 35.938
57.08 35.901
56.799 35.852000000000004
55.754999999999995 35.857
51.258 35.845
50.303999999999995 35.803
51.07999999999999 35.78399999999999
49.579 35.766
50.092000000000006 35.797
48.522999999999996 35.772000000000006
47.613 35.766
48.492999999999995 35.772999999999996
45.885999999999996 35.729
45.96 35.736000000000004
45.727999999999994 35.755
44.336000000000006 35.742
40.502 35.73
39.807 35.705999999999996
35.23 31.262999999999998
34.239999999999995 31.262
38.757 35.754000000000005
37.63999999999999 35.845000000000006
37.788000000000004 35.821000000000005
38.07500000000001 35.826
36.474 35.900999999999996
36.406 36.028000000000006
35.979000000000006 36.046
42.389 44.989000000000004
