6.97 5.981
7.959 5.963
7.117 5.988
8.423 6.0
7.19 6.018
8.667 5.981
7.335999999999999 6.0
8.044 5.994
7.2139999999999995 5.975
8.312999999999999 5.969
7.166 6.012
7.9350000000000005 5.994
7.178 5.969
7.91 5.994
7.056 5.963
8.251999999999999 6.03
7.263 6.055
8.362 6.0
6.946 5.981
7.849 5.994
6.958 5.975
8.398 6.012
7.056 6.042
7.91 6.0
7.0680000000000005 5.975
7.947 6.018
7.166 5.994
8.190999999999999 5.988
7.2139999999999995 6.055
8.581999999999999 6.012
7.0680000000000005 6.0
7.7509999999999994 6.018
7.19 5.969
8.35 5.981
7.19 6.036
7.947 6.024
7.043000000000001 5.994
7.959 5.975
7.324 6.018
8.508000000000001 5.975
7.227 5.975
8.569 5.975
7.153 5.981
8.24 6.006
7.202 6.024
8.325000000000001 6.0
7.031 6.024
7.8740000000000006 5.994
7.031 5.994
7.9350000000000005 6.0
7.202 5.981
8.386000000000001 5.994
7.0680000000000005 5.988
8.508000000000001 5.988
7.0680000000000005 6.018
7.7509999999999994 5.994
6.97 5.975
8.251999999999999 5.969
7.031 6.0
7.9350000000000005 5.975
7.141 5.969
7.811999999999999 5.994
7.141 5.994
8.35 5.994
6.995 5.988
8.373999999999999 5.994
7.0680000000000005 5.963
7.7509999999999994 6.006
7.2139999999999995 6.018
8.068999999999999 5.981
7.031 5.994
7.9350000000000005 5.988
7.08 5.969
7.776 5.969
7.202 5.969
8.423 6.0
6.909 5.988
8.203000000000001 5.975
6.958 5.969
7.776 5.994
7.031 6.012
8.24 5.981
7.178 6.03
7.764 6.0
6.981999999999999 5.969
7.568 5.969
6.897 5.994
8.154 6.018
6.836 5.975
8.142000000000001 6.0
6.958 6.036
7.703 6.0
6.897 5.963
8.276 6.018
6.885 6.006
7.739 5.981
6.934 5.981
7.446 6.006
7.08 5.969
8.251999999999999 5.988
7.19 6.012
8.312999999999999 6.012
7.019 6.0
7.457999999999999 5.994
7.117 6.018
8.118 6.0
6.726 5.981
7.556 5.994
7.019 6.006
7.457999999999999 5.969
7.117 6.012
8.325000000000001 6.006
7.056 5.988
8.129999999999999 6.006
6.726 6.067
7.654 6.03
7.2139999999999995 5.963
7.922 6.018
7.043000000000001 6.006
7.605 6.012
7.043000000000001 6.049
7.544 5.981
7.471 6.055
8.154 6.049
7.227 6.024
8.337 6.036
7.007 6.024
7.605 5.994
7.239 5.988
8.093 6.018
6.958 6.042
7.788 6.012
7.117 6.042
7.6899999999999995 6.006
7.056 6.0
8.312999999999999 6.0
7.056 6.024
8.423 6.006
7.2139999999999995 6.036
7.703 6.049
7.2749999999999995 6.03
8.008 6.03
6.958 6.03
7.849 6.0
7.092 6.036
7.922 6.006
7.2139999999999995 5.975
8.289 6.024
7.104000000000001 6.049
8.362 6.049
7.153 5.988
7.764 5.969
7.117 5.994
8.057 5.994
7.031 6.03
7.861 5.988
7.007 5.963
8.63 6.061
7.593 6.024
7.922 5.988
7.739 6.012
7.715 6.024
7.886 6.0
7.092 6.03
7.654 6.024
7.776 6.006
7.483 6.042
7.446 6.036
7.703 6.03
7.19 6.006
7.811999999999999 6.024
7.7509999999999994 6.042
7.617 6.055
7.886 6.079
7.593 6.042
7.104000000000001 6.024
7.593 6.049
7.605 6.061
8.032 6.055
7.544 6.018
7.568 6.067
7.0680000000000005 6.0
7.617 6.012
7.811999999999999 6.018
7.715 6.006
7.811999999999999 6.055
7.629 6.012
7.239 6.018
7.739 6.055
7.642 6.024
7.6899999999999995 6.061
7.104000000000001 6.049
7.568 6.0
7.153 6.042
7.556 6.036
7.396999999999999 6.036
7.629 6.079
7.788 6.055
7.507 6.0
7.239 6.012
7.593 5.994
7.666 6.006
7.788 6.0
7.2139999999999995 6.0
7.947 6.012
7.495 6.049
8.057 6.018
7.9350000000000005 6.042
8.068999999999999 6.036
8.215 6.0
8.142000000000001 6.006
7.361 6.012
7.837 5.981
7.8 6.006
7.8 6.042
7.349 5.988
7.959 6.03
7.457999999999999 6.018
7.825 6.018
7.739 6.042
7.861 6.049
7.947 6.018
7.837 6.006
7.532 6.0
7.849 6.006
7.654 6.018
7.764 6.036
7.715 6.049
7.922 6.055
7.457999999999999 6.055
7.8740000000000006 6.055
7.556 6.024
7.971 6.055
7.959 6.055
7.788 6.061
7.335999999999999 6.024
7.654 6.036
7.617 6.012
7.703 6.036
7.239 6.006
7.788 6.036
7.178 6.024
7.739 5.994
7.593 6.036
7.715 6.0
7.764 5.994
7.678 6.012
7.0680000000000005 5.988
7.8740000000000006 5.988
7.703 6.03
7.861 6.0
7.324 5.994
7.7509999999999994 6.024
7.141 5.988
7.739 5.994
7.495 6.018
7.811999999999999 6.012
7.776 6.018
7.556 6.024
7.422 6.0
7.788 6.0
7.617 6.042
7.654 6.0
7.3 5.994
7.811999999999999 6.024
7.324 6.006
7.727 6.018
7.6899999999999995 6.036
8.24 6.018
8.459 6.11
7.349 6.012
7.91 5.981
7.544 6.024
8.472 6.067
7.19 6.012
7.996 6.0
7.0680000000000005 6.03
8.008 5.994
7.19 6.0
8.484 6.024
7.166 6.0
8.495999999999999 6.018
7.153 6.012
7.8740000000000006 5.988
7.19 6.128
8.312999999999999 6.042
7.117 6.0
7.947 5.994
