10.660969999999994 28.194589999999998
10.675049999999992 28.126950000000008
10.709700000000002 28.09332000000001
10.721430000000003 28.03721999999999
10.717340000000014 28.07412000000002
10.722380000000006 28.219630000000016
10.711040000000004 28.23752000000001
11.138319999999998 28.306015000000002
10.574029999999993 28.188420000000004
10.632 28.168750000000024
10.611430000000002 28.117120000000025
10.590989999999993 28.210759999999972
11.128579999999998 28.41497699999999
10.69103999999999 28.269520000000014
10.715780000000004 28.24125
10.665849999999995 28.244399999999985
10.557319999999992 28.214509999999994
10.582499999999996 28.248
10.56457999999999 28.22094
10.511639999999991 28.20644
10.464389999999986 28.170340000000017
10.393969999999996 28.17222999999999
10.410679999999989 28.124399999999984
10.417809999999989 28.157920000000015
10.398409999999982 28.141639999999978
10.501659999999996 28.21107999999999
10.61527 28.204020000000003
10.618390000000003 28.18126000000002
10.546979999999992 28.186439999999973
10.531749999999994 28.191670000000013
10.521139999999983 28.152389999999976
10.532419999999997 28.179650000000002
10.540439999999995 28.143710000000006
10.51812999999999 28.174229999999994
10.490959999999983 28.149099999999986
10.464829999999997 28.155410000000032
10.488009999999989 28.115820000000003
10.535129999999988 28.187879999999993
10.55747999999998 28.14681
10.533279999999994 28.12349
10.425049999999986 28.049900000000004
10.519379999999993 28.179729999999992
10.484049999999991 28.16144999999998
10.56447999999999 28.17134
10.553290000000004 28.11483
10.505349999999995 28.169600000000024
10.432739999999994 28.10031000000001
10.356679999999997 28.121060000000007
10.38945999999999 28.11174
10.533889999999996 28.142219999999984
10.553969999999996 28.10668999999998
10.583969999999999 28.132559999999973
10.48508999999999 28.118069999999985
10.506379999999984 28.13016
10.497619999999996 28.104779999999984
11.71418999999999 29.02131000000002
10.748969999999987 28.742860000000032
10.551189999999995 28.275350000000003
10.44475000000001 28.219280000000012
10.610869999999991 28.311030000000027
10.369349999999985 28.234029999999986
10.41248999999999 28.36051
10.408289999999997 28.304560000000002
10.39989999999998 28.304709999999993
10.35751999999999 28.261099999999995
10.348649999999985 28.285740000000015
10.347619999999981 28.27242000000001
10.516850000000005 28.286330000000003
10.800107999999996 28.37945900000001
10.571929999999998 28.39458999999999
10.436689999999993 28.296610000000015
10.45802999999999 28.33857000000001
10.39595999999998 28.307740000000003
10.434559999999982 28.33696
10.495939999999989 28.344719999999995
10.762359999999987 28.468689999999995
10.472300000000004 28.298509999999983
10.481129999999991 28.393599999999992
10.399469999999992 28.32516999999999
10.418069999999991 28.34511999999999
10.452999999999998 28.316729999999996
10.41800999999999 28.34583000000002
10.374550000000001 28.364690000000014
10.360989999999989 28.331440000000015
10.365440000000001 28.314
10.44656999999999 28.372540000000022
10.458470000000004 28.32625999999998
10.421639999999991 28.35757999999998
10.390609999999995 28.299509999999984
10.64658999999999 28.62121000000001
10.319779999999987 28.42477000000001
10.833240000000002 28.581160000000004
10.388149999999998 28.52628
10.9023 28.656200000000005
10.371849999999991 28.430080000000004
10.42607 28.465040000000013
10.397779999999996 28.442820000000037
10.506309999999992 28.50400999999999
10.52973999999999 28.442750000000004
10.464059999999991 28.45401
10.483589999999996 28.41976000000005
10.43922999999999 28.460740000000023
10.395929999999993 28.42129000000001
10.373249999999986 28.411530000000035
10.362889999999991 28.395260000000018
10.324659999999994 28.423539999999996
10.484959999999987 28.455450000000038
10.382139999999984 28.410020000000014
10.404379999999973 28.391820000000035
10.493089999999992 28.456069999999993
10.564919999999995 28.4689
10.59690999999999 28.483530000000005
10.488769999999988 28.418710000000015
10.704079999999994 28.442400000000006
10.639549999999982 28.395220000000016
10.541569999999984 28.419570000000014
10.467569999999993 28.36917000000002
10.444639999999994 28.403380000000016
10.413709999999995 28.44199000000002
10.359469999999993 28.405389999999997
10.341529999999977 28.3858
10.37555999999999 28.43518000000002
10.391429999999978 28.416910000000005
10.806059999999992 28.501250000000006
13.717351999999982 29.992735000000025
10.796989999999985 29.52938000000001
10.74566999999999 29.573720000000016
10.36863999999999 28.882210000000015
10.355929999999992 28.80364999999999
10.359499999999997 28.808160000000015
10.351659999999994 28.879830000000013
10.375239999999994 28.81234999999999
10.351239999999983 28.749680000000012
10.48220999999999 28.798810000000007
10.553980000000006 28.75487000000001
11.101950000000024 28.87748
10.930470000000012 28.756760000000003
11.113700000000016 28.99106
10.727340000000002 28.92633999999999
10.655019999999995 28.868800000000007
10.594109999999988 28.84960000000001
10.560600000000004 28.899269999999984
10.550129999999989 28.844979999999975
10.560589999999985 28.848060000000025
10.538759999999979 28.835459999999998
10.573259999999998 28.920679999999997
10.568159999999985 28.898920000000004
10.527910000000002 28.90788000000001
10.552189999999992 28.89362999999999
10.57773999999999 28.88179999999999
10.536559999999998 28.922490000000018
10.477059999999991 28.89275000000002
10.520859999999995 28.87038000000001
10.487539999999994 28.877489999999995
10.461499999999996 28.919080000000015
10.448129999999987 28.87732999999999
10.46424999999998 28.82384
10.58620999999998 28.857619999999983
10.671989999999996 28.869610000000023
10.617269999999976 28.887949999999986
10.633439999999993 28.813070000000025
10.63957999999999 28.827339999999996
10.578329999999998 28.818310000000004
10.686529999999989 28.87044999999999
10.972789999999993 28.98025000000001
10.59399 28.862079999999985
10.55285999999999 28.815910000000006
10.692599999999993 28.990020000000015
10.631609999999997 28.911850000000015
10.875810000000017 28.882120000000004
10.732729999999997 28.795500000000025
10.610820000000004 28.800350000000023
10.606059999999989 28.84193000000001
10.680429999999998 28.76966
10.49652999999999 28.734520000000018
10.488199999999988 28.84790000000002
11.210249999999995 28.990044000000008
10.679239999999998 28.777400000000004
10.595119999999989 28.791140000000006
10.582959999999995 28.847729999999995
10.578960000000002 28.759989999999995
10.52015 28.821169999999995
10.898955999999995 29.173876999999987
10.634060000000003 28.96509000000001
10.58399 28.762260000000012
10.536139999999994 28.805959999999985
10.51966 28.73840000000001
10.671019999999992 28.915604000000002
10.532759999999998 28.79626999999999
10.502499999999996 28.746660000000006
10.504799999999996 28.76740000000002
10.501199999999997 28.739959999999982
10.523819999999988 28.709010000000017
10.534899999999997 28.777319999999985
10.560859999999995 28.755990000000015
10.582659999999992 28.732859999999995
10.522179999999997 28.72382000000001
10.505869999999982 28.718670000000007
10.481189999999994 28.73836
10.59829999999998 28.83036800000002
10.46738 28.701910000000037
10.448999999999993 28.73832999999999
10.38312999999999 28.710010000000008
10.390899999999982 28.77522
10.410419999999991 28.67623000000003
10.532039999999986 28.74845000000002
10.673710000000005 28.729270000000035
10.686589999999995 28.769830000000013
10.697380000000004 28.704920000000016
10.676759999999991 28.745580000000004
10.65518 28.82637000000001
10.594839999999996 28.73676000000002
11.079355999999999 28.87500290000003
10.63077999999999 28.796340000000022
10.590639999999993 28.700660000000017
10.74702 28.86806600000001
10.538099999999993 28.768160000000016
10.56447999999999 28.76993000000002
10.642639999999993 28.748289999999994
10.652779999999998 28.755360000000017
10.586550000000008 28.71746
10.541680000000001 28.752140000000015
10.58838 28.74996999999999
10.624839999999995 28.72425999999999
10.58243999999999 28.714190000000002
10.770804999999998 28.872015000000022
10.506839999999988 28.75243000000002
10.44809999999999 28.775000000000027
10.490529999999994 28.680080000000018
10.573849999999986 28.72641000000002
10.697969999999993 28.71117000000002
10.678650000000003 28.74834
10.604989999999992 28.71014999999999
10.57416 28.739270000000026
10.586389999999996 28.71662000000002
10.605599999999994 28.728890000000025
10.572169999999998 28.711210000000005
10.534169999999992 28.71136000000003
10.513329999999995 28.70899999999999
10.486569999999984 28.712330000000026
10.446539999999988 28.719550000000005
10.53117999999999 28.742710000000017
10.578609999999998 28.768909999999988
10.50988999999999 28.740870000000022
10.501459999999991 28.694740000000003
10.553709999999992 28.712740000000032
10.473959999999993 28.715400000000006
10.461009999999993 28.71928000000001
10.429890000000004 28.716790000000053
10.425229999999994 28.710730000000023
10.459989999999994 28.697070000000007
10.579531 28.773120000000024
10.650019999999992 28.929079999999974
10.599298999999993 29.00869000000002
10.563979999999994 28.63024000000001
10.745909999999995 28.716611000000004
10.910050000000004 28.78480000000001
10.565309999999986 28.676160000000017
10.537499999999985 28.60081
10.55971999999999 28.628740000000004
10.607619999999999 28.58977
10.585579999999997 28.588450000000016
10.578579999999995 28.575779999999995
10.823289999999993 28.705979999999993
10.58314999999999 28.69154000000001
10.577139999999998 28.65020000000002
10.573499999999997 28.632779999999997
10.48912999999999 28.63314000000001
10.42330999999999 28.63030000000002
10.465679999999992 28.66897000000001
10.476649999999982 28.667290000000012
10.55232999999999 28.657440000000033
10.624459999999988 28.672610000000038
10.568069999999995 28.673420000000032
10.504339999999992 28.643620000000013
10.526340000000006 28.636249999999997
10.474509999999992 28.702320000000043
10.47626 28.652360000000023
10.489400000000003 28.649990000000024
16.465674370000013 32.662543000000014
11.283259999999993 30.93205000000001
10.598449999999996 29.045949999999998
10.857621000000005 29.155994000000003
10.622030000000002 29.05344
10.586390000000002 28.948460000000015
10.600439999999999 28.94206999999998
10.377139999999995 28.938950000000023
10.42811 28.883410000000005
