16.53 11.15
16.869999999999997 11.129999999999999
19.580000000000002 11.15
18.26 11.17
18.41 11.16
16.89 11.129999999999999
16.580000000000002 11.15
19.82 11.17
18.7 11.16
17.97 11.15
16.669999999999998 11.15
16.97 11.12
19.56 11.18
19.29 11.17
17.53 11.16
16.919999999999998 11.15
16.82 11.15
19.68 11.17
19.17 11.17
17.580000000000002 11.16
16.55 11.16
17.09 11.15
19.41 11.17
19.6 11.16
17.330000000000002 11.16
16.97 11.15
17.65 11.129999999999999
19.07 11.17
19.900000000000002 11.17
17.11 11.15
16.580000000000002 11.15
18.02 11.15
18.75 11.16
19.7 11.16
16.72 11.15
16.99 11.15
18.12 11.16
18.85 11.219999999999999
19.41 11.18
16.97 11.15
16.63 11.129999999999999
18.990000000000002 11.129999999999999
18.58 11.18
19.17 11.16
16.650000000000002 11.15
17.04 11.16
19.56 11.16
18.02 11.17
18.87 11.17
17.04 11.16
16.669999999999998 11.15
20.0 11.17
18.12 11.21
18.7 11.16
16.669999999999998 11.16
16.99 11.15
19.75 11.17
18.7 11.18
18.459999999999997 11.17
16.99 11.15
16.63 11.16
19.950000000000003 11.16
18.509999999999998 11.16
18.360000000000003 11.16
16.6 11.15
17.02 11.129999999999999
19.7 11.17
19.040000000000003 11.16
18.04 11.15
17.16 11.129999999999999
16.7 11.15
20.169999999999998 11.15
18.87 11.18
18.12 11.17
16.7 11.15
17.04 11.129999999999999
19.7 11.16
19.139999999999997 11.15
17.75 11.16
17.09 11.15
16.72 11.129999999999999
20.14 11.17
18.95 11.19
18.07 11.16
16.72 11.15
17.46 11.15
19.78 11.17
19.21 11.17
17.9 11.16
17.09 11.129999999999999
17.09 11.129999999999999
20.65 11.18
19.36 11.17
18.07 11.16
16.99 11.129999999999999
17.330000000000002 11.129999999999999
22.07 11.19
20.14 11.18
17.68 11.17
17.630000000000003 11.16
16.939999999999998 11.15
20.26 11.16
19.97 11.18
17.41 11.16
16.919999999999998 11.16
17.21 11.129999999999999
20.53 11.17
20.560000000000002 11.16
16.869999999999997 11.16
17.48 11.129999999999999
16.82 11.129999999999999
21.310000000000002 11.16
19.31 11.17
17.53 11.15
16.869999999999997 11.12
17.68 11.129999999999999
21.14 11.21
19.31 11.15
16.82 11.15
17.7 11.129999999999999
18.7 11.15
20.9 11.17
17.82 11.16
17.65 11.15
16.85 11.129999999999999
20.07 11.16
19.53 11.19
17.7 11.15
16.7 11.129999999999999
17.14 11.129999999999999
20.0 11.19
19.919999999999998 11.17
16.97 11.15
17.16 11.15
16.77 11.129999999999999
21.04 11.18
19.139999999999997 11.18
17.19 11.15
16.939999999999998 11.15
18.12 11.129999999999999
20.630000000000003 11.17
17.46 11.16
17.990000000000002 11.129999999999999
17.31 11.15
19.68 11.16
18.07 11.18
16.75 11.16
19.07 11.16
17.14 11.129999999999999
20.41 11.16
19.73 11.18
17.16 11.15
16.7 11.15
17.330000000000002 11.15
20.95 11.18
19.75 11.17
16.89 11.16
17.53 11.15
18.68 11.16
20.580000000000002 11.21
18.360000000000003 11.15
17.599999999999998 11.129999999999999
16.919999999999998 11.15
20.78 11.16
19.919999999999998 11.19
17.77 11.15
16.99 11.129999999999999
17.599999999999998 11.12
20.8 11.19
20.07 11.17
16.939999999999998 11.15
17.580000000000002 11.15
18.360000000000003 11.129999999999999
21.04 11.19
18.29 11.17
17.580000000000002 11.129999999999999
16.919999999999998 11.15
20.65 11.18
19.75 11.21
17.94 11.15
17.02 11.16
17.26 11.129999999999999
20.919999999999998 11.18
19.36 11.16
16.89 11.15
17.21 11.129999999999999
19.900000000000002 11.17
19.509999999999998 11.16
17.919999999999998 11.15
17.21 11.129999999999999
16.89 11.129999999999999
20.919999999999998 11.19
19.46 11.17
17.16 11.129999999999999
16.97 11.129999999999999
19.29 11.16
19.53 11.21
18.82 11.16
16.939999999999998 11.16
17.21 11.15
20.34 11.19
21.19 11.17
19.650000000000002 11.19
17.19 11.15
18.75 11.17
20.29 11.21
18.58 11.17
17.19 11.15
17.21 11.16
20.19 11.17
20.31 11.19
17.21 11.16
17.24 11.15
18.63 11.15
20.849999999999998 11.25
19.040000000000003 11.16
17.11 11.15
17.21 11.15
20.26 11.18
20.61 11.19
17.29 11.17
17.580000000000002 11.129999999999999
17.14 11.129999999999999
21.48 11.19
19.46 11.17
17.53 11.15
17.07 11.15
20.07 11.16
20.0 11.18
18.310000000000002 11.15
17.09 11.17
17.21 11.129999999999999
20.169999999999998 11.21
20.34 11.21
17.11 11.16
17.21 11.129999999999999
17.94 11.129999999999999
20.560000000000002 11.21
19.189999999999998 11.18
17.21 11.16
17.02 11.17
19.650000000000002 11.16
20.04 11.23
18.12 11.15
17.02 11.129999999999999
17.09 11.12
20.07 11.21
19.97 11.18
16.650000000000002 11.12
16.72 11.12
17.21 11.129999999999999
19.950000000000003 11.219999999999999
18.6 11.17
16.580000000000002 11.129999999999999
16.38 11.129999999999999
18.85 11.17
18.9 11.219999999999999
17.849999999999998 11.16
16.5 11.16
16.89 11.129999999999999
19.78 11.17
20.26 11.18
16.869999999999997 11.15
17.21 11.12
16.77 11.15
19.950000000000003 11.18
19.650000000000002 11.15
17.16 11.12
16.63 11.129999999999999
17.68 11.12
20.34 11.18
19.139999999999997 11.17
16.7 11.12
17.21 11.110000000000001
18.6 11.16
19.8 11.21
18.33 11.16
17.21 11.129999999999999
16.85 11.15
19.73 11.15
20.09 11.18
18.73 11.129999999999999
17.26 11.129999999999999
16.89 11.12
19.6 11.15
19.07 11.21
17.41 11.15
16.919999999999998 11.129999999999999
