11.231399999999999 30.6049
11.105500000000001 30.598900000000008
10.9726 30.606999999999996
10.8688 30.607
10.8061 30.603500000000004
10.504000000000001 30.613
10.9237 30.608999999999998
10.9947 30.6025
10.4255 30.603
10.513900000000001 30.610099999999996
10.7408 30.613100000000003
10.6258 30.612700000000004
10.6011 30.619200000000003
10.405000000000001 30.61170000000001
10.6978 30.613200000000006
10.4729 30.614699999999996
10.429399999999998 30.635199999999998
10.305499999999999 30.628299999999996
10.3681 30.62030000000001
10.2592 30.619300000000006
10.3411 30.6228
10.481200000000001 30.632899999999996
10.343 30.642900000000004
10.605 30.6434
10.7208 30.6489
10.792599999999998 30.6489
10.716800000000003 30.643500000000003
10.968100000000002 30.646000000000008
10.684600000000003 30.646600000000007
10.743600000000002 30.666600000000006
10.562199999999999 30.6721
10.8177 30.671099999999996
10.659000000000002 30.661700000000003
10.525699999999997 30.656700000000004
10.586199999999996 30.667200000000005
10.758899999999999 30.677200000000006
10.552700000000002 30.6813
10.383399999999998 30.685799999999997
10.456999999999999 30.682299999999994
10.453000000000001 30.680400000000006
10.4701 30.6724
10.271999999999998 30.674399999999995
10.27 30.676399999999997
10.1242 30.67750000000001
10.090700000000002 30.6839
10.188099999999999 30.682000000000002
10.323000000000002 30.693000000000005
10.3045 30.685999999999996
9.992800000000003 30.690000000000005
9.943699999999998 30.688000000000002
9.886100000000003 30.690000000000005
10.049199999999999 30.698000000000004
10.138800000000002 30.697000000000003
9.695 30.696
9.6029 30.70100000000001
9.621900000000002 30.703000000000007
9.5455 30.706
9.3836 30.704000000000004
9.507999999999997 30.705
9.4914 30.719
9.4554 30.714000000000002
9.3697 30.71100000000001
9.2851 30.710000000000008
9.251299999999999 30.722000000000005
9.087000000000002 30.71700000000001
9.2074 30.712000000000007
9.2552 30.728000000000005
9.208600000000002 30.741000000000003
9.277700000000001 30.743000000000002
9.187899999999999 30.744
9.258099999999999 30.758999999999997
9.1224 30.769999999999996
8.968100000000003 30.769000000000002
9.158599999999998 30.779999999999998
9.0351 30.763000000000005
9.1402 30.777000000000005
9.119100000000003 30.774
9.112399999999997 30.779
9.077299999999997 30.791
9.2364 30.794000000000004
9.072500000000002 30.792
9.195000000000002 30.799000000000003
9.2654 30.802000000000007
9.162600000000001 30.815000000000005
9.0451 30.816000000000006
9.2199 30.825000000000003
9.107800000000001 30.835000000000008
9.041599999999999 30.843000000000004
9.516100000000002 30.845
9.3772 30.838000000000005
9.236699999999999 30.843999999999994
9.224599999999999 30.859
9.063499999999998 30.868999999999996
9.131000000000002 30.870000000000005
9.325899999999997 30.879
9.4068 30.888000000000005
9.6038 30.882000000000005
9.427999999999999 30.895000000000007
9.3826 30.895
9.4702 30.906
9.5315 30.913999999999998
9.491199999999997 30.923999999999996
9.460399999999998 30.93799999999999
9.781199999999998 30.933
9.9391 30.940999999999995
10.153199999999998 30.951999999999995
9.968699999999998 30.944
9.7638 30.955999999999996
9.726199999999997 30.962999999999997
9.701600000000001 30.981
9.682599999999999 30.976
9.7694 30.984
9.960299999999998 30.990999999999996
9.9098 30.996999999999996
9.859600000000002 31.012999999999995
9.9377 31.016000000000005
9.880400000000002 31.025999999999996
9.8857 31.016
9.8574 31.010000000000005
10.017400000000002 31.031000000000002
10.151800000000003 31.02600000000001
10.343100000000002 31.027000000000005
10.374100000000002 31.032000000000004
10.218399999999999 31.042
10.312999999999999 31.032
10.362400000000001 31.039999999999996
10.634500000000001 31.04800000000001
10.5794 31.049
10.3953 31.048999999999992
10.212799999999998 31.065000000000005
10.306 31.062000000000005
10.3759 31.064000000000004
10.3329 31.064999999999998
10.4236 31.061
10.3824 31.072
10.2818 31.085
10.472999999999999 31.086
10.3604 31.096
10.3575 31.099
10.448100000000002 31.112000000000002
10.794500000000001 31.121999999999993
10.755200000000002 31.128
10.7248 31.142000000000003
10.5756 31.147999999999996
11.178499999999998 31.154000000000003
11.231399999999999 31.161000000000005
11.226400000000002 31.169999999999998
11.047299999999998 31.179000000000002
11.0824 31.178
11.200000000000001 31.193000000000005
11.270099999999998 31.198999999999998
11.0818 31.204000000000008
11.4218 31.218000000000007
11.686799999999998 31.236000000000004
12.026800000000001 31.237
11.9042 31.235999999999997
11.9575 31.233
12.313199999999998 31.239
12.3229 31.258999999999997
12.493199999999998 31.263
12.4198 31.261
12.420200000000001 31.282000000000004
12.579300000000002 31.290999999999997
12.5776 31.287000000000003
12.7083 31.306
12.900500000000001 31.3
12.9479 31.324999999999996
13.2996 31.328
13.172 31.345000000000006
13.256100000000002 31.344000000000005
13.701700000000002 31.365
13.9147 31.37299999999999
14.0619 31.373999999999995
13.8901 31.387000000000004
14.1272 31.392999999999997
14.594999999999999 31.410999999999994
14.737699999999998 31.425000000000004
14.7985 31.42599999999999
15.076299999999994 31.441000000000003
14.934600000000001 31.45
15.161900000000003 31.459999999999994
15.0618 31.468
15.471599999999997 31.461999999999996
15.7326 31.461
15.3853 31.475
15.3894 31.472
15.214699999999995 31.479999999999997
15.278699999999995 31.485000000000003
15.464700000000004 31.484
15.261800000000001 31.494999999999994
15.164200000000003 31.517
15.1115 31.507999999999996
15.0702 31.511999999999997
15.3948 31.502000000000002
15.180200000000005 31.518
14.9537 31.501999999999995
14.945799999999995 31.500999999999994
14.982600000000001 31.512999999999998
15.241100000000005 31.508999999999997
15.371899999999997 31.512999999999998
15.359399999999997 31.523
15.418800000000003 31.52
15.143600000000001 31.513999999999996
15.0499 31.518
15.273900000000001 31.517
15.2214 31.519000000000002
15.230000000000004 31.522
15.117700000000001 31.522
15.3115 31.514999999999997
15.035900000000002 31.516
14.907800000000002 31.519999999999992
15.0186 31.519
15.109899999999998 31.522
15.274 31.523999999999997
15.453099999999997 31.537000000000003
15.200500000000003 31.516999999999996
15.129100000000001 31.511999999999997
15.048199999999998 31.523
15.1048 31.527
15.1023 31.524
14.9926 31.507999999999996
14.8867 31.508999999999997
15.0109 31.52
15.0145 31.516
15.237599999999999 31.510000000000005
15.054599999999999 31.507999999999996
15.244399999999997 31.523
15.171100000000004 31.53
15.116900000000003 31.53
14.936599999999997 31.520000000000003
14.936200000000003 31.529
15.029100000000001 31.518
14.7132 31.535000000000004
14.836200000000002 31.523
14.546299999999999 31.505999999999997
15.052800000000003 31.518
14.971699999999997 31.505
14.882000000000001 31.501999999999995
14.8255 31.505
14.947300000000002 31.521
14.8728 31.525000000000002
14.824800000000002 31.527
14.927200000000001 31.522
14.981 31.503999999999998
14.862599999999999 31.508999999999997
14.860400000000002 31.509999999999998
14.717800000000004 31.507
14.7736 31.512
14.8804 31.511999999999997
15.0589 31.509999999999998
14.728399999999997 31.509999999999998
14.8093 31.500999999999994
15.051300000000001 31.503999999999998
14.689600000000002 31.490999999999993
14.953800000000001 31.501999999999995
14.956700000000001 31.507999999999996
14.991899999999998 31.505999999999997
14.8512 31.502999999999997
14.656800000000004 31.495
14.631400000000003 31.488
14.5868 31.491999999999997
14.997300000000003 31.502999999999993
14.904000000000003 31.508999999999997
14.974199999999998 31.502999999999997
14.723999999999995 31.512999999999998
14.238800000000001 31.502000000000002
14.150299999999996 31.499
14.072499999999998 31.508999999999997
13.9634 31.499
13.7641 31.478000000000005
13.574999999999998 31.478999999999996
13.229400000000002 31.472
13.501899999999997 31.474000000000004
13.5232 31.460999999999995
13.6658 31.466000000000005
13.639900000000003 31.470999999999993
13.2003 31.464000000000002
13.283699999999996 31.457000000000008
13.110999999999997 31.464
13.1016 31.464
12.8809 31.459999999999994
13.0218 31.47
13.001399999999999 31.466000000000005
13.090499999999997 31.471999999999994
12.8491 31.46999999999999
12.966100000000003 31.461
12.630599999999998 31.463
12.5662 31.459999999999994
