45.501999999999995 7.596500000000001
45.18000000000001 7.5691
46.184999999999995 7.623300000000001
46.075 7.604400000000002
46.342000000000006 7.618600000000001
47.047999999999995 7.623900000000002
46.574 7.623200000000001
46.28099999999999 7.591100000000002
47.647000000000006 7.6225000000000005
48.246 7.615600000000001
47.01300000000001 7.615699999999999
46.81600000000002 7.6241
48.79299999999999 7.6049999999999995
47.67999999999999 7.593600000000002
47.693000000000005 7.6255000000000015
47.979 7.5819
47.349 7.5913
47.459 7.531100000000002
49.134000000000015 7.579899999999999
48.445 7.580699999999998
47.19799999999999 7.550700000000002
47.536 7.5424000000000015
48.13399999999999 7.5875999999999975
47.538 7.6019000000000005
47.79800000000001 7.584600000000001
47.313 7.541099999999999
47.153 7.551500000000002
47.15899999999999 7.544
46.58599999999999 7.5440000000000005
46.2 7.550700000000002
44.83799999999999 7.4822
43.74699999999999 7.452800000000001
43.638000000000005 7.4556
43.325 7.4381
42.283 7.4441
42.176 7.4188
42.12700000000001 7.4266
42.242999999999995 7.431799999999999
41.718999999999994 7.4351
41.76 7.386000000000001
40.91000000000001 7.317499999999999
40.937 7.314399999999999
41.521 7.3406
40.967000000000006 7.320599999999999
40.251999999999995 7.2548
39.916 7.279200000000001
38.226000000000006 7.255600000000001
36.387 7.194899999999999
36.58700000000001 7.222099999999999
36.459 7.221900000000001
37.57 7.269100000000002
36.84700000000001 7.2211
36.641 7.207799999999999
35.773 7.2147000000000014
35.10500000000001 7.1526000000000005
34.658 7.1518999999999995
34.086999999999996 7.145500000000002
32.653999999999996 7.016400000000001
31.468 6.952999999999999
30.668 6.903500000000001
30.671000000000003 6.845799999999999
29.636000000000003 6.8056
28.908999999999995 6.797499999999999
28.837000000000003 6.752899999999998
28.958000000000002 6.7631
28.744000000000003 6.782100000000001
28.333 6.782099999999999
28.296 6.7654000000000005
27.614999999999995 6.7077
27.32 6.676599999999999
26.179000000000002 6.642099999999999
25.991999999999997 6.630200000000001
25.517599999999995 6.607200000000001
25.260500000000004 6.630699999999999
24.647599999999997 6.5992999999999995
25.0548 6.5899
25.0577 6.59
24.652400000000004 6.582600000000001
24.704800000000002 6.535400000000001
23.679799999999997 6.511
23.4291 6.4903
23.269499999999997 6.474999999999999
22.6561 6.487300000000001
22.8135 6.4625
22.7886 6.4536999999999995
23.061100000000007 6.457800000000001
22.950400000000002 6.447799999999999
22.8228 6.4308000000000005
22.784599999999998 6.3899
21.6856 6.351800000000001
21.965899999999998 6.3568
21.5276 6.3689
21.8533 6.3697
22.0632 6.387200000000001
20.950199999999995 6.364599999999999
21.096899999999998 6.3559
21.097100000000005 6.3538
20.0789 6.3145999999999995
20.5149 6.308099999999999
20.718400000000003 6.318700000000001
20.790599999999998 6.317400000000001
20.4868 6.304000000000001
20.789500000000004 6.304899999999999
20.507200000000005 6.3003
20.303700000000006 6.2951999999999995
21.821400000000004 6.3385
20.2558 6.3083
19.9755 6.296200000000001
20.288000000000004 6.3056
20.0291 6.303700000000001
20.1698 6.3115000000000006
20.144299999999998 6.3237000000000005
20.0998 6.285499999999999
20.070500000000006 6.2879000000000005
20.374700000000008 6.285699999999999
20.5966 6.313000000000001
20.703200000000002 6.3307
21.023999999999997 6.351500000000001
20.605400000000003 6.320500000000001
20.476600000000005 6.312999999999999
20.9628 6.366999999999997
20.5337 6.3643
20.491799999999998 6.350300000000001
21.153 6.376999999999999
20.9877 6.3629999999999995
20.861700000000003 6.3665
21.5014 6.3923
21.292699999999996 6.385000000000001
21.238100000000003 6.375700000000001
22.010600000000004 6.3889000000000005
22.3465 6.397800000000001
22.4682 6.4183
23.1321 6.4369
23.2591 6.4329
23.363400000000002 6.4294
23.644900000000003 6.4586000000000015
23.5856 6.4605
23.278000000000002 6.4457
25.566 6.4927
25.028 6.5166
25.469 6.527800000000002
26.443 6.547699999999999
26.168999999999997 6.5367
26.21299999999999 6.5280000000000005
27.281999999999996 6.5824
27.802000000000003 6.617300000000001
28.494000000000003 6.653199999999999
29.081000000000003 6.700399999999999
29.320000000000007 6.6805
29.383 6.708600000000001
30.768999999999995 6.798900000000001
30.510999999999992 6.8157
31.843 6.8473999999999995
32.873999999999995 6.885500000000001
34.321 6.943499999999999
35.01200000000001 6.975199999999999
35.803999999999995 6.983999999999998
36.208999999999996 7.0348
37.013999999999996 7.0895
38.01199999999999 7.1717
38.104 7.187899999999998
37.741 7.202
39.167 7.223399999999999
39.711 7.260700000000001
40.418000000000006 7.3089
40.663 7.314
40.759 7.3421
41.190999999999995 7.3820999999999986
43.274 7.4399999999999995
43.483999999999995 7.431899999999998
43.79599999999999 7.507499999999998
45.071 7.5364
45.894999999999996 7.5865
46.844 7.663700000000001
47.537 7.710399999999999
47.171 7.656700000000001
47.264 7.6445
48.123999999999995 7.7018
49.188 7.7703999999999995
48.474000000000004 7.825500000000002
48.797999999999995 7.8401
47.908 7.809600000000001
47.955999999999996 7.807899999999999
48.535000000000004 7.8468
49.161 7.8546000000000005
49.21900000000001 7.8682
49.066 7.812000000000001
49.379 7.8047999999999975
49.417 7.763000000000001
49.858999999999995 7.7697
50.243 7.810199999999999
50.49199999999999 7.817100000000001
50.56099999999999 7.813400000000001
50.173 7.773
50.497 7.826999999999998
50.68 7.847399999999999
50.36400000000001 7.857499999999999
50.956999999999994 7.874299999999999
51.59100000000001 7.8636
51.336999999999996 7.880399999999998
51.72 7.9169
52.31500000000001 7.9384
53.108 7.976800000000001
52.086 7.9697000000000005
51.977999999999994 7.963400000000001
50.585 7.898799999999999
48.994 7.8016000000000005
48.89899999999999 7.786499999999999
48.808 7.7904
49.260000000000005 7.810899999999998
49.613 7.789599999999999
48.76800000000001 7.760599999999999
48.272 7.777300000000001
48.38400000000001 7.7638
48.58400000000001 7.7802999999999995
49.113 7.7895
49.36 7.785899999999998
49.258 7.790199999999999
48.589000000000006 7.765999999999999
48.918 7.7333
49.436 7.749399999999998
50.461 7.788199999999999
50.163999999999994 7.806699999999999
50.05899999999998 7.8233
50.265 7.7970999999999995
49.190999999999995 7.761399999999999
49.137 7.729100000000002
49.851 7.723900000000001
51.778 7.742399999999999
51.20800000000001 7.7446
50.88900000000001 7.7683
51.475000000000016 7.773500000000001
52.285000000000004 7.8224
52.94400000000002 7.849099999999999
51.356 7.8337
51.095 7.8469
51.418000000000006 7.827100000000002
51.01599999999999 7.817800000000001
51.205999999999996 7.839299999999999
50.33399999999999 7.865799999999999
50.415000000000006 7.794300000000002
50.224000000000004 7.8047
49.719 7.7974000000000006
49.769999999999996 7.801900000000001
49.32099999999999 7.810300000000001
49.40200000000001 7.781300000000001
49.153999999999996 7.782699999999998
49.57 7.7696999999999985
49.62599999999999 7.778200000000002
49.793000000000006 7.8081999999999985
48.893 7.7543
49.42799999999999 7.778300000000001
50.546 7.799499999999999
49.751000000000005 7.782800000000001
49.742999999999995 7.815199999999998
50.207 7.838400000000001
50.092999999999996 7.801899999999999
50.02199999999999 7.7751
49.892 7.800800000000001
49.09499999999999 7.7706
48.809000000000005 7.755999999999999
48.68200000000001 7.7696999999999985
48.598 7.7263
47.60699999999999 7.7048000000000005
47.87800000000001 7.711000000000001
46.989 7.6851
47.602 7.6889
47.516 7.710999999999999
46.645999999999994 7.6768
45.739000000000004 7.637
46.126 7.666099999999999
45.659000000000006 7.6599
44.720000000000006 7.6347
43.864999999999995 7.592600000000001
44.022 7.577
43.763 7.572000000000001
44.199000000000005 7.563100000000002
44.15599999999999 7.5599
43.737 7.574599999999999
44.29599999999999 7.5838
43.65200000000001 7.5311
42.83400000000001 7.503500000000001
42.413000000000004 7.5104999999999995
41.931999999999995 7.462299999999998
41.32900000000001 7.478499999999999
42.455 7.513400000000001
43.204 7.551500000000002
42.972 7.5494
