18.38 11.49
17.599999999999998 11.469999999999999
23.830000000000002 11.52
16.89 11.5
18.360000000000003 11.49
16.82 11.469999999999999
20.9 11.49
20.61 11.51
18.33 11.49
16.77 11.49
18.41 11.49
20.919999999999998 11.49
20.830000000000002 11.52
16.939999999999998 11.49
18.43 11.469999999999999
16.97 11.49
23.24 11.51
18.41 11.5
18.55 11.49
16.939999999999998 11.469999999999999
18.360000000000003 11.459999999999999
22.07 11.49
19.75 11.540000000000001
16.919999999999998 11.49
18.48 11.5
16.939999999999998 11.49
23.75 11.51
18.04 11.52
18.48 11.49
16.939999999999998 11.459999999999999
18.55 11.469999999999999
22.919999999999998 11.540000000000001
18.970000000000002 11.5
16.939999999999998 11.469999999999999
18.509999999999998 11.49
17.41 11.459999999999999
24.560000000000002 11.540000000000001
17.04 11.5
18.509999999999998 11.469999999999999
17.07 11.49
20.14 11.5
21.66 11.55
18.48 11.5
17.14 11.49
18.63 11.469999999999999
20.41 11.49
21.560000000000002 11.55
16.97 11.49
18.6 11.469999999999999
16.97 11.469999999999999
23.29 11.5
18.509999999999998 11.52
18.529999999999998 11.49
16.97 11.459999999999999
18.459999999999997 11.469999999999999
21.95 11.5
19.75 11.5
16.939999999999998 11.469999999999999
18.459999999999997 11.49
16.99 11.469999999999999
24.169999999999998 11.51
17.41 11.52
18.38 11.49
16.869999999999997 11.469999999999999
18.509999999999998 11.49
23.0 11.51
18.9 11.5
16.89 11.49
18.48 11.49
16.85 11.459999999999999
24.759999999999998 11.540000000000001
16.85 11.49
18.459999999999997 11.49
16.89 11.49
18.6 11.469999999999999
23.14 11.51
18.41 11.5
16.919999999999998 11.469999999999999
18.55 11.49
17.68 11.49
24.240000000000002 11.52
16.8 11.49
18.41 11.49
16.89 11.450000000000001
19.7 11.469999999999999
22.27 11.540000000000001
18.509999999999998 11.5
16.97 11.469999999999999
18.529999999999998 11.5
19.09 11.459999999999999
22.73 11.52
16.97 11.5
18.509999999999998 11.469999999999999
16.99 11.469999999999999
21.97 11.469999999999999
20.0 11.5
18.48 11.5
16.939999999999998 11.469999999999999
18.58 11.469999999999999
21.88 11.5
22.39 11.55
16.97 11.49
18.529999999999998 11.469999999999999
17.14 11.459999999999999
22.919999999999998 11.5
18.970000000000002 11.52
18.529999999999998 11.469999999999999
16.99 11.469999999999999
18.55 11.49
23.22 11.51
18.82 11.52
17.04 11.469999999999999
18.58 11.49
17.11 11.469999999999999
24.779999999999998 11.52
17.11 11.5
18.6 11.5
17.11 11.459999999999999
19.6 11.450000000000001
22.29 11.52
18.63 11.49
16.97 11.459999999999999
18.63 11.49
20.46 11.469999999999999
21.58 11.55
16.89 11.49
18.58 11.469999999999999
17.07 11.469999999999999
24.46 11.49
17.46 11.51
18.7 11.49
17.02 11.459999999999999
18.9 11.459999999999999
23.119999999999997 11.55
18.6 11.51
16.99 11.469999999999999
18.58 11.469999999999999
18.75 11.469999999999999
23.44 11.540000000000001
17.14 11.469999999999999
18.68 11.469999999999999
17.11 11.469999999999999
22.12 11.49
20.14 11.51
18.58 11.5
17.04 11.459999999999999
18.65 11.459999999999999
22.61 11.51
19.6 11.5
17.21 11.469999999999999
18.65 11.49
18.04 11.469999999999999
24.15 11.51
17.14 11.5
18.68 11.469999999999999
17.16 11.459999999999999
22.14 11.49
20.07 11.51
18.7 11.459999999999999
17.19 11.459999999999999
18.75 11.459999999999999
23.580000000000002 11.49
18.8 11.51
17.24 11.469999999999999
18.8 11.469999999999999
18.07 11.469999999999999
24.37 11.5
17.29 11.49
18.68 11.49
17.21 11.469999999999999
21.7 11.49
20.7 11.540000000000001
18.82 11.49
17.16 11.459999999999999
18.75 11.469999999999999
23.66 11.51
18.970000000000002 11.52
17.21 11.49
18.8 11.49
19.85 11.49
22.75 11.55
17.41 11.49
18.9 11.459999999999999
17.19 11.459999999999999
25.15 11.5
17.29 11.49
18.7 11.49
17.29 11.459999999999999
20.830000000000002 11.469999999999999
21.73 11.540000000000001
18.82 11.49
17.26 11.49
18.8 11.49
23.75 11.51
18.970000000000002 11.52
17.29 11.49
18.9 11.469999999999999
19.139999999999997 11.469999999999999
23.51 11.52
17.46 11.49
18.82 11.469999999999999
18.33 11.459999999999999
27.98 11.52
17.330000000000002 11.51
18.970000000000002 11.5
17.330000000000002 11.51
20.39 11.5
22.439999999999998 11.52
19.02 11.5
17.26 11.459999999999999
19.040000000000003 11.469999999999999
23.34 11.51
19.36 11.5
17.31 11.469999999999999
19.09 11.49
18.09 11.459999999999999
24.68 11.5
17.330000000000002 11.49
19.09 11.469999999999999
17.29 11.459999999999999
23.75 11.5
19.189999999999998 11.5
18.990000000000002 11.469999999999999
17.31 11.459999999999999
19.24 11.469999999999999
23.44 11.49
18.970000000000002 11.469999999999999
17.29 11.469999999999999
18.970000000000002 11.469999999999999
19.950000000000003 11.459999999999999
22.78 11.540000000000001
17.24 11.49
18.970000000000002 11.469999999999999
17.26 11.49
25.39 11.51
17.26 11.5
18.95 11.49
17.24 11.49
19.82 11.469999999999999
22.95 11.51
19.040000000000003 11.49
17.43 11.469999999999999
19.07 11.469999999999999
21.39 11.469999999999999
21.310000000000002 11.5
16.99 11.459999999999999
18.73 11.49
16.919999999999998 11.450000000000001
25.05 11.5
16.72 11.49
18.310000000000002 11.49
16.48 11.469999999999999
19.189999999999998 11.469999999999999
21.9 11.5
18.26 11.469999999999999
16.41 11.469999999999999
18.12 11.459999999999999
20.34 11.459999999999999
20.46 11.540000000000001
16.33 11.469999999999999
18.04 11.459999999999999
16.46 11.450000000000001
24.37 11.469999999999999
16.53 11.49
18.07 11.469999999999999
16.41 11.450000000000001
18.02 11.450000000000001
22.78 11.469999999999999
18.16 11.469999999999999
16.38 11.450000000000001
18.12 11.459999999999999
17.04 11.469999999999999
23.66 11.5
16.48 11.450000000000001
18.14 11.469999999999999
16.33 11.450000000000001
20.849999999999998 11.459999999999999
20.39 11.469999999999999
18.14 11.469999999999999
16.43 11.459999999999999
18.12 11.450000000000001
21.04 11.459999999999999
20.07 11.49
16.41 11.459999999999999
18.19 11.450000000000001
16.939999999999998 11.450000000000001
24.29 11.49
16.89 11.51
