25.15 11.27
20.29 11.25
18.75 11.19
19.189999999999998 11.18
18.7 11.18
25.39 11.27
19.950000000000003 11.28
19.36 11.23
18.68 11.219999999999999
19.29 11.219999999999999
25.240000000000002 11.28
19.85 11.24
18.63 11.19
19.189999999999998 11.18
18.75 11.18
25.779999999999998 11.28
19.46 11.29
19.189999999999998 11.21
18.75 11.21
19.6 11.21
23.78 11.28
20.830000000000002 11.24
18.82 11.21
19.36 11.19
19.38 11.21
24.39 11.3
20.29 11.24
19.509999999999998 11.219999999999999
18.73 11.21
19.82 11.19
25.34 11.3
19.8 11.23
18.970000000000002 11.19
19.53 11.19
21.14 11.21
23.14 11.29
19.919999999999998 11.219999999999999
19.46 11.19
18.7 11.19
22.24 11.21
23.1 11.3
19.21 11.24
18.82 11.21
19.34 11.19
21.9 11.23
23.46 11.28
18.7 11.23
19.24 11.19
18.6 11.19
22.8 11.23
22.49 11.3
19.24 11.219999999999999
18.68 11.21
19.24 11.19
23.22 11.23
22.41 11.28
18.65 11.21
19.46 11.19
18.68 11.19
24.490000000000002 11.27
20.53 11.27
19.189999999999998 11.21
18.73 11.21
19.31 11.18
23.71 11.25
21.61 11.28
18.75 11.21
19.29 11.19
18.77 11.21
24.099999999999998 11.25
21.09 11.28
19.29 11.21
18.7 11.21
19.31 11.19
24.44 11.28
20.8 11.27
18.77 11.21
19.46 11.219999999999999
18.82 11.19
24.54 11.27
20.65 11.28
19.34 11.219999999999999
18.75 11.19
19.17 11.21
25.290000000000003 11.27
20.31 11.27
18.7 11.21
19.46 11.19
19.17 11.21
25.590000000000003 11.28
20.24 11.27
19.63 11.21
19.02 11.19
20.36 11.21
25.729999999999997 11.32
19.900000000000002 11.27
19.17 11.219999999999999
19.7 11.219999999999999
19.900000000000002 11.19
26.119999999999997 11.27
21.95 11.29
19.53 11.219999999999999
18.85 11.219999999999999
20.75 11.21
24.240000000000002 11.27
20.68 11.3
18.65 11.219999999999999
19.48 11.23
20.02 11.24
25.05 11.28
19.580000000000002 11.27
19.53 11.21
18.9 11.21
21.58 11.219999999999999
24.02 11.32
19.85 11.27
18.970000000000002 11.219999999999999
19.53 11.219999999999999
21.7 11.219999999999999
23.73 11.33
18.82 11.27
19.580000000000002 11.21
19.189999999999998 11.21
23.44 11.25
22.14 11.32
19.36 11.23
18.68 11.219999999999999
20.53 11.21
25.44 11.28
19.85 11.28
19.36 11.23
19.650000000000002 11.21
20.580000000000002 11.23
25.2 11.28
19.07 11.23
19.509999999999998 11.219999999999999
19.12 11.21
22.17 11.219999999999999
23.61 11.3
19.8 11.219999999999999
19.17 11.219999999999999
19.82 11.23
23.97 11.25
21.39 11.29
19.09 11.24
19.68 11.219999999999999
20.169999999999998 11.219999999999999
25.540000000000003 11.29
19.24 11.28
19.580000000000002 11.219999999999999
19.07 11.23
21.41 11.21
24.610000000000003 11.3
19.6 11.28
19.17 11.219999999999999
19.509999999999998 11.21
22.63 11.23
23.44 11.33
19.24 11.24
19.34 11.23
19.38 11.21
24.29 11.25
19.900000000000002 11.27
19.259999999999998 11.23
18.77 11.21
21.0 11.219999999999999
24.29 11.29
19.56 11.27
18.970000000000002 11.219999999999999
19.48 11.219999999999999
23.22 11.27
22.39 11.32
18.87 11.24
19.46 11.219999999999999
19.48 11.21
25.39 11.29
19.7 11.3
19.53 11.219999999999999
19.02 11.21
22.8 11.25
22.830000000000002 11.34
19.63 11.23
19.07 11.23
20.560000000000002 11.219999999999999
24.709999999999997 11.28
19.650000000000002 11.25
18.95 11.21
19.43 11.21
22.8 11.25
22.31 11.29
18.990000000000002 11.23
19.580000000000002 11.219999999999999
20.14 11.23
25.540000000000003 11.29
19.259999999999998 11.28
19.6 11.24
19.040000000000003 11.23
23.9 11.24
21.97 11.32
19.6 11.25
18.87 11.23
21.09 11.23
24.099999999999998 11.3
19.48 11.27
18.95 11.23
19.73 11.219999999999999
23.97 11.27
21.09 11.32
19.12 11.23
19.48 11.21
20.48 11.219999999999999
25.2 11.33
19.21 11.27
19.82 11.219999999999999
19.46 11.25
25.05 11.29
20.53 11.3
19.75 11.25
18.990000000000002 11.24
21.310000000000002 11.23
24.610000000000003 11.32
19.68 11.27
19.189999999999998 11.24
20.09 11.23
24.779999999999998 11.29
20.95 11.32
19.17 11.24
19.63 11.23
20.24 11.25
25.290000000000003 11.32
19.12 11.24
19.68 11.23
19.43 11.25
25.44 11.3
19.8 11.3
19.63 11.25
19.189999999999998 11.24
21.44 11.25
24.32 11.33
19.509999999999998 11.27
19.040000000000003 11.25
19.900000000000002 11.24
24.95 11.29
20.46 11.32
18.85 11.23
19.46 11.24
20.87 11.24
24.85 11.3
19.040000000000003 11.27
19.56 11.25
19.34 11.24
25.490000000000002 11.28
19.24 11.3
19.46 11.24
18.990000000000002 11.23
21.46 11.24
24.12 11.33
19.68 11.27
19.02 11.24
20.21 11.25
24.95 11.29
20.169999999999998 11.3
19.12 11.27
19.6 11.25
20.75 11.25
24.68 11.32
18.65 11.29
19.139999999999997 11.27
18.6 11.24
23.799999999999997 11.28
20.169999999999998 11.33
18.75 11.25
18.58 11.24
20.169999999999998 11.25
23.32 11.34
19.259999999999998 11.3
18.529999999999998 11.25
18.87 11.25
22.12 11.27
21.66 11.33
18.459999999999997 11.3
18.970000000000002 11.28
18.9 11.28
23.66 11.33
20.7 11.33
19.24 11.27
18.6 11.24
20.830000000000002 11.25
