23.39 11.24
19.02 11.24
26.169999999999998 11.3
22.27 11.32
18.8 11.27
23.630000000000003 11.32
18.38 11.3
22.439999999999998 11.28
19.29 11.3
20.68 11.28
22.02 11.32
20.43 11.29
21.58 11.29
21.34 11.28
20.36 11.25
22.63 11.3
19.36 11.25
23.830000000000002 11.28
18.87 11.27
23.07 11.28
19.73 11.32
21.61 11.27
21.0 11.28
20.53 11.25
22.189999999999998 11.27
20.73 11.28
20.53 11.27
22.56 11.27
18.92 11.24
24.0 11.3
18.87 11.3
22.830000000000002 11.28
20.119999999999997 11.28
20.580000000000002 11.27
22.36 11.32
20.75 11.28
22.220000000000002 11.28
20.87 11.27
19.53 11.24
22.220000000000002 11.3
17.630000000000003 11.23
20.7 11.21
15.36 11.16
18.75 11.12
14.649999999999999 11.129999999999999
17.02 11.06
15.160000000000002 11.05
15.479999999999999 11.04
16.82 11.08
15.770000000000001 11.05
17.02 11.06
15.479999999999999 11.04
15.260000000000002 11.04
17.68 11.110000000000001
14.45 11.04
17.990000000000002 11.05
15.36 11.04
17.630000000000003 11.05
15.329999999999998 11.08
15.840000000000002 11.05
17.04 11.05
15.7 11.04
15.75 11.05
17.24 11.129999999999999
14.399999999999999 11.05
18.48 11.06
14.31 11.06
16.09 11.04
16.919999999999998 11.1
15.770000000000001 11.07
16.63 11.05
16.41 11.06
14.62 11.05
18.77 11.1
14.580000000000002 11.06
17.68 11.05
16.11 11.06
16.16 11.05
17.48 11.110000000000001
15.939999999999998 11.07
16.11 11.06
17.41 11.07
14.84 11.07
18.990000000000002 11.1
14.89 11.07
17.36 11.07
16.41 11.07
16.33 11.05
17.919999999999998 11.1
16.43 11.1
16.14 11.07
18.14 11.07
15.010000000000002 11.07
19.43 11.1
14.940000000000001 11.07
18.240000000000002 11.07
16.14 11.07
16.31 11.06
19.869999999999997 11.110000000000001
16.33 11.110000000000001
17.21 11.04
17.19 11.05
15.06 11.05
19.48 11.06
15.190000000000001 11.05
19.17 11.06
15.310000000000002 11.05
16.63 11.05
18.14 11.1
16.6 11.1
18.19 11.07
16.75 11.07
15.21 11.06
19.53 11.1
15.770000000000001 11.06
19.21 11.07
15.229999999999999 11.06
17.43 11.06
17.65 11.12
18.02 11.07
17.14 11.07
16.75 11.06
17.26 11.06
17.72 11.12
16.919999999999998 11.05
18.26 11.06
15.409999999999998 11.06
19.75 11.08
15.409999999999998 11.110000000000001
18.63 11.06
16.48 11.06
16.7 11.05
18.33 11.08
16.939999999999998 11.08
17.75 11.07
17.26 11.05
15.260000000000002 11.04
19.6 11.110000000000001
15.310000000000002 11.08
19.7 11.06
15.65 11.06
17.580000000000002 11.05
17.94 11.110000000000001
17.380000000000003 11.06
17.82 11.06
17.04 11.04
17.72 11.07
17.9 11.15
16.77 11.06
18.65 11.05
15.55 11.05
18.7 11.07
16.85 11.1
18.970000000000002 11.07
16.82 11.07
17.24 11.05
18.73 11.110000000000001
17.07 11.08
18.33 11.06
17.31 11.06
16.16 11.05
19.869999999999997 11.110000000000001
16.21 11.05
19.82 11.06
15.97 11.05
19.509999999999998 11.06
16.41 11.08
18.43 11.06
17.5 11.06
17.26 11.04
18.970000000000002 11.12
17.380000000000003 11.15
18.14 11.08
18.04 11.07
16.21 11.07
20.21 11.12
16.580000000000002 11.07
19.68 11.08
15.89 11.05
20.46 11.08
15.920000000000002 11.129999999999999
19.09 11.07
17.14 11.07
17.580000000000002 11.07
19.02 11.12
17.65 11.07
18.82 11.07
17.599999999999998 11.06
18.12 11.07
18.33 11.12
17.75 11.07
18.68 11.07
16.04 11.08
20.630000000000003 11.16
16.16 11.15
20.53 11.12
16.16 11.110000000000001
19.46 11.1
17.43 11.129999999999999
18.92 11.12
17.82 11.110000000000001
17.68 11.110000000000001
19.259999999999998 11.129999999999999
17.77 11.129999999999999
19.02 11.129999999999999
17.8 11.1
17.7 11.110000000000001
19.43 11.16
17.330000000000002 11.110000000000001
19.68 11.12
16.33 11.110000000000001
20.65 11.12
16.259999999999998 11.110000000000001
20.09 11.110000000000001
16.89 11.110000000000001
18.459999999999997 11.1
18.55 11.17
18.509999999999998 11.12
18.19 11.12
18.16 11.12
19.189999999999998 11.12
17.82 11.12
18.14 11.129999999999999
18.7 11.129999999999999
16.46 11.1
20.8 11.129999999999999
20.630000000000003 11.129999999999999
20.75 11.18
16.38 11.16
20.43 11.15
16.77 11.18
19.43 11.17
17.849999999999998 11.16
18.04 11.12
19.46 11.18
17.87 11.16
17.36 11.16
19.580000000000002 11.16
19.53 11.16
18.63 11.16
17.82 11.16
19.48 11.15
16.43 11.110000000000001
21.04 11.15
16.48 11.129999999999999
20.78 11.129999999999999
16.89 11.129999999999999
19.48 11.12
17.990000000000002 11.18
18.68 11.15
18.8 11.16
18.09 11.129999999999999
19.48 11.17
18.12 11.16
18.509999999999998 11.16
19.36 11.17
17.02 11.129999999999999
20.8 11.16
16.72 11.129999999999999
20.87 11.15
16.63 11.129999999999999
21.12 11.17
16.72 11.17
19.580000000000002 11.15
18.38 11.17
18.33 11.129999999999999
19.919999999999998 11.17
18.33 11.17
19.31 11.16
18.7 11.15
18.310000000000002 11.129999999999999
19.900000000000002 11.15
17.24 11.15
20.830000000000002 11.16
16.72 11.129999999999999
21.36 11.16
16.82 11.18
19.6 11.16
18.63 11.18
18.19 11.16
19.8 11.16
18.240000000000002 11.16
18.63 11.15
19.56 11.16
18.12 11.17
20.65 11.19
16.99 11.17
21.7 11.18
