23.1769 14.191700000000004
22.7667 14.186700000000002
22.850999999999996 14.201999999999995
22.9353 14.1773
22.795399999999997 14.180600000000002
23.327600000000004 14.1708
23.48410000000001 14.171700000000001
22.803100000000004 14.1823
22.744799999999998 14.189299999999996
22.9477 14.192699999999997
22.960400000000003 14.190300000000006
22.8317 14.180100000000001
22.880699999999994 14.166700000000002
22.13500000000001 14.1458
22.057800000000004 14.1301
23.2506 14.1474
22.783000000000005 14.123300000000002
22.114200000000007 13.839600000000003
22.241699999999998 13.829100000000002
22.6802 13.863699999999998
22.0968 13.834600000000005
22.92 14.028899999999997
22.366699999999998 14.075300000000002
22.4303 14.091199999999999
21.9085 14.101300000000002
21.692199999999996 14.069100000000004
21.511 14.070599999999997
21.528900000000004 14.107600000000001
21.395200000000006 14.129799999999998
21.301099999999998 14.143500000000003
21.4198 14.151600000000004
21.677100000000003 14.1372
21.545699999999997 14.148800000000005
21.781100000000002 14.1552
21.3078 14.158499999999997
20.948299999999996 14.176000000000002
20.583000000000002 14.153699999999994
20.943399999999997 14.1317
20.799200000000003 14.1463
21.3109 14.158799999999996
21.1085 14.164299999999999
20.641500000000004 14.1629
19.939800000000005 14.160200000000007
19.693899999999996 14.151500000000002
19.449999999999996 14.149300000000004
19.397100000000002 14.122100000000001
19.2489 14.124600000000004
18.744600000000005 14.112999999999998
18.862500000000004 14.117800000000003
18.761199999999995 14.129799999999998
18.094500000000004 14.111700000000003
18.240699999999997 14.094099999999997
18.230800000000002 14.117099999999999
18.102400000000003 14.093099999999994
17.571800000000007 14.135100000000001
16.9894 14.123699999999998
16.802199999999996 14.1109
16.9472 14.105199999999998
16.9734 14.115099999999996
16.617099999999997 14.101299999999995
16.757799999999996 14.096100000000003
16.533600000000003 14.086799999999997
16.9356 14.049700000000001
16.2307 14.050999999999997
16.354 14.062999999999997
16.640100000000004 14.0774
16.331799999999998 14.074
16.6556 14.0738
16.515699999999995 14.078400000000002
16.307 14.061199999999996
16.1665 14.061399999999995
16.0533 14.028299999999996
15.752500000000003 14.009300000000005
15.821200000000001 14.026300000000006
15.750599999999999 14.043699999999998
15.619699999999998 14.049600000000003
15.723199999999995 14.043500000000003
15.878999999999996 14.049799999999996
15.7781 14.0571
15.872800000000002 14.068399999999997
15.8219 14.0569
15.768099999999999 14.055799999999996
16.685 14.062
16.411000000000005 14.052100000000001
16.8553 14.013799999999998
17.0757 14.0248
17.287100000000006 14.063499999999998
17.3901 14.075900000000003
17.121900000000004 14.0726
17.4834 14.050700000000003
17.8777 14.049699999999998
17.866000000000003 14.065999999999995
17.9034 14.067500000000003
18.978599999999997 14.078100000000001
19.2778 14.072900000000002
18.684099999999997 14.0795
19.847099999999998 14.5051
19.203599999999998 14.926899999999998
20.123300000000004 15.0527
20.2284 15.2194
20.421400000000002 15.2283
20.497299999999996 15.234500000000004
21.008999999999997 15.268199999999998
20.819099999999995 15.244400000000002
21.2471 15.170899999999998
21.3998 15.301199999999993
21.131299999999996 15.088500000000002
21.239800000000006 15.0804
21.974600000000006 15.183400000000002
21.635499999999997 15.028299999999998
21.745099999999997 14.848500000000001
22.143900000000002 14.959700000000002
21.843 14.650099999999997
22.0345 14.559599999999994
23.0165 14.5218
22.987399999999994 14.406100000000002
22.654999999999994 14.475000000000001
22.9889 14.5946
22.85250000000001 14.566799999999997
22.3597 14.5738
22.5633 14.552400000000002
22.6373 14.565300000000006
23.127000000000002 14.566800000000002
22.5814 14.573999999999998
22.9972 14.646199999999995
23.338900000000002 14.836299999999996
23.532100000000007 14.727999999999996
24.535199999999996 14.426
24.8706 14.275600000000003
24.4342 14.1405
25.4866 14.1361
23.6697 14.085999999999999
23.0149 14.100900000000003
22.986100000000004 14.131599999999997
23.346200000000003 14.145
23.6231 14.132500000000006
23.586199999999995 14.143200000000004
23.4137 14.1574
23.588200000000008 14.120200000000002
23.388199999999994 14.1093
24.019700000000004 14.098800000000002
24.275199999999995 14.132699999999994
24.0947 14.152099999999997
24.118100000000002 14.1598
23.608800000000002 14.159199999999997
23.392000000000003 14.187099999999997
23.435699999999997 14.207600000000001
23.770000000000003 14.206
23.873300000000004 14.185500000000001
24.064999999999994 14.217499999999998
24.188299999999995 14.233699999999999
24.294600000000003 14.209799999999994
25.069699999999994 14.220200000000002
25.058200000000003 14.1791
25.893200000000004 14.177700000000005
25.5743 14.175700000000003
25.341 14.191899999999999
25.823399999999996 14.2258
26.7347 14.208499999999995
26.569299999999995 14.206400000000006
26.785199999999996 14.206300000000006
27.017200000000003 14.233699999999999
27.792099999999998 14.236699999999999
27.915000000000006 14.2485
27.968600000000006 14.197000000000005
28.1365 14.198900000000005
28.884500000000003 14.216299999999993
29.0184 14.221400000000001
29.11229999999999 14.242600000000003
29.063499999999998 14.241900000000001
29.030499999999986 14.239799999999999
28.79540000000001 14.267800000000003
30.082700000000006 14.294299999999998
29.343000000000004 14.277400000000002
29.0473 14.279100000000005
29.75589999999999 14.276100000000003
29.7462 14.265099999999995
31.0627 14.269200000000005
31.149499999999993 14.262999999999998
30.839499999999997 14.253100000000002
30.423700000000004 14.222499999999998
30.923600000000008 14.2575
30.737299999999994 14.266600000000002
31.023500000000006 14.2634
30.9167 14.2824
31.256800000000002 14.2687
31.182899999999986 14.2758
30.806200000000004 14.275400000000001
30.910999999999994 14.275100000000004
31.161300000000004 14.299500000000002
30.876400000000004 14.293399999999998
31.30430000000001 14.305500000000004
30.84289999999999 14.304099999999998
31.363500000000005 14.296900000000006
31.257700000000003 14.2872
31.4575 14.286599999999996
30.979899999999983 14.2895
31.7764 14.303300000000002
31.812499999999993 14.2792
31.641399999999997 14.2048
31.518399999999996 14.251900000000001
31.1285 14.2498
31.12269999999999 14.236299999999998
31.349599999999995 14.254999999999999
29.822399999999988 14.2456
30.078099999999996 14.239500000000001
30.1373 14.256000000000006
29.8227 14.274000000000003
30.952599999999997 14.259200000000002
31.731899999999996 14.245099999999999
31.864700000000003 14.2683
31.4148 14.264399999999998
31.265100000000007 14.2605
30.772999999999996 14.291599999999999
30.559599999999996 14.257200000000001
31.111800000000002 14.266699999999998
30.319300000000005 14.2397
30.4771 14.247999999999998
30.937800000000003 14.2459
31.211899999999996 14.230800000000004
31.5445 14.241399999999999
32.083299999999994 14.2472
31.353599999999993 14.251200000000003
31.770600000000005 14.254799999999998
31.465099999999996 14.229100000000006
31.932700000000004 14.257200000000001
31.245399999999997 14.264400000000002
30.449099999999994 14.247499999999999
30.22479999999999 14.2497
30.570899999999995 14.226600000000001
30.383299999999995 14.261899999999999
30.346300000000003 14.266000000000002
30.280499999999982 14.2694
30.0432 14.274200000000004
30.462900000000005 14.257700000000002
31.0803 14.295099999999996
30.7226 14.283000000000001
30.940300000000008 14.255199999999999
31.109500000000008 14.2945
30.347199999999997 14.291499999999996
30.2286 14.255699999999996
30.58759999999999 14.254700000000001
30.805099999999996 14.251400000000004
30.736600000000003 14.252900000000002
30.7209 14.2763
31.28149999999999 14.304100000000004
30.94929999999999 14.275800000000002
30.3472 14.219400000000002
30.0746 14.233500000000001
30.6136 14.234899999999998
30.9983 14.2681
30.187199999999997 14.2652
29.571500000000007 14.263999999999994
30.12290000000001 14.252999999999997
31.528000000000006 14.2687
30.549599999999998 14.240600000000004
30.1277 14.241399999999999
29.792499999999993 14.263199999999998
29.643900000000002 14.264399999999998
31.8053 14.279900000000001
32.03829999999999 14.271800000000004
32.053999999999995 14.260800000000003
29.789500000000015 14.251600000000003
29.0163 14.237399999999997
28.898999999999997 14.218400000000003
28.4439 14.210800000000004
28.876299999999993 14.262999999999998
29.4437 14.285600000000004
29.57610000000001 14.275199999999998
29.435 14.267299999999997
29.2999 14.296500000000002
29.029400000000006 14.303700000000003
28.85350000000001 14.276199999999998
27.938999999999997 14.232999999999999
28.102700000000002 14.261299999999997
27.2032 14.246500000000001
26.6958 14.265799999999999
26.881199999999993 14.2935
26.397899999999996 14.269199999999996
25.8436 14.254
27.21619999999999 14.2394
27.4489 14.237099999999995
28.3435 14.260599999999998
26.660000000000007 14.200000000000001
26.583000000000006 14.192000000000002
26.104200000000006 14.234699999999997
26.664799999999993 14.2306
26.380300000000005 14.218400000000003
