7.916 12.554000000000002
10.34 12.622
9.222 12.671
8.057 12.554000000000002
8.691 12.586
8.032 12.574
9.21 12.585
10.485 12.683
7.9350000000000005 12.592
8.862 12.561
8.1 12.574
8.551 12.554000000000002
11.138 12.647
8.203000000000001 12.647
7.866999999999999 12.554000000000002
8.966 12.561
7.843 12.574
9.485000000000001 12.609
9.985 12.622
8.032 12.574
8.594 12.554000000000002
8.057 12.561
9.228 12.597999999999999
10.186 12.622
7.788 12.591
8.099 12.561
8.612 12.574
8.093 12.574
9.863 12.634
9.620000000000001 12.635
7.927999999999999 12.586
8.942 12.567
7.898 12.554000000000002
9.57 12.609
10.132 12.634
8.227 12.615000000000002
7.916 12.561
8.935 12.592
8.643 12.58
9.399 12.609
9.289 12.665
8.093 12.58
8.673 12.554000000000002
8.154 12.579
9.301 12.622
10.102 12.598
7.904 12.628
8.081 12.548
8.606 12.561
9.418 12.61
8.618 12.635
9.449 12.647
7.843 12.579
8.857000000000001 12.574
7.819000000000001 12.567
10.254 12.647
9.211 12.598
8.129999999999999 12.652
7.825 12.561
8.832 12.548
9.204 12.622
8.819 12.585
9.246 12.628
8.075000000000001 12.579
8.521 12.574
9.326 12.58
8.869 12.635
9.534 12.616
7.776 12.622
8.063 12.548
8.722000000000001 12.591
9.619 12.647
8.472 12.586
9.520999999999999 12.647
7.892 12.574
8.879999999999999 12.548
9.234 12.61
8.868 12.585
9.338 12.591
8.19 12.647
7.8740000000000006 12.548
9.399000000000001 12.548
9.515 12.635
8.075000000000001 12.567
9.271 12.645999999999999
8.136000000000001 12.579
8.74 12.574
9.589 12.609
8.667 12.567
9.534 12.628
7.916 12.622
8.228 12.567
10.034 12.61
8.935 12.597
7.971 12.574
9.57 12.653
7.898 12.554000000000002
9.052 12.554000000000002
10.565000000000001 12.647
8.563 12.573
10.205 12.586
8.166 12.635
7.976999999999999 12.554000000000002
10.565 12.61
8.917 12.622
8.258000000000001 12.567
9.424 12.622
8.27 12.58
8.801 12.548
10.395 12.622
7.947 12.561
9.552 12.592
7.9350000000000005 12.628
8.209 12.554000000000002
10.248 12.647
8.801 12.609
7.983000000000001 12.561
9.484 12.653
7.898 12.567
10.302999999999999 12.579
8.899 12.658999999999999
8.167 12.549
9.203999999999999 12.586
8.411 12.641
7.977 12.542
11.254 12.622
7.971 12.579
8.167 12.561
9.326 12.61
8.185 12.58
10.113 12.597
9.203999999999999 12.597
8.075000000000001 12.573
9.686 12.579
8.136000000000001 12.628
8.484 12.567
11.048 12.635
8.381 12.58
8.081 12.586
9.729000000000001 12.615000000000002
8.204 12.574
10.553 12.647
8.869 12.597999999999999
8.209 12.561
9.418 12.61
8.429 12.635
9.454 12.567
10.028 12.634
8.05 12.561
8.264 12.542
9.473 12.641
8.191 12.561
10.895 12.609
8.642 12.58
8.105 12.579
9.479 12.567
8.313 12.652
9.759 12.622
9.522 12.61
8.545 12.586
8.026 12.573
9.692 12.628
8.68 12.592
10.345 12.622
8.087 12.567
8.283 12.573
9.302 12.574
8.276 12.615000000000002
9.82 12.634
9.418 12.586
7.8919999999999995 12.561
8.179 12.554000000000002
9.333 12.641
9.503 12.585
9.003 12.597
8.856 12.586
7.904 12.542
9.527 12.573
8.008000000000001 12.653
10.248 12.634
8.814 12.574
8.148 12.554000000000002
7.947 12.567
9.533 12.628
9.204 12.597
9.503 12.585
8.264000000000001 12.574
8.087 12.554000000000002
9.326 12.573
9.332 12.653
8.85 12.634
8.978 12.574
7.8740000000000006 12.574
8.105 12.58
9.253 12.628
10.186 12.635
8.789 12.592
8.172 12.567
7.831 12.554000000000002
9.601 12.604
9.271 12.671
8.905 12.585
8.752 12.574
8.118 12.58
7.855 12.554000000000002
10.211 12.653
9.381 12.683
8.935 12.561
7.898 12.567
8.155 12.58
9.259 12.579
9.931000000000001 12.683
8.234 12.597999999999999
8.789 12.574
8.014000000000001 12.579
8.110999999999999 12.58
10.657 12.671
8.879999999999999 12.61
8.704 12.561
8.068 12.58
7.819000000000001 12.561
9.546 12.616
10.016 12.683
8.105 12.549
8.667 12.567
8.197000000000001 12.567
7.867 12.542
11.133000000000001 12.696
8.563 12.592
8.905000000000001 12.561
7.855 12.574
8.05 12.567
10.613999999999999 12.622
8.905 12.634
7.861 12.573
8.936 12.574
7.8919999999999995 12.567
8.099 12.58
11.438 12.72
8.13 12.561
8.758000000000001 12.586
8.136 12.574
7.904 12.554000000000002
10.968 12.683
8.649 12.634
8.093 12.561
8.71 12.579
8.105 12.58
9.588 12.585
9.912 12.671
7.892 12.573
8.911 12.574
7.849 12.554000000000002
8.1 12.567
11.468 12.708
8.068999999999999 12.574
7.879 12.561
8.954 12.598
7.879 12.561
10.517 12.622
9.07 12.658999999999999
8.111 12.574
8.765 12.567
8.166 12.58
9.204 12.585
10.302999999999999 12.658
7.953 12.586
8.588 12.574
8.167 12.567
8.099 12.567
11.445 12.683
8.063 12.635
7.8919999999999995 12.574
8.972 12.592
7.8309999999999995 12.574
9.46 12.622
10.058 12.671
8.099 12.58
8.722 12.574
8.087 12.604
9.192 12.61
10.272 12.658
7.904 12.634
8.166 12.574
8.735 12.574
8.118 12.574
10.077 12.659
9.503 12.671
