13.827700000000002 11.311499999999999
13.704499999999998 11.4671
13.185100000000002 11.3182
13.162299999999998 11.315800000000001
13.444500000000001 11.3136
13.0577 11.309799999999997
13.155799999999997 11.3143
13.5178 11.3067
13.880100000000004 11.3103
13.960199999999997 11.3121
14.269900000000002 11.3142
14.003400000000003 11.311399999999999
13.954300000000003 11.3059
13.979700000000001 11.3073
13.312400000000002 11.3112
13.452299999999997 11.3134
13.9404 11.324200000000001
14.226899999999997 11.310400000000001
14.688600000000001 11.3165
14.2875 11.3097
14.296400000000004 11.312099999999997
13.789299999999999 11.316699999999999
13.500499999999999 11.322000000000003
12.824399999999999 11.3234
12.8613 11.299800000000001
12.7662 11.299100000000001
12.809000000000001 11.303
12.084299999999999 11.3052
12.307599999999997 11.302099999999998
11.998099999999999 11.296199999999997
12.5259 11.296899999999999
12.5963 11.2985
12.043100000000003 11.2998
12.004099999999998 11.3013
11.946800000000001 11.2962
11.8965 11.296
12.288000000000002 11.293000000000001
12.298600000000002 11.3006
13.098899999999999 11.2998
14.1289 11.302100000000003
14.9112 11.300699999999999
16.256899999999995 11.3061
17.4181 11.3122
17.9755 11.323500000000001
18.0165 11.332699999999999
16.4068 11.337299999999999
15.599300000000001 11.3374
14.239300000000002 11.3456
13.9101 11.349299999999998
13.300999999999998 11.3562
12.249600000000001 11.356100000000001
11.6118 11.348799999999999
11.4701 11.3481
12.1207 11.3515
11.879 11.3451
11.946800000000001 11.3381
12.1515 11.3319
11.763900000000001 11.328100000000001
11.527899999999999 11.319700000000001
12.534400000000002 11.323500000000001
12.876299999999999 11.322700000000001
12.2933 11.325800000000001
12.117799999999997 11.3187
12.240699999999999 11.3255
11.571599999999998 11.3082
12.747900000000001 11.331599999999998
12.510800000000003 11.3195
12.6825 11.323500000000001
11.651000000000003 11.312899999999999
11.0886 11.307500000000001
11.013799999999998 11.3006
10.860399999999998 11.304400000000001
11.8279 11.3121
12.382700000000002 11.165700000000001
13.165299999999998 10.70159
12.9438 10.7242
12.3321 10.7268
12.185899999999995 10.727399999999998
13.0963 10.7404
13.406400000000001 10.7602
12.6245 10.768799999999997
12.569300000000002 10.7699
12.0827 10.7657
12.3277 10.7661
12.069000000000003 10.765399999999998
12.714699999999995 10.7828
12.795100000000001 10.786900000000001
12.242200000000002 10.7781
12.715399999999999 10.7711
12.940900000000003 10.7727
12.6709 10.765799999999997
13.039900000000001 10.779900000000001
12.747799999999998 10.7828
13.003699999999995 10.7829
12.8048 10.761
12.4836 10.7586
12.245299999999999 10.764700000000001
12.5997 10.773
12.569000000000003 10.7843
12.296700000000001 10.793
11.706499999999998 10.7873
12.0437 10.7864
11.819100000000002 10.7845
11.4836 10.7823
11.628200000000003 10.778499999999998
12.182500000000003 10.802600000000002
11.9944 10.7964
12.129999999999999 10.791399999999998
12.114299999999998 10.787999999999998
12.9026 10.7956
12.1588 10.799299999999999
12.469499999999998 10.798699999999998
13.434 10.801999999999998
12.783800000000003 10.8079
13.0548 10.803899999999999
12.3283 10.797
11.4792 10.7916
12.242100000000002 10.797700000000003
11.6693 10.792499999999999
12.634300000000001 10.806299999999998
12.3717 10.812199999999999
11.973600000000001 10.8098
11.759199999999998 10.7999
11.8169 10.796600000000002
11.958899999999998 10.796399999999998
11.8821 10.814400000000001
11.953800000000001 10.814
11.4526 10.815399999999999
11.774399999999998 10.8108
11.6339 10.806199999999999
11.8285 10.8053
11.904800000000002 10.811
12.073599999999999 10.8162
12.128599999999999 10.8279
12.261200000000002 10.9797
12.0952 10.8458
11.1832 10.834399999999999
11.0451 10.835199999999999
11.538 10.832099999999999
12.214 10.843
12.359700000000002 10.8384
12.5221 10.840800000000002
11.608799999999999 10.827700000000002
11.569199999999999 10.821000000000002
12.227400000000001 10.817800000000002
12.083499999999999 10.828900000000003
12.091000000000001 10.833400000000001
12.3666 10.8343
12.3483 10.8345
11.544800000000002 10.8486
11.180200000000001 10.840599999999998
10.92 10.8381
11.280199999999997 10.8325
12.880700000000001 10.8574
13.1024 10.8707
12.792800000000002 10.8808
12.0987 10.8769
12.012400000000001 10.8857
12.3329 10.891299999999998
12.003100000000002 10.9067
12.7217 10.9042
12.804100000000002 10.869000000000002
13.0406 10.870300000000002
12.983499999999998 10.861600000000001
13.034 10.8551
12.976200000000004 10.858900000000002
12.6777 10.8677
13.040199999999999 10.864800000000002
13.2524 10.864800000000002
13.2271 10.872200000000001
13.360400000000002 10.869900000000003
12.875700000000002 10.866200000000001
12.900699999999999 10.8609
12.837200000000001 10.870400000000002
13.121000000000002 10.8696
13.2491 10.8756
13.364800000000002 10.871599999999999
12.858600000000001 10.8699
12.9189 10.862099999999998
13.2989 10.873200000000002
13.2918 10.876700000000001
13.082099999999999 10.8807
13.314700000000002 10.876800000000001
13.2318 10.8859
12.716000000000003 10.8751
13.1225 10.872
11.772200000000003 10.8639
11.6424 10.868000000000002
12.096399999999997 10.8733
12.452700000000002 10.8749
12.963099999999999 10.882299999999999
12.803499999999998 10.8757
11.999500000000001 10.864600000000001
12.334 10.870000000000001
12.4811 10.8734
12.4426 10.8893
12.197 10.8886
12.781600000000001 10.890900000000002
12.170400000000003 10.878000000000002
12.5747 10.8874
11.7958 10.8814
12.375499999999999 10.8842
12.8356 10.8924
12.520000000000001 10.889700000000001
12.6076 10.887500000000001
12.687000000000001 11.037699999999997
12.390899999999998 10.9146
12.570299999999998 10.9153
11.992799999999997 10.913599999999999
12.5419 10.914499999999999
12.6153 10.9158
12.4039 10.9208
12.403199999999998 10.911100000000001
12.199300000000001 10.912700000000001
11.1842 10.8886
12.055900000000001 10.902300000000002
12.573300000000001 10.9106
11.8864 10.916200000000002
11.962200000000001 10.9101
12.584499999999995 11.046299999999999
12.6326 10.9179
12.3566 10.9116
13.487200000000001 10.9302
12.7502 10.933699999999998
11.860199999999999 10.930200000000001
13.073699999999999 10.9219
12.8097 10.928199999999999
12.667099999999998 10.9203
12.249 10.9196
11.6456 10.9429
12.3931 11.0169
12.2802 10.936300000000001
12.062700000000001 10.933599999999998
11.9522 10.9361
12.4391 10.928199999999999
12.079600000000003 10.933700000000002
12.130600000000001 10.922400000000001
11.954600000000003 10.931199999999999
11.435599999999999 10.9268
11.447700000000001 10.938299999999996
11.312700000000001 10.935999999999998
11.5997 10.949800000000002
11.232700000000003 10.9397
11.100800000000001 10.9309
11.533200000000003 10.930100000000001
11.5592 10.937500000000002
11.9613 10.942900000000002
11.780700000000001 10.947400000000002
11.2472 10.935500000000001
11.070100000000002 10.938400000000001
11.335199999999999 11.084800000000001
11.7522 10.965900000000001
11.943699999999998 11.092500000000003
11.538800000000002 10.9549
11.3813 10.9565
11.100700000000002 10.9581
11.527199999999997 10.9604
11.205400000000001 10.9696
11.491499999999998 10.9711
11.340399999999999 10.9727
11.477100000000002 10.9644
11.616599999999998 10.969800000000001
10.2452 10.946699999999998
12.2224 11.080100000000002
12.2484 10.9963
12.058600000000002 10.9968
12.5957 10.991700000000002
12.802399999999997 11.127600000000001
12.750100000000003 11.0093
11.915500000000002 11.0032
12.1123 11.0023
12.191899999999999 10.993200000000002
11.689799999999998 10.993200000000002
11.1984 10.998600000000003
11.111300000000002 10.9955
10.919899999999998 10.9894
11.4656 10.988599999999998
12.103000000000002 11.0078
11.9615 11.0023
12.577 11.006999999999998
12.638200000000003 10.999999999999998
11.859 11.0017
11.553999999999998 11.0007
11.1505 11.0085
11.240500000000003 11.0109
11.318999999999999 11.0047
11.256699999999999 11.004800000000001
11.3296 11.0061
