8.655 8.167
7.849 8.008
6.946 7.703
6.97 7.471
21.319 22.424
8.459 7.5200000000000005
7.422 7.471
7.959 7.483
7.1290000000000004 7.457999999999999
7.019 7.457999999999999
7.19 7.471
8.508000000000001 7.5200000000000005
8.118 8.312999999999999
7.031 8.179
7.0680000000000005 7.8740000000000006
7.0680000000000005 7.581
8.679 7.532
7.678 7.483
7.457999999999999 7.471
7.141 7.471
7.117 7.457999999999999
7.788 7.457999999999999
8.057 7.5200000000000005
8.032 7.483
7.324 8.301
7.092 8.154
7.08 7.8740000000000006
8.618 7.629
7.9350000000000005 7.483
6.995 7.471
7.0680000000000005 7.471
7.031 7.471
8.447000000000001 7.471
7.349 7.483
8.105 7.483
7.166 7.457999999999999
7.3 8.301
7.178 8.154
8.765 7.9350000000000005
8.105 7.654
7.202 7.483
7.104000000000001 7.457999999999999
7.178 7.446
8.716 7.495
7.166 7.471
7.947 7.471
7.0680000000000005 7.457999999999999
7.031 7.457999999999999
7.324 8.093
8.752 7.959
8.032 7.678
7.092 7.471
7.0680000000000005 7.471
6.995 7.471
17.126 15.050999999999998
7.08 7.483
7.666 7.483
6.897 7.471
13.538 14.928999999999998
6.848 7.446
8.434999999999999 8.179
7.629 7.996
6.543 7.666
6.519 7.471
6.47 7.457999999999999
7.886 7.483
6.519 7.457999999999999
7.08 7.471
6.274 7.457999999999999
6.262 7.446
6.2379999999999995 7.457999999999999
7.593 7.5200000000000005
7.166 8.129999999999999
6.171 7.947
6.104 7.629
6.024 7.457999999999999
7.373 7.495
5.939 7.483
6.714 7.471
6.018 7.471
5.9270000000000005 7.471
5.896 7.457999999999999
7.385 7.5200000000000005
5.933 7.483
6.775 8.167
5.9270000000000005 7.971
5.884 7.666
5.859 7.457999999999999
7.385 7.532
6.299 7.471
6.152 7.471
5.792 7.457999999999999
5.718999999999999 7.457999999999999
5.548 7.446
6.885 7.495
6.189 7.457999999999999
5.768 8.105
5.499 7.91
5.524 7.617
5.505 7.446
7.532 7.532
5.89 7.457999999999999
5.896 7.457999999999999
5.701 7.457999999999999
5.7250000000000005 7.471
5.688 7.446
6.848 7.495
5.481 7.457999999999999
6.335 8.118
5.396 7.898
5.414 7.593
5.414 7.446
6.909 7.483
5.817 7.457999999999999
6.641 7.471
5.408 7.446
5.328 7.446
5.298 7.446
6.482 7.483
5.237 7.446
5.914 8.105
5.463 7.947
5.273 7.617
5.225 7.446
6.47 7.471
5.267 7.446
5.219 7.446
5.981 7.446
5.225 7.434
5.322 7.446
6.604 7.495
5.316 7.446
5.524 8.301
5.341 8.118
6.158 7.825
5.365 7.544
6.604 7.495
5.408 7.457999999999999
5.432 7.471
5.303999999999999 7.446
5.316 7.446
6.104 7.471
6.531000000000001 7.483
5.389 7.446
5.902 8.325000000000001
5.718999999999999 8.142000000000001
5.67 7.837
5.591 7.532
7.788 7.495
5.542 7.446
5.554 7.457999999999999
5.5969999999999995 7.434
5.566 7.434
5.6579999999999995 7.446
7.141 7.495
6.616 7.471
6.012 8.289
5.840999999999999 8.129999999999999
5.872 7.837
5.92 7.532
7.3 7.507
5.975 7.446
6.885 7.457999999999999
6.012 7.457999999999999
6.11 7.434
6.171 7.434
7.654 7.495
6.219 7.446
6.47 8.24
7.153 8.129999999999999
6.482 7.837
6.458 7.532
8.057 7.507
6.506 7.446
6.555 7.446
6.616 7.457999999999999
7.227 7.446
7.0680000000000005 7.457999999999999
8.386000000000001 7.507
6.763 7.446
7.019 8.264000000000001
6.836 8.118
6.848 7.849
7.703 7.544
8.484 7.507
6.848 7.457999999999999
6.848 7.457999999999999
6.885 7.446
6.909 7.446
6.873 7.471
9.569999999999999 7.507
6.934 7.446
7.1290000000000004 8.105
6.946 7.91
6.97 7.593
6.981999999999999 7.446
8.643 7.5200000000000005
7.971 7.471
6.946 7.446
6.885 7.471
6.836 7.446
6.859999999999999 7.446
8.533 7.483
7.825 7.471
6.995 8.276
6.946 8.105
6.885 7.811999999999999
6.885 7.507
8.667 7.495
7.849 7.483
6.897 7.446
7.007 7.446
7.031 7.471
7.056 7.457999999999999
8.716 7.495
8.008 7.483
14.27 16.186
6.885 7.898
14.001999999999997 15.233999999999998
6.873 7.483
8.533 7.507
7.764 7.471
6.934 7.483
6.836 7.457999999999999
6.885 7.457999999999999
7.727 7.483
8.008 7.495
16.723 14.989999999999998
7.08 8.301
13.768999999999998 16.26
13.501000000000001 15.589
15.966999999999999 15.235
7.811999999999999 7.471
6.897 7.457999999999999
6.920999999999999 7.471
6.995 7.457999999999999
7.251 7.457999999999999
8.923 7.556
7.849 7.471
7.153 7.457999999999999
7.361 8.312999999999999
7.141 8.142000000000001
8.728 7.898
7.996 7.666
14.404 14.978
6.995 7.471
13.829999999999998 14.915999999999999
7.7509999999999994 7.483
16.675 15.015
7.335999999999999 7.457999999999999
6.995 7.471
13.904 14.915999999999999
7.117 8.093
8.495999999999999 7.947
7.825 7.6899999999999995
18.664 22.435999999999996
6.885 7.446
6.981999999999999 7.471
8.472 7.495
7.825 7.483
14.428999999999997 14.942
13.929 14.904
7.043000000000001 7.446
7.007 7.471
8.691 8.142000000000001
15.71 15.905999999999999
6.958 7.6899999999999995
13.757 14.966000000000001
6.934 7.457999999999999
8.520999999999999 7.5200000000000005
7.898 7.507
7.031 7.471
7.031 7.457999999999999
6.995 7.471
7.263 7.457999999999999
8.301 7.507
8.057 7.629
7.019 7.471
7.031 7.457999999999999
7.007 7.471
8.581999999999999 7.5200000000000005
7.947 7.471
7.117 7.471
7.1290000000000004 7.483
7.043000000000001 7.471
8.118 7.483
8.24 7.532
7.361 7.483
