12.9042 9.9037
12.8357 9.901399999999999
12.309900000000003 9.887599999999999
12.330199999999996 9.874899999999998
12.085700000000001 9.866399999999999
11.6809 9.8543
10.687999999999999 9.8373
9.7351 9.8121
10.3188 9.811299999999997
10.450800000000001 9.8204
10.588000000000001 9.813600000000001
10.067600000000002 9.7938
9.477700000000002 9.7792
7.686500000000001 9.742
7.0171 9.704
7.0931 9.681700000000001
7.083999999999999 9.6776
6.8787 9.680200000000001
6.866000000000001 9.677900000000001
6.5537 9.667300000000001
6.634400000000001 9.661900000000003
6.658399999999999 9.652700000000001
7.316800000000001 9.6527
7.219999999999999 9.644599999999997
6.957499999999999 9.643699999999997
7.1251 9.6375
7.0573999999999995 9.6247
6.752 9.620099999999997
6.945900000000001 9.6176
6.942799999999999 9.6162
7.0539000000000005 9.613900000000001
6.942399999999998 9.600900000000001
6.9434 9.598399999999998
7.0405999999999995 9.5902
7.068200000000001 9.59
7.330700000000001 9.5886
7.315300000000001 9.5839
7.0174 9.574799999999998
7.006099999999998 9.5702
7.098899999999999 9.5634
7.2358 9.559499999999998
7.417399999999998 9.5588
7.477700000000001 9.5589
7.454100000000001 9.553600000000001
7.1534 9.5453
6.964600000000002 9.534300000000002
6.8513 9.526699999999998
6.9357000000000015 9.516699999999998
7.4574 9.5223
7.522499999999999 9.517499999999998
7.6110999999999995 9.5161
7.019499999999999 9.501800000000001
7.2689 9.498500000000002
8.224499999999999 9.5045
8.5268 9.511399999999998
8.251 9.496900000000002
7.702400000000001 9.478200000000001
7.580600000000001 9.464900000000002
7.785299999999999 9.462900000000001
7.5844 9.459100000000003
7.805700000000002 9.458200000000003
7.529999999999999 9.4461
7.1412 9.434499999999998
7.086300000000001 9.430500000000002
7.140700000000002 9.4304
7.215600000000001 9.4266
7.174600000000002 9.418399999999998
7.1019 9.405599999999998
6.9328 9.3995
7.310399999999998 9.3957
7.525599999999999 9.3964
7.3378 9.3896
7.4648 9.3811
6.994600000000001 9.367099999999999
6.983199999999999 9.363399999999999
7.1003 9.3583
7.4257 9.3621
7.348299999999999 9.3552
7.2585999999999995 9.343700000000002
6.8694999999999995 9.330600000000002
7.0825 9.3238
7.4277999999999995 9.323800000000002
7.769300000000001 9.3216
7.7559000000000005 9.3116
7.403700000000001 9.294899999999998
7.721299999999999 9.2889
8.282899999999998 9.2957
8.369900000000001 9.2918
8.1058 9.285099999999998
7.651999999999999 9.2643
8.065900000000001 9.265200000000002
8.385000000000002 9.2653
8.750600000000002 9.265400000000001
7.961300000000001 9.2468
7.3616 9.227
8.712799999999998 9.232300000000002
9.1849 9.235399999999998
8.7745 9.232999999999999
8.449100000000001 9.224499999999999
8.162200000000002 9.210199999999999
8.710799999999999 9.213299999999998
8.9512 9.2132
8.4671 9.2055
8.129800000000001 9.189599999999999
8.7647 9.186499999999999
8.99 9.1874
8.733699999999999 9.1864
8.304099999999998 9.179699999999999
7.693899999999999 9.1675
7.3557000000000015 9.1539
8.065 9.157599999999999
8.027700000000003 9.1569
8.3741 9.1613
8.0857 9.1468
7.8687 9.127099999999999
8.098999999999998 9.1187
8.8675 9.1301
8.9341 9.127400000000002
9.3337 9.127399999999998
8.520499999999998 9.1117
8.449200000000001 9.1003
9.156299999999998 9.095
9.814699999999998 9.1079
10.045300000000001 9.104700000000001
10.6838 9.113399999999999
10.4107 9.0996
10.3321 9.095
10.363 9.088200000000002
11.208700000000002 9.0956
11.3889 9.0965
10.3859 9.086500000000001
9.5151 9.067400000000001
9.640199999999998 9.050600000000001
10.013900000000001 9.052399999999999
10.861799999999999 9.178299999999998
10.8852 9.054699999999999
10.2 9.044500000000001
9.1507 9.0265
9.0755 9.0226
10.459399999999999 9.035500000000003
11.5616 9.040900000000002
12.0819 9.038699999999999
11.342199999999998 9.0287
10.6213 9.018999999999998
10.4443 9.0141
10.748600000000003 9.020999999999999
11.3938 9.027000000000001
11.520299999999997 9.025400000000001
10.7664 9.020100000000001
9.707000000000003 9.0034
9.875499999999999 9.098199999999999
10.180299999999997 9.0798
10.925399999999998 9.0178
11.6364 9.0104
11.5586 9.0079
10.2486 8.9874
9.8768 8.9777
9.4628 8.9724
10.4679 8.9752
10.908599999999998 8.988100000000001
11.214300000000001 8.988100000000001
10.269 8.9767
9.9458 8.9706
9.885100000000001 8.964500000000001
11.351799999999999 8.973
11.8155 8.9866
11.8441 8.994200000000001
11.434800000000003 8.9907
10.7917 8.9752
10.981200000000001 8.9738
11.775300000000003 8.975400000000002
12.193099999999998 8.9784
11.906300000000002 8.977699999999999
10.5875 8.965300000000001
10.8285 8.9553
11.1409 8.959200000000001
11.7524 8.9544
13.6132 8.982900000000003
12.733 8.981300000000001
11.767999999999999 8.979800000000001
10.9787 8.9621
10.081199999999999 8.9553
10.242 8.9516
11.770100000000001 8.967099999999999
12.2476 8.974499999999999
11.917100000000003 8.9783
11.335900000000002 8.97
10.526400000000002 8.953799999999998
10.822 8.949999999999998
10.686499999999999 8.9392
12.5174 8.9613
12.235800000000001 8.963000000000001
12.105199999999998 8.9607
11.176499999999997 8.9439
10.2318 8.9334
10.408600000000002 8.9319
11.586899999999996 8.9432
11.631399999999998 8.949899999999998
11.616099999999998 8.9477
10.6292 8.937899999999999
10.004000000000001 8.925699999999999
10.258099999999999 8.924900000000001
10.757399999999999 8.928800000000003
11.642999999999999 8.947
12.324699999999998 8.9447
12.000599999999999 8.9417
11.6443 8.928
11.1328 8.922699999999999
11.2411 8.917399999999999
12.029399999999999 8.938600000000003
12.372099999999998 8.942400000000001
12.1806 8.940199999999999
11.1031 8.920399999999999
10.894699999999998 8.9127
10.106199999999998 8.879800000000003
11.386299999999999 8.898200000000001
12.799299999999999 8.924199999999999
12.311099999999998 8.923399999999997
12.565400000000002 9.060599999999999
11.499300000000002 8.9179
10.6221 8.901299999999999
11.8525 8.918800000000001
11.872299999999997 8.9198
11.7201 8.917300000000001
11.005700000000001 8.9081
10.551499999999999 8.8959
10.2839 8.886500000000002
10.390099999999999 8.8836
11.4677 8.904199999999998
11.6417 8.9097
11.115600000000002 8.900400000000001
9.730300000000002 8.8684
9.608100000000002 8.8585
10.027699999999998 8.8547
11.293800000000001 8.872
12.434199999999999 8.8831
13.2391 9.025399999999998
12.1248 8.8868
10.809499999999996 8.8621
10.697700000000001 8.848400000000002
11.9613 8.853900000000001
14.348700000000001 8.883700000000001
14.406100000000002 8.888400000000003
13.501700000000003 8.913400000000001
12.647400000000001 8.953
12.342400000000001 8.8995
11.854199999999999 8.849400000000001
13.1004 8.872200000000001
14.1248 8.8927
14.017399999999999 8.8897
12.713199999999999 8.872
12.198299999999998 8.843399999999999
12.254700000000001 8.8326
12.3845 8.831999999999999
13.264000000000001 8.859999999999998
13.455400000000001 8.866900000000001
12.869 8.869200000000001
12.239700000000001 8.8493
11.9901 8.844000000000001
11.3884 8.8272
13.6051 8.863900000000001
13.8215 8.8738
13.8094 8.883
12.408599999999998 8.869799999999998
12.4992 8.8539
12.4173 8.8347
13.669599999999999 8.857099999999999
13.977400000000001 8.866
13.147400000000001 8.8583
12.6075 8.8394
12.2864 8.830199999999998
11.702 8.8173
12.853100000000001 8.836999999999998
13.683200000000003 8.8622
14.2683 8.8682
13.3061 8.8517
12.358400000000003 8.834099999999998
12.5419 8.8235
12.5028 8.834199999999997
14.080799999999998 8.857999999999999
13.990599999999997 8.868299999999998
13.339400000000001 8.859899999999998
12.656000000000004 8.8272
12.491500000000002 8.8127
13.766300000000001 8.8303
14.6202 8.8562
14.964099999999997 8.855399999999998
14.069900000000002 8.8365
