19.53 11.540000000000001
18.459999999999997 11.55
19.68 11.540000000000001
18.6 11.52
19.12 11.540000000000001
19.56 11.540000000000001
17.14 11.52
21.07 11.55
16.650000000000002 11.540000000000001
21.68 11.540000000000001
16.650000000000002 11.55
19.31 11.540000000000001
19.12 11.55
18.41 11.55
20.02 11.540000000000001
18.459999999999997 11.55
18.21 11.55
20.19 11.540000000000001
16.7 11.51
21.85 11.57
16.669999999999998 11.55
20.43 11.540000000000001
17.8 11.55
18.509999999999998 11.52
20.14 11.540000000000001
18.58 11.540000000000001
19.31 11.540000000000001
19.12 11.540000000000001
17.7 11.540000000000001
20.8 11.600000000000001
16.650000000000002 11.55
21.22 11.55
21.29 11.58
20.39 11.58
18.26 11.600000000000001
18.48 11.559999999999999
17.41 11.559999999999999
20.09 11.559999999999999
21.07 11.58
18.529999999999998 11.57
17.26 11.540000000000001
21.240000000000002 11.57
16.869999999999997 11.559999999999999
21.8 11.559999999999999
16.82 11.55
19.46 11.55
19.34 11.55
18.38 11.55
20.169999999999998 11.540000000000001
18.48 11.55
18.21 11.540000000000001
20.169999999999998 11.559999999999999
16.8 11.540000000000001
21.8 11.559999999999999
16.939999999999998 11.57
19.139999999999997 11.540000000000001
19.41 11.540000000000001
18.529999999999998 11.55
20.07 11.559999999999999
18.38 11.540000000000001
19.040000000000003 11.55
19.650000000000002 11.55
16.85 11.51
21.83 11.57
16.89 11.559999999999999
20.43 11.55
18.02 11.55
18.360000000000003 11.55
20.119999999999997 11.559999999999999
18.38 11.55
19.34 11.55
19.29 11.540000000000001
17.43 11.52
21.02 11.57
16.85 11.55
21.240000000000002 11.540000000000001
17.26 11.55
19.38 11.540000000000001
19.31 11.57
18.459999999999997 11.55
19.09 11.540000000000001
19.509999999999998 11.55
18.55 11.55
20.26 11.600000000000001
16.869999999999997 11.55
20.95 11.559999999999999
17.72 11.559999999999999
21.0 11.559999999999999
18.38 11.559999999999999
18.7 11.55
19.68 11.559999999999999
19.040000000000003 11.559999999999999
19.78 11.55
19.17 11.559999999999999
16.939999999999998 11.55
20.560000000000002 11.559999999999999
17.41 11.540000000000001
21.75 11.559999999999999
18.8 11.58
18.75 11.559999999999999
19.650000000000002 11.58
18.68 11.57
19.21 11.55
19.950000000000003 11.600000000000001
17.68 11.559999999999999
21.51 11.559999999999999
17.14 11.559999999999999
22.09 11.559999999999999
17.14 11.559999999999999
20.36 11.55
18.970000000000002 11.57
18.82 11.559999999999999
20.53 11.559999999999999
18.68 11.57
19.869999999999997 11.57
19.29 11.559999999999999
17.21 11.540000000000001
21.92 11.57
16.97 11.540000000000001
21.73 11.559999999999999
17.26 11.559999999999999
20.04 11.55
18.970000000000002 11.58
19.36 11.559999999999999
19.68 11.55
18.63 11.55
20.29 11.55
18.73 11.559999999999999
18.459999999999997 11.55
20.51 11.559999999999999
17.11 11.52
22.09 11.57
16.939999999999998 11.57
20.53 11.559999999999999
18.55 11.55
18.970000000000002 11.540000000000001
20.630000000000003 11.559999999999999
18.82 11.559999999999999
19.73 11.559999999999999
19.41 11.55
18.19 11.55
21.48 11.600000000000001
17.41 11.55
21.66 11.57
17.11 11.55
21.51 11.55
17.990000000000002 11.57
20.04 11.559999999999999
19.53 11.559999999999999
19.259999999999998 11.55
20.87 11.559999999999999
18.82 11.559999999999999
18.92 11.55
20.29 11.559999999999999
17.24 11.55
22.14 11.58
17.02 11.57
21.46 11.559999999999999
17.919999999999998 11.55
20.46 11.559999999999999
18.990000000000002 11.600000000000001
19.38 11.559999999999999
19.950000000000003 11.57
18.87 11.559999999999999
20.630000000000003 11.559999999999999
18.75 11.57
18.509999999999998 11.55
20.53 11.559999999999999
17.11 11.55
22.09 11.58
17.65 11.57
21.29 11.559999999999999
18.26 11.559999999999999
20.24 11.55
19.38 11.57
19.950000000000003 11.559999999999999
19.869999999999997 11.57
18.73 11.55
20.61 11.57
18.77 11.58
19.34 11.55
20.0 11.559999999999999
17.5 11.55
21.68 11.600000000000001
17.380000000000003 11.559999999999999
21.61 11.559999999999999
17.380000000000003 11.55
22.09 11.559999999999999
17.19 11.55
20.29 11.55
19.139999999999997 11.57
18.75 11.55
20.580000000000002 11.559999999999999
18.68 11.559999999999999
20.34 11.559999999999999
18.990000000000002 11.55
19.97 11.55
19.34 11.57
18.43 11.540000000000001
20.73 11.559999999999999
17.11 11.55
22.24 11.58
17.14 11.559999999999999
21.07 11.559999999999999
18.04 11.55
21.12 11.559999999999999
18.65 11.600000000000001
19.869999999999997 11.55
19.869999999999997 11.559999999999999
18.82 11.55
20.61 11.559999999999999
18.68 11.57
19.53 11.559999999999999
19.869999999999997 11.55
18.529999999999998 11.540000000000001
20.95 11.57
17.68 11.55
21.68 11.559999999999999
16.99 11.540000000000001
25.88 11.58
17.48 11.61
20.53 11.58
18.7 11.559999999999999
18.85 11.559999999999999
20.630000000000003 11.600000000000001
18.77 11.559999999999999
19.85 11.55
19.580000000000002 11.559999999999999
19.53 11.559999999999999
20.19 11.600000000000001
17.75 11.559999999999999
22.24 11.57
17.16 11.559999999999999
22.36 11.57
17.26 11.55
20.61 11.57
18.970000000000002 11.55
19.24 11.55
20.630000000000003 11.559999999999999
18.990000000000002 11.559999999999999
20.02 11.55
19.919999999999998 11.55
19.97 11.540000000000001
19.950000000000003 11.58
18.14 11.55
21.8 11.55
17.21 11.55
22.509999999999998 11.61
17.599999999999998 11.58
21.63 11.559999999999999
20.26 11.55
20.39 11.559999999999999
21.85 11.57
20.39 11.55
21.41 11.55
19.869999999999997 11.55
20.14 11.540000000000001
20.31 11.55
18.38 11.540000000000001
22.17 11.55
17.68 11.540000000000001
22.85 11.58
17.5 11.55
21.07 11.55
18.43 11.55
20.849999999999998 11.540000000000001
20.41 11.540000000000001
18.26 11.540000000000001
18.529999999999998 11.55
21.0 11.540000000000001
19.68 11.52
20.21 11.57
17.9 11.540000000000001
21.68 11.55
17.53 11.540000000000001
22.29 11.559999999999999
17.14 11.55
20.34 11.55
19.17 11.55
18.92 11.540000000000001
20.61 11.55
18.87 11.55
18.509999999999998 11.540000000000001
20.24 11.55
17.9 11.55
22.0 11.55
17.19 11.52
21.63 11.559999999999999
