7.6899999999999995 10.74
7.629 10.75
8.679 10.75
7.825 10.79
8.801 10.8
7.532 10.780000000000001
7.825 10.74
7.507 10.74
7.581 10.73
8.057 10.75
8.63 10.77
7.457999999999999 10.77
7.605 10.75
7.5200000000000005 10.74
8.643 10.74
7.776 10.75
8.495999999999999 10.8
7.556 10.75
7.8740000000000006 10.77
7.349 10.72
7.642 10.72
7.8740000000000006 10.74
8.289 10.8
7.1290000000000004 10.75
7.971 10.74
7.483 10.75
8.484 10.72
7.825 10.73
8.386000000000001 10.780000000000001
7.324 10.71
7.811999999999999 10.75
7.349 10.75
7.849 10.74
7.886 10.74
8.533 10.8
7.605 10.77
7.959 10.74
7.239 10.73
8.728 10.74
8.093 10.75
8.484 10.77
7.495 10.72
8.325000000000001 10.73
7.666 10.780000000000001
7.959 10.73
8.373999999999999 10.74
8.972 10.83
7.678 10.71
8.289 10.780000000000001
7.922 10.780000000000001
9.325999999999999 10.77
8.276 10.73
9.119 10.780000000000001
7.837 10.75
8.508000000000001 10.75
8.118 10.77
8.276 10.77
8.581999999999999 10.75
9.131 10.8
7.947 10.73
8.301 10.780000000000001
7.922 10.74
9.497 10.74
8.508000000000001 10.75
9.058 10.780000000000001
7.811999999999999 10.73
8.154 10.72
8.008 10.74
8.228 10.75
8.447000000000001 10.77
8.704 10.79
7.727 10.73
8.129999999999999 10.74
7.788 10.73
9.167 10.780000000000001
8.35 10.75
8.765 10.780000000000001
7.837 10.72
8.093 10.75
7.7509999999999994 10.77
8.081000000000001 10.74
8.228 10.77
8.643 10.79
7.532 10.69
8.190999999999999 10.8
7.8 10.75
9.302000000000001 10.73
8.679 10.73
9.07 10.79
8.228 10.74
8.398 10.77
8.484 10.74
8.85 10.75
9.009 10.77
9.302000000000001 10.780000000000001
8.154 10.75
8.63 10.74
8.362 10.780000000000001
9.436 10.77
9.729000000000001 10.77
10.9 10.85
8.520999999999999 10.780000000000001
8.923 10.73
8.373999999999999 10.72
8.838 10.780000000000001
8.423 10.74
10.280000000000001 10.82
8.398 10.74
8.752 10.74
8.190999999999999 10.75
9.875 10.780000000000001
8.325000000000001 10.75
10.13 10.83
7.959 10.74
8.520999999999999 10.77
8.105 10.75
8.167 10.73
7.715 10.72
9.656 10.8
7.727 10.75
7.971 10.72
7.5200000000000005 10.73
9.033 10.73
7.7509999999999994 10.71
9.29 10.77
7.642 10.71
8.167 10.73
7.715 10.74
8.167 10.74
7.886 10.75
9.521 10.73
7.837 10.75
8.154 10.75
7.739 10.71
9.167 10.77
7.898 10.73
9.9 10.8
8.068999999999999 10.72
8.373999999999999 10.68
7.739 10.73
8.093 10.71
7.581 10.73
9.546000000000001 10.75
7.544 10.69
8.118 10.72
7.629 10.69
9.350999999999999 10.71
8.093 10.69
9.973 10.83
8.142000000000001 10.74
8.301 10.74
8.105 10.71
8.362 10.71
8.008 10.72
9.705 10.72
8.24 10.73
8.35 10.74
8.057 10.72
9.912 10.73
8.251999999999999 10.74
10.36 10.74
8.508000000000001 10.73
8.801 10.72
8.373999999999999 10.71
8.667 10.71
8.472 10.74
10.45 10.75
8.068999999999999 10.73
8.643 10.73
8.179 10.74
9.802 10.77
8.398 10.77
10.16 10.75
8.459 10.79
8.63 10.73
8.276 10.73
8.533 10.73
8.228 10.73
10.190000000000001 10.74
8.276 10.74
8.704 10.75
8.434999999999999 10.73
9.851 10.75
8.398 10.780000000000001
10.5 10.82
8.301 10.75
8.655 10.73
8.167 10.75
8.716 10.780000000000001
8.093 10.77
10.23 10.77
8.203000000000001 10.780000000000001
8.533 10.72
9.203999999999999 10.75
8.997 10.77
8.35 10.77
10.18 10.77
8.142000000000001 10.73
8.667 10.74
8.129999999999999 10.780000000000001
8.606 10.77
8.228 10.75
10.16 10.82
8.179 10.75
8.643 10.77
9.607000000000001 10.74
9.558 10.85
8.057 10.82
10.83 10.84
8.251999999999999 10.83
8.972 10.780000000000001
8.032 10.780000000000001
8.74 10.79
8.02 10.77
10.38 10.82
7.9350000000000005 10.82
9.802 10.75
7.9350000000000005 10.780000000000001
8.85 10.8
7.849 10.8
10.14 10.8
7.727 10.75
8.447000000000001 10.780000000000001
7.7509999999999994 10.780000000000001
17.713 21.6
7.678 10.74
10.39 10.83
9.363000000000001 10.780000000000001
8.972 10.79
8.032 10.77
8.875 10.780000000000001
7.983 10.79
10.459999999999999 10.83
8.008 10.780000000000001
8.777 10.75
8.129999999999999 10.77
8.789 10.75
7.568 10.780000000000001
11.41 10.84
8.129999999999999 10.8
8.679 10.77
7.849 10.79
9.192 10.75
8.02 10.780000000000001
10.35 10.82
8.02 10.780000000000001
8.838 10.77
8.118 10.8
8.838 10.74
8.704 10.79
10.05 10.83
7.727 10.75
8.484 10.75
8.02 10.79
8.887 10.780000000000001
7.727 10.75
10.27 10.85
7.971 10.82
8.813 10.780000000000001
8.154 10.75
9.705 10.79
7.849 10.780000000000001
10.16 10.86
7.825 10.79
8.276 10.74
8.203000000000001 10.83
8.74 10.83
7.825 10.84
9.583 10.86
7.8 10.780000000000001
9.436 10.8
7.811999999999999 10.83
8.545 10.82
7.703 10.8
9.851 10.86
7.776 10.8
8.679 10.8
7.959 10.83
8.74 10.79
7.947 10.79
9.802 10.82
9.167 10.8
8.789 10.79
7.849 10.780000000000001
8.618 10.77
8.105 10.75
10.07 10.82
7.703 10.82
