22.0562 11.0217
21.980499999999996 11.043700000000001
20.7745 11.0313
20.6525 11.030499999999998
21.419600000000003 11.022300000000001
21.719700000000003 11.056599999999998
22.514799999999997 11.081099999999998
23.160800000000002 11.120599999999998
21.6198 11.1252
20.944000000000003 11.1115
20.653599999999997 11.119100000000001
20.792700000000004 11.129799999999998
22.665300000000002 11.1709
23.1674 11.1984
23.063400000000005 11.218300000000001
20.4428 11.2077
18.897 11.184099999999999
20.182600000000004 11.2092
21.434800000000003 11.246299999999998
22.469599999999996 11.2649
22.6187 11.284
21.156600000000005 11.281699999999999
20.244800000000005 11.262699999999999
20.2816 11.274799999999999
20.568399999999997 11.277099999999999
21.628400000000003 11.310799999999999
22.1306 11.332900000000002
21.7636 11.3441
21.416399999999996 11.3288
20.6127 11.3128
20.9836 11.310599999999999
21.4856 11.328299999999999
22.599200000000003 11.3532
22.487000000000002 11.3669
22.4073 11.3741
20.3486 11.364900000000002
19.7286 11.367799999999997
18.035999999999998 11.374499999999998
19.363999999999997 11.4149
18.5848 11.458499999999997
18.370299999999997 11.493599999999999
15.9692 11.504100000000001
15.242000000000003 11.497600000000002
14.757000000000001 11.492000000000003
15.859800000000002 11.5229
17.6572 11.565999999999999
18.386300000000002 11.601400000000002
18.466500000000003 11.626399999999999
16.410800000000002 11.599700000000002
15.949399999999999 11.583899999999996
15.9435 11.600299999999997
17.0565 11.616599999999998
18.163700000000002 11.664000000000001
17.2016 11.671400000000002
17.332299999999996 11.675099999999999
15.5805 11.6531
16.075200000000002 11.641499999999997
16.394000000000002 11.6524
17.6986 11.691299999999998
17.439400000000003 11.7081
16.249000000000002 11.6891
16.348499999999998 11.6866
16.713000000000005 11.699900000000001
16.700699999999998 11.7087
17.6734 11.732499999999998
17.656700000000004 11.755299999999998
16.1637 11.750699999999998
15.7835 11.7538
14.918700000000001 11.733100000000002
15.2733 11.753100000000002
15.332500000000001 11.7652
16.233900000000002 11.7843
17.187499999999996 11.8094
15.987500000000002 11.806600000000003
15.318900000000003 11.798900000000001
15.180200000000003 11.7958
15.385500000000002 11.8059
16.1429 11.8194
16.622400000000003 11.848999999999998
16.8953 11.868399999999998
15.5628 11.851599999999998
15.2639 11.851699999999997
14.715300000000003 11.845599999999997
16.2349 11.8538
17.6023 11.9004
17.1381 11.924700000000001
17.1539 11.923300000000001
15.9843 11.902600000000001
15.955599999999997 11.906199999999998
16.595900000000004 11.9225
18.264799999999997 11.968399999999999
18.274799999999995 11.972000000000001
18.802599999999998 11.975
16.709500000000002 11.6118
18.3122 11.5395
18.423099999999998 11.5915
19.298800000000004 11.6429
19.147500000000004 11.690899999999997
18.3007 11.561899999999998
17.6544 11.089699999999999
17.1624 11.124100000000002
17.960099999999997 11.1874
18.6432 11.245499999999998
18.109300000000005 11.288899999999998
17.544400000000003 11.3052
15.732799999999994 11.261000000000001
15.798100000000002 11.244600000000002
16.627499999999998 11.270499999999997
16.349299999999996 11.2888
15.9209 11.3042
14.791599999999999 11.2882
14.628600000000002 11.277999999999999
15.915 11.2911
16.649800000000003 11.324200000000001
17.099400000000003 11.3544
15.539200000000001 11.351300000000002
15.639799999999997 11.333700000000002
16.8692 11.360600000000002
18.9226 11.400400000000001
18.5121 11.421100000000001
17.899600000000003 11.4303
16.467199999999995 11.407399999999997
15.976099999999999 11.404399999999999
15.950699999999998 11.4053
17.606500000000004 11.444099999999999
18.2756 11.4754
17.7493 11.487900000000002
15.412199999999999 11.463800000000003
14.733099999999999 11.4506
15.3351 11.4723
15.851900000000002 11.499799999999999
16.5918 11.5176
17.7557 11.559800000000001
17.015499999999996 11.568
16.0525 11.552399999999999
15.8087 11.5463
15.640300000000002 11.5489
15.161100000000003 11.555200000000001
17.4986 11.607500000000002
16.705400000000004 11.6252
16.674699999999998 11.6309
16.0298 11.624099999999997
15.892700000000005 11.6287
15.9582 11.6321
15.686300000000001 11.6478
17.5491 11.688199999999998
16.871000000000002 11.691099999999999
16.5974 11.6877
15.0511 11.6654
15.1586 11.6639
15.486800000000004 11.6749
16.135699999999996 11.694799999999999
16.7256 11.728000000000002
16.540199999999995 11.737900000000003
16.000899999999998 11.716300000000002
15.4194 11.699700000000002
15.054899999999998 11.6827
17.8759 11.7427
19.2805 11.789800000000001
18.6072 11.783600000000002
17.5802 11.777099999999997
16.5639 11.754000000000001
17.2704 11.7507
16.3854 11.7509
17.5906 11.785599999999995
17.819200000000002 11.8071
18.2149 11.8127
16.4432 11.792100000000003
15.926099999999998 11.774
16.624200000000002 11.790799999999999
17.999800000000004 11.8165
18.244799999999998 11.8313
18.6907 11.842300000000002
16.959400000000002 11.827699999999998
16.5529 11.821
17.233500000000003 11.832499999999998
18.625200000000007 11.8629
18.8071 11.879000000000001
17.4859 11.872
16.1773 11.843899999999998
16.2039 11.843899999999998
16.8701 11.8513
17.720299999999998 11.8651
17.712900000000005 11.8805
16.9854 11.886099999999999
16.134400000000003 11.871399999999998
16.267800000000005 11.867200000000002
15.892499999999998 11.8699
16.5545 11.890400000000001
16.560900000000004 11.9
16.5874 11.907799999999998
16.4994 11.897499999999999
16.2804 11.898200000000001
16.0553 11.902899999999999
16.559299999999997 11.924699999999998
16.776400000000002 11.931599999999996
16.618699999999997 11.944899999999999
16.5055 11.9393
16.1557 11.9375
16.3563 11.946499999999997
16.856899999999996 11.9556
17.0923 11.960400000000002
17.1782 11.9698
16.9801 11.972199999999999
16.521 11.9697
15.926600000000002 11.964199999999998
16.825700000000005 11.987299999999998
16.6389 12.0007
16.533299999999997 12.005199999999999
15.691400000000005 12.0053
15.669100000000002 12.0087
15.03 12.001199999999997
13.6102 11.9664
16.867800000000003 12.017800000000001
16.888 12.0383
16.0373 12.036900000000001
16.310000000000002 12.0468
16.066899999999997 12.056000000000001
15.503000000000004 11.601500000000001
16.553800000000003 11.421799999999998
16.369 11.4805
15.845000000000004 11.498899999999999
16.1815 11.506499999999997
16.2986 11.527700000000001
16.133000000000003 11.5516
16.7218 11.5695
17.2107 11.591999999999999
16.2151 11.6024
16.305699999999998 11.6061
15.906899999999998 11.626700000000001
15.9827 11.6372
15.605400000000003 11.643699999999999
15.121100000000002 11.392900000000001
17.473300000000002 11.201400000000001
17.743100000000002 11.265199999999998
17.4271 11.290600000000001
17.378400000000003 11.317099999999996
17.3427 11.344899999999999
17.0974 11.361
16.440199999999997 11.381899999999998
16.683400000000002 11.3879
15.682600000000003 11.399500000000002
16.398799999999998 11.415700000000001
16.4188 11.439
17.688799999999997 11.4306
16.941 11.381099999999998
16.5166 11.3562
15.467400000000001 11.351000000000003
15.915400000000002 11.3571
16.439400000000003 11.3716
16.4288 11.3917
16.5304 11.4033
13.4324 10.8578
17.777099999999997 9.040099999999999
18.6185 8.636769999999999
18.837 8.7011
19.922899999999995 8.7983
18.8275 8.855
18.623 8.905899999999999
15.948699999999999 8.9326
15.6861 8.9677
15.775400000000001 9.033900000000001
16.148999999999997 9.0833
15.917 9.134900000000002
15.9665 9.1569
15.7298 9.0986
15.8815 9.068500000000002
15.5485 9.072300000000002
15.883599999999998 9.079300000000003
15.638700000000002 9.0967
15.9603 9.1075
15.796200000000002 9.1349
16.2214 9.163499999999999
16.1503 9.188600000000001
15.803199999999999 9.2094
15.355699999999997 9.2148
15.9194 9.2265
16.1706 9.2461
16.991500000000002 9.269400000000001
17.5099 9.3008
17.595399999999998 9.3307
17.7746 9.342900000000002
18.019800000000004 9.365800000000002
18.0862 9.386599999999998
18.130999999999997 9.4123
18.629600000000003 9.4338
18.1058 9.4532
17.471600000000002 9.470400000000001
