31.976199999999995 11.493799999999997
35.03351000000001 12.112777999999997
32.0461 11.447100000000002
32.359899999999996 11.4468
33.50880000000001 11.805900000000001
32.08640000000001 11.534499999999998
32.144600000000004 11.5023
32.3597 11.503199999999996
32.239 11.482299999999999
31.484740000000006 11.4796
32.0665 11.4694
32.55970000000001 11.779399999999999
31.687699999999992 11.451500000000001
32.0473 11.4458
32.0697 11.454400000000003
32.5805 11.4719
30.633600000000005 11.061800000000002
31.669699999999995 11.045600000000002
32.698899999999995 11.468200000000001
33.08579999999999 11.469999999999999
32.6162 11.476799999999997
32.425 11.469999999999999
32.32850000000001 11.4751
31.994600000000005 11.446699999999998
32.164300000000004 11.4582
31.532800000000012 11.4603
31.245399999999997 11.471899999999998
31.652199999999997 11.475399999999999
31.7805 11.4865
32.307100000000005 11.4871
31.806600000000014 11.514999999999997
31.714899999999997 11.494499999999999
31.708000000000002 11.5077
31.883899999999986 11.508699999999997
32.0193 11.5187
32.103100000000005 11.5126
31.2963 11.4919
31.405299999999997 11.511400000000004
31.455700000000004 11.494299999999999
31.8276 11.4936
31.299799999999994 11.5006
30.919200000000004 11.502599999999997
30.027400000000004 11.5108
30.3265 11.4963
30.875199999999996 11.4894
30.699199999999998 11.492299999999998
30.861 11.4977
31.534599999999998 11.513300000000001
31.170700000000007 11.503200000000003
30.817200000000007 11.505099999999997
30.595599999999994 11.501800000000001
31.1429 11.497199999999998
31.059199999999997 11.5111
31.004999999999995 11.5192
31.245800000000006 11.508600000000001
30.962199999999996 11.517199999999999
31.022700000000004 11.503599999999999
31.30299999999999 11.4961
30.885700000000003 11.5045
30.75170000000001 11.519600000000002
30.969100000000005 11.518500000000001
31.8787 11.5381
32.2704 11.5555
31.7219 11.540799999999999
31.3394 11.593599999999999
30.92330000000001 11.543899999999997
30.957900000000006 11.549000000000001
31.090100000000003 11.548799999999998
30.4149 11.532300000000001
30.500899999999998 11.5295
30.643800000000006 11.5203
31.15029999999999 11.530800000000003
30.321499999999997 11.532699999999998
30.8796 11.579500000000001
30.758300000000006 11.656699999999995
30.909 11.672200000000002
31.218599999999995 11.6006
31.24650000000001 11.5901
30.88469999999999 11.573599999999999
30.7892 11.627700000000003
30.074300000000004 11.6236
30.5768 11.5511
30.989100000000004 11.552
30.905000000000005 11.5553
31.13619999999999 11.555599999999998
30.998200000000004 11.556000000000001
30.973499999999998 11.554
30.5896 11.592899999999998
30.233300000000003 11.590800000000002
30.3489 11.5433
29.985400000000002 11.575799999999997
30.0583 11.562799999999998
30.649400000000004 11.5575
30.42790000000001 11.5767
30.726099999999995 11.641000000000002
30.9561 11.5542
30.498299999999993 11.535900000000002
30.881499999999996 11.548200000000001
30.4436 11.565099999999997
30.376999999999992 11.585300000000002
30.926600000000004 11.6798
31.358000000000004 11.7213
31.54099999999999 11.601799999999999
31.612499999999994 11.5875
32.0952 11.584900000000003
31.099500000000003 11.5738
30.864599999999996 11.586900000000002
30.817400000000006 11.5785
30.631999999999998 11.562300000000004
30.881900000000005 11.576300000000002
30.9031 11.5671
31.1708 11.559800000000001
30.836799999999997 11.556999999999999
30.633300000000002 11.5571
30.180899999999994 11.559400000000002
30.552900000000005 11.540700000000001
30.616800000000005 11.5897
31.0379 11.6568
30.897900000000007 11.730800000000004
31.455299999999998 11.683100000000001
30.415300000000002 11.6797
30.2124 11.7404
29.5914 11.716799999999997
29.897299999999998 11.6008
30.14030000000001 11.569
30.6412 11.576199999999998
29.9593 11.559700000000001
30.108599999999996 11.572200000000004
30.564700000000006 11.559000000000003
30.51579999999999 11.579899999999999
30.99340000000001 11.587399999999997
30.727500000000003 11.5791
30.0033 11.594099999999997
30.336999999999996 11.605900000000002
30.183200000000003 11.599499999999997
30.433300000000003 11.602300000000001
30.1623 11.579600000000001
30.4503 11.609499999999997
30.353799999999996 11.613
30.176600000000004 11.614099999999999
30.4784 11.6181
29.880100000000002 11.6383
30.853599999999997 11.685999999999998
30.809099999999994 11.617099999999999
30.363699999999998 11.6072
30.1763 11.590800000000002
30.460399999999993 11.591700000000001
30.360999999999994 11.5873
30.334900000000005 11.595600000000001
30.210400000000003 11.5935
30.246300000000005 11.5891
30.482799999999997 11.6049
30.3636 11.607000000000003
30.368899999999993 11.604199999999999
30.191300000000005 11.604200000000004
30.3773 11.6008
31.104799999999997 11.613599999999998
31.0195 11.667600000000002
30.5156 11.769400000000001
29.923799999999996 11.684399999999998
30.3362 11.6509
29.9668 11.6232
29.792299999999994 11.620600000000001
30.316 11.6196
30.423599999999993 11.6068
30.058199999999996 11.589700000000002
29.799400000000002 11.597199999999999
30.549300000000002 11.602599999999997
29.9359 11.587399999999999
30.0566 11.5895
30.192600000000002 11.622799999999998
30.314199999999996 11.6192
29.300799999999995 11.605199999999998
30.065200000000004 11.613199999999999
30.723 11.6517
30.760899999999992 11.6226
31.118100000000005 11.6245
31.045599999999997 11.6236
30.4508 11.627600000000001
31.003399999999992 11.635099999999998
30.711999999999996 11.628099999999998
30.382099999999994 11.610399999999998
30.563000000000002 11.621400000000003
30.236699999999995 11.626200000000003
29.852200000000007 11.6305
29.980500000000003 11.627
30.3917 11.635399999999999
30.674999999999997 11.642999999999997
30.7309 11.631800000000002
30.8025 11.651899999999998
31.1002 11.6403
31.372099999999993 11.633999999999997
31.2303 11.616000000000001
30.893699999999995 11.630599999999998
30.6572 11.618099999999997
31.333500000000004 11.6257
31.12730000000001 11.635199999999998
30.971799999999998 11.6243
30.971099999999996 11.6323
31.1172 11.638400000000003
31.284400000000005 11.6312
31.390400000000003 11.651399999999997
31.3209 11.640500000000003
31.282099999999996 11.649800000000003
33.5058 12.496200000000005
31.901199999999996 11.9345
32.86130000000001 12.00362
32.13770000000001 11.9188
31.206900000000005 11.607499999999998
29.7518 11.267100000000003
33.733650000000004 12.251403000000005
32.162 11.933700000000002
31.017400000000006 11.5996
31.512800000000002 11.616200000000001
31.478500000000004 11.6304
31.0991 11.627200000000002
31.0272 11.617799999999999
31.696599999999997 11.622499999999999
31.911300000000004 11.623399999999998
32.21830000000001 11.640299999999998
31.759700000000002 11.6417
31.63810000000001 11.6432
31.630300000000005 11.6397
31.867400000000007 11.646700000000001
31.564999999999998 11.651400000000002
31.1417 11.6548
31.592600000000004 11.657
31.452699999999993 11.652000000000003
31.798899999999996 11.676699999999999
31.731900000000003 11.685699999999999
32.099500000000006 11.7035
31.9324 11.686399999999999
31.5255 11.6764
31.637700000000006 11.6768
31.8772 11.6841
31.5266 11.6737
31.475400000000004 11.659500000000001
31.716600000000007 11.659700000000003
31.438100000000002 11.668000000000001
31.835299999999993 11.659
32.553799999999995 11.653600000000003
31.8862 11.660199999999998
32.0261 11.649899999999999
31.813000000000002 11.6629
32.0976 11.665400000000002
32.5396 11.667200000000001
31.650499999999994 11.665200000000002
31.45670000000001 11.672900000000002
33.26086290000001 12.553300000000004
31.309599999999993 11.599599999999999
32.50289999999999 11.9553
31.741199999999996 11.611899999999997
31.802900000000005 11.6204
31.4777 11.618399999999998
31.43800000000001 11.634199999999998
31.475200000000005 11.6361
31.435800000000004 11.6284
31.635 11.636299999999997
32.377399999999994 11.6549
31.897199999999998 11.656899999999998
31.277400000000018 11.626100000000001
31.619199999999996 11.641900000000001
31.230400000000003 11.650800000000002
31.2906 11.639399999999998
31.122 11.6368
31.355199999999993 11.619499999999999
31.685800000000008 11.6149
32.218199999999996 11.629000000000001
31.382799999999992 11.6225
31.959500000000006 11.6235
31.540300000000006 11.638099999999998
31.463600000000003 11.664500000000002
31.790200000000002 11.6577
31.806700000000003 11.658800000000001
31.37600000000001 11.661700000000002
30.386499999999987 11.2391
32.0502 11.665700000000003
32.483000000000004 11.6674
32.6029 11.6733
32.055 11.6525
31.683599999999995 11.658099999999996
32.05860000000001 11.6439
31.503100000000007 11.641700000000004
32.070800000000006 11.645800000000001
31.4226 11.664599999999997
31.876199999999997 11.680899999999998
32.0454 11.678999999999998
32.2755 11.6756
