17.82 11.379999999999999
19.78 11.39
18.48 11.4
17.36 11.360000000000001
20.65 11.43
17.48 11.4
20.04 11.379999999999999
18.12 11.379999999999999
17.75 11.360000000000001
20.630000000000003 11.43
17.72 11.41
19.78 11.39
18.63 11.39
17.380000000000003 11.35
20.9 11.43
17.330000000000002 11.41
19.8 11.379999999999999
18.65 11.39
17.849999999999998 11.379999999999999
20.65 11.41
17.849999999999998 11.41
19.38 11.379999999999999
19.02 11.39
17.41 11.360000000000001
21.02 11.41
17.41 11.39
19.75 11.379999999999999
18.68 11.4
17.82 11.379999999999999
20.39 11.39
17.7 11.4
18.82 11.379999999999999
18.63 11.4
18.73 11.379999999999999
20.87 11.41
17.580000000000002 11.41
20.19 11.39
18.29 11.360000000000001
17.82 11.379999999999999
20.75 11.43
17.75 11.41
19.53 11.39
18.990000000000002 11.39
17.5 11.379999999999999
21.0 11.41
17.53 11.360000000000001
20.87 11.39
17.65 11.379999999999999
17.8 11.379999999999999
20.87 11.43
17.87 11.39
20.580000000000002 11.39
18.12 11.379999999999999
17.36 11.35
21.07 11.43
17.630000000000003 11.39
20.73 11.39
17.9 11.379999999999999
17.9 11.379999999999999
20.68 11.4
17.849999999999998 11.4
20.41 11.39
18.26 11.39
17.849999999999998 11.360000000000001
20.8 11.4
17.46 11.39
21.02 11.39
17.549999999999997 11.379999999999999
18.26 11.39
20.43 11.43
17.849999999999998 11.39
20.630000000000003 11.379999999999999
17.9 11.4
17.7 11.39
20.830000000000002 11.43
17.580000000000002 11.4
20.95 11.4
17.599999999999998 11.379999999999999
17.97 11.39
20.630000000000003 11.44
17.8 11.39
19.869999999999997 11.4
18.68 11.41
17.5 11.4
21.02 11.44
17.5 11.4
20.46 11.4
18.19 11.39
17.87 11.39
20.8 11.43
17.8 11.41
18.529999999999998 11.39
19.189999999999998 11.4
18.63 11.39
21.12 11.43
17.48 11.4
20.73 11.39
17.94 11.379999999999999
18.02 11.39
23.02 11.39
17.97 11.4
20.169999999999998 11.39
18.63 11.39
17.549999999999997 11.39
21.19 11.43
17.580000000000002 11.41
21.04 11.41
17.46 11.39
18.02 11.379999999999999
20.78 11.43
18.6 11.41
20.09 11.41
17.97 11.39
17.549999999999997 11.360000000000001
21.09 11.44
18.68 11.4
19.97 11.4
17.53 11.39
19.36 11.39
19.31 11.41
18.95 11.41
19.78 11.41
18.02 11.379999999999999
20.19 11.39
18.73 11.450000000000001
19.31 11.4
19.73 11.41
17.599999999999998 11.4
21.19 11.41
17.53 11.43
19.900000000000002 11.41
19.139999999999997 11.41
18.09 11.4
20.78 11.43
18.310000000000002 11.41
19.6 11.4
19.189999999999998 11.41
18.16 11.379999999999999
20.61 11.43
18.77 11.4
20.61 11.39
17.75 11.39
20.43 11.4
18.58 11.43
19.7 11.4
19.53 11.4
18.12 11.379999999999999
20.919999999999998 11.39
18.07 11.43
20.169999999999998 11.4
18.95 11.41
17.77 11.379999999999999
21.310000000000002 11.43
17.75 11.41
21.22 11.4
17.82 11.39
18.75 11.4
20.21 11.41
19.040000000000003 11.4
19.950000000000003 11.39
18.21 11.379999999999999
20.48 11.379999999999999
18.75 11.44
19.919999999999998 11.39
19.46 11.4
17.75 11.39
21.39 11.43
17.82 11.41
20.04 11.43
18.85 11.39
19.29 11.39
20.119999999999997 11.469999999999999
19.189999999999998 11.43
19.97 11.39
18.19 11.4
20.95 11.43
18.29 11.450000000000001
20.46 11.41
18.970000000000002 11.39
17.849999999999998 11.379999999999999
21.529999999999998 11.44
18.65 11.43
20.830000000000002 11.41
17.9 11.4
21.26 11.41
17.9 11.450000000000001
20.53 11.4
18.95 11.39
18.38 11.4
21.09 11.43
18.75 11.4
20.61 11.4
18.43 11.4
19.7 11.4
19.82 11.469999999999999
19.24 11.41
20.31 11.4
18.02 11.4
21.66 11.43
18.07 11.43
20.8 11.43
18.970000000000002 11.4
18.360000000000003 11.4
21.240000000000002 11.450000000000001
19.040000000000003 11.43
21.66 11.41
21.19 11.450000000000001
19.46 11.41
20.39 11.459999999999999
19.29 11.450000000000001
20.48 11.41
17.9 11.4
21.85 11.44
17.97 11.459999999999999
22.17 11.43
22.71 11.459999999999999
17.65 11.4
22.189999999999998 11.450000000000001
17.919999999999998 11.43
21.51 11.4
18.26 11.39
19.8 11.39
19.919999999999998 11.44
19.8 11.4
20.02 11.41
18.77 11.379999999999999
20.61 11.4
19.24 11.43
19.41 11.39
20.61 11.39
17.82 11.39
22.220000000000002 11.41
17.7 11.4
21.8 11.4
18.360000000000003 11.379999999999999
18.990000000000002 11.35
21.0 11.44
19.21 11.39
19.650000000000002 11.39
19.68 11.4
19.21 11.379999999999999
20.7 11.450000000000001
18.77 11.41
20.87 11.39
17.72 11.379999999999999
22.09 11.4
17.77 11.43
20.78 11.4
19.09 11.39
18.9 11.360000000000001
20.97 11.41
18.82 11.41
20.24 11.379999999999999
19.6 11.39
17.77 11.360000000000001
22.05 11.44
18.29 11.41
21.36 11.39
18.19 11.379999999999999
20.53 11.39
19.17 11.450000000000001
19.53 11.39
18.529999999999998 11.41
20.830000000000002 11.39
20.78 11.4
19.36 11.459999999999999
19.139999999999997 11.4
20.8 11.39
17.7 11.39
22.07 11.43
17.72 11.43
20.87 11.4
19.139999999999997 11.39
18.95 11.360000000000001
21.02 11.469999999999999
18.87 11.4
20.0 11.379999999999999
20.09 11.4
17.849999999999998 11.379999999999999
22.12 11.44
17.9 11.4
21.66 11.39
18.26 11.379999999999999
20.04 11.39
20.02 11.459999999999999
19.189999999999998 11.379999999999999
20.849999999999998 11.41
18.9 11.379999999999999
