19.4271 11.0058
19.467200000000002 11.013800000000002
19.5054 11.0314
19.707199999999997 11.042800000000002
19.956100000000003 11.0391
19.178200000000004 11.0276
19.217399999999998 11.0253
18.591700000000003 11.026
19.7379 11.0513
20.208499999999997 11.0665
20.417199999999998 11.0695
21.5552 11.290600000000001
19.8899 11.061300000000001
19.346700000000006 11.176300000000001
19.372600000000002 11.040499999999998
19.8432 11.0552
19.9618 11.065
20.157799999999998 11.078600000000002
18.9124 11.073400000000003
18.5998 11.0709
18.443399999999997 11.1931
19.1361 11.0702
20.1488 11.0862
19.6411 11.0947
19.1289 11.0803
18.9642 11.069400000000002
18.998899999999995 11.0742
19.3617 11.087000000000002
19.974500000000003 11.091400000000002
18.8121 11.0893
18.606199999999994 11.0853
19.009000000000004 11.107600000000001
19.682600000000004 11.113000000000001
19.503899999999994 11.1131
19.3644 11.113499999999998
18.956899999999997 11.1127
19.2252 11.110000000000001
19.289200000000005 11.1242
20.028100000000006 11.1273
19.7319 11.1266
18.981899999999996 11.119900000000001
19.2511 11.135200000000001
19.274800000000003 11.1383
19.550300000000007 11.1397
19.1074 11.136700000000001
18.769099999999998 11.128200000000001
19.4354 11.129
20.5207 11.140499999999998
20.075200000000002 11.147100000000002
19.242200000000004 11.142000000000001
19.1408 11.1296
20.0127 11.149500000000002
19.0229 11.1552
20.023400000000002 11.164700000000002
19.642500000000005 11.174000000000001
20.000200000000003 11.169599999999999
19.2021 11.163900000000002
18.792399999999997 11.1547
18.823099999999997 11.154799999999998
19.1297 11.1694
19.141899999999996 11.1671
18.8298 11.164300000000003
18.833699999999997 11.165700000000003
19.810799999999997 11.180800000000001
19.279899999999998 11.1718
18.489699999999996 11.1762
19.222 11.1817
19.692300000000003 11.186200000000001
18.9447 11.175699999999999
18.822700000000005 11.1687
19.090899999999998 11.173000000000002
18.415600000000005 11.175500000000001
18.3625 11.196
18.277099999999997 11.2006
18.385199999999998 11.199900000000003
17.900700000000004 11.196299999999999
18.1546 11.1969
17.897700000000004 11.1891
18.5726 11.206000000000001
18.89 11.2016
19.3909 11.211500000000001
18.843500000000002 11.215300000000001
18.5856 11.217400000000003
17.786499999999997 11.218899999999998
18.404600000000002 11.219700000000001
18.767799999999994 11.2168
19.078599999999998 11.2281
18.888800000000003 11.2269
19.209200000000003 11.225800000000001
18.7416 11.221200000000001
19.1027 11.229600000000001
19.445999999999998 11.248500000000002
19.7698 11.254900000000001
19.4921 11.2516
19.9587 11.2481
19.527299999999997 11.2517
20.102000000000004 11.2563
20.044800000000002 11.2594
20.565200000000004 11.2694
19.549199999999995 11.267900000000001
18.4837 11.259000000000002
18.782200000000003 11.260100000000001
19.318699999999996 11.2717
19.007799999999996 11.2643
18.8074 11.255700000000001
19.226200000000002 11.264
20.260500000000008 11.2565
19.640600000000003 11.2609
20.0438 11.2792
19.2867 11.273299999999999
19.1825 11.2673
19.046 11.265
18.971799999999998 11.261000000000001
19.1271 11.278500000000001
19.4623 11.2771
19.350299999999997 11.2762
18.809800000000003 11.280000000000001
18.233900000000002 11.2724
18.659599999999998 11.2708
19.5095 11.2832
19.5519 11.286900000000001
20.7454 11.2869
20.853900000000003 11.288500000000003
21.4317 11.28
21.849999999999998 11.280899999999999
21.070099999999996 11.286200000000001
20.3415 11.286700000000002
19.8711 11.277899999999999
18.8968 11.268
18.725099999999998 11.2689
18.934899999999995 11.266399999999999
18.728 11.2648
19.433500000000002 11.2784
19.150499999999997 11.2716
19.041900000000002 11.267099999999997
18.585099999999997 11.262500000000001
18.3059 11.254999999999999
17.934399999999997 11.2547
18.5416 11.2692
19.335400000000003 11.2671
19.183799999999998 11.2641
18.8509 11.263200000000001
18.703400000000002 11.264899999999997
19.043499999999998 11.262400000000001
19.5849 11.2671
19.0139 11.2625
20.1771 11.272499999999997
18.803300000000004 11.257299999999999
19.434200000000004 11.2541
19.197300000000002 11.254999999999999
19.434000000000005 11.257399999999999
19.5245 11.253399999999997
19.5291 11.261699999999998
18.7988 11.2548
19.013500000000004 11.2549
18.534699999999997 11.257299999999997
19.176099999999995 11.2677
19.5003 11.259300000000001
19.7187 11.2701
18.927899999999998 11.252499999999998
19.0354 11.248800000000001
19.207000000000004 11.2455
19.6914 11.257899999999998
19.709499999999995 11.256399999999998
19.8142 11.253999999999998
19.4678 11.242499999999998
19.2243 11.2335
19.432 11.233199999999998
19.808999999999997 11.240900000000002
19.9362 11.250799999999998
20.0611 11.2501
20.117399999999996 11.250899999999998
20.3025 11.2466
19.476300000000002 11.2425
19.6082 11.254899999999997
20.046800000000005 11.2573
19.4243 11.252499999999998
19.176099999999998 11.252599999999997
19.342000000000002 11.246499999999997
19.525200000000005 11.257
20.1842 11.253499999999999
20.063900000000004 11.2419
19.7955 11.232000000000001
19.8966 11.224200000000002
20.1689 11.227300000000001
19.7805 11.2396
20.488799999999998 11.2486
20.238999999999997 11.251100000000001
19.706100000000003 11.2351
19.1393 11.2312
18.993299999999998 11.228799999999998
18.9714 11.2343
19.580400000000004 11.2396
19.4517 11.2342
19.772100000000002 11.225799999999998
19.478099999999998 11.2197
19.6002 11.218100000000002
19.249499999999998 11.221999999999998
19.4253 11.229699999999998
19.5858 11.224200000000002
19.7258 11.221200000000001
19.340400000000002 11.216
19.2119 11.215300000000001
19.3773 11.2211
19.633699999999997 11.222100000000001
19.492500000000003 11.223
18.8803 11.213500000000002
18.8247 11.204600000000003
19.1437 11.212900000000001
19.387 11.2199
19.4229 11.213500000000002
19.333599999999997 11.208300000000001
18.9676 11.203500000000002
18.652 11.203600000000002
19.0194 11.211
19.3578 11.2166
19.8364 11.219899999999999
19.723499999999998 11.214499999999997
19.440099999999997 11.1977
19.628400000000003 11.193700000000002
19.849200000000003 11.1945
20.239799999999995 11.208300000000001
20.1933 11.212800000000001
20.3501 11.206100000000003
20.3271 11.204699999999999
19.7343 11.1984
19.8072 11.1998
20.669900000000002 11.1976
20.9162 11.202100000000002
20.475600000000004 11.208300000000001
20.218200000000003 11.1997
20.297899999999995 11.2006
20.423099999999998 11.205900000000002
20.838800000000003 11.3442
20.842600000000004 11.211200000000002
20.245499999999996 11.202199999999998
21.015 11.2036
21.5076 11.2036
22.507099999999998 11.335599999999998
22.448 11.1908
22.332 11.1852
22.037900000000004 11.1809
21.982599999999998 11.195300000000001
21.994699999999998 11.1945
22.1295 11.197500000000002
20.6049 11.189
20.8751 11.1815
20.438399999999998 11.1916
20.952800000000003 11.186899999999998
20.91870000000001 11.189900000000002
20.779899999999998 11.178600000000001
20.450299999999995 11.1778
21.0489 11.1811
21.086900000000004 11.1861
21.7796 11.1877
21.242100000000004 11.1876
20.7188 11.161800000000001
19.983800000000002 11.1566
21.368199999999995 11.1702
22.6077 11.1854
21.757099999999994 11.1793
20.7797 11.161899999999997
20.4275 11.1549
20.554400000000005 11.144999999999998
20.793699999999998 11.155700000000001
21.247100000000003 11.159799999999999
21.476300000000002 11.1549
20.816499999999998 11.1352
20.886600000000005 11.1312
21.112199999999998 11.139799999999997
21.7075 11.1497
22.1503 11.154999999999998
22.272199999999998 11.146600000000001
21.0147 11.1342
21.3974 11.128800000000002
21.546 11.1375
21.084300000000006 11.1351
21.370300000000007 11.139600000000002
21.389200000000002 11.1221
21.5364 11.2503
21.5644 11.104299999999999
21.429 11.1074
22.473599999999998 11.105200000000002
22.0862 11.1075
21.5572 11.1073
21.057 11.096800000000002
21.0024 11.093300000000001
20.772399999999998 11.0903
