23.73 11.33
18.9 11.24
22.63 11.32
20.04 11.35
21.12 11.35
23.830000000000002 11.41
18.26 11.379999999999999
19.919999999999998 11.360000000000001
18.14 11.360000000000001
23.32 11.379999999999999
21.7 11.4
19.75 11.360000000000001
17.82 11.360000000000001
20.19 11.35
24.02 11.379999999999999
19.900000000000002 11.39
18.02 11.379999999999999
20.26 11.360000000000001
19.48 11.35
25.590000000000003 11.39
18.65 11.39
19.919999999999998 11.379999999999999
18.04 11.360000000000001
21.34 11.360000000000001
23.68 11.39
19.97 11.360000000000001
18.12 11.34
19.85 11.35
20.75 11.34
24.07 11.39
17.990000000000002 11.379999999999999
19.8 11.360000000000001
17.849999999999998 11.34
24.759999999999998 11.35
19.75 11.4
19.8 11.360000000000001
18.04 11.35
20.02 11.35
23.830000000000002 11.35
18.65 11.32
15.7 11.24
16.38 11.219999999999999
15.229999999999999 11.17
19.6 11.19
12.989999999999998 11.110000000000001
14.23 11.08
13.26 11.08
18.9 11.12
14.09 11.129999999999999
14.7 11.110000000000001
13.450000000000001 11.1
15.09 11.1
18.43 11.129999999999999
14.940000000000001 11.12
13.569999999999999 11.1
14.940000000000001 11.12
14.430000000000001 11.12
19.38 11.17
13.530000000000001 11.129999999999999
14.940000000000001 11.129999999999999
13.43 11.12
15.260000000000002 11.12
18.19 11.17
14.719999999999999 11.15
13.600000000000001 11.12
14.92 11.129999999999999
13.77 11.129999999999999
20.26 11.18
13.65 11.19
15.09 11.15
13.669999999999998 11.12
14.92 11.12
19.189999999999998 11.16
15.110000000000001 11.17
13.719999999999999 11.129999999999999
15.229999999999999 11.129999999999999
13.87 11.129999999999999
19.46 11.15
15.14 11.17
15.229999999999999 11.129999999999999
13.84 11.12
15.229999999999999 11.12
17.94 11.16
16.85 11.18
13.919999999999998 11.129999999999999
15.55 11.15
14.09 11.129999999999999
18.38 11.15
16.55 11.18
15.479999999999999 11.15
14.14 11.129999999999999
15.45 11.12
18.85 11.16
16.04 11.18
13.99 11.129999999999999
15.409999999999998 11.129999999999999
14.180000000000001 11.129999999999999
21.12 11.16
16.14 11.16
15.5 11.16
14.23 11.129999999999999
16.06 11.15
17.75 11.18
17.19 11.21
14.280000000000001 11.18
15.72 11.18
15.409999999999998 11.18
20.02 11.21
14.77 11.19
15.770000000000001 11.18
14.649999999999999 11.18
17.53 11.19
18.360000000000003 11.21
15.770000000000001 11.19
14.360000000000001 11.16
15.920000000000002 11.17
16.75 11.19
19.21 11.21
14.45 11.19
15.840000000000002 11.17
14.62 11.16
18.7 11.19
17.330000000000002 11.24
15.989999999999998 11.19
14.67 11.18
16.6 11.18
18.21 11.21
17.549999999999997 11.219999999999999
14.649999999999999 11.18
15.989999999999998 11.17
15.840000000000002 11.18
20.36 11.21
14.84 11.19
16.38 11.17
14.719999999999999 11.17
17.919999999999998 11.18
18.43 11.19
16.14 11.21
14.649999999999999 11.17
16.09 11.16
17.21 11.19
19.139999999999997 11.21
14.649999999999999 11.18
16.16 11.18
14.89 11.18
18.87 11.19
17.48 11.19
16.11 11.18
14.62 11.17
17.09 11.17
18.310000000000002 11.19
17.36 11.25
14.77 11.19
16.28 11.19
15.989999999999998 11.19
20.51 11.219999999999999
14.67 11.219999999999999
16.21 11.19
14.84 11.17
18.6 11.19
18.12 11.219999999999999
16.36 11.19
14.940000000000001 11.17
16.77 11.21
18.240000000000002 11.219999999999999
18.73 11.23
14.97 11.18
16.43 11.19
16.33 11.18
20.43 11.21
14.99 11.21
16.28 11.21
14.75 11.19
18.65 11.219999999999999
18.33 11.23
16.189999999999998 11.23
14.84 11.21
17.16 11.21
18.529999999999998 11.21
17.919999999999998 11.219999999999999
15.09 11.219999999999999
16.53 11.19
17.19 11.21
20.24 11.23
15.010000000000002 11.219999999999999
16.46 11.21
15.409999999999998 11.19
19.509999999999998 11.23
17.04 11.23
16.41 11.21
15.010000000000002 11.21
18.33 11.21
19.02 11.23
16.63 11.24
15.040000000000001 11.219999999999999
16.85 11.21
18.240000000000002 11.219999999999999
18.77 11.23
15.14 11.21
16.53 11.219999999999999
16.650000000000002 11.21
21.02 11.23
15.310000000000002 11.23
16.82 11.219999999999999
15.53 11.21
19.85 11.219999999999999
17.7 11.23
16.8 11.24
15.229999999999999 11.19
18.12 11.219999999999999
19.68 11.23
16.6 11.219999999999999
15.190000000000001 11.19
17.02 11.219999999999999
18.12 11.219999999999999
19.259999999999998 11.219999999999999
15.06 11.21
16.75 11.21
16.189999999999998 11.21
21.07 11.23
16.259999999999998 11.23
16.77 11.21
15.36 11.21
19.48 11.23
18.95 11.23
17.04 11.219999999999999
19.75 11.21
18.360000000000003 11.219999999999999
19.82 11.219999999999999
17.14 11.219999999999999
15.36 11.19
16.85 11.21
17.75 11.19
20.21 11.219999999999999
15.329999999999998 11.219999999999999
16.77 11.19
16.04 11.19
20.36 11.219999999999999
16.869999999999997 11.219999999999999
16.869999999999997 11.19
15.379999999999999 11.19
19.41 11.19
18.95 11.219999999999999
16.8 11.19
15.379999999999999 11.19
17.68 11.219999999999999
19.17 11.219999999999999
18.310000000000002 11.21
15.5 11.19
16.89 11.18
17.11 11.19
21.14 11.219999999999999
15.55 11.21
16.97 11.18
15.75 11.17
20.48 11.21
17.82 11.24
17.14 11.19
15.53 11.18
18.26 11.19
20.04 11.219999999999999
16.919999999999998 11.219999999999999
15.7 11.18
17.07 11.18
18.29 11.219999999999999
20.09 11.23
15.55 11.21
17.11 11.219999999999999
16.580000000000002 11.19
21.58 11.21
15.870000000000001 11.219999999999999
17.09 11.19
15.479999999999999 11.19
19.259999999999998 11.19
19.07 11.219999999999999
17.04 11.19
15.6 11.19
17.29 11.18
19.040000000000003 11.21
19.189999999999998 11.23
15.55 11.19
17.04 11.21
16.31 11.19
21.88 11.219999999999999
15.989999999999998 11.23
17.11 11.18
15.65 11.18
18.7 11.21
