15.1519 10.5374
15.8331 10.548399999999999
14.7897 10.5311
13.9831 10.5296
12.204499999999998 10.5111
14.150099999999998 10.533900000000001
14.5847 10.551400000000001
14.4005 10.556
14.0882 10.5459
12.9455 10.5384
11.9172 10.512099999999998
14.241500000000002 10.714
14.4149 10.5846
13.5495 10.588
13.461000000000004 10.573999999999998
12.4015 10.5608
11.749999999999996 10.5459
12.8936 10.568099999999998
13.3462 10.577
13.581199999999999 10.5732
13.205899999999998 10.5721
12.6916 10.5619
12.144499999999999 10.5542
12.822 10.5718
13.194300000000004 10.584000000000001
13.3743 10.595600000000003
12.592099999999999 10.589999999999998
12.4772 10.5865
11.901100000000001 10.585499999999998
12.7494 10.594899999999999
13.469000000000001 10.610199999999999
13.224800000000004 10.610499999999998
12.0363 10.600999999999999
11.8906 10.5968
11.9379 10.5974
13.3694 10.6152
12.834200000000001 10.625099999999998
13.360799999999998 10.6308
12.540900000000002 10.618
12.1544 10.6217
11.4477 10.606000000000002
12.7488 10.624099999999999
13.082899999999997 10.626299999999999
13.453899999999999 10.6371
11.8172 10.620600000000001
11.411200000000003 10.6102
11.0116 10.607300000000002
11.5348 10.620800000000003
12.046199999999997 10.636099999999999
12.1596 10.6485
12.2299 10.6466
11.1449 10.626899999999997
11.2916 10.624300000000002
11.464400000000001 10.6253
12.1434 10.6435
12.169500000000001 10.665999999999997
12.609199999999998 10.674800000000001
12.862800000000002 10.6846
12.6203 10.674000000000003
13.2967 10.6768
12.311599999999999 10.6741
12.529699999999998 10.667500000000002
12.3027 10.676400000000001
12.213899999999999 10.6817
11.4038 10.671000000000001
12.876600000000002 10.6819
12.150600000000003 10.6805
11.853900000000001 10.677399999999999
11.739099999999999 10.6877
11.679700000000002 10.697899999999999
12.2653 10.6992
12.725999999999999 10.7152
11.9371 10.71
12.479800000000003 10.712399999999999
11.993200000000002 10.704999999999998
12.543299999999999 10.725399999999999
11.508799999999999 10.7154
12.328999999999999 10.7261
11.738599999999998 10.725499999999998
11.7314 10.7285
11.806700000000001 10.73
12.526299999999999 10.7404
11.556100000000002 10.7293
11.6915 10.723900000000002
12.5633 10.7467
12.592499999999998 10.766000000000002
12.1988 10.7605
12.3256 10.758299999999997
11.817700000000002 10.756599999999999
11.677 10.755
11.896700000000001 10.7579
12.2818 10.7795
12.836899999999998 10.794899999999998
11.8872 10.7978
11.6959 10.7894
11.6997 10.790899999999999
11.616600000000002 10.790999999999999
13.0521 10.815199999999999
12.397099999999998 10.820000000000002
12.5581 10.828399999999998
11.780700000000001 10.810000000000002
12.158100000000001 10.809199999999999
13.464500000000001 10.833
13.2355 10.8458
13.187999999999999 10.850400000000002
12.0825 10.8359
12.152800000000001 10.8315
11.798000000000002 10.8291
12.747800000000002 10.8467
12.283199999999999 10.857300000000002
12.1069 10.8534
11.807099999999998 10.8398
11.4498 10.8389
11.390699999999999 10.839699999999999
12.6512 10.8597
12.848700000000001 10.881
12.225599999999998 10.8825
11.2395 10.8612
11.0785 10.857299999999999
12.0101 10.8679
11.8323 10.8758
12.922600000000001 10.881
12.9381 10.8963
12.098899999999999 10.8787
11.679600000000002 10.872599999999997
12.650799999999998 10.8955
13.597699999999998 10.9018
14.5212 10.935099999999998
14.074100000000001 10.9389
13.265200000000002 10.9276
12.9815 10.9113
13.6795 10.9247
14.476699999999997 10.939800000000002
14.285199999999998 10.946499999999999
13.6528 10.938200000000002
13.5405 10.936
12.5969 10.923
14.392100000000003 10.943299999999999
13.571900000000001 10.9534
15.413700000000002 10.9642
13.994999999999996 10.965600000000002
13.0212 10.955799999999998
11.4689 10.939499999999999
11.840800000000002 10.948899999999998
12.2903 10.9612
13.230800000000004 10.9801
13.0179 10.980200000000002
12.7913 10.9764
12.4199 10.971800000000002
13.1639 10.977900000000002
14.088399999999998 10.9994
13.719399999999998 11.003100000000002
13.3475 10.999900000000002
12.5277 10.991599999999998
12.1352 10.979399999999998
13.726800000000003 10.9901
14.615 11.010000000000002
14.879700000000001 11.0198
15.396199999999999 11.0251
14.273 10.995700000000001
15.328799999999998 11.003100000000002
14.935000000000004 11.014600000000002
15.865199999999998 11.028699999999999
15.228999999999997 11.0297
15.0539 11.023000000000001
13.824200000000003 11.007000000000001
13.606800000000002 11.0069
14.617100000000004 11.019000000000002
15.192400000000003 11.0322
15.124 11.0471
14.263900000000001 11.040300000000002
13.253700000000002 11.0131
14.480299999999998 11.027499999999998
15.883700000000001 11.207699999999999
16.201599999999996 11.087000000000003
15.539399999999997 11.099899999999998
14.238000000000001 11.072700000000001
14.027600000000001 11.066499999999998
14.882500000000002 11.0594
15.5652 11.072399999999998
15.5574 11.0749
14.371300000000002 11.064300000000001
14.287700000000001 11.060300000000002
13.178799999999999 11.0573
14.116599999999998 11.0473
14.3052 11.0648
15.244899999999998 11.071
14.5624 11.067200000000001
13.383500000000002 11.048100000000002
12.6669 11.0412
13.2355 11.0427
13.6785 11.0626
13.452900000000001 11.0534
14.357000000000001 11.073399999999998
13.633899999999999 11.0635
13.3514 11.063400000000001
13.603599999999998 11.055800000000001
13.3851 11.0594
15.167300000000003 11.2482
14.372300000000001 11.0956
13.9481 11.097700000000001
12.963799999999997 11.077800000000002
12.8777 11.068800000000003
12.4184 11.059499999999998
14.232 11.0769
15.562599999999998 11.1365
16.476399999999998 11.1357
15.1443 11.1168
14.5311 11.074100000000001
13.453899999999999 10.5224
16.989 11.0847
14.5565 11.0953
14.934800000000001 11.09
14.4236 11.0878
13.5993 11.077700000000002
13.561200000000001 11.0814
14.241499999999998 11.234999999999998
13.538599999999997 11.096800000000002
13.3246 11.0891
13.528400000000001 11.093900000000003
13.3945 11.0739
13.968999999999998 11.085500000000001
14.013699999999998 11.090800000000002
12.3203 11.064200000000001
11.825600000000001 11.0489
11.840800000000003 11.043599999999998
11.5869 11.030399999999997
11.4286 11.035300000000001
11.902 11.050700000000003
11.6525 11.054400000000001
11.613199999999999 11.057699999999999
11.3458 11.057400000000001
11.428099999999999 11.0619
11.5021 11.0681
11.596700000000002 11.0842
11.8784 11.0887
11.8477 11.087200000000001
11.901799999999998 11.078100000000001
11.875100000000002 11.0695
12.14 11.081000000000001
11.888399999999999 11.094
12.001299999999999 11.097000000000001
12.421100000000001 11.226899999999999
12.3552 11.0946
12.484899999999998 11.239799999999999
12.423700000000002 11.1107
11.976500000000003 11.1161
12.2559 11.117000000000003
11.950499999999998 11.100900000000001
12.490100000000002 11.1009
12.938199999999997 11.1001
12.557499999999996 11.0985
12.4199 11.0853
11.906299999999998 11.090899999999996
11.8351 11.0886
12.2067 11.096200000000001
12.0851 11.094000000000001
11.438899999999999 11.087
12.046900000000003 11.122200000000001
11.896399999999998 11.178600000000003
11.9766 11.081699999999998
12.0864 11.088499999999998
12.3995 11.088000000000003
12.060400000000001 11.0741
11.8268 11.077200000000001
12.171300000000002 11.0789
11.814 11.078700000000001
11.975800000000003 11.0771
11.8821 11.0818
11.734200000000001 11.080300000000001
11.9264 11.080200000000001
11.7591 11.0764
11.520400000000002 11.073300000000001
12.0262 11.067199999999998
11.951500000000001 11.0658
11.782599999999999 11.0625
11.849199999999998 11.0641
11.743399999999998 11.065599999999998
11.873600000000001 11.0633
11.864899999999999 11.069499999999998
11.7342 11.0727
12.0451 11.066499999999998
11.9178 11.064900000000002
11.3706 11.058000000000002
12.019300000000001 11.061100000000001
12.019499999999999 11.1982
11.502799999999999 11.058
10.915600000000001 11.0618
