8.386000000000001 10.75
7.8740000000000006 10.77
8.704 10.8
8.594 10.83
11.12 10.86
8.044 10.8
8.752 10.82
7.5200000000000005 10.77
8.472 10.780000000000001
8.02 10.780000000000001
9.949 10.84
8.093 10.8
8.289 10.780000000000001
8.276 10.82
9.569999999999999 10.79
8.251999999999999 10.780000000000001
10.13 10.84
7.727 10.79
8.289 10.780000000000001
7.5200000000000005 10.780000000000001
8.337 10.780000000000001
7.605 10.73
9.46 10.8
7.7509999999999994 10.780000000000001
8.459 10.8
8.594 10.83
25.769 32.48
12.512 21.54
9.46 10.85
7.396999999999999 10.780000000000001
8.068999999999999 10.79
7.739 10.75
22.239 31.038
13.669999999999998 10.38
13.62 10.549999999999999
10.79 10.56
6.981999999999999 10.51
7.446 10.42
11.634 20.96
7.483 10.51
7.104000000000001 10.5
8.801 10.530000000000001
13.091999999999999 20.919999999999998
8.251999999999999 10.549999999999999
9.497 10.6
8.044 10.459999999999999
7.385 10.52
9.253 10.63
7.825 10.57
8.179 10.58
8.655 10.620000000000001
8.190999999999999 10.549999999999999
7.947 10.549999999999999
9.863 10.639999999999999
8.044 10.61
8.63 10.620000000000001
10.41 10.68
8.533 10.66
7.6899999999999995 10.58
9.411999999999999 10.63
7.727 10.67
8.386000000000001 10.6
8.899 10.66
8.520999999999999 10.63
7.629 10.66
9.338000000000001 10.639999999999999
7.629 10.620000000000001
8.301 10.639999999999999
9.778 10.66
8.190999999999999 10.68
7.373 10.639999999999999
9.399000000000001 10.63
7.568 10.63
8.129999999999999 10.66
8.556999999999999 10.639999999999999
8.203000000000001 10.620000000000001
7.446 10.639999999999999
9.020999999999999 10.63
7.434 10.620000000000001
8.081000000000001 10.66
9.277000000000001 10.67
8.081000000000001 10.63
7.361 10.639999999999999
8.997 10.639999999999999
7.581 10.639999999999999
8.142000000000001 10.66
8.484 10.66
7.983 10.620000000000001
7.396999999999999 10.639999999999999
7.959 10.61
7.544 10.61
17.053 21.32
18.234 21.279999999999998
8.423 10.620000000000001
8.008 10.66
8.495999999999999 10.620000000000001
7.654 10.620000000000001
8.325000000000001 10.639999999999999
9.631 10.67
8.312999999999999 10.61
7.886 10.620000000000001
8.312999999999999 10.67
7.849 10.639999999999999
8.411 10.639999999999999
9.985 10.68
8.838 10.639999999999999
7.898 10.63
8.398 10.639999999999999
7.849 10.61
8.411 10.61
8.813 10.73
8.63 10.68
7.9350000000000005 10.66
8.337 10.620000000000001
7.642 10.639999999999999
8.337 10.63
10.17 10.620000000000001
8.337 10.639999999999999
7.703 10.61
8.495999999999999 10.620000000000001
17.59 21.310000000000002
17.42 21.27
9.631 10.67
8.691 10.71
8.215 10.63
8.667 10.63
8.215 10.66
8.63 10.639999999999999
10.61 10.67
8.594 10.71
8.02 10.71
8.667 10.68
8.129999999999999 10.67
8.655 10.66
9.583 10.72
8.606 10.71
7.996 10.66
8.569 10.67
8.02 10.63
8.556999999999999 10.63
10.52 10.74
8.556999999999999 10.71
7.825 10.69
8.569 10.66
7.959 10.66
8.789 10.66
9.521 10.73
8.862 10.68
8.203000000000001 10.639999999999999
9.020999999999999 10.639999999999999
8.312999999999999 10.72
8.875 10.68
11.110000000000001 10.72
8.936 10.71
8.423 10.68
9.045 10.68
8.398 10.75
9.167 10.71
10.05 10.72
9.058 10.74
8.545 10.72
9.058 10.69
8.556999999999999 10.72
9.314 10.77
11.379999999999999 10.74
9.314 10.780000000000001
8.63 10.77
9.229 10.72
8.691 10.72
9.229 10.74
10.16 10.72
9.203999999999999 10.72
8.618 10.780000000000001
9.094 10.72
8.434999999999999 10.69
8.997 10.780000000000001
11.44 10.73
9.119 10.73
8.411 10.72
9.142999999999999 10.73
8.581999999999999 10.72
9.229 10.73
10.25 10.73
9.277000000000001 10.75
8.667 10.73
9.350999999999999 10.73
8.655 10.75
9.508999999999999 10.71
11.41 10.75
9.264999999999999 10.72
8.704 10.75
9.277000000000001 10.73
8.838 10.73
9.399000000000001 10.74
10.36 10.74
9.058 10.73
8.411 10.73
9.081999999999999 10.75
8.533 10.780000000000001
10.290000000000001 10.75
10.24 10.85
9.386999999999999 10.75
8.679 10.72
9.277000000000001 10.72
8.508000000000001 10.75
9.216000000000001 10.75
10.14 10.77
8.997 10.72
8.251999999999999 10.83
8.972 10.71
9.569999999999999 10.73
8.936 10.71
9.888 10.79
8.948 10.74
8.325000000000001 10.71
9.106 10.72
8.362 10.8
9.058 10.77
9.9 10.74
8.826 10.69
8.447000000000001 10.75
10.18 10.77
8.264000000000001 10.71
8.972 10.71
9.753 10.780000000000001
8.972 10.79
8.118 10.73
8.801 10.73
8.044 10.74
8.826 10.71
9.619 10.77
8.85 10.75
9.325999999999999 10.77
8.887 10.73
8.228 10.75
8.765 10.8
9.802 10.77
8.752 10.780000000000001
8.179 10.780000000000001
8.691 10.79
8.093 10.74
8.704 10.780000000000001
9.399000000000001 10.77
9.009 10.67
7.811999999999999 10.69
8.325000000000001 10.71
7.556 10.67
8.081000000000001 10.67
9.229 10.71
8.167 10.68
7.396999999999999 10.67
8.325000000000001 10.69
7.457999999999999 10.66
9.399000000000001 10.66
9.203999999999999 10.72
8.325000000000001 10.639999999999999
7.825 10.61
8.655 10.620000000000001
8.459 10.69
9.045 10.71
9.875 10.69
8.606 10.68
8.118 10.69
8.581999999999999 10.68
9.203999999999999 10.73
8.362 10.72
9.229 10.69
8.777 10.68
8.251999999999999 10.69
8.862 10.69
8.02 10.72
8.63 10.73
9.29 10.77
8.556999999999999 10.66
8.911 10.73
8.777 10.67
7.947 10.68
8.434999999999999 10.71
9.399000000000001 10.69
9.058 10.72
8.373999999999999 10.77
8.691 10.72
8.179 10.69
8.997 10.67
9.802 10.77
9.973 10.73
8.154 10.71
8.899 10.74
