22.27 11.459999999999999
19.139999999999997 11.459999999999999
18.990000000000002 11.459999999999999
22.02 11.459999999999999
19.6 11.49
21.48 11.469999999999999
18.95 11.49
17.630000000000003 11.450000000000001
21.73 11.450000000000001
18.58 11.49
20.95 11.44
18.41 11.450000000000001
19.189999999999998 11.459999999999999
21.75 11.450000000000001
20.21 11.44
20.97 11.450000000000001
19.259999999999998 11.44
18.48 11.44
22.509999999999998 11.459999999999999
19.53 11.469999999999999
21.44 11.469999999999999
18.509999999999998 11.459999999999999
19.259999999999998 11.450000000000001
21.88 11.49
19.75 11.459999999999999
21.39 11.469999999999999
19.139999999999997 11.459999999999999
18.43 11.450000000000001
22.53 11.450000000000001
18.92 11.469999999999999
22.07 11.459999999999999
18.459999999999997 11.44
19.040000000000003 11.44
21.73 11.469999999999999
19.12 11.469999999999999
20.97 11.469999999999999
19.8 11.469999999999999
18.310000000000002 11.459999999999999
21.19 11.450000000000001
19.869999999999997 11.5
21.46 11.469999999999999
20.09 11.459999999999999
19.139999999999997 11.44
21.19 11.459999999999999
19.509999999999998 11.459999999999999
21.310000000000002 11.459999999999999
19.41 11.469999999999999
18.33 11.450000000000001
21.26 11.450000000000001
19.68 11.49
21.19 11.469999999999999
19.650000000000002 11.469999999999999
19.139999999999997 11.450000000000001
20.0 11.49
20.630000000000003 11.469999999999999
20.39 11.459999999999999
20.26 11.459999999999999
18.360000000000003 11.44
20.119999999999997 11.44
20.73 11.5
20.68 11.459999999999999
20.169999999999998 11.450000000000001
19.12 11.469999999999999
18.6 11.459999999999999
22.09 11.459999999999999
19.31 11.469999999999999
21.14 11.450000000000001
18.65 11.450000000000001
18.970000000000002 11.459999999999999
21.529999999999998 11.469999999999999
19.46 11.459999999999999
19.46 11.469999999999999
20.19 11.459999999999999
18.990000000000002 11.459999999999999
22.53 11.459999999999999
18.73 11.469999999999999
20.119999999999997 11.450000000000001
19.68 11.450000000000001
19.63 11.469999999999999
21.7 11.450000000000001
20.02 11.450000000000001
21.26 11.49
19.24 11.450000000000001
18.48 11.43
22.73 11.459999999999999
19.02 11.469999999999999
21.95 11.450000000000001
18.48 11.44
19.17 11.450000000000001
21.78 11.450000000000001
19.7 11.459999999999999
21.39 11.450000000000001
19.259999999999998 11.450000000000001
18.75 11.43
22.61 11.49
18.509999999999998 11.51
22.66 11.459999999999999
19.189999999999998 11.469999999999999
19.34 11.459999999999999
23.580000000000002 11.450000000000001
21.51 11.459999999999999
20.580000000000002 11.49
19.21 11.450000000000001
18.6 11.450000000000001
22.220000000000002 11.469999999999999
20.51 11.469999999999999
20.560000000000002 11.459999999999999
18.43 11.49
19.07 11.44
21.61 11.469999999999999
20.68 11.44
19.78 11.450000000000001
18.92 11.459999999999999
18.240000000000002 11.44
22.189999999999998 11.469999999999999
21.07 11.459999999999999
19.53 11.44
18.310000000000002 11.459999999999999
19.7 11.44
21.51 11.49
21.73 11.49
18.360000000000003 11.459999999999999
18.95 11.459999999999999
20.78 11.450000000000001
20.919999999999998 11.469999999999999
20.78 11.49
18.92 11.459999999999999
18.38 11.459999999999999
22.09 11.459999999999999
20.560000000000002 11.5
20.26 11.5
18.33 11.49
18.990000000000002 11.469999999999999
21.92 11.51
21.73 11.49
19.24 11.469999999999999
19.17 11.49
19.6 11.469999999999999
21.68 11.5
21.29 11.469999999999999
20.65 11.450000000000001
22.439999999999998 11.5
20.919999999999998 11.469999999999999
20.04 11.51
19.97 11.450000000000001
18.14 11.450000000000001
18.68 11.450000000000001
20.68 11.450000000000001
20.02 11.44
19.900000000000002 11.469999999999999
18.58 11.459999999999999
17.630000000000003 11.43
21.73 11.469999999999999
20.19 11.450000000000001
19.36 11.459999999999999
17.330000000000002 11.450000000000001
18.9 11.44
19.900000000000002 11.469999999999999
20.630000000000003 11.43
17.14 11.450000000000001
17.94 11.43
18.75 11.41
20.31 11.450000000000001
19.21 11.450000000000001
18.02 11.43
17.07 11.43
20.39 11.44
18.73 11.459999999999999
18.48 11.44
18.509999999999998 11.43
18.19 11.39
20.04 11.450000000000001
20.31 11.450000000000001
17.990000000000002 11.450000000000001
18.02 11.41
17.16 11.43
21.51 11.5
20.09 11.469999999999999
18.09 11.43
17.26 11.44
19.900000000000002 11.43
20.02 11.459999999999999
18.92 11.41
18.75 11.41
18.48 11.41
20.9 11.44
19.85 11.459999999999999
18.8 11.44
19.48 11.43
17.68 11.4
22.02 11.469999999999999
19.31 11.450000000000001
19.68 11.43
17.41 11.43
20.830000000000002 11.43
19.259999999999998 11.459999999999999
20.09 11.450000000000001
17.41 11.41
18.09 11.41
20.31 11.44
20.39 11.43
17.97 11.43
18.310000000000002 11.4
18.26 11.41
21.58 11.469999999999999
19.38 11.450000000000001
18.16 11.41
16.99 11.4
20.919999999999998 11.44
18.9 11.469999999999999
19.040000000000003 11.450000000000001
16.97 11.43
21.85 11.469999999999999
20.8 11.5
20.53 11.5
18.04 11.459999999999999
17.46 11.43
19.36 11.44
20.31 11.51
19.6 11.44
17.46 11.450000000000001
18.04 11.44
20.43 11.450000000000001
20.24 11.459999999999999
18.360000000000003 11.44
18.02 11.41
17.549999999999997 11.44
21.04 11.459999999999999
20.34 11.459999999999999
17.849999999999998 11.44
17.53 11.43
19.31 11.43
20.19 11.49
20.0 11.450000000000001
17.31 11.44
18.02 11.43
20.65 11.44
20.14 11.469999999999999
18.85 11.44
18.12 11.44
17.630000000000003 11.450000000000001
21.19 11.459999999999999
20.78 11.469999999999999
18.360000000000003 11.44
17.53 11.43
18.8 11.43
20.43 11.5
20.53 11.450000000000001
17.580000000000002 11.459999999999999
17.94 11.44
20.02 11.450000000000001
19.02 11.5
20.09 11.469999999999999
18.240000000000002 11.44
17.549999999999997 11.44
21.02 11.450000000000001
20.53 11.459999999999999
18.26 11.450000000000001
17.549999999999997 11.450000000000001
17.990000000000002 11.43
21.14 11.49
20.97 11.450000000000001
17.8 11.43
18.12 11.44
19.53 11.450000000000001
20.46 11.5
19.68 11.459999999999999
17.9 11.44
17.68 11.44
20.97 11.450000000000001
19.17 11.459999999999999
22.75 11.469999999999999
17.75 11.49
18.14 11.450000000000001
20.41 11.5
20.8 11.49
17.9 11.450000000000001
18.38 11.450000000000001
17.26 11.44
20.95 11.5
20.39 11.469999999999999
18.12 11.450000000000001
17.07 11.450000000000001
18.360000000000003 11.450000000000001
20.41 11.5
21.12 11.450000000000001
17.330000000000002 11.450000000000001
18.459999999999997 11.44
