10.776500000000008 28.61812
10.759869999999989 28.578340000000026
18.487009000000008 32.286608500000035
11.596739999999995 30.422095
11.17082 29.722770000000022
11.094079999999991 28.965855
10.560549999999989 28.73032000000001
10.545989999999994 28.71978
10.683280000000014 28.705300000000005
10.67945999999999 28.654129999999995
10.519029999999994 28.67412000000001
10.560909999999994 28.770750000000007
10.577829999999992 28.684229999999992
10.534919999999998 28.73333999999999
10.802130000000021 28.67718999999998
10.777839999999998 28.727310000000006
10.660189999999984 28.653149999999993
10.637229999999992 28.652870000000004
10.67749000000001 28.668269999999985
10.735570000000004 28.696039999999996
10.77933000000001 28.65391
10.62464999999999 28.634380000000004
10.573490000000005 28.622490000000006
10.513799999999994 28.62091
10.535359999999999 28.64432
10.678799999999997 28.70376
10.709140000000007 28.646110000000004
10.724989999999993 28.686450000000026
10.590399999999999 28.64633000000001
10.49787999999998 28.652839999999983
10.486729999999977 28.654710000000023
10.524459999999989 28.646549999999987
10.49514 28.63814
10.467109999999993 28.630149999999983
10.437939999999992 28.597130000000003
10.410239999999977 28.611420000000003
10.436219999999988 28.589030000000015
10.486129999999989 28.658040000000007
10.507579999999994 28.592019999999994
10.491849999999992 28.637459999999987
10.46972999999998 28.59962
10.467289999999984 28.59575999999997
10.487349999999998 28.578570000000003
10.571879999999991 28.610419999999998
10.605109999999991 28.59834000000001
10.514759999999995 28.610169999999997
10.459459999999995 28.60131999999999
10.408999999999992 28.620289999999986
10.527389999999986 28.587820000000026
10.605549999999988 28.624079999999974
10.64297999999999 28.58118
10.584779999999995 28.64375
10.550429999999993 28.573380000000032
10.51477999999999 28.601030000000023
10.602919999999992 28.61483000000001
10.678819999999991 28.585710000000013
10.631420000000007 28.56998
10.586889999999991 28.554720000000007
10.667740000000007 28.524729999999987
10.631499999999996 28.532120000000006
16.09428799999999 32.07492899999999
11.25598 30.138230000000014
10.606679999999995 28.48772999999999
10.549259999999999 28.45387000000003
10.48962999999999 28.380339999999993
10.459009999999981 28.42778000000001
10.417389999999992 28.51783000000003
10.468779999999978 28.471570000000007
10.50091 28.436599999999995
10.451709999999991 28.42304000000001
10.424819999999983 28.44432
10.369479999999992 28.437120000000014
10.368209999999996 28.43239000000003
10.489629999999995 28.46408000000001
10.587189999999996 28.442680000000024
10.43673999999999 28.4601
10.375779999999994 28.420950000000015
10.333389999999993 28.43419000000002
10.290399999999995 28.497809999999994
10.36877999999999 28.439820000000015
10.404149999999992 28.415460000000003
10.390269999999994 28.39490999999999
10.375499999999995 28.40316000000001
10.340749999999991 28.413810000000005
10.338239999999992 28.376290000000015
10.358029999999992 28.445270000000004
10.39357999999998 28.383920000000035
10.398840000000007 28.418720000000025
10.41028 28.374780000000005
10.401419999999979 28.36422
10.360469999999983 28.442099999999986
10.391249999999989 28.407810000000016
10.453570000000004 28.392020000000034
10.529360000000011 28.371050000000015
10.51912 28.347300000000015
10.481939999999993 28.344110000000004
10.440009999999981 28.327490000000004
10.544029999999996 28.37164
10.511549999999986 28.336669999999998
10.507549999999997 28.376809999999992
10.526389999999997 28.358050000000013
10.568239999999992 28.345159999999993
10.51993 28.409880000000037
10.480649999999997 28.393970000000007
10.445329999999982 28.355320000000024
10.333599999999993 28.36797000000001
10.290039999999982 28.37657000000001
10.361709999999992 28.338519999999995
10.407629999999992 28.335400000000003
10.418479999999992 28.42373000000001
10.535980000000004 28.36231000000002
10.506020000000001 28.41785
10.420149999999987 28.340350000000015
10.342179999999988 28.361570000000007
10.33556 28.391390000000012
10.387380000000002 28.368869999999983
10.384460000000004 28.344340000000017
10.344649999999994 28.341639999999984
10.332889999999999 28.311069999999987
10.323759999999977 28.33609000000003
10.326429999999979 28.298360000000034
10.465329999999987 28.348879999999998
10.597029999999995 28.270010000000017
10.565159999999995 28.34026999999999
10.54574999999999 28.27324
10.51381999999999 28.302310000000013
10.502690000000001 28.353769999999994
10.76336 28.570383
10.615609999999995 28.313889999999986
10.74711 28.39071800000002
10.572989999999995 28.346310000000013
10.43329999999998 28.29204
10.41787999999999 28.31798000000001
18.538694 30.5078089
12.127959999999986 29.464001999999965
11.435459999999997 30.5252
20.247630999999988 31.481141000000008
11.44212 29.731670000000026
11.987759999999993 29.976649000000023
10.807440000000003 28.227019999999996
10.53466999999999 27.84627999999999
10.381409999999992 27.888740000000002
10.59497999999999 28.00269000000002
10.385899999999987 28.011079999999993
11.257909999999988 28.117759999999986
10.41790999999999 28.03685999999999
10.665789999999996 28.320549999999994
10.482019999999991 27.942339999999998
11.086597 28.086650000000024
11.02098 28.230870000000007
10.82404 28.242539999999977
10.609209999999997 28.049319999999994
10.444830000000003 27.875559999999993
10.400039999999992 27.854649999999992
10.791440000000001 28.135600000000004
10.467150000000004 28.258150000000022
10.551219999999994 27.989140000000006
10.840430000000016 28.018259999999984
11.022670000000037 28.141129999999993
11.021820000000027 28.079709999999995
10.913830000000036 27.95058
10.711120000000006 28.006249999999998
10.699660000000003 27.941969999999987
10.695590000000005 28.038070000000005
10.707270000000008 27.92753999999999
10.637599999999988 27.92205
10.529519999999996 27.93353
10.529589999999988 27.930330000000005
10.588199999999993 27.92425999999999
10.645449999999995 27.972109999999994
10.642809999999988 27.96460999999998
10.622569999999994 27.975759999999987
10.69752 28.079015000000012
10.578879999999993 28.10153000000003
10.525549999999997 27.98647
10.596220000000002 28.01761000000001
10.59406000000001 27.97096
10.541030000000003 27.94339
10.533109999999999 27.92856999999999
10.538159999999984 27.923330000000014
10.547159999999991 27.948899999999988
10.656729999999987 28.083190000000002
10.717469999999988 28.08154
10.650203999999993 28.092490000000005
10.570719999999996 28.07637
10.529280000000002 28.05492000000002
10.513739999999984 28.04696000000002
10.513169999999988 28.06671999999999
10.537799999999997 28.036640000000023
10.581320000000002 28.097040000000018
10.517140000000003 27.989410000000014
10.513269999999993 28.054309999999997
10.49574999999999 28.09397999999998
10.501599999999991 28.130160000000014
10.544069999999996 28.027469999999983
10.600759999999996 28.024759999999997
10.575420000000001 28.01699000000002
10.526709999999992 28.06083
10.504889999999994 28.028820000000003
10.601425999999996 28.09414999999999
10.50989999999999 28.032520000000012
10.668579999999999 28.211237000000004
10.527059999999997 28.136899999999983
10.507900000000006 28.063489999999998
10.544219999999996 28.043559999999996
10.842150000000018 28.107250000000008
11.826170000000035 28.401709999999998
10.814129999999997 28.28892
10.951520000000015 28.39647000000001
10.884450000000001 28.418270000000017
10.987989999999987 28.469859999999986
10.858160000000018 28.408950000000022
10.759930000000004 28.416338999999986
11.201718999999997 28.30761000000001
10.523599999999993 28.204139999999995
10.626739999999986 28.319228000000006
10.678499999999994 28.32250200000001
10.584299999999997 28.340680000000035
10.60797999999999 28.22509999999998
10.593019999999994 28.3491
10.700129999999998 28.15290999999999
10.69903 28.260870000000025
10.580680000000003 28.22229000000001
10.624559999999994 28.23947000000001
10.629070000000002 28.234210000000004
10.633060000000006 28.079960000000014
10.629200000000006 28.19204000000002
10.545809999999996 28.21396000000003
10.55531999999999 28.369600000000023
10.62466999999999 28.218450000000022
10.624689999999994 28.19162999999999
10.68104 28.210480000000015
10.699069999999999 28.174560000000003
10.717810000000005 28.189250000000023
10.670919999999988 28.161620000000003
10.725810000000001 28.17481999999998
10.763329999999998 28.13802000000003
10.673369999999995 28.163489999999992
10.611070000000005 28.127999999999968
10.598000000000008 28.137659999999983
10.557979999999988 28.136400000000016
10.59820999999999 28.15491
10.669679999999985 28.08170000000001
10.678340000000007 28.065529999999995
10.644259999999997 28.12046000000002
10.663049999999991 28.26101000000002
10.644799999999991 28.185069999999996
10.66627999999999 28.148350000000004
10.679149999999995 28.11179999999999
10.664200000000006 28.10009
10.676500000000004 28.084489999999995
10.684140000000008 28.117139999999996
10.662189999999997 28.084410000000005
10.70705 28.152980000000007
10.729519999999997 28.139000000000014
10.760400000000004 28.127640000000024
10.705830000000006 28.107270000000025
10.679590000000003 28.16011
10.69928 28.125899999999994
10.711479999999995 28.13664
10.671409999999995 28.107100000000003
10.627829999999998 28.081960000000016
10.63658 28.084090000000007
10.662919999999994 28.088369999999998
10.670880000000004 28.086360000000017
10.736399999999998 28.122730000000008
10.746050000000002 28.106240000000028
10.756090000000011 28.09792000000002
10.677470000000003 28.07555
10.711100000000005 28.122370000000004
10.685440000000003 28.083550000000024
10.728980000000005 28.097690000000004
10.684380000000003 28.07921000000001
10.654880000000002 28.037370000000006
10.622810000000014 28.13401000000001
10.64461000000001 28.054680000000033
10.655890000000008 28.03875000000002
10.731110000000008 28.053149999999995
10.746490000000005 28.054490000000005
10.69715 28.068409999999993
10.651800000000005 28.0138
10.770090000000014 28.05995999999999
10.705109999999996 28.02383
10.87961150000001 28.15963290000001
10.849760000000003 28.272284
10.68544899999999 28.130390000000038
10.83636199999999 28.389888999999997
10.8719 28.245730000000002
