21.560000000000002 11.76
19.53 11.78
22.0 11.76
18.970000000000002 11.76
19.48 11.76
20.830000000000002 11.76
20.43 11.77
20.8 11.78
19.38 11.76
17.75 11.76
22.919999999999998 11.78
18.68 11.77
22.24 11.77
17.94 11.77
19.53 11.74
21.04 11.78
20.830000000000002 11.77
19.82 11.78
19.509999999999998 11.77
17.8 11.76
22.71 11.76
19.48 11.77
21.22 11.78
17.82 11.76
19.68 11.76
20.9 11.790000000000001
20.87 11.76
19.950000000000003 11.76
19.509999999999998 11.76
19.17 11.76
21.560000000000002 11.790000000000001
20.51 11.78
20.36 11.76
17.990000000000002 11.74
22.09 11.77
18.82 11.78
23.14 11.77
18.29 11.77
19.97 11.74
21.46 11.76
20.31 11.790000000000001
20.560000000000002 11.78
19.56 11.78
17.75 11.77
22.73 11.77
19.34 11.77
21.46 11.78
17.82 11.76
19.53 11.76
21.09 11.799999999999999
21.39 11.78
19.7 11.790000000000001
19.53 11.78
18.48 11.76
22.31 11.790000000000001
20.560000000000002 11.78
20.560000000000002 11.77
18.02 11.76
21.240000000000002 11.77
19.56 11.790000000000001
22.75 11.77
18.43 11.78
19.63 11.77
19.53 11.77
21.68 11.790000000000001
21.36 11.78
19.75 11.77
17.97 11.77
22.66 11.76
18.82 11.799999999999999
22.509999999999998 11.790000000000001
18.09 11.77
19.75 11.76
21.29 11.78
20.41 11.78
20.849999999999998 11.78
19.56 11.77
18.02 11.76
23.14 11.77
19.17 11.78
22.09 11.77
18.09 11.76
19.68 11.76
21.240000000000002 11.77
21.09 11.790000000000001
20.09 11.790000000000001
19.63 11.77
18.240000000000002 11.76
23.14 11.790000000000001
19.869999999999997 11.790000000000001
21.39 11.790000000000001
18.04 11.76
19.8 11.76
21.51 11.799999999999999
22.02 11.790000000000001
19.24 11.77
19.8 11.78
18.77 11.77
24.8 11.790000000000001
20.830000000000002 11.78
20.51 11.77
18.14 11.77
19.8 11.77
21.63 11.78
23.07 11.790000000000001
18.12 11.76
19.85 11.76
18.970000000000002 11.77
23.39 11.790000000000001
20.65 11.77
19.900000000000002 11.77
18.07 11.76
22.29 11.76
21.09 11.82
21.29 11.78
18.16 11.77
19.82 11.76
21.51 11.76
22.919999999999998 11.76
18.509999999999998 11.77
19.97 11.76
18.26 11.76
23.78 11.790000000000001
21.17 11.790000000000001
19.85 11.78
18.21 11.77
21.560000000000002 11.77
21.48 11.790000000000001
21.46 11.790000000000001
18.04 11.77
19.919999999999998 11.77
21.48 11.78
21.68 11.790000000000001
19.73 11.77
19.919999999999998 11.76
18.26 11.77
23.34 11.78
20.87 11.790000000000001
20.43 11.78
18.04 11.76
20.8 11.76
21.14 11.82
21.46 11.78
18.19 11.77
20.75 11.78
21.51 11.790000000000001
21.34 11.790000000000001
18.970000000000002 11.790000000000001
21.0 11.77
18.02 11.76
23.169999999999998 11.78
21.240000000000002 11.790000000000001
19.78 11.77
18.12 11.77
20.46 11.76
22.439999999999998 11.78
21.97 11.790000000000001
18.26 11.77
19.85 11.76
21.0 11.78
22.68 11.790000000000001
19.02 11.78
19.950000000000003 11.77
18.12 11.76
23.51 11.78
21.310000000000002 11.790000000000001
19.950000000000003 11.77
18.310000000000002 11.76
21.04 11.76
21.51 11.799999999999999
22.36 11.78
18.26 11.77
19.950000000000003 11.76
21.66 11.77
23.41 11.799999999999999
18.240000000000002 11.77
19.919999999999998 11.76
18.509999999999998 11.74
24.15 11.78
20.53 11.77
19.97 11.76
18.26 11.76
22.88 11.76
21.83 11.799999999999999
20.29 11.78
18.360000000000003 11.74
20.26 11.77
22.85 11.790000000000001
22.24 11.790000000000001
18.310000000000002 11.77
20.0 11.76
21.61 11.77
23.34 11.799999999999999
18.58 11.77
20.09 11.76
19.07 11.76
24.05 11.78
20.09 11.78
20.51 11.78
18.310000000000002 11.74
23.36 11.77
21.560000000000002 11.78
23.93 11.78
18.21 11.76
20.87 11.74
22.61 11.799999999999999
22.02 11.790000000000001
18.38 11.76
20.31 11.77
21.73 11.77
23.799999999999997 11.78
18.360000000000003 11.77
20.119999999999997 11.76
19.34 11.74
24.27 11.790000000000001
19.919999999999998 11.78
20.09 11.76
18.41 11.77
23.66 11.78
21.95 11.78
20.119999999999997 11.790000000000001
18.26 11.77
20.53 11.76
22.56 11.78
22.31 11.790000000000001
18.240000000000002 11.77
20.169999999999998 11.77
21.66 11.77
23.36 11.790000000000001
18.77 11.78
20.26 11.77
18.310000000000002 11.76
24.560000000000002 11.799999999999999
20.849999999999998 11.790000000000001
20.21 11.77
18.33 11.76
23.07 11.77
21.41 11.78
21.02 11.77
18.360000000000003 11.77
20.24 11.76
22.27 11.76
23.49 11.78
18.48 11.76
20.24 11.74
20.24 11.76
23.51 11.77
19.900000000000002 11.77
19.919999999999998 11.76
18.07 11.74
23.07 11.74
20.9 11.76
19.68 11.74
17.77 11.73
19.950000000000003 11.73
21.73 11.76
21.95 11.76
17.580000000000002 11.74
19.48 11.74
19.7 11.74
21.46 11.77
19.6 11.77
19.259999999999998 11.76
17.43 11.73
22.58 11.77
20.09 11.77
20.09 11.76
17.630000000000003 11.73
19.29 11.73
21.14 11.76
22.27 11.76
17.549999999999997 11.74
19.24 11.74
18.75 11.73
22.509999999999998 11.78
19.78 11.76
19.259999999999998 11.73
17.53 11.73
21.92 11.74
19.75 11.78
20.919999999999998 11.76
17.65 11.74
19.34 11.74
21.14 11.76
21.66 11.78
18.21 11.76
19.6 11.76
17.82 11.73
