18.310000000000002 11.18
22.509999999999998 11.219999999999999
19.650000000000002 11.24
17.330000000000002 11.19
18.19 11.18
17.31 11.19
23.14 11.23
18.04 11.24
17.7 11.21
16.650000000000002 11.21
17.9 11.18
22.95 11.219999999999999
18.58 11.24
16.97 11.19
18.02 11.19
17.09 11.19
22.46 11.23
19.29 11.25
18.16 11.21
17.19 11.21
18.19 11.21
21.34 11.23
20.39 11.25
17.11 11.23
18.16 11.21
17.19 11.21
20.53 11.219999999999999
21.14 11.24
18.07 11.19
17.380000000000003 11.19
18.16 11.19
18.87 11.18
23.14 11.25
17.24 11.219999999999999
18.29 11.19
17.19 11.19
18.75 11.19
23.05 11.27
18.459999999999997 11.23
17.21 11.18
18.19 11.21
17.97 11.19
24.12 11.23
17.31 11.219999999999999
18.310000000000002 11.19
17.26 11.19
18.529999999999998 11.19
23.580000000000002 11.23
18.19 11.19
17.02 11.18
18.09 11.19
16.99 11.18
22.63 11.19
19.040000000000003 11.25
18.12 11.21
16.99 11.19
18.14 11.19
21.39 11.21
20.31 11.219999999999999
17.07 11.19
18.19 11.18
17.14 11.18
20.26 11.21
21.560000000000002 11.25
18.19 11.19
16.97 11.19
18.19 11.19
17.8 11.18
23.9 11.24
17.09 11.219999999999999
18.16 11.21
17.04 11.21
18.529999999999998 11.19
23.46 11.24
19.040000000000003 11.24
17.24 11.219999999999999
18.21 11.19
17.11 11.18
22.34 11.21
19.43 11.23
18.21 11.19
16.89 11.21
17.97 11.19
19.82 11.19
22.24 11.23
17.07 11.21
18.16 11.18
17.14 11.18
19.07 11.19
22.88 11.23
18.26 11.19
17.21 11.19
18.19 11.19
17.5 11.19
24.46 11.23
17.29 11.23
18.529999999999998 11.19
17.53 11.19
18.48 11.19
23.830000000000002 11.219999999999999
20.39 11.24
16.939999999999998 11.21
18.26 11.19
17.9 11.21
21.529999999999998 11.23
20.36 11.25
18.26 11.19
17.11 11.19
18.240000000000002 11.18
21.22 11.219999999999999
20.53 11.25
17.14 11.21
18.09 11.21
16.89 11.21
21.529999999999998 11.219999999999999
19.900000000000002 11.27
17.97 11.19
16.97 11.21
18.02 11.19
21.240000000000002 11.21
20.31 11.25
16.97 11.219999999999999
18.09 11.19
17.11 11.19
22.8 11.219999999999999
18.7 11.27
18.07 11.19
17.02 11.19
18.82 11.19
22.919999999999998 11.23
18.75 11.25
17.330000000000002 11.21
18.41 11.19
18.360000000000003 11.23
23.93 11.25
17.26 11.24
18.38 11.21
17.26 11.21
18.75 11.21
21.78 11.25
19.82 11.23
20.43 11.24
17.380000000000003 11.21
17.849999999999998 11.219999999999999
21.78 11.24
15.97 11.219999999999999
17.31 11.19
15.989999999999998 11.21
19.43 11.19
19.900000000000002 11.25
17.31 11.21
15.97 11.19
17.380000000000003 11.21
19.580000000000002 11.21
19.82 11.24
16.02 11.21
17.5 11.18
16.189999999999998 11.19
22.12 11.219999999999999
16.5 11.23
17.07 11.19
15.72 11.17
17.72 11.16
21.240000000000002 11.21
17.29 11.21
16.04 11.18
17.16 11.17
16.99 11.17
21.68 11.23
15.72 11.21
17.14 11.17
15.770000000000001 11.17
18.92 11.18
19.900000000000002 11.219999999999999
17.09 11.19
15.75 11.17
17.21 11.18
19.53 11.18
19.24 11.23
15.840000000000002 11.19
17.19 11.17
16.46 11.18
21.26 11.21
16.89 11.219999999999999
17.24 11.18
15.770000000000001 11.18
17.82 11.17
20.14 11.219999999999999
18.12 11.219999999999999
15.8 11.19
17.24 11.19
17.8 11.21
20.95 11.24
15.939999999999998 11.18
17.31 11.17
16.24 11.18
21.7 11.21
16.919999999999998 11.21
17.16 11.18
15.75 11.18
18.459999999999997 11.17
20.34 11.23
17.11 11.19
15.72 11.18
17.21 11.18
18.12 11.19
20.849999999999998 11.219999999999999
15.82 11.18
17.21 11.16
16.04 11.18
21.66 11.19
17.04 11.219999999999999
20.75 11.21
15.8 11.21
18.48 11.19
20.61 11.219999999999999
17.31 11.19
15.8 11.19
17.31 11.19
17.5 11.18
21.310000000000002 11.23
15.75 11.219999999999999
17.24 11.19
15.770000000000001 11.19
20.830000000000002 11.19
17.990000000000002 11.23
17.31 11.19
15.75 11.18
17.9 11.18
20.95 11.219999999999999
17.29 11.19
15.75 11.19
17.24 11.18
17.36 11.18
21.68 11.24
15.82 11.27
17.380000000000003 11.18
15.89 11.18
18.8 11.18
19.869999999999997 11.24
17.8 11.19
15.870000000000001 11.18
17.380000000000003 11.18
19.46 11.21
19.43 11.25
15.8 11.21
17.29 11.18
16.189999999999998 11.18
22.12 11.219999999999999
16.259999999999998 11.25
17.29 11.19
15.72 11.18
18.509999999999998 11.19
20.31 11.23
17.29 11.219999999999999
15.7 11.19
17.26 11.17
17.549999999999997 11.19
21.34 11.23
15.72 11.19
17.330000000000002 11.18
15.8 11.19
20.07 11.21
18.82 11.24
17.26 11.19
15.7 11.18
17.48 11.19
20.24 11.219999999999999
18.459999999999997 11.219999999999999
15.72 11.19
17.26 11.18
21.310000000000002 11.21
20.95 11.25
17.330000000000002 11.24
15.8 11.219999999999999
17.29 11.19
17.04 11.21
21.83 11.24
15.7 11.219999999999999
17.21 11.19
15.75 11.19
18.7 11.18
20.14 11.23
17.31 11.219999999999999
15.870000000000001 11.19
17.36 11.18
17.7 11.19
21.39 11.23
