21.399399999999993 12.709600000000002
21.358299999999996 13.850700000000002
21.671799999999998 12.688600000000003
22.080099999999995 12.477300000000001
22.4512 12.5431
19.190300000000004 12.594700000000003
17.85109999999999 12.478200000000001
17.562500000000004 12.4859
18.037800000000004 13.566599999999998
18.4408 13.403099999999998
19.333799999999993 12.4696
20.643599999999996 12.476200000000004
20.086300000000005 12.484200000000001
19.492700000000003 12.4855
18.8418 12.461099999999998
20.451400000000007 12.469699999999998
19.891399999999994 12.478199999999998
19.780600000000003 12.4661
20.376699999999996 13.5524
18.569099999999995 13.016199999999998
19.263300000000005 12.453099999999997
20.435999999999996 12.484000000000002
20.104800000000004 12.509200000000002
20.629000000000005 12.4995
20.150900000000004 12.507899999999998
20.558300000000003 12.492
20.529200000000003 12.492300000000002
20.0469 12.4898
19.364799999999995 12.4752
19.562500000000004 12.4789
19.337199999999996 12.4494
19.385499999999997 12.4616
19.337300000000003 12.447600000000003
19.392300000000002 12.460200000000002
20.0012 12.696199999999996
19.641900000000003 13.846600000000004
19.1029 12.505199999999997
19.3911 12.449399999999997
19.595100000000006 12.4705
19.18079999999999 12.4349
19.5718 12.487599999999999
19.2582 12.4525
19.61990000000001 13.433599999999998
19.798099999999994 13.101199999999997
20.012600000000003 12.4727
19.5315 12.461599999999999
19.184900000000003 12.4668
19.3124 12.467400000000001
18.897399999999994 12.474499999999997
19.0945 12.467000000000002
19.1205 12.470699999999999
19.4175 12.479399999999998
16.453599999999994 12.502099999999999
16.1908 12.503000000000004
17.49010000000001 13.546799999999998
17.376099999999997 13.0659
15.295600000000004 12.508
14.707999999999998 12.4893
14.164700000000002 12.4693
13.302300000000002 12.464299999999998
12.8942 12.454799999999999
12.979999999999997 12.429100000000004
13.155899999999995 12.4878
12.9401 12.4715
12.654499999999997 12.442499999999999
12.437499999999996 12.4206
13.677700000000003 12.425299999999998
15.0786 12.436700000000002
15.853500000000004 13.255999999999998
14.862399999999996 13.276300000000003
12.792300000000001 12.440900000000001
12.421 12.449399999999999
13.443899999999998 12.4324
14.516400000000004 12.445799999999997
12.809299999999999 12.429300000000005
12.302700000000002 12.4222
12.354099999999995 12.424599999999998
12.1973 12.436399999999997
12.6257 13.501400000000002
12.3988 12.9139
12.479299999999997 12.4361
12.170400000000003 12.426399999999997
12.4767 12.414000000000005
12.3818 12.405099999999997
12.567800000000002 12.428099999999999
12.5431 12.4223
12.719499999999998 12.426500000000004
12.9766 12.424400000000002
12.820899999999996 12.5085
13.452300000000001 12.4734
13.882099999999998 12.444399999999996
15.5221 12.8673
15.430500000000002 13.674499999999998
15.22 12.485100000000001
14.295499999999997 12.480500000000003
14.676599999999999 12.4565
15.703199999999997 12.442400000000003
15.849499999999997 12.447900000000002
16.2572 12.4606
14.776200000000001 12.454899999999999
14.831600000000003 12.433
17.013199999999998 12.470500000000003
17.969600000000003 12.4524
18.748600000000003 13.1315
17.8245 13.333400000000001
17.520300000000002 12.422399999999998
17.7541 12.412499999999998
17.089899999999997 12.417399999999999
16.153900000000004 12.443100000000005
17.740300000000005 12.4391
18.2031 12.461000000000004
17.494200000000003 12.4417
16.804900000000004 12.422899999999998
17.949699999999996 12.447900000000004
17.622 12.472599999999998
18.7385 13.809199999999999
18.6399 12.796
18.120700000000003 12.429700000000004
17.8204 12.430000000000001
19.076700000000002 12.4776
18.976799999999994 12.447700000000001
17.5472 12.4403
17.557299999999998 12.4375
17.647799999999993 12.423
19.681300000000007 12.469000000000001
20.135499999999997 12.4954
19.1368 13.6008
18.701500000000003 13.093
18.575400000000002 12.4841
18.988599999999998 12.4851
19.306499999999993 12.501000000000001
19.524599999999996 12.505699999999997
18.819300000000002 12.492199999999997
18.9132 12.466199999999999
19.024600000000007 12.480700000000002
19.367999999999995 12.4875
19.309299999999997 12.4944
19.191899999999997 12.496199999999998
18.9244 13.574399999999997
18.488 12.9693
18.977300000000003 12.503599999999999
18.831600000000005 12.472900000000003
18.410000000000004 12.496600000000003
19.096099999999996 12.484200000000001
19.10929999999999 12.474800000000002
18.917900000000003 12.4802
18.887800000000002 12.4944
18.8946 12.488000000000003
19.1367 12.489199999999999
19.1987 12.4975
18.709400000000002 13.4808
18.78260000000001 13.113000000000003
19.214100000000002 12.5277
19.271699999999996 12.4993
19.565599999999996 12.503900000000003
18.8208 12.483600000000001
19.085299999999997 12.5588
19.4815 12.504299999999999
20.2941 12.520199999999997
19.876900000000003 12.501999999999999
20.159900000000004 12.542699999999998
20.3375 12.502300000000002
20.613100000000006 13.554499999999999
21.123399999999997 13.0645
21.125 12.522099999999996
20.414899999999996 12.4897
20.448999999999995 12.499500000000001
21.061899999999998 12.493799999999995
21.034100000000002 12.5121
22.328300000000002 12.5168
21.7706 12.509199999999998
21.9717 12.497299999999997
21.899600000000003 12.507599999999996
22.095599999999997 12.7247
22.3114 12.7025
22.402900000000002 13.8557
22.744999999999997 12.582200000000002
22.4983 12.496199999999998
22.382900000000003 12.5
22.548099999999994 12.501100000000001
21.546200000000002 12.4864
25.979499999999994 15.871000000000002
20.268399999999993 11.908199999999999
14.8064 11.1665
15.7674 10.065299999999997
22.383699999999997 9.6341
24.62750000000001 10.735899999999997
23.9904 10.565600000000002
24.015700000000006 10.0344
23.9679 10.209400000000002
22.6784 10.2162
22.023600000000002 10.380399999999996
22.1263 10.438799999999999
21.897899999999993 10.554899999999998
21.948099999999997 10.6528
21.748299999999997 10.7391
21.899600000000003 10.724699999999997
21.662200000000002 10.8526
21.98569999999999 11.8008
21.627999999999993 11.394099999999998
21.991599999999995 10.8211
21.754499999999997 10.802600000000002
21.840000000000003 10.9157
21.105900000000005 10.858999999999998
21.314399999999996 10.817800000000002
21.726300000000005 10.847
22.328299999999995 10.9635
22.473299999999995 10.949
22.279799999999998 11.133200000000002
21.259899999999995 10.986100000000002
20.3445 10.950899999999999
21.299500000000005 11.007800000000001
21.343799999999995 11.064599999999999
21.0617 11.055399999999999
22.3389 11.038300000000003
22.3487 11.039299999999999
22.5613 11.0853
22.3007 12.365700000000004
21.431199999999997 11.562499999999996
21.422599999999996 11.112699999999998
21.644500000000004 11.1639
21.632299999999997 11.147400000000001
22.799 12.262100000000004
20.765700000000006 11.705599999999997
20.887799999999995 11.099899999999998
21.084600000000002 11.1291
21.072400000000002 11.120499999999998
21.370799999999996 11.114099999999997
21.109599999999993 11.1129
19.4091 11.118500000000001
20.629300000000004 11.1963
20.640600000000003 11.176199999999996
20.2088 11.187300000000002
19.585299999999997 11.164699999999998
20.689799999999995 12.219000000000001
19.570199999999996 11.909900000000004
19.635099999999998 11.219999999999999
19.7524 11.2179
19.741100000000003 11.245000000000001
19.255100000000002 11.2012
19.044 11.208899999999998
19.279600000000002 11.2253
20.214299999999998 11.470300000000002
19.902900000000002 11.494399999999999
19.9288 11.343999999999998
19.5465 11.3778
19.1789 11.305199999999997
19.2664 11.282599999999997
19.081 11.328899999999997
19.7341 11.366399999999999
19.551699999999997 11.281099999999999
20.1112 11.857400000000002
19.922800000000006 12.365600000000002
19.3643 11.248899999999997
19.033099999999997 11.347700000000001
19.2917 11.373599999999998
19.608900000000006 11.3764
19.475000000000005 11.288200000000002
19.1442 11.308300000000001
19.415399999999998 11.329400000000003
20.204000000000004 12.420500000000002
19.337000000000007 11.8922
19.204300000000003 11.4087
18.670299999999997 11.369100000000001
18.722699999999996 11.318999999999997
18.058500000000006 11.285499999999999
18.233600000000003 11.3138
17.855 11.332299999999998
17.414600000000004 11.285300000000003
17.686100000000003 11.3028
17.664800000000003 11.613700000000001
18.182299999999998 12.692499999999999
17.883100000000006 11.376299999999999
17.646699999999996 11.372
17.0505 11.356100000000001
17.1209 11.3278
17.6853 11.312099999999997
17.718 11.315899999999997
17.737 11.307000000000002
17.4902 11.345200000000002
16.6545 11.3266
16.789900000000003 11.313300000000002
17.5226 11.3137
17.502099999999995 11.348700000000003
17.6308 11.386900000000004
16.8908 11.357799999999997
16.602499999999996 12.108800000000002
16.1682 12.204600000000001
