30.893200000000004 11.825000000000003
29.1076 11.4597
28.68909999999999 11.441500000000003
29.637900000000002 11.479700000000001
28.449199999999998 11.4531
28.835100000000008 11.4555
28.9302 11.464699999999999
28.7055 11.4832
29.305300000000003 11.475799999999998
29.547199999999997 11.4832
29.730800000000002 11.4638
29.1565 11.4777
28.425099999999997 11.457200000000002
28.36180000000001 11.4499
27.958399999999994 11.453800000000001
28.6049 11.4654
28.6342 11.4683
28.312200000000004 11.4712
28.638199999999998 11.4882
27.989600000000003 11.500200000000001
28.577599999999997 11.508099999999999
28.905899999999995 11.477300000000001
28.3899 11.464900000000004
28.1653 11.483200000000004
28.526599999999995 11.502399999999998
28.661 11.538499999999997
28.90319999999999 11.525099999999998
28.749500000000005 11.5181
28.392199999999995 11.500100000000002
28.5727 11.503599999999999
28.597399999999993 11.493400000000001
28.628700000000006 11.488400000000002
28.695699999999995 11.4989
29.211599999999997 11.500900000000001
28.936900000000016 11.495200000000002
28.76169999999999 11.489500000000001
28.1026 11.489599999999998
28.215500000000006 11.4904
28.853999999999996 11.4881
28.9116 11.4916
29.4389 11.514299999999999
29.456400000000006 11.5071
29.19690000000001 11.507199999999997
28.962300000000006 11.5039
28.55250000000001 11.501800000000001
28.8221 11.480100000000002
29.668700000000005 11.496199999999998
29.6265 11.478399999999999
29.2831 11.4632
29.715100000000007 11.495099999999999
28.859999999999996 11.519699999999998
28.530700000000003 11.537500000000001
28.834800000000005 11.594
28.882099999999994 11.523800000000001
28.7751 11.4875
29.1459 11.452399999999999
29.55539999999999 11.459100000000001
28.994899999999994 11.452399999999999
28.561500000000002 11.448900000000002
30.008000000000013 11.455599999999999
29.594899999999996 11.465499999999999
29.6685 11.474699999999999
29.92309999999999 11.462900000000003
29.51770000000001 11.4664
31.626310000000004 12.116556
28.898400000000006 11.393900000000002
29.82219999999999 11.7446
28.181500000000003 11.4435
28.4854 11.4234
29.28569999999999 11.4205
28.800800000000002 11.403799999999999
28.037799999999997 11.410599999999999
28.437800000000003 11.406899999999997
28.191700000000004 11.4221
28.778900000000007 11.428499999999996
28.989100000000008 11.442899999999998
28.85350000000001 11.4248
28.030500000000004 11.430899999999996
28.264 11.425299999999998
27.764400000000002 11.407499999999999
28.489500000000007 11.409299999999998
28.7513 11.4162
28.767000000000003 11.413599999999999
28.399 11.425400000000002
28.383100000000006 11.4434
28.519800000000007 11.4872
29.079299999999996 11.4986
28.479800000000004 11.5129
28.4686 11.531199999999998
28.395600000000005 11.543299999999999
27.822999999999997 11.1552
28.801599999999993 11.476700000000001
28.833899999999996 11.438400000000001
28.916999999999998 11.437000000000003
28.646900000000002 11.435899999999998
28.824800000000007 11.419699999999999
29.462300000000003 11.4181
29.2994 11.458400000000001
28.3166 11.451699999999999
28.6916 11.45
28.459540000000004 11.4455
28.6241 11.369200000000001
28.985099999999996 11.717600000000001
28.779700000000002 11.442099999999998
28.647299999999998 11.469700000000001
28.613400000000006 11.446599999999998
29.2108 11.465300000000003
28.822000000000003 11.458200000000001
28.02780000000001 11.431200000000002
27.862400000000004 11.4199
28.134999999999998 11.4095
28.581799999999998 11.429900000000002
28.645200000000003 11.4301
27.94610000000001 11.4362
28.208299999999998 11.446100000000001
28.1478 11.448799999999999
28.4051 11.472399999999999
28.8615 11.4776
29.033600000000003 11.4627
29.028100000000013 11.461899999999998
28.507500000000007 11.464000000000002
28.353099999999998 11.458400000000001
28.2723 11.447500000000002
29.2021 11.469
29.2223 11.575
28.113399999999995 11.222
29.6626 11.655800000000003
28.950800000000005 11.589699999999999
29.584799999999994 11.5564
29.729 11.5529
29.3676 11.539499999999999
29.707999999999995 11.537399999999998
29.493899999999996 11.512199999999998
29.2836 11.479200000000004
28.989800000000006 11.493699999999999
28.887600000000003 11.493500000000001
29.535 11.492399999999998
29.558999999999997 11.501399999999999
29.5218 11.494800000000001
29.4995 11.495799999999997
29.462000000000018 11.5105
30.050400000000003 11.5093
29.5482 11.527700000000001
32.75769999999999 12.414533999999998
31.022900000000003 11.844800000000003
30.692099999999993 11.484199999999998
30.507100000000005 11.503
31.053199999999997 11.5
29.6829 11.4993
29.9005 11.505499999999996
29.913099999999996 11.4943
29.894199999999998 11.4928
30.893700000000003 11.513
31.880900000000008 11.5352
31.11289999999999 11.575599999999998
30.822399999999995 11.678099999999999
30.886400000000002 11.598699999999997
30.9116 11.544199999999998
30.6138 11.535300000000001
30.06170000000001 11.540100000000002
29.149900000000002 11.5338
28.571999999999996 11.504600000000002
29.13480000000001 11.541599999999999
29.1706 11.548500000000002
29.377700000000008 11.550499999999998
29.8601 11.552900000000001
29.035300000000003 11.543100000000003
29.468400000000006 11.542199999999998
30.115499999999994 11.5413
29.942999999999998 11.5571
30.438 11.5537
30.4825 11.5566
29.8883 11.555
30.344299999999997 11.549600000000002
31.25820000000001 11.5758
31.310799999999993 11.592
29.865300000000005 11.574
29.647699999999993 11.565800000000001
29.696500000000004 11.5674
30.152399999999997 11.5616
30.5535 11.570199999999996
30.517300000000002 11.566000000000003
30.361500000000003 11.5655
31.048099999999994 11.566299999999998
30.150700000000008 11.560900000000002
30.266300000000008 11.561899999999998
30.053799999999992 11.5604
29.2663 11.562000000000003
29.775100000000005 11.561200000000001
30.169 11.5682
30.532300000000006 11.563400000000001
31.144500000000004 11.562399999999998
31.276300000000003 11.568399999999999
30.704999999999995 11.5651
30.330399999999997 11.5557
30.085199999999997 11.556799999999999
30.9063 11.5666
30.02030000000001 11.563399999999998
29.843700000000002 11.540700000000005
30.186300000000006 11.551900000000002
29.8928 11.567299999999998
29.934699999999996 11.5644
30.096300000000003 11.5717
31.187699999999996 11.5796
30.244300000000006 11.5676
30.2703 11.554300000000003
29.455000000000002 11.5595
30.099500000000003 11.579199999999998
30.3328 11.562899999999999
29.9416 11.557400000000001
30.558699999999998 11.570300000000001
30.147999999999996 11.549199999999997
29.794500000000003 11.5664
30.1342 11.547699999999999
30.927299999999995 11.563999999999998
31.377100000000002 11.5787
30.698499999999996 11.564700000000002
30.470399999999998 11.572599999999998
30.336300000000005 11.578299999999997
29.614400000000003 11.5715
29.965300000000006 11.633499999999996
30.6587 11.589799999999997
30.502300000000005 11.5839
30.89569999999999 11.5792
31.3542 11.5871
30.868299999999998 11.586099999999998
29.2932 11.211400000000001
29.6573 11.2141
31.359499999999997 11.9321
30.909900000000007 11.557999999999998
30.708199999999998 11.5816
31.938899999999993 11.919300000000002
30.337999999999994 11.556500000000002
30.04219999999999 11.551600000000004
30.6777 11.559700000000003
30.762 11.562299999999999
30.15199999999999 11.5619
30.470899999999997 11.5834
30.36339999999999 11.542400000000002
30.345999999999997 11.577
30.73510000000001 11.667
30.250099999999996 11.773400000000002
30.693000000000005 11.6146
30.60439999999999 11.586899999999996
30.412500000000005 11.564900000000002
30.912499999999998 11.5527
31.7822 11.568700000000002
30.862700000000004 11.5524
31.073800000000002 11.563600000000001
31.9587 11.5837
31.527300000000007 11.5806
30.574299999999994 11.5746
31.30530000000001 11.607600000000003
31.980000000000004 11.6315
30.860000000000003 11.593799999999998
30.936499999999995 11.5778
30.373000000000005 11.560500000000001
30.18900000000001 11.557600000000003
30.374599999999997 11.5694
29.979400000000005 11.670500000000002
30.314500000000006 11.629299999999999
30.548000000000012 11.7106
30.2535 11.603299999999997
29.424200000000006 11.249700000000002
32.393699999999995 12.368380000000002
30.89269999999999 11.944400000000002
30.0782 11.6144
30.797900000000006 11.588200000000002
29.6054 11.597299999999997
30.31 11.5712
30.24710000000001 11.5789
30.7961 11.593400000000003
30.5717 11.596600000000004
30.887999999999998 11.676700000000002
30.945599999999985 11.676999999999998
30.694999999999993 11.640400000000001
31.007800000000007 11.698099999999998
31.7034 11.645999999999997
31.297899999999995 11.6334
30.8224 11.630900000000002
31.2099 11.644699999999997
31.478799999999996 11.6451
30.566600000000005 11.632200000000003
30.422299999999996 11.640699999999999
33.40699999999999 11.723199999999999
30.721899999999998 11.844699999999998
30.186399999999992 11.835299999999997
29.468100000000003 11.5231
