49.727 16.868599999999997
49.522000000000006 16.873099999999997
57.663599999999974 19.793799999999997
40.43423000000001 13.759820000000003
44.88839000000001 14.51451
50.144 15.874400000000003
50.36999999999999 16.3996
49.535999999999994 16.5847
48.266999999999996 16.647100000000002
49.72200000000001 16.675600000000003
48.544 16.6679
48.358 16.664900000000003
49.0 16.646700000000003
48.25 16.6528
47.617000000000004 16.6364
47.111000000000004 16.6428
47.353 16.661900000000003
48.054000000000016 16.662499999999998
48.413000000000004 16.644299999999994
48.229000000000006 16.6794
51.913399999999996 17.043383000000002
46.1736 16.01788
47.5702 16.184820000000002
49.03100000000001 16.552100000000003
48.83 16.6466
48.592 16.681
48.84 16.7168
48.974000000000004 16.738999999999997
45.839000000000006 15.9355
45.802 15.926499999999999
46.696999999999996 16.072899999999997
49.294000000000004 17.3537
48.94900000000001 16.620099999999997
48.74100000000001 16.683999999999997
48.35000000000001 16.7641
48.964999999999996 16.676599999999997
49.684 16.6916
48.81400000000001 16.687
48.803000000000004 16.698400000000003
49.099000000000004 16.7076
47.899 16.724800000000002
48.041999999999994 16.738099999999996
48.352000000000004 16.7572
48.396 16.767000000000003
48.629 16.7519
48.199000000000005 16.7608
48.111999999999995 16.7412
47.78299999999999 16.754199999999997
47.96699999999999 16.7381
47.666000000000004 16.739499999999996
47.827000000000005 16.7533
48.03200000000001 16.7479
49.3714 17.614549999999998
46.24717000000001 16.037829999999996
47.94101999999999 16.224630000000005
49.096000000000004 16.639599999999994
49.717999999999996 16.7081
49.525 16.738099999999996
48.88 16.753199999999996
48.19200000000001 16.7746
49.015 16.792199999999998
49.036 16.7969
49.004999999999995 16.8335
48.965 16.8348
48.12800000000001 16.838
49.15699999999999 16.857200000000002
50.047 16.8686
49.757000000000005 16.864800000000002
48.506 16.8585
48.986999999999995 16.864
49.208999999999996 16.881400000000003
48.66 16.896200000000004
49.227999999999994 16.895199999999996
49.384 16.9059
49.019 16.906100000000006
48.95299999999999 16.915899999999997
49.315 16.947000000000003
49.408 16.926599999999997
49.382999999999996 16.932000000000002
47.97500000000001 16.950000000000003
47.803000000000004 16.9341
48.044999999999995 16.966200000000004
47.648 16.989799999999995
47.498 16.9575
47.266999999999996 16.984499999999997
47.489000000000004 17.060000000000002
48.188 17.118700000000004
48.013000000000005 17.1746
47.669999999999995 17.264000000000003
47.65100000000001 17.3013
47.69000000000001 17.311
47.23400000000001 17.2479
47.717 16.963900000000002
48.32600000000001 16.966900000000003
47.44799999999999 16.9912
48.196000000000005 17.008900000000004
49.397999999999996 17.0074
48.05699999999999 17.0332
47.894 17.018900000000002
48.623999999999995 17.0486
49.403000000000006 17.010499999999997
49.18200000000001 17.051
49.38 17.0463
49.863 17.016599999999997
48.407000000000004 17.027999999999995
51.565400000000004 17.894800000000004
46.03438 16.232970000000005
46.9051 16.423209999999997
48.553999999999995 16.7495
47.73900000000001 16.942200000000003
47.645999999999994 17.003700000000006
48.092 16.9953
48.551 16.9945
48.253 17.005200000000002
48.519000000000005 17.046499999999998
47.69800000000001 17.0641
49.016 17.0556
48.472999999999985 17.0273
48.732000000000006 17.0227
49.66 17.039499999999997
48.620999999999995 17.076199999999996
48.205999999999996 17.0838
48.303000000000004 17.135499999999997
50.005 17.135399999999997
51.43800000000002 17.105600000000003
50.849 17.0882
51.241 17.086000000000002
67.71947000000003 24.146869000000002
38.659859999999995 11.58977
51.06699999999999 14.379800000000001
50.161 15.6639
70.13990999999999 22.825568
37.73274000000001 11.078599999999996
47.083 13.3108
60.4345 17.273522000000003
53.03114999999998 16.309459999999994
51.63764 15.836400000000001
51.7466 16.606900000000003
48.64469999999999 15.82621
49.962 15.956599999999998
51.73599999999999 16.3701
52.708999999999996 16.5079
52.22 16.5622
51.953999999999986 16.602299999999996
51.96599999999999 16.6098
52.31099999999999 16.634300000000003
52.23800000000001 16.6569
52.1 16.6824
51.778 16.7016
52.083 16.6914
50.598 16.6885
50.639 16.705299999999998
50.26199999999999 16.738
50.772000000000006 16.7519
50.32099999999999 16.7731
50.327 16.8159
50.698 16.821299999999994
50.504000000000005 16.8327
51.284000000000006 16.942800000000002
51.453 16.951
51.229 16.966299999999997
51.31099999999999 16.945
51.784 16.977
51.67799999999999 16.9952
51.283 16.980099999999997
51.147999999999996 16.966399999999997
50.175000000000004 16.967699999999997
49.789 16.972299999999997
49.666000000000004 16.9923
54.30390000000001 18.771290000000004
45.12600000000001 15.448780000000001
47.47650000000001 15.824139999999998
49.859 16.475
49.747 16.7562
54.683799999999984 17.515140000000002
48.805400000000006 16.24547
51.327999999999996 16.4388
52.49299999999999 16.873399999999997
49.86200000000001 16.926399999999997
48.733999999999995 16.919800000000002
49.222 16.953000000000003
49.151 16.9785
49.942 17.015499999999996
50.57000000000001 17.0089
50.592000000000006 17.0135
49.963 17.004299999999997
50.00600000000001 16.9998
49.812 17.011300000000002
50.10000000000001 17.031000000000002
49.901 17.035700000000002
50.107 17.062199999999997
50.022999999999996 17.0569
51.967580000000005 17.930516
47.412150000000004 16.38153
48.28 16.639100000000003
49.582 16.9588
49.013999999999996 17.0511
48.78199999999999 17.099900000000005
48.75399999999999 17.0945
48.813999999999986 17.0747
48.712 17.073200000000003
49.462999999999994 17.087600000000002
49.498999999999995 17.1334
49.48499999999999 17.137800000000006
50.49699999999999 17.1408
50.074000000000005 17.1411
49.98199999999999 17.1417
50.527 17.134900000000002
50.13999999999999 17.1449
49.614 17.1653
49.538000000000004 17.183600000000002
49.739 17.1799
49.342999999999996 17.222499999999997
52.629870000000004 17.87692
49.1136 16.582670000000004
50.261 16.829599999999996
51.081999999999994 17.1477
50.46000000000001 17.1752
50.28600000000001 17.207
50.818 17.2211
53.2462 18.272094999999997
47.568690000000004 16.327309999999997
49.9086 16.557299999999998
50.208000000000006 16.9311
49.725 17.0432
49.58700000000001 17.1043
49.00600000000001 17.1112
48.85 17.103700000000003
49.556999999999995 17.1175
49.087999999999994 17.108099999999997
49.151 17.1159
49.172000000000004 17.1127
49.605 17.1342
49.643 17.143399999999996
49.540000000000006 17.1342
49.751999999999995 17.1525
50.52100000000001 17.1571
50.349 17.1725
57.276099999999985 20.73909
40.58665 14.053480000000002
50.684 15.645444000000003
52.6654 16.639966000000005
56.276799999999994 17.9103
50.9347 15.024600000000001
51.50699999999999 15.570900000000002
51.712 16.086
51.32599999999999 16.281100000000002
51.20199999999999 16.425200000000004
51.09 16.4284
51.438 16.437500000000004
51.090999999999994 16.441300000000002
51.153999999999996 16.4679
51.385999999999996 16.467200000000005
50.809000000000005 16.463400000000004
51.94 16.509900000000002
51.434000000000005 16.5433
51.00499999999999 16.5451
50.127999999999986 16.555800000000005
50.918000000000006 16.5839
50.793 16.6293
51.485 16.6606
51.88999999999999 16.631400000000003
51.611999999999995 16.6512
51.00599999999999 16.6391
51.785000000000004 16.6467
51.153000000000006 16.6665
51.929 16.6839
52.147 16.667900000000003
51.64199999999999 16.6733
51.683 16.640499999999996
51.607 16.665599999999998
51.605000000000004 16.662499999999998
52.343999999999994 16.683300000000003
52.27599999999999 16.703199999999995
52.28 16.7031
50.49400000000001 16.7014
50.617999999999995 16.691799999999997
50.254 16.685200000000002
50.212 16.7016
50.136999999999986 16.7015
50.48199999999999 16.7182
50.148 16.7068
50.20300000000001 16.7069
49.881 16.7098
49.85600000000001 16.7106
50.37300000000001 16.734199999999998
49.922 16.7299
49.71600000000001 16.7383
