35.538000000000004 10.227200000000002
36.02900000000001 10.243899999999998
36.481 10.2542
36.48499999999999 10.271800000000002
35.76599999999999 10.2721
34.749 10.254700000000001
36.034 10.280899999999999
36.013 10.3055
36.005 10.311900000000001
36.83200000000001 10.308700000000002
35.301 10.302200000000001
34.787 10.3056
35.286 10.311700000000002
35.651999999999994 10.3339
36.144999999999996 10.342800000000002
35.19899999999999 10.5077
34.66 10.4695
34.792 10.3946
34.28300000000001 10.372900000000001
34.201 10.388800000000002
34.195 10.4
33.86 10.402600000000001
33.647000000000006 10.411900000000001
34.092999999999996 10.421800000000001
34.214 10.430200000000001
34.586 10.438699999999999
34.89600000000001 10.4532
34.127 10.4616
33.995999999999995 10.465300000000001
34.313 10.4763
34.641000000000005 10.4853
34.28000000000001 10.4919
34.45199999999999 10.4994
32.132 10.3734
33.265 9.94965
33.294999999999995 9.992500000000003
33.91 10.0189
34.158 10.0357
34.301 10.055
33.952 10.065700000000001
33.516 10.076300000000003
34.112 10.091
33.91499999999999 10.1131
34.19200000000001 10.122900000000001
34.337999999999994 10.140399999999998
34.20399999999999 10.143799999999999
34.23300000000001 10.160900000000002
33.479 10.157700000000002
33.885000000000005 10.1621
34.289 10.1745
34.41 10.191
34.60300000000001 10.205500000000002
33.85999999999999 10.214800000000002
33.468 10.216
33.544999999999995 10.222999999999999
34.854 10.2924
34.86599999999999 10.358400000000003
35.053 10.289800000000001
34.904999999999994 10.2981
34.160000000000004 10.301000000000002
34.43500000000001 10.3042
34.401999999999994 10.326000000000002
34.54200000000001 10.3413
34.273999999999994 10.349300000000001
34.094 10.3576
34.485 10.3558
34.16400000000001 10.366999999999999
34.28 10.3863
34.547 10.399300000000002
34.105000000000004 10.4046
33.53599999999999 10.4069
33.956 10.422500000000001
33.65899999999999 10.435800000000002
33.861999999999995 10.4608
34.117999999999995 10.4701
34.398999999999994 10.4892
34.426 10.4946
34.476 10.504499999999998
34.291000000000004 10.513999999999998
34.40800000000001 10.5297
34.23600000000001 10.5493
34.431999999999995 10.560199999999998
34.29600000000001 10.5609
33.76 10.570500000000001
33.79299999999999 10.584100000000001
34.033 10.603299999999999
33.354 10.6201
34.025999999999996 10.6264
33.378 10.6251
33.589999999999996 10.631599999999999
33.67399999999999 10.637800000000002
33.517599999999995 10.662199999999999
33.08299999999999 10.4804
32.562999999999995 10.604700000000001
34.808 10.7551
35.398 10.7754
35.126 10.8015
36.04599999999999 10.826699999999997
35.181000000000004 10.848199999999999
34.387 10.867099999999999
34.18599999999999 10.8793
34.239 10.8999
34.619 10.936699999999998
34.903 10.9628
35.165000000000006 10.9081
34.98799999999999 10.771299999999998
34.788999999999994 10.752699999999999
34.770999999999994 10.7685
35.583999999999996 10.7926
35.3 10.798399999999999
34.668 10.7831
34.71 10.776299999999999
34.163000000000004 10.777199999999997
35.53999999999999 10.7896
36.001 10.814
36.47299999999999 10.8203
36.24300000000001 10.820799999999998
36.041 10.8301
36.318 10.835600000000001
36.26199999999999 10.841700000000001
35.612 10.857299999999999
35.153999999999996 10.868599999999999
35.68900000000001 10.8843
35.15 10.8926
35.353 10.889399999999998
35.66599999999999 10.901699999999998
35.337999999999994 10.9161
35.5 10.9316
36.216 10.9446
35.705999999999996 10.948599999999999
34.772999999999996 10.9392
35.058 10.944399999999998
35.363 10.9624
36.202 10.9783
35.718 10.980299999999998
36.550000000000004 10.992899999999999
36.336 11.002600000000001
36.80100000000001 11.0246
36.852000000000004 11.0376
36.91799999999999 11.051400000000001
36.74399999999999 11.059099999999999
35.561 11.050999999999998
35.735 11.041899999999998
35.973 11.0765
36.336 11.0929
36.68699999999999 11.109599999999997
36.293 11.2588
35.825 11.122800000000002
35.721 11.1164
35.563 11.1422
36.127 11.165599999999998
35.904 11.174999999999999
34.764 11.159400000000003
35.214 11.163800000000002
35.394999999999996 11.181000000000001
35.471999999999994 11.203800000000003
35.54600000000001 11.223500000000001
35.336000000000006 11.226600000000001
35.75000000000001 11.221399999999997
35.388000000000005 11.2261
37.821 11.2438
38.804 11.269300000000001
37.799000000000014 11.297
37.824 11.303
36.527 11.297600000000001
36.443 11.29
36.524 11.299999999999999
36.952 11.326999999999996
37.68000000000001 11.346800000000004
37.029999999999994 11.3521
36.073 11.334
35.596 11.329199999999998
36.949 11.350700000000002
38.002 11.3846
37.713 11.397599999999999
37.037 11.3955
36.456 11.3874
35.919 11.374300000000002
36.861999999999995 11.386500000000002
37.925000000000004 11.417400000000002
37.576 11.428899999999999
36.929 11.423800000000002
35.914 11.417000000000002
36.25200000000001 11.4113
38.032 11.426499999999999
38.742999999999995 11.463
38.328 11.476199999999999
37.758 11.473700000000001
35.978 11.445700000000002
36.086000000000006 11.454400000000001
37.11000000000001 11.461799999999998
37.86 11.4887
37.959 11.501100000000001
37.851 11.514000000000001
34.608999999999995 10.8764
35.37749 11.066810000000002
35.91 11.260699999999998
39.157000000000004 11.49
39.152 11.5305
38.51 11.5548
37.690000000000005 11.552
38.108 11.566400000000002
38.303 11.575899999999999
38.66499999999999 11.617700000000001
38.861 11.642900000000001
39.056999999999995 11.653899999999998
38.830999999999996 11.643600000000001
38.574 11.6338
38.863 11.589
39.702 11.427599999999998
40.007999999999996 11.3984
39.62500000000001 11.377400000000002
38.06400000000001 11.351
38.318 11.3297
37.909 11.324700000000002
38.586 11.328500000000002
38.75299999999999 11.346000000000002
39.071 11.372399999999999
38.922000000000004 11.361500000000001
38.281000000000006 11.3511
37.456999999999994 11.344600000000002
35.58899999999999 11.389899999999997
39.301 10.9909
40.20000000000001 11.060599999999999
38.617000000000004 11.0876
37.19700000000001 11.078599999999998
37.282999999999994 11.103299999999999
38.21999999999999 11.130800000000002
38.24200000000001 11.170200000000001
38.434 11.203500000000002
38.401 11.2201
38.065 11.2059
37.638000000000005 11.212800000000001
38.229000000000006 11.2198
38.377 11.1035
38.57399999999999 11.0996
38.292999999999985 11.086199999999998
36.998999999999995 11.047899999999998
36.305 11.026800000000001
34.74700000000001 11.001800000000001
36.062 10.9957
39.64800000000001 11.070700000000002
38.68899999999999 11.076099999999999
38.32500000000001 11.067300000000001
37.941 11.0537
37.552 11.0427
38.505 11.044199999999998
38.732 11.060199999999998
38.62899999999999 11.074300000000001
37.025 11.0624
36.347 11.044
37.756 11.054099999999998
38.303 11.072700000000001
39.31800000000001 11.2326
38.452 11.1525
36.874 11.0945
36.742999999999995 11.0796
38.566 11.110599999999998
39.159 11.148900000000001
39.727999999999994 11.175999999999998
38.961999999999996 11.165199999999999
37.626999999999995 11.1562
37.236000000000004 11.149399999999998
39.074 11.177000000000001
40.62500000000001 11.3661
40.626 11.2228
38.86999999999999 11.203400000000002
37.159 11.178099999999999
36.62200000000001 11.1666
38.43899999999999 11.200200000000002
38.93199999999999 11.210899999999999
38.830999999999996 11.2157
38.274000000000015 11.1972
37.975 11.1911
37.876 11.206000000000001
38.66900000000001 11.232400000000002
38.99199999999999 11.255799999999999
39.150999999999996 11.2683
37.282999999999994 11.250300000000001
36.99 11.2377
38.480000000000004 11.258
38.634 11.281599999999997
38.847 11.2877
38.948 11.2913
38.26699999999999 11.2832
38.59300000000001 11.275599999999997
38.664 11.432599999999999
38.803000000000004 11.289600000000002
