19.02 15.010000000000002
20.43 15.040000000000001
20.53 15.040000000000001
21.83 15.040000000000001
19.02 15.040000000000001
19.09 15.040000000000001
22.12 15.040000000000001
20.34 15.040000000000001
20.39 15.040000000000001
18.58 15.040000000000001
21.46 15.040000000000001
19.85 15.040000000000001
22.29 15.040000000000001
18.04 15.040000000000001
19.189999999999998 15.010000000000002
21.68 15.06
20.61 15.040000000000001
19.38 15.040000000000001
18.970000000000002 15.010000000000002
20.31 15.040000000000001
19.919999999999998 15.040000000000001
21.17 15.040000000000001
18.82 15.040000000000001
18.29 15.040000000000001
22.14 15.040000000000001
19.34 15.040000000000001
21.12 15.040000000000001
17.97 15.040000000000001
20.53 15.040000000000001
19.82 15.06
22.12 15.040000000000001
18.02 15.040000000000001
22.73 15.06
21.560000000000002 15.06
19.46 15.040000000000001
21.19 15.06
19.07 15.040000000000001
20.04 15.040000000000001
21.22 15.06
21.240000000000002 15.040000000000001
18.77 15.040000000000001
18.12 15.040000000000001
21.95 15.040000000000001
18.95 15.040000000000001
21.560000000000002 15.06
17.97 15.06
20.04 15.040000000000001
20.169999999999998 15.040000000000001
21.95 15.010000000000002
18.09 15.010000000000002
18.82 15.010000000000002
21.14 15.040000000000001
19.259999999999998 15.010000000000002
21.310000000000002 15.040000000000001
18.8 15.040000000000001
18.85 15.010000000000002
21.39 15.040000000000001
20.87 15.040000000000001
19.6 15.06
18.02 15.040000000000001
21.02 15.040000000000001
19.6 15.06
22.05 15.040000000000001
18.19 15.040000000000001
19.07 15.040000000000001
21.51 15.040000000000001
19.34 15.040000000000001
21.0 15.040000000000001
18.92 15.010000000000002
19.31 15.040000000000001
21.09 15.040000000000001
21.310000000000002 15.040000000000001
18.970000000000002 15.040000000000001
18.21 15.040000000000001
21.310000000000002 15.040000000000001
19.24 15.040000000000001
22.189999999999998 15.040000000000001
18.14 15.040000000000001
19.38 15.040000000000001
21.95 15.06
21.09 15.040000000000001
21.66 15.06
19.73 15.040000000000001
20.580000000000002 15.06
22.0 15.040000000000001
22.29 15.06
19.8 15.040000000000001
19.36 15.040000000000001
21.97 15.06
21.58 15.06
22.71 15.06
19.189999999999998 15.040000000000001
20.65 15.040000000000001
21.8 15.040000000000001
23.36 15.040000000000001
19.75 15.06
19.82 15.040000000000001
21.88 15.06
20.87 15.040000000000001
24.51 15.040000000000001
19.21 15.040000000000001
19.73 15.06
20.8 15.040000000000001
19.17 15.040000000000001
21.68 15.06
19.09 15.06
22.8 15.06
19.38 15.06
22.439999999999998 15.040000000000001
18.459999999999997 15.040000000000001
21.04 15.040000000000001
20.41 15.06
20.849999999999998 15.040000000000001
20.04 15.09
19.259999999999998 15.040000000000001
21.68 15.06
19.24 15.040000000000001
21.48 15.06
19.040000000000003 15.06
20.46 15.06
19.869999999999997 15.040000000000001
20.95 15.040000000000001
19.7 15.040000000000001
18.8 15.040000000000001
21.09 15.040000000000001
17.9 15.040000000000001
21.8 15.06
17.87 15.040000000000001
21.58 15.040000000000001
18.87 15.040000000000001
21.95 15.040000000000001
18.12 15.040000000000001
20.119999999999997 15.040000000000001
20.34 15.040000000000001
19.53 15.040000000000001
20.75 15.09
18.7 15.040000000000001
21.48 15.06
18.68 15.040000000000001
21.22 15.040000000000001
18.82 15.010000000000002
20.48 15.040000000000001
20.14 15.040000000000001
20.34 15.06
20.24 15.06
19.17 15.040000000000001
21.88 15.040000000000001
18.55 15.040000000000001
22.31 15.06
18.55 15.06
21.88 15.040000000000001
19.53 15.040000000000001
22.05 15.040000000000001
18.65 15.040000000000001
20.34 15.040000000000001
20.580000000000002 15.06
19.78 15.040000000000001
20.48 15.040000000000001
18.990000000000002 15.010000000000002
21.85 15.06
18.77 15.040000000000001
21.46 15.040000000000001
18.970000000000002 15.040000000000001
20.8 15.06
20.19 15.040000000000001
21.8 15.040000000000001
19.46 15.06
19.7 15.040000000000001
21.240000000000002 15.040000000000001
19.85 15.040000000000001
21.26 15.06
18.970000000000002 15.06
22.09 15.040000000000001
18.68 15.040000000000001
22.0 15.010000000000002
18.529999999999998 15.040000000000001
21.83 15.040000000000001
19.34 15.040000000000001
22.14 15.040000000000001
18.529999999999998 15.06
21.09 15.040000000000001
20.31 15.06
21.51 15.040000000000001
20.09 15.06
20.41 15.06
21.44 15.06
20.31 15.040000000000001
21.12 15.06
19.78 15.040000000000001
21.95 15.06
18.92 15.040000000000001
21.58 15.040000000000001
19.24 15.040000000000001
21.95 15.06
19.259999999999998 15.040000000000001
21.68 15.040000000000001
19.09 15.040000000000001
21.44 15.06
19.53 15.040000000000001
21.66 15.040000000000001
19.139999999999997 15.040000000000001
20.61 15.06
20.43 15.06
21.09 15.040000000000001
19.53 15.06
19.75 15.06
21.17 15.06
19.85 15.040000000000001
20.7 15.06
18.9 15.040000000000001
21.66 15.06
18.41 15.040000000000001
22.02 15.06
18.310000000000002 15.06
21.95 15.06
19.24 15.040000000000001
21.95 15.040000000000001
18.6 15.040000000000001
21.26 15.040000000000001
23.51 15.06
21.95 15.06
18.68 15.040000000000001
20.36 15.040000000000001
20.830000000000002 15.040000000000001
20.34 15.010000000000002
20.68 15.040000000000001
19.36 15.010000000000002
23.1 15.06
20.09 15.040000000000001
22.46 15.06
19.48 15.010000000000002
21.48 15.040000000000001
20.61 15.040000000000001
22.220000000000002 15.040000000000001
19.509999999999998 15.010000000000002
20.36 15.010000000000002
21.29 15.010000000000002
21.02 15.010000000000002
20.95 15.040000000000001
20.09 15.040000000000001
22.07 15.040000000000001
19.259999999999998 15.010000000000002
21.92 15.040000000000001
18.55 15.040000000000001
22.17 15.010000000000002
19.900000000000002 15.010000000000002
22.66 15.040000000000001
18.68 15.06
21.19 15.040000000000001
20.630000000000003 15.010000000000002
21.83 15.010000000000002
19.68 15.06
20.26 15.040000000000001
21.36 15.040000000000001
19.75 15.040000000000001
21.07 15.040000000000001
19.189999999999998 15.010000000000002
20.75 15.040000000000001
20.46 15.040000000000001
22.49 15.040000000000001
19.68 15.010000000000002
20.95 15.040000000000001
21.48 15.040000000000001
22.34 15.040000000000001
20.24 15.040000000000001
20.169999999999998 15.040000000000001
22.27 15.06
19.12 15.040000000000001
21.44 15.06
19.36 15.040000000000001
22.31 15.040000000000001
20.0 15.040000000000001
22.830000000000002 15.040000000000001
19.189999999999998 15.040000000000001
21.78 15.040000000000001
20.580000000000002 15.06
22.17 15.040000000000001
19.02 15.040000000000001
20.46 15.040000000000001
21.19 15.06
19.75 15.040000000000001
21.63 15.09
19.6 15.040000000000001
21.19 15.040000000000001
20.43 15.040000000000001
21.8 15.06
19.53 15.040000000000001
19.68 15.06
