37.10999999999999 24.096999999999998
36.08299999999999 24.108999999999998
35.801 24.121
36.105 24.105999999999998
36.120000000000005 24.153999999999996
36.462 24.173000000000002
37.27 24.157999999999998
36.99199999999999 24.167000000000005
37.72 24.165
38.56100000000001 24.196999999999996
38.830000000000005 24.202999999999996
39.538 24.230999999999998
37.122 24.205000000000002
35.82 24.203000000000003
36.233 24.203000000000003
36.411 24.229000000000003
35.873000000000005 24.204
36.257 24.240999999999996
36.31600000000001 24.213
36.892 24.221999999999998
40.033 24.281000000000002
39.846000000000004 24.273000000000003
36.89 24.233
36.332 24.226
38.342 24.299000000000003
36.81099999999999 24.279000000000007
37.89 24.282000000000004
37.524 24.309000000000005
36.854000000000006 24.267
36.773999999999994 24.296
35.726 24.278000000000006
35.56000000000001 24.252
35.587999999999994 24.28
36.462999999999994 24.273999999999997
35.891 24.291000000000004
34.844 24.269000000000002
35.54200000000001 24.269999999999996
35.462999999999994 24.274
36.05199999999999 24.259999999999998
35.887 24.226
35.028999999999996 24.497000000000003
33.43600000000001 24.314999999999998
32.690999999999995 24.133999999999993
32.224999999999994 24.125
32.635 24.14
31.901999999999997 24.176
32.044000000000004 24.177999999999997
31.598999999999993 24.18
32.429 24.234999999999996
32.843 24.236
32.27 24.260999999999992
31.97499999999999 24.241
31.521 24.22
31.709 24.240000000000002
30.24299999999999 24.21
27.686 24.146999999999995
26.961900000000007 24.081
28.662000000000003 24.089999999999996
27.809400000000007 24.086000000000002
27.618399999999998 24.069000000000003
28.194999999999997 24.067
27.231199999999994 24.076999999999995
28.497 24.094
26.5589 24.104000000000003
25.605900000000005 24.063
25.6162 24.079000000000004
25.3403 24.087999999999997
24.9041 24.083
24.911 24.111
24.691000000000003 24.111
24.0341 24.119999999999997
23.2838 24.122999999999994
23.565400000000007 24.129
22.994999999999997 24.127000000000002
21.975599999999996 24.127000000000002
21.717799999999993 24.137
21.925400000000003 24.151999999999997
22.332500000000003 24.137999999999998
21.554599999999997 24.078
20.9912 24.069000000000003
21.175900000000002 24.11
20.944399999999998 24.089
21.251199999999994 24.100999999999996
21.0215 24.118999999999996
21.653699999999997 24.176000000000002
21.334799999999998 24.216
20.948599999999995 24.18
20.7232 24.193
20.4099 24.201000000000004
20.2903 24.216000000000005
20.7586 24.227
20.241 24.229000000000006
19.775299999999998 24.226000000000003
20.968700000000005 24.256
20.778399999999998 24.322000000000003
20.2847 24.328
21.4037 24.375999999999998
21.657400000000003 24.403
21.118899999999996 24.381999999999998
21.264100000000003 24.437000000000005
20.489499999999996 24.458
20.242500000000003 24.537
20.059699999999996 24.491999999999997
20.162799999999997 24.507
20.3638 24.524000000000004
19.869700000000005 24.552000000000003
20.6239 24.548
21.028699999999997 24.592
21.635000000000005 24.688000000000006
20.9539 24.677000000000003
20.872999999999998 24.673
21.339199999999995 24.735999999999994
21.0756 24.727
19.9896 24.711999999999996
21.211399999999998 24.730999999999998
20.9722 24.731999999999996
20.5564 24.726
20.546 24.747000000000003
21.076800000000002 24.763
21.6399 24.801000000000002
22.0404 24.844000000000005
21.5755 24.843
22.423399999999997 24.877
21.933600000000002 24.908000000000005
21.2619 24.878999999999998
20.816099999999995 24.872000000000003
21.772299999999998 24.894
23.5386 24.862000000000002
24.6828 24.906999999999996
24.4373 24.923
24.0974 24.938000000000002
22.7655 24.886000000000006
22.734299999999998 24.930000000000003
22.826099999999997 24.942000000000004
22.565500000000004 24.956000000000003
22.9147 25.054999999999993
23.158300000000004 24.969999999999995
23.259700000000002 24.957
23.6545 25.082000000000004
23.9467 25.290000000000003
24.532999999999998 25.374000000000002
25.182700000000004 25.134
24.6936 24.989
25.542600000000004 25.019999999999996
26.3415 25.039
26.6631 25.073
26.716800000000003 25.049
28.137700000000006 25.073999999999998
27.660800000000002 25.064000000000004
27.704899999999995 25.084999999999997
28.409799999999997 25.104999999999993
28.717999999999993 25.088
30.714999999999996 25.123
32.42 25.174000000000003
31.342000000000002 25.150999999999996
31.546000000000006 25.106999999999992
31.957000000000008 25.144999999999996
32.9 25.144999999999996
34.809999999999995 25.241999999999997
35.76800000000001 25.262999999999998
36.040000000000006 25.282
36.934000000000005 25.327999999999996
38.893 25.377999999999997
39.096 25.374000000000002
39.971999999999994 25.429000000000002
39.84600000000001 25.446
40.69599999999999 25.429000000000002
41.138000000000005 25.411
43.154 25.529999999999998
43.32099999999999 25.525
42.501999999999995 25.570999999999998
41.958 25.500000000000007
42.900999999999996 25.576999999999998
43.896 25.551000000000002
43.45 25.615
42.23799999999999 25.557000000000002
43.885999999999996 25.539
47.481 25.547000000000004
46.257 25.387999999999995
45.675999999999995 25.560999999999996
46.43900000000001 25.621
45.51900000000001 25.626999999999995
46.249 25.657000000000004
46.10399999999999 25.647
47.50099999999999 25.666
47.29299999999999 25.651000000000003
47.854 25.725000000000005
47.26499999999999 25.727999999999994
48.11200000000001 25.729000000000003
47.319 25.644
46.147000000000006 25.677000000000007
47.15599999999999 25.691999999999997
48.998000000000005 25.755
48.851 25.729999999999997
49.41799999999999 25.676
50.38799999999999 25.685999999999996
49.77199999999999 25.771
53.48700000000001 25.826999999999995
50.488 25.784000000000002
48.396 25.779999999999998
49.85799999999999 25.731999999999992
50.17699999999999 25.820000000000004
49.49399999999999 25.778999999999996
49.70100000000001 25.732000000000006
49.196999999999996 25.759000000000004
49.968999999999994 25.789
50.754999999999995 25.798999999999992
48.893 25.717000000000002
52.71999999999999 25.698999999999998
53.52600000000001 25.715000000000003
52.001 25.723999999999997
51.449999999999996 25.726
52.18100000000001 25.733
52.157 25.802999999999997
51.635000000000005 25.793000000000006
52.92199999999999 25.705
53.379999999999995 25.72499999999999
51.652 25.71
55.544 25.66699999999999
56.68 25.785999999999998
55.684 25.8
57.272999999999996 25.791000000000004
56.05899999999999 25.893
56.33100000000001 25.884999999999998
57.81599999999999 25.829
57.07099999999999 25.833000000000002
57.394 25.831
57.51200000000001 25.784000000000002
54.86599999999999 25.794
59.267 25.842000000000002
55.873000000000005 25.822
57.04999999999999 25.7
51.25900000000001 25.602999999999998
52.70599999999999 25.682999999999996
52.260000000000005 25.584999999999997
52.269 25.580000000000002
52.635 25.551999999999996
53.116 25.730000000000004
54.69299999999999 25.646
51.156 25.626000000000005
53.163000000000004 25.627999999999997
53.128 25.608999999999998
51.709 25.562
51.969 25.608000000000004
51.93599999999999 25.625000000000004
51.36999999999999 25.579
51.078 25.570999999999994
51.989 25.595000000000002
53.49499999999999 25.661
52.549 25.709000000000003
50.35000000000001 25.665
50.938 25.631999999999998
53.574 25.744
50.32300000000001 25.678999999999995
50.148 25.692999999999994
51.86900000000001 25.581000000000003
52.087 25.606000000000005
51.04 25.669000000000004
53.429999999999986 25.655000000000005
52.225 25.611999999999995
50.492000000000004 25.594999999999995
52.26500000000001 25.596999999999998
52.193 25.555
50.66100000000001 25.499
52.55000000000001 25.549000000000007
49.781000000000006 25.484
48.558 25.44
50.351 25.408
52.525 25.551999999999996
52.059 25.578
53.349999999999994 25.487
52.650000000000006 25.454999999999995
53.12299999999999 25.423999999999996
53.065 25.435000000000002
52.840999999999994 25.429999999999996
52.457 25.357999999999997
52.32699999999999 25.405999999999995
51.795 25.552999999999997
51.727999999999994 25.577000000000005
49.626 25.304000000000006
49.978 25.285999999999998
49.351 25.321999999999996
50.356 25.284999999999997
50.12800000000001 25.159
50.375 25.152
50.080999999999996 25.147
49.424 25.087
50.629999999999995 25.166999999999994
