6.3229999999999995 8.179
6.006 8.167
6.061 8.129999999999999
5.908 8.154
6.482 8.167
5.92 8.154
6.409 8.190999999999999
6.036 8.179
6.219 8.142000000000001
5.975 8.142000000000001
6.177 8.154
5.902 8.142000000000001
6.372 8.179
5.988 8.167
6.287 8.154
5.981 8.190999999999999
6.5920000000000005 8.167
5.92 8.154
6.348 8.142000000000001
5.878 8.142000000000001
6.128 8.129999999999999
5.840999999999999 8.167
6.091 8.167
5.8229999999999995 8.154
6.287 8.154
5.896 8.190999999999999
6.055 8.154
5.872 8.154
6.444999999999999 8.190999999999999
5.718999999999999 8.179
6.152 8.154
5.707 8.142000000000001
5.969 8.142000000000001
5.737 8.154
5.902 8.154
5.682 8.154
6.194999999999999 8.154
5.718999999999999 8.167
5.902 8.154
5.627 8.154
6.311 8.154
5.676 8.142000000000001
6.2010000000000005 8.154
5.817 8.179
5.957 8.203000000000001
5.768 8.179
5.908 8.215
5.707 8.190999999999999
6.348 8.215
5.957 8.215
6.152 8.179
5.872 8.179
6.36 8.190999999999999
5.829 8.179
6.3229999999999995 8.190999999999999
5.737 8.215
5.933 8.154
5.762 8.179
5.963 8.167
5.718999999999999 8.167
6.158 8.190999999999999
5.779999999999999 8.190999999999999
6.0 8.179
5.774 8.167
6.335 8.203000000000001
5.902 8.167
6.226 8.167
5.840999999999999 8.203000000000001
5.951 8.154
5.9270000000000005 8.167
6.067 8.167
5.804 8.142000000000001
6.274 8.142000000000001
5.878 8.179
6.128 8.190999999999999
5.963 8.190999999999999
6.372 8.203000000000001
5.963 8.167
6.3229999999999995 8.190999999999999
5.89 8.190999999999999
6.042 8.179
5.798 8.179
6.055 8.179
5.878 8.203000000000001
6.2379999999999995 8.167
5.914 8.190999999999999
6.012 8.24
5.829 8.179
6.274 8.167
5.859 8.203000000000001
6.189 8.203000000000001
5.768 8.190999999999999
6.018 8.203000000000001
5.829 8.215
6.055 8.190999999999999
5.859 8.190999999999999
6.396 8.154
5.804 8.203000000000001
6.03 8.179
5.859 8.190999999999999
6.409 8.179
5.840999999999999 8.190999999999999
6.2379999999999995 8.142000000000001
5.89 8.203000000000001
6.012 8.190999999999999
5.7860000000000005 8.190999999999999
6.0729999999999995 8.228
5.878 8.24
6.287 8.215
5.8229999999999995 8.190999999999999
6.012 8.167
5.7860000000000005 8.179
6.335 8.190999999999999
5.737 8.142000000000001
6.433 8.24
5.994 8.228
6.097 8.179
5.779999999999999 8.167
6.036 8.190999999999999
5.8229999999999995 8.190999999999999
6.299 8.215
5.804 8.167
6.122 8.190999999999999
5.878 8.215
6.604 8.203000000000001
5.945 8.154
6.409 8.190999999999999
5.975 8.228
6.158 8.154
5.872 8.203000000000001
6.226 8.179
5.945 8.154
6.506 8.215
5.963 8.190999999999999
6.158 8.179
6.091 8.167
6.531000000000001 8.203000000000001
6.055 8.179
6.372 8.190999999999999
5.847 8.190999999999999
6.091 8.203000000000001
5.914 8.190999999999999
6.274 8.190999999999999
6.024 8.154
6.482 8.190999999999999
5.939 8.179
6.207 8.142000000000001
6.0 8.190999999999999
6.628 8.251999999999999
5.963 8.167
6.58 8.154
6.177 8.129999999999999
6.458 8.129999999999999
6.189 8.142000000000001
6.58 8.203000000000001
6.158 8.154
6.152 8.154
6.641 8.179
6.189 8.167
6.079 8.129999999999999
6.702 8.142000000000001
6.158 8.129999999999999
6.555 8.129999999999999
6.194999999999999 8.167
6.299 8.179
6.194999999999999 8.129999999999999
6.2010000000000005 8.179
6.146 8.179
6.494 8.154
6.194999999999999 8.179
6.2010000000000005 8.167
6.207 8.118
6.763 8.167
6.183000000000001 8.190999999999999
6.494 8.167
6.152 8.190999999999999
6.335 8.203000000000001
6.232 8.167
6.458 8.190999999999999
6.335 8.154
6.7989999999999995 8.179
6.213 8.167
6.311 8.129999999999999
6.194999999999999 8.154
6.677 8.129999999999999
6.2010000000000005 8.179
6.555 8.167
6.140000000000001 8.154
6.335 8.179
6.207 8.154
6.2379999999999995 8.142000000000001
6.171 8.179
6.567 8.142000000000001
6.183000000000001 8.167
6.3229999999999995 8.179
6.226 8.167
6.75 8.167
6.311 8.179
6.628 8.142000000000001
6.287 8.167
6.335 8.118
6.396 8.167
6.494 8.203000000000001
6.274 8.154
6.604 8.167
6.433 8.154
6.482 8.167
6.372 8.129999999999999
6.836 8.154
6.287 8.179
6.714 8.167
6.458 8.167
6.543 8.129999999999999
6.3229999999999995 8.142000000000001
6.494 8.167
6.3229999999999995 8.142000000000001
6.7379999999999995 8.167
6.104 8.179
6.335 8.118
6.262 8.190999999999999
6.641 8.142000000000001
6.232 8.154
6.555 8.179
6.194999999999999 8.142000000000001
6.274 8.142000000000001
6.2379999999999995 8.154
6.262 8.129999999999999
6.433 8.142000000000001
6.444999999999999 8.167
6.262 8.154
6.311 8.167
6.335 8.167
6.677 8.142000000000001
6.409 8.154
6.5920000000000005 8.167
6.2379999999999995 8.154
6.25 8.129999999999999
6.177 8.154
6.232 8.129999999999999
6.3229999999999995 8.203000000000001
6.506 8.179
6.3229999999999995 8.154
6.287 8.142000000000001
6.3229999999999995 8.154
6.641 8.142000000000001
6.311 8.179
6.567 8.142000000000001
6.274 8.167
6.244000000000001 8.142000000000001
6.299 8.154
6.232 8.154
6.444999999999999 8.167
6.763 8.190999999999999
6.287 8.154
6.287 8.142000000000001
6.311 8.154
6.677 8.154
6.262 8.190999999999999
6.433 8.167
6.287 8.167
6.232 8.154
6.226 8.167
6.146 8.154
6.244000000000001 8.167
6.433 8.179
6.244000000000001 8.154
6.25 8.154
6.311 8.154
6.519 8.154
6.494 8.179
6.494 8.190999999999999
6.274 8.154
6.36 8.167
6.36 8.167
6.3839999999999995 8.167
6.409 8.154
6.604 8.190999999999999
6.396 8.179
6.287 8.154
6.3839999999999995 8.179
6.604 8.179
6.274 8.179
6.433 8.154
6.262 8.154
6.146 8.129999999999999
6.177 8.142000000000001
6.194999999999999 8.167
6.226 8.154
