18.990000000000002 11.219999999999999
18.12 11.18
21.07 11.21
20.34 11.23
16.7 11.23
20.26 11.219999999999999
16.939999999999998 11.219999999999999
17.21 11.21
19.869999999999997 11.25
17.580000000000002 11.23
18.77 11.219999999999999
18.14 11.21
16.77 11.21
20.46 11.219999999999999
17.94 11.21
19.46 11.21
16.75 11.219999999999999
17.43 11.219999999999999
19.82 11.23
18.87 11.21
18.58 11.23
17.330000000000002 11.19
18.07 11.21
19.38 11.219999999999999
19.21 11.24
18.38 11.19
17.02 11.19
19.68 11.19
17.7 11.24
19.68 11.219999999999999
17.7 11.21
17.31 11.18
19.97 11.219999999999999
17.43 11.24
20.07 11.219999999999999
17.380000000000003 11.19
16.85 11.21
20.46 11.23
17.07 11.219999999999999
18.48 11.15
14.549999999999999 11.1
14.48 11.04
16.259999999999998 11.07
15.06 11.0
13.33 10.94
13.209999999999999 10.93
15.379999999999999 10.95
13.309999999999999 10.95
15.479999999999999 10.93
13.48 10.93
12.889999999999999 10.93
16.14 10.97
13.530000000000001 10.96
15.870000000000001 10.95
13.11 10.94
13.719999999999999 10.95
15.72 11.020000000000001
14.45 10.97
15.010000000000002 10.99
13.719999999999999 10.96
13.059999999999999 10.96
16.31 11.020000000000001
13.4 11.0
16.06 10.99
13.16 10.96
13.84 10.96
15.82 11.020000000000001
13.79 11.0
15.840000000000002 11.0
13.94 10.99
13.26 10.97
16.63 11.0
13.350000000000001 11.020000000000001
16.24 10.99
13.750000000000002 10.97
14.09 10.97
16.11 11.0
14.09 11.020000000000001
15.260000000000002 10.99
14.940000000000001 10.97
13.450000000000001 10.96
16.46 10.97
13.889999999999999 11.020000000000001
16.06 10.99
14.280000000000001 10.97
14.26 10.97
15.920000000000002 11.0
14.62 11.020000000000001
15.479999999999999 11.0
15.28 11.01
13.669999999999998 10.97
16.82 10.99
14.06 11.04
16.41 11.0
14.399999999999999 11.0
14.38 10.99
16.82 11.01
15.840000000000002 11.020000000000001
16.06 11.0
14.97 11.0
13.819999999999999 10.99
15.75 11.0
15.45 11.08
17.09 11.020000000000001
14.14 11.020000000000001
14.549999999999999 11.01
16.33 11.01
14.87 11.05
16.55 11.04
14.580000000000002 11.01
13.96 11.01
17.41 11.04
14.499999999999998 11.06
16.72 11.020000000000001
13.96 11.01
14.67 11.01
16.77 11.07
15.920000000000002 11.05
15.55 11.05
14.719999999999999 11.01
14.04 11.0
17.53 11.06
15.58 11.04
15.989999999999998 11.020000000000001
14.09 11.020000000000001
14.790000000000001 11.020000000000001
16.869999999999997 11.08
16.939999999999998 11.04
14.7 11.04
14.790000000000001 11.0
15.479999999999999 11.020000000000001
16.31 11.110000000000001
16.939999999999998 11.05
14.87 11.04
14.23 11.020000000000001
17.19 11.04
14.97 11.1
17.380000000000003 11.05
14.21 11.020000000000001
14.92 11.01
17.09 11.07
15.72 11.1
16.259999999999998 11.020000000000001
15.010000000000002 11.01
14.280000000000001 11.01
17.9 11.07
15.55 11.08
16.75 11.05
14.280000000000001 11.020000000000001
15.010000000000002 11.01
17.21 11.08
15.89 11.05
16.33 11.04
15.110000000000001 11.020000000000001
15.72 11.020000000000001
16.650000000000002 11.08
17.02 11.05
15.379999999999999 11.04
14.430000000000001 11.01
17.82 11.05
14.92 11.08
18.459999999999997 11.04
14.45 11.04
15.21 11.020000000000001
17.36 11.110000000000001
16.04 11.08
16.650000000000002 11.05
15.260000000000002 11.04
14.549999999999999 11.020000000000001
18.26 11.1
16.650000000000002 11.07
16.16 11.05
14.580000000000002 11.020000000000001
17.380000000000003 11.05
15.620000000000001 11.12
18.16 11.07
14.67 11.05
15.409999999999998 11.020000000000001
17.580000000000002 11.08
16.669999999999998 11.06
16.36 11.06
15.409999999999998 11.020000000000001
15.5 11.020000000000001
17.87 11.129999999999999
17.26 11.08
15.82 11.04
14.92 11.020000000000001
18.360000000000003 11.06
15.7 11.12
17.53 11.04
14.87 11.020000000000001
15.479999999999999 11.04
17.75 11.08
17.630000000000003 11.07
15.620000000000001 11.06
15.53 11.04
17.75 11.05
16.16 11.08
17.31 11.06
15.58 11.05
14.940000000000001 11.05
18.459999999999997 11.06
16.82 11.06
16.7 11.06
14.99 11.05
18.02 11.05
15.82 11.1
18.04 11.06
15.190000000000001 11.05
15.72 11.04
17.94 11.1
16.650000000000002 11.05
16.939999999999998 11.06
15.7 11.05
17.09 11.07
16.55 11.08
17.87 11.07
15.72 11.04
15.110000000000001 11.04
18.529999999999998 11.1
16.21 11.110000000000001
17.48 11.07
15.14 11.06
16.63 11.07
17.48 11.110000000000001
18.26 11.07
18.970000000000002 11.06
15.75 11.08
17.87 11.1
16.669999999999998 11.1
17.02 11.08
16.06 11.05
15.43 11.05
18.68 11.08
16.97 11.08
16.53 11.07
15.55 11.07
18.48 11.1
15.8 11.1
18.7 11.07
15.43 11.07
15.840000000000002 11.05
18.04 11.08
17.41 11.06
16.669999999999998 11.06
15.82 11.06
17.380000000000003 11.07
16.669999999999998 11.1
18.14 11.08
15.870000000000001 11.05
15.21 11.05
18.8 11.07
15.920000000000002 11.08
16.82 11.06
16.650000000000002 11.06
16.869999999999997 11.05
17.36 11.1
17.94 11.08
16.11 11.06
15.920000000000002 11.05
18.21 11.07
16.6 11.1
17.65 11.08
15.989999999999998 11.05
15.28 11.06
18.82 11.110000000000001
16.650000000000002 11.110000000000001
17.65 11.06
15.329999999999998 11.06
17.919999999999998 11.08
16.28 11.12
18.26 11.08
15.939999999999998 11.1
15.97 11.06
18.26 11.08
16.63 11.110000000000001
17.549999999999997 11.1
16.04 11.07
15.379999999999999 11.08
18.9 11.110000000000001
16.939999999999998 11.1
17.26 11.1
15.21 11.06
17.53 11.06
17.09 11.15
17.849999999999998 11.1
16.24 11.1
15.89 11.08
