20.48 11.57
18.63 11.57
20.68 11.600000000000001
17.21 11.559999999999999
22.09 11.58
17.43 11.57
22.24 11.57
17.16 11.600000000000001
19.650000000000002 11.57
19.950000000000003 11.57
19.12 11.57
20.560000000000002 11.600000000000001
19.02 11.58
18.68 11.57
20.95 11.58
17.31 11.559999999999999
22.29 11.63
17.21 11.61
21.07 11.58
18.459999999999997 11.600000000000001
19.8 11.57
19.7 11.600000000000001
18.95 11.58
20.31 11.57
19.12 11.559999999999999
19.63 11.58
20.02 11.61
17.21 11.559999999999999
22.220000000000002 11.600000000000001
17.21 11.559999999999999
22.27 11.600000000000001
17.16 11.58
23.51 11.600000000000001
19.259999999999998 11.61
19.189999999999998 11.57
20.75 11.65
19.41 11.61
18.8 11.559999999999999
20.7 11.600000000000001
17.330000000000002 11.559999999999999
22.34 11.62
17.26 11.58
21.51 11.58
18.02 11.57
20.31 11.58
19.139999999999997 11.63
18.95 11.57
20.02 11.600000000000001
19.509999999999998 11.58
20.119999999999997 11.600000000000001
19.41 11.62
17.599999999999998 11.57
21.7 11.57
17.21 11.57
22.36 11.600000000000001
17.07 11.58
19.75 11.559999999999999
19.56 11.58
18.87 11.57
20.46 11.600000000000001
18.990000000000002 11.58
18.529999999999998 11.57
20.7 11.57
17.14 11.57
22.17 11.62
17.11 11.58
20.68 11.58
18.459999999999997 11.57
18.85 11.559999999999999
20.48 11.65
18.8 11.58
19.36 11.57
19.63 11.57
17.990000000000002 11.57
21.14 11.65
17.07 11.57
21.44 11.58
17.65 11.58
20.8 11.61
18.85 11.65
19.12 11.559999999999999
20.39 11.57
19.6 11.58
20.51 11.600000000000001
19.7 11.61
17.68 11.57
22.39 11.58
17.53 11.58
22.02 11.61
18.12 11.62
19.950000000000003 11.559999999999999
20.24 11.58
19.040000000000003 11.57
20.95 11.600000000000001
19.38 11.61
18.87 11.58
21.66 11.58
17.75 11.600000000000001
25.2 11.63
17.46 11.600000000000001
20.7 11.600000000000001
18.48 11.600000000000001
18.82 11.57
20.580000000000002 11.62
19.07 11.61
19.869999999999997 11.61
19.36 11.600000000000001
17.41 11.58
22.24 11.65
17.549999999999997 11.58
21.66 11.61
17.31 11.600000000000001
21.09 11.58
18.459999999999997 11.62
20.169999999999998 11.58
19.29 11.58
19.139999999999997 11.57
20.68 11.600000000000001
18.82 11.62
18.95 11.58
19.950000000000003 11.58
17.09 11.559999999999999
22.95 11.65
17.29 11.63
21.92 11.61
17.380000000000003 11.62
19.68 11.62
19.38 11.65
19.34 11.600000000000001
19.68 11.61
18.63 11.57
19.8 11.61
19.09 11.62
18.43 11.58
20.65 11.600000000000001
17.26 11.58
21.75 11.600000000000001
17.68 11.62
21.34 11.600000000000001
17.94 11.58
18.990000000000002 11.58
20.51 11.65
18.82 11.600000000000001
19.650000000000002 11.61
19.63 11.61
18.58 11.600000000000001
21.04 11.65
18.12 11.58
21.240000000000002 11.58
17.41 11.58
22.220000000000002 11.600000000000001
17.04 11.61
20.48 11.57
18.75 11.58
18.77 11.58
20.46 11.62
18.92 11.61
20.09 11.58
19.34 11.58
17.87 11.58
21.44 11.65
17.87 11.58
21.68 11.61
17.16 11.600000000000001
22.05 11.600000000000001
17.330000000000002 11.63
20.8 11.600000000000001
18.6 11.600000000000001
18.970000000000002 11.57
20.48 11.63
18.970000000000002 11.600000000000001
20.51 11.600000000000001
19.12 11.600000000000001
18.990000000000002 11.600000000000001
20.61 11.63
18.529999999999998 11.600000000000001
20.95 11.61
17.21 11.58
22.24 11.63
17.16 11.61
21.78 11.61
17.65 11.58
19.950000000000003 11.600000000000001
19.6 11.66
20.02 11.600000000000001
19.46 11.61
19.040000000000003 11.600000000000001
20.61 11.62
18.990000000000002 11.61
19.950000000000003 11.61
19.8 11.61
18.240000000000002 11.600000000000001
21.310000000000002 11.63
18.26 11.600000000000001
21.44 11.62
17.46 11.58
22.29 11.63
17.330000000000002 11.62
21.39 11.58
18.02 11.58
19.63 11.58
19.950000000000003 11.63
19.85 11.61
19.63 11.61
19.07 11.600000000000001
20.53 11.62
19.02 11.62
19.68 11.600000000000001
19.869999999999997 11.61
17.8 11.58
21.83 11.65
17.94 11.600000000000001
21.63 11.61
17.26 11.58
22.220000000000002 11.600000000000001
17.19 11.62
21.310000000000002 11.61
18.38 11.61
18.9 11.58
24.610000000000003 11.65
19.189999999999998 11.65
20.39 11.600000000000001
19.07 11.57
20.53 11.600000000000001
19.17 11.62
18.970000000000002 11.559999999999999
20.65 11.57
18.12 11.559999999999999
22.34 11.61
17.46 11.58
21.88 11.57
17.87 11.559999999999999
20.9 11.58
18.68 11.61
20.34 11.559999999999999
19.36 11.58
18.970000000000002 11.559999999999999
20.75 11.600000000000001
19.12 11.600000000000001
20.21 11.58
19.85 11.559999999999999
18.68 11.55
21.46 11.63
18.509999999999998 11.57
21.58 11.600000000000001
17.549999999999997 11.559999999999999
22.509999999999998 11.600000000000001
17.549999999999997 11.63
21.51 11.600000000000001
18.65 11.57
19.259999999999998 11.57
20.78 11.63
19.259999999999998 11.600000000000001
20.7 11.58
19.21 11.58
20.61 11.58
19.68 11.600000000000001
18.8 11.57
21.46 11.58
18.41 11.57
22.95 11.61
17.9 11.57
22.07 11.559999999999999
18.75 11.58
20.78 11.58
19.29 11.61
19.63 11.57
19.34 11.600000000000001
18.8 11.58
20.8 11.600000000000001
19.24 11.62
19.48 11.600000000000001
20.580000000000002 11.600000000000001
17.43 11.58
22.53 11.63
17.53 11.600000000000001
22.34 11.58
17.82 11.58
21.04 11.61
18.9 11.63
19.7 11.57
20.19 11.58
18.9 11.57
20.75 11.600000000000001
19.07 11.65
18.85 11.58
21.12 11.600000000000001
17.5 11.600000000000001
