6.194999999999999 8.251999999999999
6.158 8.228
5.902 8.228
6.116 8.203000000000001
6.311 8.251999999999999
6.11 8.276
6.226 8.251999999999999
6.0729999999999995 8.179
5.908 8.215
6.171 8.24
5.884 8.228
6.1339999999999995 8.24
6.158 8.264000000000001
6.165 8.251999999999999
6.018 8.228
6.165 8.203000000000001
6.232 8.203000000000001
6.25 8.289
6.183000000000001 8.251999999999999
6.0729999999999995 8.251999999999999
6.067 8.203000000000001
6.079 8.190999999999999
6.012 8.215
6.024 8.203000000000001
6.171 8.24
6.128 8.251999999999999
6.036 8.276
6.079 8.24
6.262 8.203000000000001
6.097 8.215
6.244000000000001 8.264000000000001
6.018 8.215
5.945 8.276
5.957 8.215
5.933 8.251999999999999
6.024 8.24
6.036 8.228
5.981 8.228
5.829 8.215
6.061 8.251999999999999
6.299 8.24
6.042 8.228
6.0 8.264000000000001
6.061 8.228
5.865 8.228
6.055 8.203000000000001
5.957 8.215
5.975 8.190999999999999
6.287 8.264000000000001
6.091 8.215
5.9270000000000005 8.190999999999999
6.165 8.251999999999999
6.244000000000001 8.228
6.158 8.24
6.2010000000000005 8.289
6.055 8.228
5.963 8.24
6.067 8.228
5.896 8.24
6.03 8.251999999999999
6.104 8.251999999999999
6.018 8.228
5.969 8.228
6.055 8.228
6.183000000000001 8.215
5.981 8.215
6.122 8.251999999999999
6.183000000000001 8.228
5.92 8.203000000000001
6.1339999999999995 8.203000000000001
5.768 8.203000000000001
5.896 8.179
6.091 8.24
6.0 8.203000000000001
5.792 8.203000000000001
5.981 8.228
6.226 8.215
5.963 8.203000000000001
6.055 8.312999999999999
5.951 8.215
5.853 8.215
6.097 8.190999999999999
5.768 8.179
6.0 8.203000000000001
6.006 8.190999999999999
5.981 8.179
6.0 8.24
6.018 8.228
6.171 8.215
5.957 8.228
6.097 8.264000000000001
6.03 8.228
5.914 8.215
5.981 8.179
5.914 8.228
6.146 8.203000000000001
6.458 8.203000000000001
6.177 8.24
5.963 8.228
6.128 8.215
6.433 8.276
6.079 8.228
6.219 8.228
6.158 8.228
5.951 8.215
6.146 8.228
5.872 8.190999999999999
5.951 8.167
6.128 8.203000000000001
6.085 8.179
5.963 8.190999999999999
6.0729999999999995 8.190999999999999
6.189 8.203000000000001
5.981 8.190999999999999
6.146 8.215
6.122 8.203000000000001
5.835 8.179
5.988 8.179
5.817 8.179
5.9270000000000005 8.167
6.0729999999999995 8.203000000000001
5.914 8.179
5.768 8.154
6.012 8.179
6.171 8.167
5.981 8.167
6.079 8.215
5.908 8.167
5.811 8.190999999999999
5.981 8.167
5.859 8.179
5.957 8.179
6.018 8.190999999999999
6.006 8.190999999999999
5.872 8.179
6.018 8.179
6.232 8.190999999999999
5.957 8.167
6.128 8.190999999999999
5.89 8.190999999999999
5.817 8.167
5.957 8.167
5.878 8.190999999999999
6.006 8.167
6.067 8.215
6.018 8.190999999999999
5.438 8.179
5.737 8.190999999999999
6.049 8.203000000000001
6.018 8.179
6.018 8.190999999999999
5.914 8.154
5.817 8.179
6.055 8.179
5.798 8.154
6.128 8.179
6.085 8.179
5.981 8.167
5.884 8.167
5.975 8.179
6.433 8.167
6.036 8.167
6.158 8.190999999999999
6.042 8.154
5.872 8.179
6.036 8.179
5.884 8.154
6.055 8.167
6.183000000000001 8.190999999999999
6.049 8.167
5.914 8.167
6.091 8.190999999999999
6.458 8.167
6.091 8.190999999999999
6.189 8.190999999999999
6.152 8.167
6.104 8.190999999999999
6.122 8.179
5.969 8.167
6.091 8.167
6.232 8.190999999999999
6.104 8.167
6.171 8.179
6.25 8.179
6.433 8.179
6.104 8.167
6.409 8.179
6.158 8.179
6.097 8.179
6.140000000000001 8.167
6.11 8.167
6.2379999999999995 8.190999999999999
6.494 8.154
6.232 8.179
6.061 8.190999999999999
6.146 8.154
6.494 8.167
6.177 8.179
6.335 8.167
6.194999999999999 8.167
6.079 8.179
6.171 8.167
6.165 8.203000000000001
6.299 8.190999999999999
6.36 8.190999999999999
6.3839999999999995 8.179
6.207 8.179
6.262 8.228
6.58 8.251999999999999
6.177 8.228
6.409 8.24
6.3839999999999995 8.24
6.299 8.203000000000001
6.3839999999999995 8.203000000000001
6.171 8.167
6.232 8.203000000000001
6.36 8.167
6.219 8.179
6.116 8.203000000000001
6.3229999999999995 8.179
6.6530000000000005 8.179
6.311 8.179
6.36 8.179
6.2010000000000005 8.154
6.152 8.190999999999999
6.189 8.167
6.194999999999999 8.167
6.311 8.203000000000001
6.458 8.179
6.25 8.167
6.128 8.179
6.232 8.179
6.531000000000001 8.167
6.189 8.167
6.3839999999999995 8.179
6.189 8.154
6.11 8.190999999999999
6.158 8.167
6.140000000000001 8.167
6.189 8.179
6.3229999999999995 8.190999999999999
6.194999999999999 8.167
6.1339999999999995 8.190999999999999
6.194999999999999 8.167
6.482 8.179
6.177 8.167
6.299 8.190999999999999
6.122 8.154
6.11 8.142000000000001
6.232 8.142000000000001
6.183000000000001 8.142000000000001
6.2010000000000005 8.203000000000001
6.36 8.167
6.189 8.179
6.024 8.154
6.232 8.167
6.494 8.179
6.274 8.167
6.36 8.179
6.183000000000001 8.179
6.012 8.154
6.194999999999999 8.167
6.097 8.190999999999999
6.287 8.154
6.458 8.215
6.171 8.179
6.128 8.154
6.274 8.167
6.482 8.190999999999999
6.194999999999999 8.167
6.348 8.190999999999999
6.194999999999999 8.179
6.061 8.167
6.219 8.154
6.091 8.190999999999999
6.165 8.154
6.274 8.167
6.183000000000001 8.167
6.061 8.142000000000001
6.262 8.167
6.458 8.167
6.183000000000001 8.167
6.421 8.190999999999999
6.213 8.167
6.091 8.167
6.158 8.154
6.128 8.179
6.165 8.179
