18.19 11.5
16.580000000000002 11.52
15.06 11.469999999999999
19.259999999999998 11.469999999999999
15.8 11.459999999999999
19.580000000000002 11.5
15.310000000000002 11.51
17.41 11.459999999999999
16.7 11.459999999999999
17.77 11.469999999999999
17.11 11.469999999999999
17.24 11.51
15.040000000000001 11.459999999999999
17.7 11.469999999999999
16.919999999999998 11.459999999999999
17.65 11.459999999999999
17.29 11.540000000000001
16.7 11.469999999999999
15.45 11.459999999999999
19.21 11.49
15.010000000000002 11.459999999999999
19.75 11.5
15.06 11.469999999999999
16.7 11.459999999999999
17.549999999999997 11.469999999999999
16.919999999999998 11.469999999999999
18.21 11.52
16.580000000000002 11.51
15.010000000000002 11.5
19.12 11.5
15.620000000000001 11.5
19.68 11.540000000000001
15.06 11.51
16.63 11.469999999999999
16.43 11.5
17.48 11.5
18.82 11.5
16.580000000000002 11.52
15.190000000000001 11.49
17.94 11.469999999999999
16.8 11.49
18.459999999999997 11.49
16.28 11.51
16.580000000000002 11.49
16.02 11.469999999999999
18.65 11.5
15.620000000000001 11.469999999999999
19.17 11.52
14.99 11.469999999999999
16.97 11.459999999999999
17.8 11.49
16.8 11.469999999999999
18.82 11.5
16.939999999999998 11.49
15.21 11.459999999999999
19.509999999999998 11.5
15.28 11.459999999999999
19.82 11.49
15.06 11.49
16.669999999999998 11.459999999999999
17.26 11.469999999999999
17.549999999999997 11.49
18.16 11.469999999999999
16.7 11.5
15.09 11.49
18.459999999999997 11.469999999999999
16.43 11.459999999999999
18.65 11.49
16.189999999999998 11.5
16.669999999999998 11.459999999999999
15.409999999999998 11.450000000000001
19.040000000000003 11.5
15.55 11.459999999999999
19.63 11.5
15.160000000000002 11.49
16.669999999999998 11.459999999999999
17.41 11.469999999999999
17.330000000000002 11.469999999999999
18.29 11.5
16.919999999999998 11.51
15.260000000000002 11.459999999999999
18.41 11.49
16.650000000000002 11.49
19.950000000000003 11.5
15.229999999999999 11.51
16.85 11.469999999999999
16.21 11.49
18.68 11.5
16.5 11.469999999999999
18.85 11.540000000000001
15.21 11.469999999999999
16.939999999999998 11.469999999999999
17.77 11.5
16.72 11.49
18.360000000000003 11.51
16.82 11.5
15.229999999999999 11.450000000000001
18.48 11.469999999999999
16.48 11.5
20.34 11.49
17.16 11.5
16.89 11.5
16.63 11.459999999999999
18.529999999999998 11.5
15.260000000000002 11.5
19.82 11.5
15.260000000000002 11.469999999999999
17.48 11.49
17.77 11.49
16.939999999999998 11.459999999999999
18.41 11.469999999999999
16.869999999999997 11.5
15.329999999999998 11.459999999999999
18.68 11.469999999999999
16.5 11.49
20.02 11.49
15.28 11.5
16.82 11.49
17.68 11.49
17.549999999999997 11.49
17.41 11.469999999999999
17.990000000000002 11.5
15.379999999999999 11.459999999999999
18.48 11.49
16.75 11.49
18.14 11.469999999999999
17.16 11.51
16.97 11.49
16.6 11.469999999999999
18.7 11.51
15.43 11.49
20.09 11.52
15.53 11.5
17.94 11.49
17.599999999999998 11.49
17.07 11.49
18.58 11.51
17.04 11.49
16.259999999999998 11.49
19.48 11.5
15.55 11.469999999999999
20.26 11.52
15.5 11.51
17.29 11.469999999999999
18.29 11.5
17.19 11.469999999999999
18.8 11.5
17.19 11.540000000000001
15.55 11.5
19.48 11.5
16.09 11.5
19.78 11.5
15.989999999999998 11.52
17.07 11.5
17.65 11.51
18.360000000000003 11.49
17.14 11.469999999999999
18.77 11.52
15.55 11.5
18.73 11.49
17.21 11.52
17.330000000000002 11.5
18.6 11.540000000000001
17.14 11.5
16.55 11.49
19.36 11.52
15.65 11.49
20.26 11.51
15.620000000000001 11.5
17.41 11.49
16.85 11.5
18.6 11.5
18.87 11.52
17.14 11.540000000000001
15.97 11.49
19.82 11.52
15.67 11.51
20.39 11.51
15.75 11.52
17.53 11.49
17.990000000000002 11.49
17.630000000000003 11.5
18.82 11.51
17.16 11.51
16.09 11.469999999999999
19.919999999999998 11.52
15.67 11.5
20.39 11.5
15.65 11.49
17.9 11.5
18.07 11.5
17.26 11.49
19.29 11.51
17.5 11.52
16.82 11.49
19.509999999999998 11.51
15.7 11.5
20.43 11.52
15.6 11.5
18.310000000000002 11.51
17.8 11.51
17.26 11.5
18.970000000000002 11.540000000000001
17.19 11.52
17.11 11.49
19.040000000000003 11.51
15.67 11.49
20.48 11.52
15.72 11.5
19.48 11.52
16.85 11.5
18.360000000000003 11.49
18.26 11.57
17.36 11.52
16.14 11.5
17.580000000000002 11.52
18.12 11.51
20.97 11.540000000000001
15.82 11.51
20.560000000000002 11.52
16.97 11.51
20.87 11.52
17.14 11.540000000000001
17.46 11.5
18.95 11.5
17.68 11.52
19.17 11.51
17.7 11.540000000000001
15.989999999999998 11.5
20.7 11.5
15.840000000000002 11.49
20.7 11.51
16.02 11.540000000000001
17.7 11.51
18.85 11.540000000000001
17.41 11.51
19.12 11.51
17.5 11.540000000000001
16.259999999999998 11.51
20.14 11.51
15.89 11.51
20.630000000000003 11.540000000000001
15.920000000000002 11.52
18.21 11.49
18.26 11.51
17.549999999999997 11.5
19.07 11.5
17.53 11.51
16.869999999999997 11.5
19.950000000000003 11.5
16.04 11.51
20.7 11.540000000000001
15.920000000000002 11.51
18.87 11.51
17.72 11.52
17.5 11.5
19.12 11.51
17.46 11.51
17.07 11.51
19.21 11.51
15.770000000000001 11.5
20.68 11.52
15.89 11.5
18.63 11.51
17.82 11.51
17.43 11.49
19.53 11.540000000000001
17.5 11.52
16.669999999999998 11.5
19.78 11.52
15.89 11.5
20.630000000000003 11.52
15.840000000000002 11.51
18.310000000000002 11.51
18.310000000000002 11.51
17.46 11.5
19.09 11.52
17.5 11.540000000000001
16.189999999999998 11.5
20.21 11.52
15.770000000000001 11.5
20.73 11.51
15.840000000000002 11.540000000000001
17.31 11.52
18.95 11.52
17.380000000000003 11.5
19.139999999999997 11.540000000000001
17.48 11.57
