22.36 11.559999999999999
20.169999999999998 11.559999999999999
22.78 11.540000000000001
17.26 11.540000000000001
19.34 11.540000000000001
20.87 11.57
22.41 11.58
17.43 11.55
19.46 11.55
17.65 11.540000000000001
22.34 11.559999999999999
20.53 11.559999999999999
19.17 11.55
17.31 11.55
19.12 11.540000000000001
20.41 11.57
22.27 11.62
17.53 11.559999999999999
19.12 11.55
17.31 11.559999999999999
22.29 11.58
20.31 11.58
19.6 11.55
17.29 11.55
19.12 11.540000000000001
20.43 11.52
21.88 11.57
18.04 11.559999999999999
19.17 11.540000000000001
17.380000000000003 11.540000000000001
22.09 11.55
19.97 11.61
20.09 11.58
17.26 11.559999999999999
19.31 11.540000000000001
19.950000000000003 11.55
21.75 11.600000000000001
18.65 11.57
18.9 11.52
16.53 11.469999999999999
19.78 11.450000000000001
17.919999999999998 11.469999999999999
16.16 11.43
13.13 11.34
14.180000000000001 11.28
15.840000000000002 11.29
16.97 11.35
12.889999999999999 11.28
14.280000000000001 11.25
13.089999999999998 11.27
17.04 11.3
15.989999999999998 11.3
14.48 11.29
13.23 11.28
14.7 11.28
16.04 11.33
17.43 11.360000000000001
13.33 11.32
14.7 11.3
13.33 11.3
17.14 11.34
15.14 11.360000000000001
14.84 11.34
12.94 11.32
14.23 11.3
13.18 11.32
17.46 11.39
14.99 11.35
14.75 11.33
13.23 11.32
14.7 11.32
16.04 11.33
17.36 11.35
13.38 11.32
14.75 11.32
13.450000000000001 11.32
17.65 11.34
15.43 11.379999999999999
15.55 11.33
13.48 11.3
15.06 11.3
14.430000000000001 11.3
17.46 11.4
15.55 11.35
14.99 11.33
13.569999999999999 11.33
15.09 11.32
16.669999999999998 11.39
17.41 11.379999999999999
13.65 11.33
15.06 11.32
13.669999999999998 11.3
17.9 11.360000000000001
16.41 11.39
15.110000000000001 11.35
13.819999999999999 11.33
15.229999999999999 11.33
18.459999999999997 11.360000000000001
18.02 11.4
13.79 11.34
15.28 11.33
13.84 11.34
17.65 11.35
17.26 11.43
15.479999999999999 11.360000000000001
14.04 11.35
15.43 11.34
16.63 11.379999999999999
18.240000000000002 11.450000000000001
13.79 11.360000000000001
15.6 11.35
14.04 11.360000000000001
18.12 11.379999999999999
16.75 11.41
15.5 11.360000000000001
14.11 11.35
15.6 11.360000000000001
17.29 11.39
18.29 11.43
14.16 11.360000000000001
15.620000000000001 11.35
14.21 11.35
18.8 11.379999999999999
16.48 11.4
15.72 11.360000000000001
14.180000000000001 11.35
15.67 11.35
17.94 11.39
17.72 11.44
14.26 11.379999999999999
15.72 11.360000000000001
14.21 11.360000000000001
19.63 11.4
15.840000000000002 11.41
15.72 11.360000000000001
14.31 11.35
15.72 11.35
18.55 11.4
17.09 11.41
14.280000000000001 11.360000000000001
15.840000000000002 11.35
14.31 11.360000000000001
20.119999999999997 11.4
15.6 11.41
15.920000000000002 11.360000000000001
14.360000000000001 11.35
15.939999999999998 11.35
19.24 11.44
16.77 11.41
14.430000000000001 11.360000000000001
15.97 11.360000000000001
14.75 11.360000000000001
20.48 11.43
15.229999999999999 11.39
16.04 11.379999999999999
14.530000000000001 11.35
17.53 11.360000000000001
19.02 11.44
16.04 11.39
14.6 11.379999999999999
16.09 11.379999999999999
16.77 11.360000000000001
19.53 11.43
14.62 11.379999999999999
16.02 11.379999999999999
14.719999999999999 11.360000000000001
19.509999999999998 11.4
17.09 11.44
16.21 11.39
14.77 11.360000000000001
16.189999999999998 11.379999999999999
18.360000000000003 11.43
18.360000000000003 11.41
14.75 11.4
16.259999999999998 11.39
15.21 11.39
21.48 11.450000000000001
15.260000000000002 11.4
16.38 11.379999999999999
14.75 11.379999999999999
18.529999999999998 11.39
18.55 11.44
16.41 11.4
14.92 11.39
16.48 11.379999999999999
19.02 11.41
18.09 11.44
14.89 11.39
16.36 11.39
15.229999999999999 11.379999999999999
21.58 11.450000000000001
15.28 11.4
16.5 11.39
14.97 11.4
19.869999999999997 11.41
17.549999999999997 11.44
16.53 11.39
14.940000000000001 11.4
16.650000000000002 11.39
19.6 11.41
17.82 11.43
15.45 11.4
16.72 11.39
16.99 11.39
20.560000000000002 11.44
15.110000000000001 11.41
16.63 11.41
15.21 11.39
20.24 11.41
17.380000000000003 11.44
16.650000000000002 11.43
15.160000000000002 11.39
17.36 11.39
19.8 11.4
17.36 11.41
15.190000000000001 11.39
16.650000000000002 11.39
18.33 11.4
18.48 11.44
16.11 11.41
16.82 11.4
15.229999999999999 11.4
21.51 11.44
16.41 11.459999999999999
16.669999999999998 11.41
15.110000000000001 11.39
20.169999999999998 11.4
20.61 11.51
16.85 11.44
15.21 11.4
16.7 11.41
18.43 11.41
19.650000000000002 11.459999999999999
15.310000000000002 11.44
16.89 11.43
15.310000000000002 11.4
21.02 11.450000000000001
17.11 11.459999999999999
16.8 11.41
15.310000000000002 11.4
18.95 11.41
18.65 11.41
16.75 11.41
15.110000000000001 11.4
16.89 11.4
19.040000000000003 11.43
18.77 11.459999999999999
15.329999999999998 11.43
16.869999999999997 11.44
15.36 11.4
21.51 11.44
16.41 11.43
16.82 11.43
15.229999999999999 11.39
19.21 11.39
18.529999999999998 11.41
17.16 11.43
15.329999999999998 11.4
16.8 11.39
19.24 11.43
18.82 11.44
15.310000000000002 11.43
16.82 11.41
15.97 11.4
20.97 11.44
16.41 11.43
16.7 11.43
15.14 11.4
19.75 11.41
18.04 11.469999999999999
16.8 11.44
15.21 11.4
16.669999999999998 11.41
19.12 11.43
18.75 11.43
15.21 11.43
16.82 11.4
15.53 11.39
21.44 11.459999999999999
16.259999999999998 11.43
16.77 11.41
15.260000000000002 11.41
18.77 11.4
17.24 11.450000000000001
18.43 11.43
15.21 11.41
16.75 11.41
18.26 11.43
