7.8915 5.6214
7.6835999999999975 5.584
8.0001 5.635299999999999
7.921200000000001 5.6135
8.3595 5.6111
7.730799999999999 5.606099999999999
8.437800000000001 5.6312999999999995
8.0602 5.6373
7.6628 5.6101
8.005700000000001 5.5996999999999995
7.6833 5.5802
7.713199999999998 5.622
8.160799999999998 5.6703
7.421800000000001 5.5786
7.562000000000002 5.5621
7.761699999999998 5.610499999999999
7.1965 5.5739
8.2149 5.6252
8.218 5.622
7.6613 5.5683
7.2959 5.5767999999999995
7.280900000000001 5.576300000000002
7.406999999999998 5.572400000000001
6.974899999999999 5.5503
7.7117 5.5931
8.1842 5.6746
7.409400000000001 5.615499999999999
7.124699999999999 5.5567
7.2115 5.5672999999999995
7.398199999999999 5.5897
8.1053 5.5764
8.7939 5.652700000000001
8.9214 5.6248000000000005
9.491399999999999 5.5744
10.304899999999998 5.6203
10.336400000000001 5.6095
10.8155 5.6706
10.021 5.6419000000000015
9.4475 5.628
8.774500000000002 5.640300000000001
7.682 5.533400000000001
6.978399999999999 5.543799999999999
7.364400000000002 5.5808
7.325800000000002 5.573999999999999
7.8057 5.628699999999999
7.714500000000002 5.6275
7.2411 5.548500000000001
7.6908 5.569699999999999
7.882999999999998 5.5756000000000006
8.0049 5.6000000000000005
8.4717 5.662699999999999
8.3043 5.6352
7.3721 5.5984
7.7076 5.637099999999999
7.417399999999999 5.615000000000001
7.320800000000001 5.6079
7.801299999999999 5.630700000000001
8.1924 5.653700000000001
7.99 5.6023
7.8072 5.630400000000001
7.805899999999999 5.6165
8.3096 5.637899999999999
8.644599999999999 5.684399999999999
7.8316 5.6229000000000005
7.322300000000001 5.5995
7.4923 5.5913
7.699300000000002 5.621399999999999
7.1362 5.593100000000001
7.400000000000002 5.5776
7.084899999999999 5.554900000000002
7.633000000000003 5.587700000000001
7.750400000000002 5.6366
8.2603 5.647099999999999
7.945300000000001 5.6671
8.188 5.6711
8.2122 5.666
7.840100000000001 5.6625000000000005
7.7764 5.624300000000001
7.4895000000000005 5.609800000000001
7.310999999999999 5.598400000000001
6.4940999999999995 5.540800000000001
7.5861 5.628800000000001
6.825599999999998 5.382499999999999
6.260400000000001 5.365800000000001
6.915 5.396899999999998
7.4486 5.48212
7.6242 5.6389000000000005
7.3715 5.469399999999999
8.4026 5.7055
8.623600000000001 5.722499999999999
8.418999999999999 5.719800000000001
8.313 5.6575
7.583599999999999 5.655200000000002
7.774699999999999 5.668600000000001
7.169100000000002 5.597100000000001
7.453199999999999 5.6417
7.241700000000001 5.630199999999999
7.108300000000001 5.6396999999999995
7.475299999999999 5.585999999999999
8.010499999999999 5.661500000000001
7.628999999999999 5.606900000000002
7.750200000000001 5.5809999999999995
7.3907 5.6286
7.4946 5.6777
7.434699999999999 5.6522999999999985
7.678399999999999 5.6666
7.6367 5.656199999999999
7.559400000000002 5.6629
7.4911 5.6681
6.8599 5.6164000000000005
7.222399999999999 5.6424
7.552800000000001 5.6647
6.681699999999998 5.606499999999999
7.6507000000000005 5.6561
6.888699999999999 5.6598999999999995
7.1865 5.6022
7.1537000000000015 5.5863000000000005
8.109300000000001 5.634900000000001
8.1521 5.640699999999999
8.055600000000002 5.648499999999999
8.426699999999999 5.6787
8.3872 5.670200000000001
7.532500000000001 5.645099999999999
7.396800000000001 5.633100000000001
7.737299999999999 5.6569
7.2714 5.6114
6.993399999999999 5.623399999999999
7.342900000000001 5.6676
6.7911 5.6061000000000005
6.914400000000001 5.5791
7.8439 5.6282
8.412100000000002 5.694599999999999
7.8845 5.6514999999999995
7.308799999999999 5.6374
7.5222 5.641599999999999
7.791899999999999 5.6232000000000015
7.091200000000001 5.592299999999999
7.526899999999998 5.584299999999999
7.928599999999999 5.6583000000000006
7.5406 5.6343
7.659600000000001 5.6376
7.8513 5.6537999999999995
7.3332999999999995 5.6267
7.890700000000001 5.6517
7.347599999999998 5.649099999999999
7.729999999999998 5.6489
7.5668 5.659
8.132200000000003 5.681100000000001
7.3446 5.6349
7.5482000000000005 5.6391
7.342899999999999 5.634499999999999
7.578299999999999 5.6732000000000005
7.333300000000002 5.6385000000000005
7.494200000000001 5.656399999999999
7.5064 5.619799999999999
7.519600000000001 5.641499999999999
8.2241 5.6561
8.704999999999998 5.644299999999999
8.743200000000002 5.6836
8.5743 5.6606000000000005
8.331600000000002 5.6508
8.3276 5.670999999999999
8.228 5.6735
8.1692 5.6587
7.994700000000002 5.6283
8.421699999999998 5.6654
8.280900000000003 5.663099999999999
7.853299999999999 5.6552999999999995
8.757100000000001 5.6911000000000005
8.959900000000001 5.702500000000001
8.812800000000001 5.726499999999999
8.6122 5.708600000000001
8.809700000000001 5.7399
8.5008 5.7129
8.604400000000002 5.7208999999999985
8.2967 5.712700000000001
8.1921 5.6981
7.4780000000000015 5.6391
7.641099999999999 5.636000000000001
7.940699999999999 5.665300000000001
7.8307 5.6226
7.9719999999999995 5.623200000000001
8.1773 5.6034999999999995
8.130299999999998 5.6135
7.850599999999999 5.6096
8.0118 5.6174
8.080600000000002 5.641699999999999
7.5515 5.6244000000000005
7.6338 5.605300000000001
7.558199999999999 5.624899999999999
7.810599999999999 5.6428
7.876799999999999 5.649099999999999
7.842000000000001 5.6504
7.2774 5.6165
7.070299999999999 5.599800000000001
7.882599999999999 5.6214
7.6277 5.6468
8.6064 5.6945
6.9888 5.6156999999999995
8.008899999999999 5.645199999999999
7.203200000000002 5.603899999999999
7.0966000000000005 5.604500000000001
7.316699999999998 5.6123
7.988800000000001 5.695299999999999
7.522700000000001 5.6789
8.0089 5.6588
8.138800000000002 5.665099999999999
8.306500000000002 5.6981
7.986299999999999 5.695599999999999
8.0602 5.6758999999999995
8.113600000000002 5.7233
7.884899999999999 5.6878
6.8624 5.6618
7.480199999999998 5.679400000000001
7.7437000000000005 5.6533
7.9106 5.701899999999999
8.185999999999998 5.6727
7.403599999999999 5.640000000000001
7.732100000000002 5.6305
7.7569 5.6614
7.362800000000001 5.6362
7.805999999999999 5.6443
7.3565000000000005 5.6499
7.299299999999999 5.635800000000001
7.0555 5.638
7.039000000000001 5.619500000000001
6.802 5.570400000000001
7.131900000000002 5.6053000000000015
7.1814 5.6204
7.601200000000001 5.6246
7.509400000000001 5.636099999999999
7.4064000000000005 5.6309
6.806200000000001 5.604500000000002
7.259800000000001 5.5916
7.7435 5.6379
8.1204 5.6411999999999995
7.121999999999999 5.61
7.223600000000001 5.590300000000001
7.919199999999998 5.6524
8.109200000000003 5.6497
7.8610000000000015 5.636
8.026499999999997 5.621300000000001
8.065399999999999 5.6572000000000005
8.077900000000001 5.6856
7.9246 5.651599999999999
8.2933 5.6787
7.379200000000001 5.613600000000001
7.286099999999999 5.621700000000001
6.8718 5.6187000000000005
7.137299999999999 5.6049
7.350399999999999 5.612200000000001
7.2581999999999995 5.616
7.583899999999999 5.6263
6.994 5.601800000000001
7.254199999999999 5.637300000000001
7.377300000000001 5.638699999999999
7.481 5.6237
7.834199999999999 5.6244000000000005
7.8794 5.6431000000000004
7.074 5.6295
6.9519 5.622400000000001
7.0178 5.595000000000001
7.134400000000002 5.5924
6.8316 5.5996999999999995
7.3694999999999995 5.6175
7.1256 5.584
7.224799999999999 5.5958
7.685399999999998 5.620799999999999
7.3352 5.611700000000001
7.680999999999999 5.6245
7.3866000000000005 5.618300000000001
7.2336 5.6273
7.333800000000002 5.6307
7.558099999999998 5.6453999999999995
7.4532 5.6546
6.6356 5.5967
7.3953999999999995 5.629
7.3022 5.6103
7.2814000000000005 5.6108
7.041699999999998 5.571700000000001
7.183500000000001 5.591199999999999
7.600299999999999 5.615
7.297799999999999 5.6691
7.685700000000001 5.625200000000001
7.4294 5.6367
7.595299999999999 5.647
7.889799999999999 5.6629
7.263499999999999 5.6298
