22.24 11.77
19.650000000000002 11.72
18.12 11.690000000000001
19.17 11.709999999999999
21.78 11.73
22.24 11.76
18.14 11.72
19.139999999999997 11.709999999999999
18.12 11.690000000000001
23.66 11.78
20.46 11.77
19.189999999999998 11.709999999999999
18.16 11.690000000000001
19.43 11.709999999999999
23.22 11.790000000000001
20.630000000000003 11.74
18.16 11.72
19.139999999999997 11.709999999999999
19.82 11.709999999999999
23.34 11.83
18.990000000000002 11.74
19.189999999999998 11.709999999999999
18.21 11.709999999999999
22.17 11.73
21.529999999999998 11.78
19.73 11.72
18.12 11.709999999999999
19.17 11.690000000000001
21.88 11.74
22.509999999999998 11.78
18.310000000000002 11.709999999999999
23.36 11.74
19.63 11.799999999999999
22.07 11.83
21.44 11.85
18.19 11.799999999999999
19.63 11.790000000000001
18.38 11.78
24.169999999999998 11.85
20.07 11.82
19.509999999999998 11.78
17.9 11.77
20.95 11.78
22.12 11.87
20.580000000000002 11.799999999999999
17.87 11.76
19.63 11.77
20.68 11.790000000000001
23.24 11.83
18.360000000000003 11.78
19.580000000000002 11.77
17.990000000000002 11.76
23.07 11.78
18.85 11.83
22.0 11.799999999999999
17.9 11.77
19.6 11.77
21.75 11.82
22.509999999999998 11.84
17.990000000000002 11.78
19.53 11.77
17.87 11.76
23.75 11.82
20.580000000000002 11.83
19.48 11.78
17.849999999999998 11.77
19.56 11.77
22.63 11.799999999999999
21.66 11.799999999999999
17.919999999999998 11.77
19.509999999999998 11.77
17.8 11.76
24.490000000000002 11.85
19.63 11.84
19.509999999999998 11.77
17.82 11.77
19.53 11.77
23.05 11.87
21.14 11.84
17.82 11.78
19.580000000000002 11.77
18.14 11.77
24.560000000000002 11.88
19.48 11.82
19.46 11.78
17.82 11.78
20.34 11.77
22.56 11.83
20.95 11.82
17.849999999999998 11.77
19.53 11.77
19.68 11.78
23.24 11.87
19.34 11.82
19.53 11.78
17.87 11.77
22.0 11.799999999999999
23.75 11.91
20.580000000000002 11.83
17.97 11.78
19.56 11.78
19.34 11.78
25.290000000000003 11.84
18.09 11.790000000000001
19.6 11.78
18.07 11.78
22.97 11.790000000000001
21.78 11.84
19.63 11.78
17.97 11.78
19.56 11.78
22.95 11.790000000000001
21.8 11.84
18.04 11.790000000000001
19.6 11.78
18.07 11.77
25.88 11.82
18.48 11.82
19.68 11.77
18.04 11.77
20.21 11.78
23.36 11.83
20.68 11.83
18.04 11.78
19.68 11.77
21.04 11.77
23.46 11.87
18.16 11.790000000000001
19.950000000000003 11.78
18.310000000000002 11.790000000000001
25.15 11.82
19.869999999999997 11.84
19.919999999999998 11.78
18.29 11.77
19.900000000000002 11.78
24.37 11.83
20.61 11.82
18.16 11.790000000000001
19.82 11.78
18.68 11.77
26.029999999999998 11.87
18.26 11.799999999999999
19.82 11.78
18.16 11.78
22.63 11.790000000000001
22.53 11.83
19.950000000000003 11.790000000000001
18.26 11.790000000000001
19.85 11.78
23.22 11.82
22.09 11.87
18.26 11.790000000000001
19.950000000000003 11.790000000000001
18.240000000000002 11.790000000000001
26.119999999999997 11.83
19.139999999999997 11.82
19.950000000000003 11.790000000000001
18.33 11.78
21.14 11.790000000000001
24.22 11.899999999999999
19.900000000000002 11.82
18.38 11.790000000000001
20.02 11.790000000000001
23.07 11.83
22.919999999999998 11.85
18.68 11.82
20.29 11.790000000000001
18.63 11.78
26.369999999999997 11.84
19.97 11.84
20.34 11.790000000000001
18.68 11.78
22.61 11.799999999999999
23.29 11.85
20.19 11.799999999999999
18.75 11.790000000000001
20.31 11.78
23.95 11.83
21.95 11.88
18.529999999999998 11.799999999999999
20.119999999999997 11.790000000000001
20.9 11.790000000000001
24.779999999999998 11.87
18.43 11.83
20.119999999999997 11.790000000000001
18.43 11.78
25.929999999999996 11.84
19.6 11.84
20.09 11.790000000000001
18.48 11.790000000000001
22.39 11.799999999999999
23.24 11.87
20.19 11.799999999999999
18.459999999999997 11.799999999999999
20.31 11.790000000000001
24.51 11.82
21.19 11.84
18.48 11.82
20.21 11.78
21.22 11.790000000000001
24.93 11.87
18.48 11.799999999999999
20.169999999999998 11.790000000000001
18.529999999999998 11.790000000000001
26.169999999999998 11.84
19.38 11.83
20.24 11.790000000000001
18.529999999999998 11.78
21.58 11.82
23.54 11.899999999999999
20.68 11.83
18.63 11.78
20.19 11.799999999999999
24.34 11.83
21.41 11.84
18.63 11.790000000000001
20.26 11.799999999999999
20.43 11.790000000000001
25.39 11.87
18.77 11.83
24.22 11.82
18.509999999999998 11.78
25.729999999999997 11.799999999999999
20.02 11.83
20.560000000000002 11.799999999999999
18.68 11.78
21.61 11.77
24.37 11.83
20.65 11.82
18.58 11.77
20.41 11.77
23.580000000000002 11.82
22.8 11.83
18.6 11.790000000000001
20.48 11.78
18.82 11.799999999999999
27.200000000000003 11.87
18.82 11.83
20.68 11.790000000000001
18.85 11.799999999999999
23.36 11.799999999999999
23.24 11.87
20.53 11.82
18.58 11.78
20.560000000000002 11.78
24.610000000000003 11.83
21.8 11.799999999999999
18.68 11.790000000000001
20.68 11.77
21.04 11.77
25.540000000000003 11.85
18.970000000000002 11.83
20.8 11.790000000000001
18.9 11.78
26.950000000000003 11.85
20.169999999999998 11.83
20.7 11.790000000000001
18.75 11.78
21.39 11.799999999999999
25.290000000000003 11.88
21.46 11.83
18.95 11.82
20.8 11.790000000000001
23.07 11.82
23.71 11.87
18.7 11.799999999999999
20.41 11.78
18.12 11.790000000000001
25.729999999999997 11.85
20.630000000000003 11.83
20.73 11.78
18.82 11.78
22.63 11.78
23.580000000000002 11.87
20.61 11.83
18.68 11.78
20.48 11.77
23.29 11.83
23.169999999999998 11.87
18.58 11.799999999999999
20.53 11.799999999999999
18.529999999999998 11.78
26.900000000000002 11.84
19.259999999999998 11.84
20.53 11.799999999999999
18.65 11.78
21.61 11.78
24.85 11.88
