6.622 7.599
6.939000000000001 7.605
6.775 7.599
6.146 7.599
6.039 7.593
5.848000000000001 7.593
5.597 7.593
6.088 7.593
6.494 7.605
5.695 7.599
5.987000000000001 7.593
6.384999999999999 7.605
6.464 7.599
7.646999999999999 7.617
7.196 7.611
6.147 7.593
5.957 7.599
5.835 7.599
5.899 7.599
5.719 7.593
5.701 7.593
5.89 7.599
6.058 7.605
5.819000000000001 7.593
6.076 7.599
5.685 7.593
6.8420000000000005 7.611
6.631000000000001 7.605
5.747 7.599
6.156000000000001 7.599
6.265 7.605
5.487 7.599
6.039 7.605
5.832 7.599
5.78 7.593
5.716 7.5920000000000005
6.091 7.599
5.737 7.585999999999999
6.0729999999999995 7.597999999999999
5.9479999999999995 7.5920000000000005
6.321000000000001 7.599
6.1339999999999995 7.5920000000000005
6.268 7.5920000000000005
5.933 7.585999999999999
5.822 7.5920000000000005
5.945 7.5920000000000005
6.131 7.5920000000000005
6.29 7.599
5.7860000000000005 7.585999999999999
5.655 7.585999999999999
5.5809999999999995 7.585999999999999
5.6739999999999995 7.585999999999999
6.398999999999999 7.593
6.470000000000001 7.593
6.122 7.605
6.225 7.599
5.719 7.5920000000000005
5.928999999999999 7.585999999999999
6.098 7.593
6.567999999999999 7.611999999999999
5.814 7.599
5.593 7.585999999999999
5.389 7.585999999999999
5.557 7.585999999999999
5.551 7.585999999999999
5.673 7.585999999999999
7.184 7.611
6.573999999999999 7.605
6.17 7.605
5.923 7.593
6.689 7.611999999999999
5.564 7.5920000000000005
5.539000000000001 7.585999999999999
5.945 7.597999999999999
5.716 7.5920000000000005
6.135 7.599
5.7010000000000005 7.5920000000000005
6.008 7.599
5.9479999999999995 7.599
5.74 7.5920000000000005
5.962999999999999 7.599
6.0120000000000005 7.5920000000000005
5.82 7.5920000000000005
5.5760000000000005 7.585999999999999
5.985 7.605
5.627 7.5920000000000005
5.554 7.599
5.511 7.5920000000000005
5.523 7.5920000000000005
5.28 7.585999999999999
5.374 7.5920000000000005
5.0200000000000005 7.585999999999999
5.148 7.585999999999999
5.577999999999999 7.585999999999999
5.469 7.585999999999999
5.71 7.585999999999999
5.853 7.593
5.795 7.585999999999999
5.7860000000000005 7.599
8.826 7.641999999999999
9.253 7.672
10.913 7.702000000000001
10.028 7.696
10.626 7.684
8.154 7.641999999999999
8.918000000000001 7.654
6.683 7.611
6.0 7.599
6.232 7.605
5.612 7.597999999999999
5.572 7.599
5.6370000000000005 7.5920000000000005
6.192 7.5920000000000005
6.119 7.5920000000000005
6.462999999999999 7.599
6.319999999999999 7.599
5.878 7.5920000000000005
5.893000000000001 7.599
6.143 7.599
6.811 7.611999999999999
6.311 7.605
5.56 7.5920000000000005
7.208 7.611999999999999
7.257 7.636000000000001
7.111000000000001 7.630000000000001
6.2379999999999995 7.605
6.609999999999999 7.617
6.641 7.597999999999999
5.6579999999999995 7.585999999999999
5.823 7.5920000000000005
5.933 7.597999999999999
5.896 7.605
6.037 7.605
6.195 7.605
5.819 7.5920000000000005
5.835 7.599
6.061000000000001 7.599
6.229 7.605
6.3229999999999995 7.605
5.481 7.599
5.502 7.585999999999999
5.3500000000000005 7.585999999999999
5.417 7.593
5.991 7.599
6.854 7.599
7.202 7.605
6.512 7.605
6.235 7.599
6.036 7.5920000000000005
7.068 7.605
6.021 7.5920000000000005
5.423 7.585999999999999
6.067 7.5920000000000005
6.659 7.605
6.622 7.599
6.003 7.5920000000000005
6.512000000000001 7.597999999999999
6.314 7.599
6.9830000000000005 7.599
6.6530000000000005 7.605
6.731999999999999 7.599
6.775 7.599
6.702 7.599
6.262 7.593
6.241 7.5920000000000005
6.468999999999999 7.599
6.506999999999999 7.605
6.677 7.605
7.092 7.605
6.161 7.605
6.634999999999999 7.599
7.202 7.605
8.110999999999999 7.611
7.019 7.605
6.61 7.599
7.41 7.599
8.007 7.611999999999999
7.025999999999999 7.599
6.981999999999999 7.599
6.939000000000001 7.599
6.981999999999999 7.599
6.83 7.599
7.373 7.605
7.556 7.599
7.508000000000001 7.611
7.33 7.611
7.141 7.605
7.183000000000001 7.605
8.184 7.6240000000000006
8.246 7.6240000000000006
7.398000000000001 7.6240000000000006
7.183999999999998 7.611
7.458000000000001 7.605
7.22 7.617
8.02 7.617
8.27 7.648
7.239000000000001 7.641000000000001
7.129 7.641000000000001
7.458999999999999 7.647000000000001
8.148 7.66
7.6240000000000006 7.641000000000001
7.648000000000001 7.647000000000001
7.837 7.641000000000001
8.386000000000001 7.647000000000001
8.209 7.647000000000001
8.16 7.654
8.637 7.66
7.538 7.647000000000001
8.24 7.6530000000000005
8.179 7.66
7.648 7.647000000000001
8.484 7.6530000000000005
8.355 7.672000000000001
7.666 7.647000000000001
8.459 7.654
8.161 7.66
8.258000000000001 7.654
7.703 7.654
7.868 7.648
7.966000000000001 7.66
7.495 7.648
8.087 7.654
7.872999999999999 7.66
8.209 7.66
8.264 7.66
7.880000000000001 7.647000000000001
7.788 7.641000000000001
8.3 7.654
8.178 7.647000000000001
7.855 7.647000000000001
7.927999999999999 7.647000000000001
8.246 7.654
7.927999999999999 7.647000000000001
8.301 7.66
7.8740000000000006 7.647000000000001
7.959 7.654
8.649 7.672000000000001
8.301 7.654
8.088000000000001 7.66
7.879 7.648
8.27 7.647000000000001
8.319 7.66
7.9350000000000005 7.654
7.678 7.654
9.009 7.666
8.393 7.654
8.533 7.654
8.246 7.654
8.093 7.654
9.161 7.666
9.387 7.678
8.697 7.666
8.844 7.66
8.459999999999999 7.666
11.022 7.654
12.389999999999999 7.721
9.534 7.666
8.593 7.648
8.881 7.66
8.862 7.66
8.862 7.666
8.869 7.666
8.215 7.654
8.02 7.654
8.24 7.654
7.66 7.654
7.989 7.654
8.905000000000001 7.678
8.185 7.66
7.813000000000001 7.654
7.666 7.647000000000001
7.758000000000001 7.654
7.880000000000001 7.654
7.709 7.648
8.161 7.654
8.373999999999999 7.666
7.776 7.647000000000001
7.715 7.648
8.038 7.641000000000001
8.472 7.654
8.295 7.654
7.586000000000001 7.648
7.776 7.647000000000001
7.861 7.648
7.597999999999999 7.641000000000001
7.721 7.647000000000001
7.916 7.6850000000000005
7.806 7.6850000000000005
