45.71699999999999 25.502999999999997
43.426 23.808000000000003
44.068 23.842
44.66200000000001 23.825000000000006
62.55200000000001 26.436000000000003
41.09955999999999 25.120198
41.355000000000004 24.0962
39.745000000000005 24.1986
39.07199999999999 24.254899999999996
40.638 24.329299999999996
40.522999999999996 24.4331
40.921 24.597700000000003
40.79900000000001 24.624399999999998
40.925 24.6511
40.388999999999996 24.691000000000006
40.014 24.685999999999996
40.842999999999996 24.680999999999997
40.645 24.656
41.129999999999995 24.707
40.66 24.676000000000002
41.215999999999994 24.726
42.38100000000001 24.776000000000003
40.339000000000006 24.708
39.772 24.672000000000004
39.545 24.642999999999997
37.82 24.653
38.461 24.637
39.637 24.584000000000003
38.79 24.628
38.330000000000005 24.584999999999997
38.509 24.534000000000002
38.54200000000001 24.577999999999996
38.527 24.548
37.9 24.571
37.851 24.511999999999997
36.718999999999994 24.516
36.456 24.508000000000006
39.260000000000005 24.582
38.519000000000005 24.545
37.916 24.573000000000004
38.153999999999996 24.595999999999997
40.738 24.625000000000004
42.526 24.725999999999996
42.988 24.766999999999996
40.90200000000001 24.714
41.31 24.722
39.58200000000001 24.702000000000005
39.574999999999996 24.708000000000002
38.902 24.708
39.240000000000016 24.647999999999996
37.416 24.628000000000007
38.407000000000004 24.662000000000003
36.406000000000006 24.602
36.186 24.575000000000003
36.052 24.476000000000003
37.032 24.496000000000002
35.660000000000004 24.488000000000003
35.187000000000005 24.413
34.18 24.455
33.02500000000001 24.399
33.463 24.359
32.876000000000005 24.370000000000005
32.719 24.361
31.91 24.422
32.233000000000004 24.432
30.956999999999997 24.334999999999997
30.233000000000004 24.325999999999997
29.581999999999997 24.293
29.694000000000003 24.273000000000007
29.466000000000005 24.234
29.241 24.252
28.67 24.238
28.257000000000005 24.243000000000002
27.123 24.239
26.938000000000002 24.229
27.407999999999998 24.232999999999997
28.378999999999998 24.285
27.827300000000005 24.356
28.116000000000003 24.357
27.27840000000001 24.453999999999997
26.924999999999997 24.514999999999997
26.678300000000004 24.654999999999998
27.257300000000008 24.470999999999997
27.331999999999994 24.297
27.230599999999995 24.330999999999996
27.0217 24.276999999999997
26.820399999999996 24.288999999999998
26.827199999999994 24.324000000000005
26.577100000000005 24.467000000000002
25.453400000000002 24.337999999999997
26.6874 24.359
26.466299999999997 24.369
26.0278 24.446
26.359500000000004 24.378
26.4229 24.378
27.376000000000005 24.426
26.804899999999996 24.445000000000004
26.7662 24.395000000000003
27.472500000000004 24.379999999999995
26.4115 24.438
25.5038 24.457000000000004
25.436499999999995 24.435000000000002
25.7246 24.507999999999996
25.648899999999998 24.485000000000003
25.4606 24.747000000000003
25.897300000000005 24.999999999999996
26.665899999999997 25.1
26.2936 24.879000000000005
26.766300000000005 24.974
27.015299999999996 24.595
27.9946 24.712999999999994
27.678899999999995 24.726
27.508799999999994 24.663999999999998
28.86680000000001 24.645
29.2756 24.756000000000007
27.9327 24.702000000000005
28.1719 24.739000000000004
27.655099999999997 24.686000000000003
27.377399999999994 24.702
27.3747 24.667
27.388 24.708000000000002
27.467 24.707000000000004
27.311000000000003 24.667
26.929000000000002 24.724999999999998
27.675 24.745
27.764999999999993 24.749
28.215 24.792
28.316999999999997 24.81
28.000000000000004 24.776999999999997
28.310999999999996 24.746999999999996
27.613299999999995 24.718
28.052399999999995 24.731
29.472000000000005 24.761000000000006
29.202 24.749
29.655000000000005 24.705999999999996
33.037 24.711000000000002
33.583 24.753999999999998
33.538 24.749000000000006
31.156000000000006 24.783
30.967 24.772999999999996
30.941999999999997 24.862000000000002
31.52499999999999 25.037000000000003
33.376 24.817
32.572 25.023
33.385999999999996 25.182999999999993
32.82600000000001 24.874000000000002
33.11599999999999 24.858
34.474999999999994 24.934
35.091 24.935
36.15899999999999 24.933
37.264 24.953000000000003
36.344 24.930999999999994
36.802 25.005
36.648999999999994 24.916
37.715 24.91
40.391999999999996 25.020999999999997
40.461000000000006 25.119000000000003
41.007000000000005 25.069999999999997
41.64300000000001 25.063000000000002
41.48800000000001 25.083
40.29800000000001 25.054
41.117999999999995 24.997000000000007
41.20399999999999 25.084999999999997
43.49600000000001 25.266
43.58699999999999 25.267999999999997
45.38100000000001 25.243000000000006
44.86000000000001 25.263
46.288000000000004 25.300999999999995
49.749 25.440999999999995
50.656 25.415
50.302 25.338
49.10099999999999 25.405
49.616 25.412000000000003
50.29999999999999 25.332000000000004
48.531 25.371
49.102999999999994 25.299
51.14299999999999 25.383999999999997
53.790000000000006 25.47
50.776999999999994 25.439
50.88700000000001 25.418000000000003
52.080000000000005 25.506
50.293000000000006 25.426
51.44900000000001 25.289999999999996
52.081999999999994 25.431999999999995
54.98900000000001 25.419000000000004
53.001 25.482
53.35400000000001 25.427999999999994
51.65600000000001 25.432
51.657 25.411999999999995
53.845 25.493
53.614 25.473000000000003
53.261 25.474999999999998
55.42699999999999 25.439999999999998
54.018 25.413999999999998
54.211 25.380000000000003
55.711 25.473999999999997
56.382 25.537
55.24099999999999 25.493999999999993
56.41799999999999 25.552000000000003
56.157999999999994 25.557999999999996
54.994 25.517
54.867 25.600000000000005
54.504 25.510000000000005
51.232 25.473000000000003
49.623000000000005 25.262999999999998
49.681 25.089
49.05499999999999 25.091
48.416000000000004 25.005
47.995999999999995 24.97
49.45100000000001 25.012
50.205 25.053000000000004
46.55800000000001 24.963999999999995
46.825 24.845999999999997
48.431999999999995 24.910999999999998
47.00999999999999 24.822000000000006
47.433 24.804
49.467999999999996 24.917999999999996
48.177 24.932000000000006
49.59499999999999 24.959999999999997
48.09400000000001 24.966
48.74600000000001 25.012
48.47 25.003999999999998
48.60300000000001 24.994
47.193000000000005 24.956
46.854000000000006 24.872000000000003
47.712 24.978
47.09 24.973000000000003
46.04299999999999 24.875000000000004
47.749999999999986 24.962
48.20099999999999 24.881
47.40800000000001 24.911
48.209 24.886
45.491 24.854000000000003
47.27499999999999 24.831000000000003
46.834 24.862999999999996
46.117000000000004 24.774
46.978 24.803000000000004
46.397000000000006 24.804000000000002
47.312000000000005 24.788
47.37299999999999 24.834
47.875000000000014 24.844
47.05200000000001 24.833999999999996
49.291000000000004 24.831
48.75599999999999 24.853
47.904 24.855
48.221000000000004 24.812
47.898999999999994 24.836
46.95 24.704
46.892 24.744000000000003
47.71699999999999 24.781
47.510000000000005 24.749000000000002
46.714 24.729
47.309999999999995 24.728000000000005
49.009 24.795999999999996
49.181000000000004 24.851999999999997
47.854 24.819000000000006
48.047000000000004 24.779000000000003
48.0 24.768
46.795 24.716000000000005
46.692 24.741
47.30799999999999 24.665
47.440000000000005 24.658000000000005
48.12600000000001 24.653
46.015000000000015 24.601999999999997
46.02299999999999 24.551000000000002
46.733000000000004 24.543
45.423 24.555000000000007
44.29200000000001 24.518
43.95400000000001 24.522999999999996
44.848 24.535000000000004
44.08899999999999 24.528
45.12500000000001 24.525
43.16200000000001 24.442999999999998
42.883 24.440000000000005
41.892 24.413000000000004
42.867000000000004 24.408000000000005
43.977 24.442
42.647999999999996 24.449999999999996
42.001 24.434000000000005
42.330999999999996 24.407
42.458000000000006 24.372
42.06 24.319999999999997
43.477999999999994 24.381
41.355000000000004 24.290000000000006
41.308 24.27
41.57900000000001 24.233000000000004
39.066 24.215999999999998
40.349 24.182
