45.0477 13.2652
48.17409999999999 13.267399999999999
42.5819 13.165399999999996
35.575300000000006 13.083600000000004
36.99689999999999 13.009900000000002
38.24980000000001 13.112499999999997
35.1952 12.958899999999998
31.6606 12.746599999999997
34.355700000000006 12.8161
37.7477 12.931399999999998
39.3588 13.035800000000004
45.5529 13.1978
46.4005 13.2521
48.44799999999999 13.342899999999998
47.599999999999994 13.293199999999999
47.982 13.1855
54.24300000000001 13.373200000000002
48.55720000000001 13.2327
53.351000000000006 13.473799999999999
54.348 13.428099999999999
52.754999999999995 13.3661
55.765 13.4693
50.58999999999999 13.364500000000001
47.123999999999995 13.283799999999998
44.3905 13.244399999999997
51.894000000000005 13.450299999999999
57.996 13.620200000000004
52.95699999999999 13.580099999999998
51.42100000000001 13.489999999999998
55.40099999999999 13.604800000000001
52.90899999999999 13.543199999999999
55.400000000000006 13.5197
49.78600000000001 13.340900000000003
54.10600000000001 13.385400000000002
59.652000000000015 13.499399999999998
63.97300000000001 13.717500000000001
56.34400000000001 13.497599999999998
52.10799999999999 13.412100000000002
55.896000000000015 13.525899999999998
59.142 13.580400000000004
58.12799999999999 13.528800000000004
61.45400000000003 13.656300000000002
63.485 13.5799
63.610000000000014 13.708299999999998
66.54299999999999 13.795200000000001
48.483000000000004 13.292500000000002
52.783 13.385600000000004
56.288000000000025 13.5423
50.698999999999984 13.286100000000003
52.937 13.415799999999997
48.72200000000001 13.257800000000003
50.64000000000001 13.264100000000001
51.671000000000014 13.362700000000002
50.43099999999999 13.2284
56.561000000000014 13.413000000000002
57.31200000000002 13.4094
53.46899999999999 13.303700000000001
51.225 13.3358
54.369999999999976 13.4635
51.156 13.337700000000002
53.274999999999984 13.373900000000006
50.760000000000005 13.364199999999999
47.67500000000001 13.312899999999999
49.760000000000005 13.373299999999999
57.282999999999994 13.505100000000002
59.006 13.542999999999994
59.507 13.652000000000001
55.891000000000005 13.5416
54.01199999999998 13.424199999999997
56.24500000000001 13.397799999999993
61.136999999999986 13.645099999999994
50.888999999999996 13.380300000000004
57.359000000000016 13.489
47.586 13.198199999999998
47.47599999999999 13.144900000000002
50.147000000000006 13.2133
47.918899999999994 13.2245
49.565999999999995 13.336
48.55699999999999 13.255500000000001
52.183 13.374199999999997
49.18599999999999 13.3435
49.59499999999999 13.341699999999998
49.625 13.2527
48.83499999999999 13.214799999999999
46.245000000000005 13.225999999999999
42.934599999999996 13.2078
47.781 13.141799999999998
50.66399999999999 13.193999999999997
45.71 13.2682
51.92499999999999 13.303400000000002
48.1977 13.287
44.2587 13.093400000000003
45.16929999999999 13.105399999999998
48.67999999999999 13.2612
51.12600000000002 13.326499999999996
49.2784 13.2272
47.408 13.226300000000002
50.647999999999996 13.322900000000004
44.116099999999996 13.1374
45.7908 13.096499999999997
43.23640000000001 13.0298
51.713999999999984 13.28
51.309000000000005 13.396700000000001
46.33 13.2397
54.33800000000001 13.4813
57.22399999999999 13.6243
55.99800000000001 13.487899999999996
58.71900000000002 13.528300000000002
49.867 13.2683
50.711 13.361300000000002
52.581 13.342800000000002
51.33899999999999 13.246299999999996
55.03800000000001 13.3909
53.16900000000001 13.5082
52.547999999999995 13.392299999999999
54.554000000000016 13.379800000000003
57.614999999999995 13.455400000000001
56.50900000000001 13.3798
56.82900000000002 13.517100000000001
63.57600000000001 13.6574
57.774 13.5866
61.498 13.654900000000003
61.54000000000002 13.733799999999999
53.01899999999999 13.5185
52.471999999999994 13.400400000000001
51.73 13.3245
57.294 13.530800000000001
61.109999999999985 13.6519
57.60000000000001 13.4883
51.653000000000006 13.285200000000005
58.25899999999999 13.533000000000001
57.89500000000001 13.4472
57.924 13.397299999999998
55.064 13.390200000000002
62.17400000000002 13.443300000000002
53.61500000000002 13.352399999999998
54.03299999999999 13.418499999999996
51.962999999999994 13.3042
57.49799999999998 13.4722
59.792 13.611100000000004
58.58700000000001 13.588600000000001
63.68699999999999 13.5961
58.004999999999995 13.5915
59.904 13.668800000000003
63.49799999999999 13.6787
64.51499999999999 13.669
60.41399999999999 13.635599999999998
63.37599999999999 13.8023
58.12500000000001 13.5388
62.355 13.5165
58.52099999999999 13.5117
56.97999999999999 13.514999999999999
56.62199999999999 13.452799999999998
56.06099999999999 13.395800000000001
56.03 13.4956
58.53199999999998 13.464500000000001
64.78799999999998 13.5979
69.11399999999999 13.837299999999997
68.55099999999999 13.839199999999996
63.152999999999984 13.674499999999998
62.215999999999994 13.680200000000001
60.616000000000014 13.707299999999995
62.757000000000005 13.702599999999999
61.753 13.6833
69.55699999999997 13.8044
67.85300000000002 13.839700000000002
66.88199999999999 13.753200000000001
71.62000000000002 13.8988
69.005 13.892499999999997
63.86000000000001 13.746500000000001
68.53200000000001 13.948200000000002
63.685 13.799999999999995
74.20999999999997 13.857499999999998
67.978 13.928899999999999
70.97000000000003 13.902599999999996
72.00299999999996 13.955400000000001
79.231 14.0128
75.30499999999999 14.0081
75.87999999999998 14.058699999999996
76.58800000000001 14.055399999999995
75.96700000000001 14.0827
77.647 14.1791
73.018 13.7911
75.29899999999998 13.918800000000001
80.142 14.117800000000003
75.08500000000001 13.923000000000005
77.33800000000001 13.962900000000001
79.60900000000001 14.020299999999997
79.93499999999999 13.986900000000002
77.11600000000001 13.964599999999997
78.58500000000002 14.077299999999997
80.70400000000001 14.151
83.35699999999999 14.194499999999998
81.17099999999999 14.131500000000003
84.03700000000002 14.274199999999999
88.943 14.229299999999995
84.674 14.334199999999994
87.68199999999999 14.3099
84.14500000000001 14.282799999999998
79.34800000000001 14.116999999999999
81.399 14.242100000000002
85.155 14.305399999999999
80.88900000000001 14.301400000000001
81.54399999999998 14.151900000000001
84.71799999999999 14.288500000000004
80.76700000000001 14.155100000000001
83.078 14.041900000000002
83.42500000000001 14.146900000000004
80.29300000000002 14.091399999999998
82.19399999999997 14.031600000000003
78.44399999999997 14.057299999999998
80.001 14.049
87.46299999999998 14.186399999999995
86.51300000000002 14.104599999999998
82.61100000000002 14.113800000000001
74.97200000000002 13.9648
82.62700000000001 14.149600000000001
77.08500000000001 14.066199999999995
77.38900000000002 14.009599999999997
76.35699999999999 14.0124
73.58499999999998 14.009300000000003
73.86700000000002 13.972199999999999
78.878 13.941999999999998
76.64200000000001 14.054300000000003
79.88500000000003 13.936099999999993
75.572 13.954999999999998
85.36500000000001 14.155000000000001
84.31000000000003 14.170599999999997
85.30500000000004 14.226499999999998
85.50900000000001 14.194399999999996
80.97299999999998 14.275699999999999
78.638 14.182000000000002
77.19700000000002 14.140600000000001
78.14200000000001 14.007399999999997
81.40100000000004 14.174999999999995
80.30500000000002 14.0513
79.25699999999999 14.067000000000004
71.08899999999998 13.975100000000001
69.492 13.9491
76.601 14.157899999999996
76.094 14.099400000000001
77.61699999999999 14.089199999999998
81.02799999999999 14.301999999999996
80.82400000000001 14.195000000000006
81.30400000000002 14.091599999999998
86.242 14.291599999999995
86.21500000000002 14.294599999999999
86.16800000000002 14.235300000000004
84.033 14.167600000000002
79.378 14.096300000000001
79.701 14.2235
77.15400000000001 14.2101
72.121 14.043500000000003
73.33900000000001 14.162600000000003
81.99000000000001 14.196100000000003
77.39599999999999 14.2777
82.44000000000001 14.2066
76.65900000000003 14.111700000000003
78.18900000000001 14.063999999999998
75.37700000000001 14.108000000000006
70.81400000000002 14.010800000000001
84.74000000000001 14.246999999999998
78.686 14.1894
82.43700000000003 14.256500000000003
81.57300000000001 14.147200000000005
72.77 13.9849
66.68099999999998 13.911999999999999
75.17600000000002 14.0671
70.95100000000002 13.997699999999998
67.49299999999998 13.931100000000004
68.24999999999999 13.999599999999997
66.98300000000002 13.915799999999997
71.43599999999999 14.089800000000002
66.14999999999998 13.919899999999997
66.33 13.806500000000002
64.893 13.8073
59.39399999999998 13.8635
64.48699999999998 13.833
53.528999999999996 13.6482
46.9276 13.402399999999998
48.56200000000001 13.519399999999997
48.702999999999996 13.469099999999997
47.984 13.341799999999997
46.1261 13.462999999999994
43.5852 13.333200000000001
45.01749999999999 13.339
46.624599999999994 13.4035
45.97400000000001 13.308200000000001
