18.360000000000003 11.58
21.44 11.600000000000001
16.85 11.57
18.38 11.57
18.990000000000002 11.58
20.53 11.57
18.68 11.600000000000001
18.41 11.559999999999999
16.77 11.55
21.0 11.58
19.509999999999998 11.600000000000001
19.38 11.57
16.75 11.57
18.63 11.559999999999999
19.7 11.57
21.78 11.58
17.04 11.600000000000001
18.43 11.559999999999999
17.26 11.57
21.240000000000002 11.58
19.919999999999998 11.57
18.529999999999998 11.600000000000001
16.82 11.57
19.259999999999998 11.55
19.34 11.58
21.51 11.600000000000001
16.82 11.57
18.529999999999998 11.57
17.919999999999998 11.559999999999999
20.73 11.559999999999999
20.169999999999998 11.61
18.58 11.58
16.869999999999997 11.559999999999999
20.14 11.57
18.41 11.58
21.63 11.600000000000001
16.82 11.57
18.48 11.559999999999999
18.95 11.559999999999999
20.09 11.559999999999999
19.63 11.61
18.529999999999998 11.559999999999999
16.97 11.57
21.04 11.57
19.12 11.559999999999999
20.169999999999998 11.61
17.21 11.58
18.82 11.55
20.09 11.57
22.02 11.57
17.65 11.61
18.85 11.57
17.65 11.559999999999999
21.68 11.57
20.48 11.58
18.8 11.58
17.09 11.55
19.68 11.559999999999999
19.53 11.600000000000001
22.12 11.58
17.11 11.58
18.82 11.57
18.310000000000002 11.559999999999999
20.75 11.58
20.39 11.62
18.68 11.57
17.09 11.57
20.36 11.58
18.58 11.57
22.05 11.600000000000001
17.04 11.58
18.7 11.559999999999999
18.85 11.57
20.04 11.58
20.39 11.61
18.73 11.58
16.97 11.559999999999999
20.61 11.559999999999999
18.529999999999998 11.57
21.68 11.63
16.939999999999998 11.57
18.41 11.559999999999999
18.82 11.57
19.68 11.57
19.12 11.62
18.26 11.559999999999999
16.55 11.55
20.8 11.57
18.529999999999998 11.57
19.950000000000003 11.600000000000001
16.63 11.559999999999999
18.16 11.55
19.68 11.57
20.580000000000002 11.57
17.53 11.58
18.310000000000002 11.559999999999999
16.7 11.559999999999999
21.529999999999998 11.57
19.85 11.58
20.51 11.65
16.650000000000002 11.58
18.82 11.57
19.24 11.58
20.43 11.57
17.75 11.62
18.310000000000002 11.559999999999999
18.29 11.559999999999999
20.24 11.58
19.97 11.58
18.63 11.600000000000001
17.16 11.57
20.68 11.57
17.5 11.57
21.8 11.61
16.7 11.600000000000001
18.459999999999997 11.57
19.63 11.58
18.68 11.559999999999999
19.73 11.63
18.38 11.57
17.04 11.55
21.240000000000002 11.57
18.77 11.58
19.53 11.61
16.6 11.57
19.7 11.55
18.43 11.57
21.529999999999998 11.61
16.8 11.58
18.529999999999998 11.559999999999999
19.12 11.600000000000001
19.78 11.57
20.09 11.600000000000001
18.529999999999998 11.58
16.82 11.559999999999999
21.39 11.57
18.12 11.58
21.09 11.600000000000001
16.97 11.57
19.650000000000002 11.55
19.36 11.57
21.85 11.57
17.630000000000003 11.600000000000001
18.85 11.559999999999999
18.95 11.57
20.31 11.57
20.68 11.58
18.970000000000002 11.58
17.11 11.559999999999999
22.09 11.58
18.02 11.57
22.24 11.600000000000001
17.330000000000002 11.57
19.73 11.559999999999999
19.919999999999998 11.57
21.560000000000002 11.559999999999999
18.09 11.61
19.12 11.559999999999999
19.12 11.57
20.43 11.600000000000001
20.68 11.600000000000001
19.17 11.58
17.29 11.559999999999999
22.220000000000002 11.57
17.8 11.57
22.09 11.61
17.41 11.559999999999999
20.14 11.57
19.53 11.600000000000001
22.36 11.57
17.48 11.600000000000001
19.09 11.57
19.97 11.57
19.85 11.57
20.78 11.62
19.17 11.58
18.12 11.559999999999999
21.560000000000002 11.600000000000001
19.24 11.58
19.78 11.600000000000001
17.09 11.57
21.0 11.57
18.21 11.57
22.07 11.61
17.09 11.58
19.24 11.559999999999999
19.950000000000003 11.600000000000001
20.849999999999998 11.58
18.29 11.600000000000001
18.7 11.57
19.38 11.57
19.68 11.57
20.39 11.600000000000001
18.82 11.57
17.75 11.57
21.39 11.600000000000001
19.6 11.58
19.46 11.58
17.14 11.57
21.240000000000002 11.58
18.04 11.58
23.799999999999997 11.600000000000001
19.31 11.600000000000001
19.68 11.57
19.580000000000002 11.57
21.63 11.57
17.77 11.58
18.87 11.55
19.12 11.57
20.51 11.57
20.75 11.600000000000001
19.38 11.57
17.990000000000002 11.540000000000001
21.48 11.559999999999999
20.0 11.58
19.41 11.57
17.24 11.559999999999999
21.310000000000002 11.58
18.26 11.57
22.75 11.600000000000001
17.48 11.58
19.68 11.559999999999999
20.46 11.58
21.8 11.57
18.43 11.62
19.189999999999998 11.559999999999999
19.38 11.559999999999999
20.78 11.600000000000001
21.85 11.61
19.68 11.57
17.65 11.57
22.61 11.57
19.12 11.57
20.65 11.62
17.46 11.57
20.61 11.559999999999999
19.46 11.58
22.46 11.62
17.16 11.58
18.87 11.559999999999999
20.0 11.58
19.950000000000003 11.58
19.82 11.61
19.36 11.559999999999999
17.82 11.559999999999999
21.240000000000002 11.559999999999999
20.75 11.600000000000001
19.139999999999997 11.62
17.26 11.57
21.09 11.57
18.12 11.57
22.05 11.600000000000001
16.669999999999998 11.58
18.38 11.55
19.68 11.559999999999999
19.509999999999998 11.58
18.29 11.61
18.12 11.559999999999999
17.11 11.57
20.560000000000002 11.57
19.6 11.57
18.12 11.58
16.38 11.540000000000001
19.950000000000003 11.559999999999999
17.75 11.57
21.26 11.58
16.36 11.559999999999999
18.02 11.55
19.21 11.58
19.12 11.559999999999999
19.189999999999998 11.600000000000001
18.12 11.559999999999999
16.580000000000002 11.55
21.17 11.55
18.529999999999998 11.57
19.17 11.58
16.43 11.540000000000001
19.02 11.540000000000001
18.65 11.58
21.19 11.57
16.46 11.559999999999999
18.12 11.559999999999999
17.919999999999998 11.540000000000001
19.8 11.55
19.6 11.57
18.12 11.559999999999999
16.41 11.559999999999999
20.169999999999998 11.55
