37.666 13.451000000000002
37.452000000000005 13.428999999999998
37.74999999999999 13.444
37.337999999999994 13.455
37.181999999999995 13.455
37.225 13.446
36.901 13.431999999999999
36.559999999999995 13.425
36.571 13.427
37.384 13.427999999999999
37.376 13.4
37.305 13.415000000000003
37.602000000000004 13.408000000000001
37.93299999999999 13.412000000000003
37.749 13.422
38.592 13.425
38.775 13.422
38.624 13.395000000000001
38.104 13.4
38.05700000000001 13.408999999999999
37.566 13.415000000000003
37.501 13.420000000000002
37.31 13.416999999999998
37.396 13.422
37.195 13.411999999999999
37.603 13.411999999999999
37.67699999999999 13.395999999999999
37.66499999999999 13.415
37.053 13.412000000000003
36.934 13.414000000000001
36.834 13.395999999999999
37.58899999999999 13.386999999999999
37.63999999999999 13.389000000000001
38.237 13.392000000000001
37.751 13.408999999999999
37.46999999999999 13.422999999999998
37.266999999999996 13.415999999999997
37.318 13.413999999999998
37.616 13.418
37.894999999999996 13.429999999999998
37.324 13.421999999999997
37.236 13.418
36.957 13.418999999999997
36.824 13.418
36.673 13.425999999999998
36.071999999999996 13.426999999999998
36.006 13.428999999999998
35.595 13.413
35.54600000000001 13.386000000000001
35.798 13.397
35.74900000000001 13.41
35.75299999999999 13.421
35.758 13.411000000000001
35.259 13.389000000000001
35.119 13.384000000000002
34.928 13.390000000000002
35.524 13.41
34.915 13.411000000000001
34.616 13.417000000000002
34.91 13.425
35.302 13.407
35.43300000000001 13.408999999999999
35.291 13.411000000000001
34.791999999999994 13.421
34.49899999999999 13.415
34.662000000000006 13.416
35.285999999999994 13.416
35.505 13.415999999999997
35.272000000000006 13.409
35.025 13.398
35.260000000000005 13.411000000000001
35.144000000000005 13.392999999999999
35.068000000000005 13.395000000000001
35.21900000000001 13.384000000000002
34.56699999999999 13.378
34.656 13.391999999999998
34.828 13.389000000000001
34.227999999999994 13.386000000000001
34.25 13.395999999999999
34.262 13.376000000000001
34.319 13.382
34.169999999999995 13.385
34.479 13.384000000000002
34.097 13.386000000000001
34.097 13.399999999999999
34.426 13.399999999999999
34.705 13.398999999999997
34.686 13.413
34.741 13.384000000000002
34.469 13.388000000000003
34.623999999999995 13.388
34.486999999999995 13.378
34.10699999999999 13.382
34.421 13.392000000000001
34.385999999999996 13.389999999999999
34.458 13.382000000000001
35.26499999999999 13.381000000000002
34.943 13.375
34.62499999999999 13.38
34.348 13.383000000000001
34.400999999999996 13.379
34.58500000000001 13.384000000000002
35.018 13.373000000000001
35.846999999999994 13.381000000000002
35.672999999999995 13.386000000000001
35.528999999999996 13.389000000000001
35.239 13.391000000000004
35.406 13.392999999999999
35.283 13.376000000000001
34.319 13.391999999999998
34.777 13.391999999999998
35.155 13.393000000000002
35.67999999999999 13.385000000000002
35.131 13.399999999999999
35.205999999999996 13.386999999999999
35.433 13.370000000000001
35.885 13.376
35.746 13.377
35.474000000000004 13.383000000000001
35.046 13.388
35.270999999999994 13.392000000000001
35.255 13.411000000000001
35.465999999999994 13.423000000000002
36.234 13.423000000000002
36.979000000000006 13.429000000000002
37.561 13.405000000000001
37.627 13.381000000000002
36.633 13.38
36.754999999999995 13.395999999999999
36.951 13.394
36.742999999999995 13.396000000000003
37.013 13.401
36.724000000000004 13.389000000000001
37.147000000000006 13.399
37.017 13.427
36.842 13.438
36.847 13.445000000000002
36.753 13.439
36.675000000000004 13.420999999999998
37.074 13.424
37.767999999999994 13.406
38.312000000000005 13.414000000000001
38.348 13.422999999999998
38.586000000000006 13.428999999999998
38.014 13.418
37.79299999999999 13.428
38.166 13.427
38.311 13.433
37.958000000000006 13.44
37.45 13.426000000000002
37.653000000000006 13.416
37.361 13.438999999999998
37.958 13.432999999999998
38.151999999999994 13.407
38.056 13.43
37.07899999999999 13.415000000000003
37.343 13.417000000000002
37.09 13.408000000000001
37.155 13.392999999999999
37.035999999999994 13.399
36.766999999999996 13.41
36.882999999999996 13.422
36.901999999999994 13.408000000000001
37.06700000000001 13.424
37.413000000000004 13.436
37.219 13.436000000000003
36.834999999999994 13.447000000000001
37.005 13.43
38.117000000000004 13.422
37.861 13.434000000000001
38.062000000000005 13.459
38.135000000000005 13.450000000000001
38.304 13.448000000000002
38.29899999999999 13.422999999999998
39.611 13.419999999999998
39.961 13.427
39.941 13.428
40.007999999999996 13.441
38.172 13.444
37.556 13.437000000000001
37.971 13.425
38.004000000000005 13.436
37.871 13.436
38.178 13.43
38.191 13.449999999999998
38.227 13.453999999999999
38.371 13.463
38.378 13.474
37.76199999999999 13.455999999999998
38.276999999999994 13.456999999999997
37.986000000000004 13.446999999999997
37.885999999999996 13.452999999999998
38.24000000000001 13.460999999999999
38.064 13.472999999999999
37.511 13.486999999999998
37.435 13.489999999999998
37.475 13.491
37.706999999999994 13.486999999999998
37.679 13.465000000000002
37.452 13.493000000000002
37.395999999999994 13.483999999999998
37.932 13.463999999999999
37.614999999999995 13.467
37.226 13.493000000000002
37.831 13.48
37.909 13.497
37.442 13.495000000000001
37.966 13.471
38.074000000000005 13.483
37.986999999999995 13.48
38.138000000000005 13.468
37.773999999999994 13.483999999999998
37.826 13.495
38.306 13.514999999999999
38.214999999999996 13.523
38.21000000000001 13.527000000000001
38.068999999999996 13.473999999999997
37.79 13.472000000000001
37.717 13.474
37.511 13.488
37.801 13.485
37.884 13.520999999999999
37.724999999999994 13.467
38.190000000000005 13.453000000000001
38.440999999999995 13.474
37.92100000000001 13.467
38.586999999999996 13.459
38.13999999999999 13.474
38.922 13.479
38.732 13.473000000000003
38.038 13.480999999999998
38.75999999999999 13.492999999999999
38.732 13.508000000000001
38.556000000000004 13.489
38.330999999999996 13.489
38.611000000000004 13.490000000000002
38.924 13.486
38.745 13.499
38.153999999999996 13.496999999999998
38.87199999999999 13.494
39.575 13.495000000000001
39.056000000000004 13.504
39.325 13.483999999999998
38.404999999999994 13.493000000000002
38.91100000000001 13.498
38.50599999999999 13.509000000000002
38.29900000000001 13.505999999999998
38.158 13.511000000000001
38.782 13.486999999999998
38.963 13.484000000000002
38.190000000000005 13.501
38.483999999999995 13.494
39.34199999999999 13.499
38.498 13.52
38.315999999999995 13.51
38.439 13.492
38.023 13.492
37.999 13.482
38.33299999999999 13.496999999999998
38.076 13.494
38.644999999999996 13.482
38.763999999999996 13.480999999999998
38.855000000000004 13.478000000000002
38.29899999999999 13.472999999999999
38.445 13.492999999999999
38.05499999999999 13.488999999999999
38.25 13.488
38.245000000000005 13.494
38.854 13.489
38.072 13.487000000000002
38.56 13.486
37.95099999999999 13.482
38.237 13.498
38.395999999999994 13.505999999999998
38.544 13.493999999999998
38.542 13.51
38.348000000000006 13.517000000000001
38.215 13.495
37.305 13.488999999999999
37.413 13.469000000000001
37.683 13.472000000000001
37.647000000000006 13.482
37.12799999999999 13.465000000000002
37.768 13.469000000000001
37.94599999999999 13.462
37.58 13.463
37.488 13.477999999999998
37.317 13.496
