20.7 11.41
21.61 11.5
18.92 11.43
19.900000000000002 11.41
20.9 11.44
22.31 11.44
20.75 11.469999999999999
20.26 11.459999999999999
19.41 11.44
22.17 11.450000000000001
21.83 11.450000000000001
21.95 11.5
18.990000000000002 11.44
20.51 11.43
21.17 11.450000000000001
22.68 11.469999999999999
20.95 11.469999999999999
20.04 11.43
19.17 11.4
20.78 11.44
20.43 11.44
22.97 11.5
19.53 11.450000000000001
20.34 11.43
21.0 11.41
24.44 11.459999999999999
21.78 11.49
20.02 11.41
19.02 11.41
20.119999999999997 11.41
23.9 11.450000000000001
22.36 11.51
18.92 11.41
20.24 11.4
19.31 11.4
23.56 11.459999999999999
20.919999999999998 11.469999999999999
21.51 11.450000000000001
19.189999999999998 11.4
20.7 11.41
24.44 11.469999999999999
21.529999999999998 11.51
19.07 11.43
19.950000000000003 11.43
19.46 11.41
25.240000000000002 11.49
20.87 11.5
20.14 11.44
19.12 11.41
21.17 11.43
24.66 11.49
20.919999999999998 11.49
19.040000000000003 11.43
19.900000000000002 11.43
19.56 11.43
24.07 11.5
20.46 11.469999999999999
21.12 11.44
19.040000000000003 11.41
21.04 11.44
24.169999999999998 11.5
20.95 11.5
19.07 11.450000000000001
20.24 11.43
19.12 11.41
25.83 11.51
20.580000000000002 11.469999999999999
20.24 11.44
19.09 11.43
20.31 11.41
24.29 11.49
21.66 11.49
19.41 11.41
20.34 11.41
19.48 11.43
25.05 11.51
20.75 11.49
20.29 11.459999999999999
19.040000000000003 11.43
21.17 11.44
24.58 11.540000000000001
20.75 11.5
19.259999999999998 11.44
20.29 11.450000000000001
20.119999999999997 11.44
24.12 11.52
21.12 11.469999999999999
20.119999999999997 11.459999999999999
19.24 11.44
21.39 11.44
24.610000000000003 11.52
20.68 11.469999999999999
18.970000000000002 11.43
20.26 11.43
20.87 11.44
25.290000000000003 11.51
19.82 11.459999999999999
20.19 11.44
19.189999999999998 11.41
22.12 11.450000000000001
25.15 11.49
22.8 11.51
19.29 11.44
20.26 11.43
20.630000000000003 11.43
25.83 11.49
19.31 11.459999999999999
20.24 11.43
19.17 11.41
21.529999999999998 11.44
24.41 11.469999999999999
19.869999999999997 11.459999999999999
18.82 11.41
20.21 11.41
21.310000000000002 11.43
24.68 11.49
19.040000000000003 11.43
19.919999999999998 11.43
19.82 11.41
23.27 11.450000000000001
21.92 11.49
20.34 11.450000000000001
19.31 11.43
22.189999999999998 11.450000000000001
23.799999999999997 11.469999999999999
20.8 11.5
19.12 11.43
20.119999999999997 11.43
21.529999999999998 11.43
24.85 11.5
19.040000000000003 11.459999999999999
20.21 11.44
19.580000000000002 11.43
23.169999999999998 11.450000000000001
22.509999999999998 11.5
20.09 11.450000000000001
18.970000000000002 11.43
21.29 11.43
22.919999999999998 11.450000000000001
21.88 11.5
18.9 11.44
19.82 11.450000000000001
20.849999999999998 11.44
24.93 11.469999999999999
18.95 11.49
20.07 11.44
19.12 11.41
22.34 11.450000000000001
23.46 11.49
20.04 11.49
18.970000000000002 11.44
20.580000000000002 11.44
22.220000000000002 11.450000000000001
23.75 11.52
19.09 11.459999999999999
20.0 11.450000000000001
20.31 11.450000000000001
24.37 11.469999999999999
21.17 11.5
20.36 11.459999999999999
19.38 11.44
22.17 11.459999999999999
24.709999999999997 11.5
20.48 11.49
19.17 11.450000000000001
20.34 11.44
21.0 11.44
25.290000000000003 11.52
19.02 11.459999999999999
20.169999999999998 11.450000000000001
20.19 11.44
24.88 11.459999999999999
20.36 11.5
20.19 11.450000000000001
19.09 11.43
22.509999999999998 11.44
24.240000000000002 11.49
20.21 11.459999999999999
19.43 11.450000000000001
21.17 11.459999999999999
22.95 11.469999999999999
22.78 11.51
19.040000000000003 11.450000000000001
20.169999999999998 11.450000000000001
21.17 11.44
25.39 11.51
19.139999999999997 11.49
20.26 11.469999999999999
19.63 11.450000000000001
23.799999999999997 11.450000000000001
22.12 11.5
20.24 11.469999999999999
19.040000000000003 11.44
22.27 11.450000000000001
24.099999999999998 11.49
20.14 11.469999999999999
19.07 11.450000000000001
20.95 11.450000000000001
21.09 11.450000000000001
24.51 11.52
19.189999999999998 11.450000000000001
20.31 11.450000000000001
21.17 11.459999999999999
25.290000000000003 11.5
18.970000000000002 11.459999999999999
20.14 11.450000000000001
19.950000000000003 11.43
23.799999999999997 11.469999999999999
21.97 11.5
20.29 11.450000000000001
19.189999999999998 11.43
22.41 11.450000000000001
24.240000000000002 11.49
20.14 11.49
19.17 11.459999999999999
20.73 11.450000000000001
22.63 11.459999999999999
23.22 11.540000000000001
19.040000000000003 11.459999999999999
20.169999999999998 11.459999999999999
21.14 11.459999999999999
25.240000000000002 11.49
19.34 11.459999999999999
20.53 11.450000000000001
19.56 11.450000000000001
23.36 11.459999999999999
23.24 11.469999999999999
20.31 11.459999999999999
19.17 11.450000000000001
21.95 11.450000000000001
23.97 11.459999999999999
20.919999999999998 11.469999999999999
19.189999999999998 11.450000000000001
20.24 11.450000000000001
22.24 11.450000000000001
24.779999999999998 11.5
19.53 11.459999999999999
20.53 11.44
20.41 11.44
25.39 11.49
20.34 11.469999999999999
20.41 11.44
19.34 11.44
23.14 11.450000000000001
23.95 11.5
20.61 11.49
19.43 11.450000000000001
21.88 11.450000000000001
23.73 11.459999999999999
21.97 11.51
19.12 11.450000000000001
20.29 11.450000000000001
21.85 11.459999999999999
25.0 11.51
19.31 11.469999999999999
20.46 11.44
20.19 11.44
24.490000000000002 11.49
21.46 11.5
20.43 11.450000000000001
19.259999999999998 11.450000000000001
22.61 11.459999999999999
24.34 11.5
20.26 11.51
19.12 11.459999999999999
20.68 11.459999999999999
22.53 11.469999999999999
23.07 11.52
18.82 11.469999999999999
19.75 11.450000000000001
19.7 11.459999999999999
24.02 11.5
18.9 11.49
20.21 11.459999999999999
18.63 11.459999999999999
22.07 11.469999999999999
22.85 11.51
19.509999999999998 11.49
18.55 11.459999999999999
21.0 11.459999999999999
23.849999999999998 11.49
20.39 11.52
18.82 11.469999999999999
19.869999999999997 11.459999999999999
20.169999999999998 11.469999999999999
25.1 11.51
18.459999999999997 11.450000000000001
19.97 11.450000000000001
