12.579 8.026
11.817 8.026
11.779 8.038
11.487 8.038
11.902 8.02
11.761 8.038
11.402000000000001 8.001999999999999
12.524 8.02
12.177 8.014
12.256 7.996
11.938 8.02
12.518 8.032
11.462 8.008
11.206 8.014
13.0 8.056
13.329999999999998 8.026
11.981 8.02
11.835 8.05
12.073 8.069
11.359 8.05
11.499 8.02
11.334 8.039
10.822000000000001 8.008
11.693999999999999 8.032
10.968 8.026
11.121 8.008
11.151 8.032
11.664 8.014000000000001
11.517 8.02
11.834999999999999 8.062
11.481 8.075000000000001
11.273 8.002
11.646 8.026
11.206 8.038
11.187 8.026
11.296999999999999 8.044
10.791 8.008
10.528 8.02
10.883000000000001 8.044
10.663 8.008
10.608 8.02
10.84 8.02
11.620999999999999 8.02
11.438 8.068999999999999
11.139 8.032
11.072000000000001 8.02
10.73 8.026
10.346 8.008
10.266 8.008
10.071 8.02
10.132 8.001999999999999
9.472999999999999 8.002
9.149000000000001 8.008
9.522 7.983999999999999
9.876 8.008
10.345 8.02
10.516 8.008
10.279 8.014
9.968 7.996
9.211 8.008
9.759 8.075000000000001
9.924 8.05
9.821 8.002
10.193 8.001999999999999
10.174 8.032
10.114 8.014
9.888 7.983999999999999
9.943 8.008
10.852 8.063
11.401 8.075000000000001
10.376 8.05
9.937 8.014
9.473 7.99
9.594 7.996
9.784 8.008
10.113 7.99
9.589 8.002
9.581999999999999 8.026
10.694 8.075000000000001
10.028 8.032
10.547 8.026
10.138 7.99
9.991 8.002
10.534 8.062
9.625 7.996
10.724 8.014
10.345 8.081
10.742 8.075
10.095 7.99
10.217 8.075000000000001
10.974 8.1
9.735 7.996
9.589 7.99
9.143 7.99
9.588 7.99
9.558 7.99
10.822000000000001 8.032
10.583 8.008
11.731 8.044
11.651 8.136000000000001
11.139000000000001 8.014000000000001
12.244 8.032
12.158 8.087
12.518 8.087
13.818000000000003 8.118
12.267999999999999 8.154
10.419 8.002
10.571 7.996
10.705 8.038
11.45 8.032
11.267 8.032
10.541 8.044
10.594999999999999 8.014000000000001
10.363 8.008
10.596 8.008
10.321 8.014
10.815 8.014000000000001
10.864 8.014
11.169 8.026
11.17 8.001999999999999
11.693999999999999 8.002
10.956 8.032
11.743 8.008
11.298 8.026
11.67 8.044
12.567 8.069
13.147 8.094
11.805 8.038
11.53 8.032
11.573 8.008
11.267 8.038
10.913 8.008
10.266 7.983999999999999
11.139 8.038
10.779 8.032
11.035 8.002
11.157 8.02
11.102 8.038
11.865 8.044
11.731 8.05
11.437999999999999 8.075000000000001
10.955 8.032
11.206 8.008
11.315999999999999 8.032
11.573 8.014000000000001
11.945 8.008
11.883000000000001 8.02
12.164 8.026
11.261000000000001 7.996
12.012 8.02
11.981 8.032
11.847 8.008
12.036 8.032
12.494 8.081
12.427 8.063
13.183 8.106
12.72 8.068999999999999
12.768 8.026
12.902000000000003 8.02
14.111 8.069
13.366 8.038
14.136 8.056000000000001
14.427999999999999 8.082
14.148 8.057
14.527000000000001 8.05
15.062999999999999 8.129999999999999
14.563 8.063
15.393 8.106
16.492 8.16
15.735 8.087
15.600999999999999 8.087
18.616 8.185
18.358999999999998 8.154
16.565 8.063
16.333000000000002 8.056
17.066 8.088000000000001
17.224 8.093
17.432 8.087
18.09 8.215
17.456 8.154
17.346 8.118
17.554 8.118
17.651 8.087
18.433 8.094
17.627 8.081
17.151 8.106
17.724999999999998 8.099
19.031000000000002 8.172
18.92 8.154
18.237000000000002 8.118
17.786 8.1
17.895 8.142
17.798 8.136
17.297 8.106
17.212 8.094
18.346999999999998 8.136000000000001
18.249 8.093
17.456 8.094
18.359 8.136000000000001
17.993 8.099
18.127 8.087
18.554000000000002 8.13
18.102999999999998 8.191
17.285 8.094
17.48 8.094
18.371 8.172
17.151 8.069
17.675 8.094
17.749 8.124
17.895 8.124
17.785999999999998 8.088000000000001
17.591 8.148
17.871 8.1
17.725 8.088000000000001
17.383 8.142
17.225 8.118
16.577 8.081
16.626 8.088000000000001
16.467 8.166
17.566 8.1
18.482 8.106
17.456 8.118
16.773 8.075000000000001
17.163 8.142000000000001
16.968 8.118
17.517 8.087
16.577 8.069
17.334 8.112
18.262 8.118
18.262 8.112
17.724 8.142
17.822 8.177999999999999
18.274 8.136
20.023 8.154
19.092 8.209
19.091 8.148
19.36 8.191
18.298000000000002 8.155
17.053 8.118
17.285 8.105
17.066 8.129999999999999
17.603 8.142
17.663999999999998 8.106
16.333000000000002 8.093
15.844999999999999 8.106
16.198999999999998 8.093
16.321 8.106
16.711 8.136000000000001
16.089000000000002 8.081
16.175 8.093
17.407 8.154
15.942 8.093
16.187 8.075
16.565 8.112
16.247 8.106
16.48 8.118
16.516000000000002 8.124
16.650000000000002 8.19
16.320999999999998 8.136000000000001
15.918 8.1
15.845 8.112
15.515 8.087
15.308 8.094
14.905000000000001 8.142
14.245 8.087
14.393 8.081
14.051 8.105
14.318999999999999 8.118
13.978000000000002 8.094
14.392 8.112
13.977 8.1
13.416 8.081
13.305 8.099
13.355 8.129999999999999
13.379 8.057
13.097999999999999 8.045
13.123000000000001 8.118
13.013 8.063
12.732 8.063
13.11 8.099
13.428 8.142
13.745 8.129999999999999
12.512 8.118
12.451 8.106
12.280000000000001 8.05
12.037 8.075
11.31 8.075000000000001
11.59 8.057
