10.444879999999984 31.437190000000026
10.476829999999996 31.491990000000037
10.46709999999999 31.484500000000025
10.55744999999999 31.448839999999993
10.45825999999999 31.466510000000035
10.69227 31.45729000000002
10.708759999999993 31.460960000000004
10.564969999999988 31.462859999999992
10.617559999999997 31.50247000000001
10.663950000000003 31.517429999999997
10.696709999999998 31.484800000000007
10.564489999999992 31.464130000000022
10.528559999999993 31.452230000000007
10.525079999999992 31.480840000000022
10.51522 31.486700000000006
10.487199999999987 31.47728000000003
10.453789999999996 31.49431999999999
10.488299999999985 31.494210000000027
10.486319999999987 31.499710000000007
10.476149999999981 31.522320000000033
10.57254999999999 31.49961000000001
10.636989999999985 31.526050000000023
10.548090000000002 31.493090000000024
10.481989999999989 31.510899999999996
10.462829999999984 31.536800000000014
10.442079999999986 31.520900000000058
10.471599999999981 31.547290000000057
10.43525999999999 31.53933
10.430579999999992 31.52379000000002
10.446279999999987 31.539360000000006
10.45443999999999 31.53970000000002
10.437489999999991 31.536929999999998
10.443369999999979 31.540570000000013
10.523679999999977 31.544760000000018
10.413529999999986 31.51168000000001
10.290589999999986 31.52853000000002
10.340949999999987 31.524070000000037
10.36020999999999 31.512460000000015
10.420729999999994 31.51326000000003
10.521919999999994 31.536470000000037
10.545669999999994 31.481640000000016
10.50145999999999 31.509949999999996
10.453189999999992 31.562180000000023
10.457409999999982 31.49919
10.52806999999999 31.54950000000004
10.467009999999984 31.555399999999995
10.387769999999987 31.520160000000008
10.298779999999985 31.520400000000002
10.357199999999981 31.512140000000045
10.366969999999979 31.513139999999996
10.302729999999979 31.511310000000037
10.464579999999984 31.55550000000001
10.420229999999982 31.507710000000017
10.453219999999996 31.523630000000008
10.442869999999985 31.546490000000027
10.419359999999987 31.518020000000025
10.412529999999993 31.552540000000008
10.412919999999987 31.54453000000003
10.376709999999983 31.532930000000015
10.334099999999978 31.552090000000028
10.356529999999987 31.56244000000004
10.328639999999991 31.56464
10.377539999999989 31.52670000000002
10.70859 31.588920000000037
10.383859999999999 31.712220000000034
10.348469999999994 31.641530000000046
10.387489999999987 31.56990000000002
10.40759999999999 31.571630000000017
10.48674999999999 31.56862000000001
10.464829999999983 31.56947000000002
10.385109999999994 31.579420000000024
10.360799999999985 31.552840000000003
10.41998999999999 31.54270000000001
10.372149999999973 31.525020000000044
10.306569999999986 31.563869999999973
10.230079999999985 31.53240000000003
10.25490999999999 31.600349999999988
10.336709999999988 31.59909000000003
10.33523999999999 31.585790000000006
10.32139999999998 31.573680000000014
10.348259999999984 31.600140000000042
10.33184999999999 31.56480000000001
10.419229999999988 31.585510000000035
10.538579999999989 31.786090000000012
10.448539999999976 31.76289000000002
10.423929999999991 31.60138999999999
10.396689999999989 31.569820000000004
10.356329999999986 31.59312000000003
10.356819999999987 31.601830000000014
10.417549999999986 31.581310000000016
10.524759999999986 31.607690000000034
10.520349999999993 31.5923
10.567379999999988 31.612280000000016
10.750759999999996 31.592489999999984
10.696669999999992 31.575919999999996
10.632839999999987 31.570660000000018
10.649609999999992 31.555570000000028
10.589999999999979 31.56435000000002
10.62725999999998 31.55625
10.600429999999983 31.585840000000008
10.58426999999999 31.58373000000003
10.577649999999998 31.605580000000057
10.59423999999999 31.58662000000004
10.578469999999998 31.590860000000028
10.615819999999992 31.543279999999996
10.583369999999992 31.572039999999994
10.67419 31.55103
10.641079999999995 31.571630000000034
10.674149999999996 31.553529999999984
10.663989999999991 31.564260000000015
10.607419999999983 31.613020000000013
10.6017 31.555310000000002
10.528389999999996 31.563119999999994
10.525219999999988 31.570900000000012
10.58719999999998 31.552650000000014
10.61177999999999 31.59033
10.60798999999999 31.592190000000038
10.595849999999993 31.57572999999998
10.513539999999997 31.563790000000015
10.503599999999986 31.573000000000018
10.536189999999989 31.544279999999997
10.545629999999997 31.56068999999999
10.569719999999986 31.552720000000043
10.545199999999983 31.541449999999994
10.518379999999974 31.56590000000003
10.47102999999999 31.618950000000012
10.522739999999994 31.646490000000032
10.951660000000029 31.557900000000018
11.076870000000028 31.4813
11.069110000000022 31.38607
11.049970000000025 31.415980000000005
10.82915000000002 31.46035000000001
10.647329999999993 31.524870000000004
10.604569999999994 31.520040000000005
10.590139999999991 31.49217
10.581869999999991 31.531419999999994
10.650399999999998 31.536070000000016
10.665819999999991 31.54546000000002
11.09244999999999 32.00906600000001
10.662099999999992 31.733850000000018
10.739500000000016 31.664039999999993
10.697529999999997 31.694699999999976
10.77149 31.696979999999993
11.001379999999992 31.86734
10.59313999999999 31.660489999999992
10.582329999999992 31.66857999999998
10.55907 31.674270000000003
10.604119999999993 31.636230000000005
10.54667999999999 31.71691
10.57312999999998 31.723639999999993
10.630709999999981 31.676149999999982
10.646809999999993 31.647829999999992
10.773369999999986 31.715359999999997
10.89033999999998 31.802739999999996
10.766889999999995 31.79969000000002
10.739450000000005 31.810916000000006
10.673689999999992 31.740600000000015
10.657909999999992 31.718059999999987
10.719899999999999 31.672360000000033
10.662049999999992 31.687530000000013
10.779839999999991 31.706389999999967
10.783949999999994 31.695429999999984
10.823969999999997 31.712890000000023
10.818710000000003 31.711570000000005
10.819690000000007 31.744599999999995
10.80318 31.722670000000015
10.789279999999984 31.74574999999999
10.970760000000022 31.68138000000002
11.090700000000027 31.647840000000016
10.859810000000001 31.591229999999992
10.790649999999987 31.631489999999978
10.70299999999999 31.679610000000025
10.729949999999993 31.655380000000022
10.728979999999993 31.606840000000002
10.682249999999998 31.695120000000028
10.702569999999994 31.723400000000023
10.760290000000001 31.730399999999964
10.915410000000008 31.704000000000033
10.915700000000024 31.712139999999984
10.689810000000003 31.700630000000054
10.654370000000004 31.68193000000001
10.622149999999992 31.690090000000016
10.622099999999989 31.64718
10.65173999999999 31.661279999999998
10.629889999999987 31.622840000000004
10.693639999999993 31.688330000000022
10.598439999999991 31.64478000000001
10.590329999999994 31.712050000000012
10.623079999999991 31.711210000000005
10.618099999999998 31.685499999999994
10.532429999999996 31.693150000000024
10.557859999999994 31.670840000000034
10.581469999999992 31.680710000000012
10.650630000000005 31.672039999999985
10.658849999999994 31.646909999999988
10.658029999999997 31.687510000000003
10.72691 31.718980000000013
10.747370000000005 31.658759999999965
10.733460000000006 31.67562000000001
10.686400000000003 31.657630000000008
10.719559999999998 31.72526
10.744999999999992 31.739679999999975
10.698069999999998 31.665409999999994
10.72781 31.652030000000035
10.63690999999999 31.782990000000023
10.600589999999984 31.68588999999999
10.692689999999992 31.69777000000001
13.67525099999999 32.676557600000024
11.25903 32.19969200000001
11.715430999999999 32.971261
12.306579999999999 32.40571000000001
11.181949999999997 32.18469
11.023919999999995 32.10392
11.283319999999998 32.12195300000001
10.875989999999998 32.118179999999995
10.899659999999981 32.10348
11.100169999999991 32.01783699999997
10.760859999999992 31.84314000000002
10.761069999999993 31.882590000000004
11.152820000000006 31.81308
10.828880000000002 31.830129999999997
10.853660000000003 31.832490000000014
10.952840000000002 31.946779999999997
10.981960000000008 31.953955000000022
10.873470000000014 31.845760000000016
10.848980000000005 31.925700000000006
10.767300000000015 31.817599999999985
10.865132999999998 32.156335
10.733950000000014 31.946610000000007
10.73223 31.794729999999998
10.719710000000008 31.80776000000002
10.734829999999999 31.81856000000002
10.769940000000004 31.795600000000025
10.7758 31.796200000000013
10.801279999999998 31.783000000000012
10.814880000000002 31.792270000000034
10.858370000000015 31.82052000000002
10.858910000000018 31.792770000000004
10.795690000000016 31.770239999999987
10.745090000000005 31.795920000000027
10.75092000000001 31.79356
10.825300000000016 31.753120000000003
10.78566 31.670790000000004
10.812759999999994 31.79148
10.872030000000004 31.91585999999999
10.767769999999995 31.951130000000028
10.76197999999999 31.93702000000002
10.736829999999996 31.892550000000032
10.797870000000007 31.87604000000001
10.712399999999993 31.890849999999983
10.652619999999992 31.77138999999999
10.634999999999998 31.777690000000014
10.628930000000002 31.810149999999997
10.680729999999992 31.917250000000024
10.690170000000009 31.88748000000001
10.685349999999994 31.852110000000007
10.708190000000005 31.835860000000014
10.782410000000004 31.830399999999997
10.869191999999991 31.98356799999998
10.868740000000008 31.913340000000034
10.865350000000014 31.87908000000001
10.84618 31.826550000000026
10.785479999999993 31.852770000000024
10.688449999999989 31.831379999999992
10.69479 31.775230000000033
10.732689999999991 31.773940000000017
10.699379999999989 31.78288999999999
10.698099999999993 31.80941000000002
10.728440000000004 31.844039999999985
10.791579999999998 31.86535000000002
10.7985 31.841089999999994
10.800779999999992 31.83158
10.82551 31.845450000000007
10.863840000000001 31.832180000000026
10.845730000000001 31.880119999999994
11.202639999999993 32.01932
10.788059999999994 31.994060000000008
10.703489999999995 31.790469999999978
10.696869999999995 31.809500000000025
10.67405 31.830440000000003
10.68765 31.832089999999997
10.819179999999998 31.986208000000023
10.769329999999998 31.89445000000003
10.748100000000003 31.72304000000001
10.85626 31.732495999999998
10.838180000000005 31.746479999999977
11.174642000000002 31.965530000000008
10.768519999999999 31.983749999999993
