10.589160000000001 28.877450000000017
10.692180000000008 28.905109999999983
10.616260000000013 28.87341999999998
10.718129999999997 28.898099999999978
10.857920000000004 28.887
10.768420000000004 28.91478
10.680340000000006 28.89363
10.659290000000004 28.920040000000014
10.592309999999996 28.889650000000007
10.598999999999979 28.87581000000001
10.538559999999993 28.874659999999984
10.532009999999984 28.869759999999996
10.558849999999993 28.90795
10.659580000000004 28.86588999999999
10.721970000000006 28.866500000000002
10.697029999999993 28.86641999999997
10.482169999999991 28.78728999999997
10.640019999999998 28.876659999999994
10.631129999999995 28.86507999999998
10.685690000000003 28.85828000000002
10.596320000000011 28.850450000000016
10.550719999999995 28.829709999999984
10.499599999999992 28.804989999999997
10.41793999999999 28.780410000000007
10.446079999999993 28.85518000000003
10.435229999999986 28.86991000000001
35.193536699999974 42.25439829999997
13.224519999999988 34.41717999999999
12.149990000000003 29.989002000000003
12.941909999999998 29.588067000000013
11.944499999999994 29.305263999999987
13.043200000000002 29.935644000000007
11.293070000000009 29.120709000000016
11.109589999999995 28.404812999999997
12.07251000000001 28.790931999999998
11.022160000000005 28.642150000000022
10.74769 28.254089999999998
10.896799999999983 28.384059999999998
11.40434599999999 28.285125
10.999439999999995 28.473363000000013
10.782789999999997 28.024370000000015
10.493729999999998 27.974720000000037
10.468690000000008 27.966110000000004
11.095779999999996 28.24028999999999
10.568110000000013 27.886430000000022
10.641688299999988 27.949170000000013
12.415248000000007 28.243130000000022
10.548100000000003 27.994000000000007
10.965536999999994 28.033710000000017
11.277009999999997 28.201033000000024
10.619990000000003 28.03436000000003
10.618340000000007 27.997820000000022
10.500989999999993 27.820410000000017
10.886529999999988 27.984830000000045
10.490299999999987 27.983620000000027
10.460839999999996 27.929759999999998
10.45403 27.84386000000001
10.607470000000001 27.994500000000023
10.552079999999993 28.08313999999999
10.40412999999999 28.00058000000002
10.420509999999991 27.96252999999999
10.437259999999991 27.944579999999995
10.503430000000002 27.903010000000002
10.565819999999986 28.076149999999988
10.534329999999995 28.001369999999998
10.399439999999995 28.015689999999992
10.357919999999993 27.889689999999984
10.353219999999997 27.910790000000002
10.39225 27.904199999999985
10.329839999999987 27.895950000000003
10.346549999999988 27.858289999999975
10.566009999999988 28.03413000000001
10.457869999999996 27.87615
10.951029999999992 28.168781999999997
10.53258 27.936979999999984
10.5128 27.90439
10.505409999999998 27.811849999999982
10.492389999999993 27.83100000000002
10.414719999999988 27.811519999999984
10.38725999999999 27.834990000000015
10.40047999999999 27.784039999999994
10.5892 27.89143000000001
10.55283999999999 27.985951999999987
10.530489999999995 28.02483
10.370289999999988 27.86933999999998
10.832779999999996 28.08926000000001
10.63534 28.005660000000006
10.96380000000001 28.23651999999999
11.055899999999998 28.229378999999987
10.510649999999998 27.993009999999995
10.523029999999988 27.93847999999998
10.552230000000002 27.900890000000008
10.729279999999981 27.989899000000012
10.536609999999998 27.858349999999998
10.82039 28.022407000000012
10.596909999999994 27.99973299999998
10.511419999999985 27.89122000000001
10.42222 27.974520000000027
10.527719999999986 27.931300000000004
10.730719999999994 28.00273999999999
10.720859999999993 27.854640000000003
10.575059999999995 27.87259000000001
10.45855999999999 27.825599999999977
10.692309999999987 27.908490000000004
10.527590000000005 27.80983999999999
10.428869999999986 27.870939999999983
10.368369999999999 27.81279999999998
10.33783999999999 27.832649999999994
10.37077 27.802350000000025
10.837389999999992 28.116259
10.445589999999996 28.125729999999976
10.532689999999993 28.02963000000001
11.007029999999991 28.21812999999998
10.573629999999994 28.28469
13.059839999999994 28.63700699999997
10.54995999999999 28.33560999999997
11.484719999999994 28.53123799999999
11.305739999999998 28.392769999999985
11.372945000000001 28.619082999999986
11.082119999999996 28.379719999999985
10.55689999999999 28.118979999999986
10.98106999999998 28.400789999999994
10.796849999999989 28.223312000000007
10.585890000000001 28.258600000000012
10.55573999999999 28.047680000000003
10.731559999999988 28.238390000000003
10.42917 28.131989999999995
10.291659999999988 28.070969999999996
10.856939999999996 28.25294599999998
40.415005999999934 45.45008429999996
13.794599999999996 34.33123700000002
11.06579 27.845415000000003
11.323059999999998 27.893776999999986
10.930959999999986 27.575922999999985
11.537439999999991 27.701139999999967
11.549129999999993 27.651288299999973
11.168377999999983 27.232289999999974
10.896200999999989 27.45651699999998
11.511839999999992 27.620171999999986
11.471223999999996 27.522919999999978
10.960949999999988 27.558344999999978
11.384610999999989 27.813761
11.45422 27.725226999999975
10.983219999999985 27.581349999999986
10.432429999999979 27.213869999999986
10.469099999999978 27.234749999999984
12.063507999999985 27.667635999999995
10.581249999999974 27.459239999999973
10.73502999999998 27.33553199999998
10.500899999999982 27.166459999999997
10.448669999999991 27.075389999999967
10.439379999999984 27.11956
11.085364999999987 27.368388999999972
10.542379999999987 27.35966000000001
10.647339999999982 27.234807999999948
10.544839999999986 27.229110000000013
10.522459999999983 27.10194999999998
10.717010000000014 27.22882000000001
10.72350000000001 27.231609999999968
10.610069999999979 27.210549999999984
10.609869999999992 27.031539999999985
10.618119999999994 27.124269999999974
10.702419999999996 27.061509999999974
10.888940000000002 27.215659999999968
10.562089999999992 27.14818999999997
11.482788000000003 27.5167
10.798399999999988 27.408459999999973
10.503739999999983 27.127489999999987
10.473579999999986 27.08293999999998
10.577539999999983 27.103389999999987
10.530369999999984 27.05687999999996
10.547419999999981 27.13481999999997
10.848079999999989 27.094419999999992
10.989129999999985 27.25756999999997
10.57370999999999 27.18574999999997
10.511799999999983 27.104759999999978
10.524679999999988 27.040859999999956
10.571310000000002 27.14395999999999
10.543559999999989 27.034119999999984
10.518639999999989 27.045159999999974
10.986109999999995 27.079179999999976
10.571049999999985 27.09019999999997
10.604929999999996 27.06117999999997
10.56709 27.08908999999998
10.518229999999994 27.00556999999999
10.570319999999995 27.049829999999975
10.56644 27.082509999999978
10.551570000000005 27.049059999999976
10.536589999999984 27.023800000000005
10.598460000000005 27.102619999999977
10.607769999999997 26.962189999999985
10.623660000000006 26.989039999999964
10.548649999999995 26.96638999999999
10.659809999999995 27.206949999999974
10.53735999999999 27.114109999999997
10.587469999999996 27.104699999999976
10.552359999999993 27.019569999999977
10.52344999999999 27.05931999999997
10.861119999999989 27.188975999999975
10.56236 27.179579999999977
10.532429999999982 27.056709999999985
10.62912000000001 27.166619999999973
10.656219999999998 27.030949999999994
10.58054000000001 27.06247999999998
10.483769999999993 27.018799999999988
10.468529999999998 27.04291999999997
10.521979999999992 27.011269999999982
10.576989999999995 27.07953999999999
10.606129999999997 27.018209999999986
10.55714999999999 27.077679999999972
10.486019999999995 27.179009999999966
10.920099999999994 27.233209999999985
10.536799999999994 27.062079999999995
10.64723 27.22930999999998
10.672490000000002 27.04295999999996
10.623699999999992 27.09545999999998
10.582839999999992 27.00874999999999
10.550409999999989 27.035499999999992
10.617599999999992 26.98747999999999
10.68704999999999 27.113289999999985
10.646089999999997 27.03319999999998
10.559179999999992 27.025959999999966
10.542149999999994 26.992990000000006
10.584000000000003 27.037949999999967
10.537209999999986 26.996590000000005
10.610199999999994 27.115689999999997
10.574559999999998 26.97681
10.55106999999999 27.028830000000003
10.52218999999998 26.974539999999987
10.51182999999998 27.05749999999999
10.557249999999982 27.02907999999999
10.625419999999997 27.10323
10.604749999999994 27.063299999999984
10.640909999999995 27.01337999999999
10.64389999999999 27.01904999999998
10.615469999999986 27.049579999999988
10.574199999999996 26.970380000000006
10.60262 27.124199999999988
10.63401 26.92513999999997
10.669489999999993 26.951380000000004
10.64529999999999 26.91914999999998
10.53837999999999 26.97896
10.65873999999999 26.929039999999972
10.71273 27.023179999999968
10.74854 26.92608999999998
10.697719999999999 26.967409999999987
10.583849999999995 26.991419999999977
10.518949999999991 26.97958
10.485639999999982 26.95472
10.57866 27.023449999999983
10.600039999999991 26.988389999999985
10.583150000000003 26.989970000000003
10.487059999999984 26.912799999999997
10.459759999999989 26.951609999999963
10.52162999999999 26.895709999999994
10.58823999999999 26.985479999999974
10.618109999999986 26.89926999999998
10.576519999999997 26.949219999999997
10.598979999999997 26.904880000000002
10.587009999999989 27.05828999999999
10.56206999999999 26.909700000000008
10.612629999999992 27.001699999999996
10.5633 26.804559999999988
10.501439999999992 26.849279999999986
10.451249999999982 26.869739999999986
10.476829999999987 26.997130000000013
10.501109999999986 26.870630000000006
10.575440000000002 27.044819999999998
10.549619999999994 26.89013
10.512049999999991 26.932680000000005
10.49193 26.88704999999998
10.546509999999994 26.921399999999995
10.561120000000006 26.866830000000004
10.585830000000001 26.978320000000007
10.570270000000006 26.843500000000002
10.516119999999999 26.882889999999986
10.539069999999997 26.88529999999999
10.583400000000005 26.850200000000008
10.561799999999993 26.833189999999984
10.590890000000003 26.87486999999999
10.529859999999994 26.805400000000002
10.529850000000003 26.870889999999996
10.523709999999994 26.80492000000001
10.657115999999995 27.007269999999984
10.675520999999994 26.872580000000013
10.731670000000003 27.053309999999993
10.681709999999994 26.823019999999996
10.672069999999996 26.876240000000003
