19.78 11.51
18.95 11.5
17.53 11.5
19.07 11.51
22.97 11.5
19.869999999999997 11.51
17.31 11.49
18.12 11.5
17.41 11.49
23.849999999999998 11.52
17.43 11.51
18.970000000000002 11.5
17.549999999999997 11.5
19.38 11.5
23.39 11.51
18.92 11.52
17.43 11.5
18.77 11.49
17.75 11.49
24.63 11.52
17.849999999999998 11.55
18.75 11.51
17.5 11.5
18.82 11.51
22.75 11.51
20.07 11.52
17.48 11.51
18.8 11.5
17.46 11.5
23.07 11.52
19.56 11.540000000000001
18.75 11.51
17.43 11.5
18.63 11.51
20.24 11.5
22.509999999999998 11.540000000000001
17.380000000000003 11.51
18.77 11.5
17.41 11.49
20.87 11.51
21.85 11.559999999999999
18.82 11.540000000000001
17.46 11.5
18.73 11.51
19.24 11.5
23.36 11.51
17.43 11.51
18.77 11.5
17.330000000000002 11.469999999999999
20.31 11.5
22.24 11.540000000000001
18.75 11.55
17.380000000000003 11.49
18.7 11.51
18.19 11.51
24.44 11.52
17.36 11.52
18.68 11.51
17.36 11.5
19.07 11.51
23.32 11.540000000000001
18.9 11.540000000000001
17.46 11.52
18.7 11.5
17.43 11.49
22.97 11.52
19.41 11.55
18.68 11.52
17.36 11.51
18.65 11.5
20.19 11.5
22.36 11.52
17.41 11.5
18.75 11.5
17.41 11.5
20.46 11.52
22.07 11.540000000000001
18.7 11.51
17.43 11.51
18.68 11.51
18.58 11.5
24.07 11.52
17.380000000000003 11.51
18.75 11.5
17.48 11.5
19.09 11.52
22.85 11.52
19.41 11.52
17.46 11.5
18.7 11.5
17.43 11.5
23.49 11.51
19.259999999999998 11.52
18.77 11.51
17.43 11.5
18.77 11.5
20.919999999999998 11.51
24.02 11.540000000000001
17.53 11.51
18.82 11.51
17.65 11.49
21.51 11.52
21.48 11.51
18.92 11.51
17.53 11.51
18.970000000000002 11.5
20.53 11.49
22.71 11.55
17.53 11.52
18.87 11.52
17.48 11.5
21.95 11.51
20.95 11.52
18.9 11.52
17.43 11.5
18.82 11.5
20.560000000000002 11.5
22.24 11.540000000000001
17.53 11.51
18.82 11.5
17.8 11.5
22.0 11.52
20.830000000000002 11.540000000000001
18.9 11.51
17.580000000000002 11.5
19.53 11.51
20.31 11.51
22.189999999999998 11.52
17.549999999999997 11.5
19.02 11.51
18.75 11.52
22.41 11.540000000000001
19.78 11.51
19.02 11.52
17.65 11.5
20.830000000000002 11.51
21.61 11.51
19.869999999999997 11.540000000000001
17.72 11.51
18.970000000000002 11.51
19.950000000000003 11.51
26.810000000000002 11.57
16.580000000000002 11.52
17.97 11.540000000000001
16.580000000000002 11.5
20.07 11.5
20.46 11.52
17.82 11.52
16.55 11.5
18.16 11.5
18.82 11.5
21.8 11.540000000000001
16.580000000000002 11.5
17.990000000000002 11.5
17.31 11.5
21.63 11.52
18.41 11.5
17.82 11.5
16.31 11.5
18.95 11.51
20.46 11.5
18.04 11.540000000000001
16.259999999999998 11.49
17.82 11.5
18.19 11.49
22.02 11.5
16.24 11.49
17.68 11.49
16.28 11.5
20.04 11.5
19.85 11.5
17.68 11.49
16.28 11.469999999999999
17.75 11.469999999999999
19.36 11.49
20.48 11.51
16.41 11.5
17.68 11.49
16.869999999999997 11.469999999999999
21.66 11.51
17.5 11.5
17.7 11.5
16.28 11.49
19.07 11.49
21.09 11.52
17.8 11.52
16.33 11.49
17.9 11.49
18.240000000000002 11.49
21.83 11.51
16.41 11.5
17.75 11.5
16.8 11.49
21.310000000000002 11.49
18.38 11.51
17.7 11.5
16.33 11.49
19.24 11.49
20.73 11.52
17.68 11.540000000000001
16.24 11.49
17.630000000000003 11.49
18.82 11.5
20.97 11.52
16.259999999999998 11.51
17.65 11.5
16.939999999999998 11.49
21.22 11.5
18.310000000000002 11.5
17.8 11.51
16.38 11.5
19.41 11.51
25.83 11.55
16.46 11.540000000000001
17.82 11.5
16.36 11.5
20.43 11.5
19.580000000000002 11.52
17.65 11.51
16.36 11.49
17.97 11.51
20.119999999999997 11.5
19.6 11.540000000000001
16.259999999999998 11.49
17.630000000000003 11.49
17.68 11.49
22.36 11.51
16.259999999999998 11.51
17.68 11.5
16.31 11.5
20.19 11.49
19.82 11.51
17.630000000000003 11.51
16.38 11.49
17.82 11.49
19.53 11.51
20.61 11.52
16.46 11.5
17.9 11.49
17.07 11.49
21.8 11.51
17.919999999999998 11.51
17.97 11.5
16.53 11.49
19.12 11.49
21.04 11.51
17.87 11.540000000000001
16.41 11.5
17.919999999999998 11.5
18.970000000000002 11.5
21.240000000000002 11.51
16.38 11.5
17.599999999999998 11.51
16.41 11.49
21.39 11.5
18.87 11.51
17.75 11.5
16.38 11.49
18.68 11.5
20.75 11.5
18.509999999999998 11.55
16.36 11.51
17.580000000000002 11.5
17.7 11.51
21.66 11.540000000000001
16.21 11.51
17.41 11.51
16.09 11.51
20.119999999999997 11.52
19.48 11.55
17.75 11.51
19.97 11.5
17.65 11.51
19.63 11.51
20.46 11.55
16.28 11.52
17.849999999999998 11.5
16.72 11.49
21.51 11.52
18.04 11.51
17.549999999999997 11.49
16.41 11.49
18.26 11.49
20.919999999999998 11.5
18.7 11.55
16.48 11.51
17.87 11.51
17.41 11.51
