51.23799999999999 25.251
49.331 25.195999999999998
50.94799999999999 25.143000000000004
50.283 25.180999999999997
49.84599999999999 25.105
49.69900000000001 25.099
50.551 25.316
50.403000000000006 25.139000000000006
50.467000000000006 25.048
51.441 25.086000000000002
50.888999999999996 25.070999999999998
49.559999999999995 25.116
56.011 25.134
51.68000000000001 25.188
49.599000000000004 25.385
50.605 25.494999999999994
48.801 25.084
51.663000000000004 24.99599999999999
53.48500000000001 25.057000000000002
53.427000000000014 25.041999999999998
50.818000000000005 24.979000000000003
49.580999999999996 24.941999999999993
50.095 24.967
49.394000000000005 24.994999999999997
49.609 24.962
49.420999999999985 24.940000000000005
49.11500000000001 24.938999999999993
48.964 24.905
48.114000000000004 24.894000000000002
46.47 24.847
46.270999999999994 24.848
44.22 24.820999999999994
44.847 24.829000000000004
42.96600000000001 24.712000000000003
42.388999999999996 24.708000000000002
42.382999999999996 24.686999999999998
43.318 24.688
42.659 24.69
42.44799999999999 24.675000000000004
41.330999999999996 24.634999999999994
41.699000000000005 24.672
41.452000000000005 24.645999999999997
41.403999999999996 24.626
40.34600000000001 24.627000000000002
41.78 24.57
38.64300000000001 24.482000000000003
38.03500000000001 24.406999999999996
36.692 24.377000000000002
37.013999999999996 24.409999999999997
37.18199999999999 24.388
38.494 24.413999999999998
37.307 24.415
37.056000000000004 24.457
35.543 24.406
35.386 24.427
34.29 24.376000000000005
34.801 24.386
33.857000000000006 24.419
32.131 24.388999999999996
32.43599999999999 24.359
32.676 24.398
32.311 24.408
30.513000000000005 24.413999999999998
30.234000000000005 24.379
29.880000000000003 24.371
29.328 24.386000000000003
27.980000000000004 24.408000000000005
27.731000000000005 24.366
27.692 24.401
27.715999999999998 24.436000000000003
25.661 24.409
25.349000000000004 24.386999999999997
25.6676 24.409
25.430000000000003 24.376
25.631999999999998 24.410999999999998
25.9905 24.362000000000002
27.538999999999998 24.401000000000007
26.198000000000004 24.406999999999996
25.672 24.419999999999998
24.6986 24.413
23.866500000000002 24.394
22.9176 24.397000000000002
23.238500000000002 24.393
23.799999999999997 24.441999999999997
24.0114 24.455
23.04469999999999 24.412000000000003
22.3531 24.412
22.4028 24.410999999999998
22.799500000000005 24.434
22.307399999999998 24.442
22.1903 24.453
21.639099999999992 24.464999999999996
21.914 24.491999999999997
21.847599999999996 24.528000000000002
20.808400000000002 24.581
20.950499999999998 24.557000000000002
21.120399999999997 24.573
21.420600000000004 24.566000000000003
21.6344 24.582
21.741500000000002 24.597000000000005
21.7961 24.607000000000003
21.451 24.636000000000003
21.823900000000002 24.658000000000005
21.436400000000003 24.669999999999998
21.3618 24.636000000000003
20.7873 24.627
21.1045 24.666000000000004
21.3154 24.697000000000006
23.659600000000005 24.834000000000007
22.4141 24.811000000000007
22.895699999999998 24.767
21.747900000000005 24.752999999999997
22.106900000000003 24.766000000000002
22.247 24.764
23.4271 24.815000000000005
24.1576 24.841
23.091099999999994 24.866000000000003
22.1604 24.892000000000003
21.8225 24.858
23.0891 24.892
23.452499999999997 24.926000000000002
22.721899999999994 24.932000000000002
22.379799999999996 24.909999999999997
22.455199999999998 24.892999999999997
23.0605 24.905
22.667500000000004 24.926
23.852800000000002 25.008000000000003
23.8169 25.003000000000004
24.176300000000005 24.995999999999995
23.4521 25.003999999999998
23.426800000000004 25.010999999999996
23.667099999999998 25.008000000000003
27.676000000000005 25.123999999999995
24.884600000000002 25.075000000000003
24.5419 24.987
24.726399999999998 24.995
25.392300000000002 25.037000000000003
25.599 25.065999999999995
26.195999999999998 25.124999999999996
27.028999999999996 25.076999999999998
26.687 25.080999999999996
26.643 25.098
26.769 25.081999999999997
26.726999999999997 25.103
28.936 25.121
29.299999999999997 25.184000000000005
30.004 25.123999999999995
30.978999999999996 25.198000000000004
30.091 25.205
29.585 25.155999999999988
31.44600000000001 25.16
31.482999999999993 25.187000000000005
33.312000000000005 25.186999999999998
34.636 25.234
35.367 25.190999999999995
35.644 25.198999999999995
35.991 25.240999999999996
35.58 25.241999999999997
35.75000000000001 25.227
35.807 25.275
37.06100000000001 25.284999999999997
36.61200000000001 25.266999999999996
38.99900000000001 25.361
39.47600000000001 25.337
39.528999999999996 25.295
39.668 25.346999999999998
40.323 25.354
39.22200000000001 25.369000000000003
41.21900000000001 25.436999999999998
41.493 25.406000000000006
41.587999999999994 25.497999999999998
42.592 25.525
43.242999999999995 25.485000000000003
44.32699999999999 25.517999999999997
44.096 25.540999999999997
43.07299999999999 25.497999999999998
43.39 25.542000000000005
44.59 25.525
43.239999999999995 25.557000000000002
43.849 25.576000000000004
46.096 25.678
45.39499999999999 25.684999999999995
45.74500000000001 25.654000000000003
46.13499999999999 25.691000000000003
45.684 25.663000000000004
45.791000000000004 25.575
46.57300000000001 25.582
46.04 25.578
46.534000000000006 25.567
48.169 25.572
47.14 25.670000000000005
47.193000000000005 25.624000000000002
46.499 25.624000000000002
48.684 25.746000000000002
48.077999999999996 25.690999999999995
47.407000000000004 25.63100000000001
46.78600000000001 25.588999999999995
50.027 25.668000000000003
49.372 25.619000000000003
48.79900000000001 25.634
48.934999999999995 25.608999999999998
50.063 25.62900000000001
49.12600000000001 25.586
48.731 25.581000000000003
49.55199999999999 25.629999999999995
49.842999999999996 25.682000000000006
49.47200000000001 25.595999999999997
48.004000000000005 25.782
48.00199999999999 25.698999999999998
48.529999999999994 25.622999999999998
48.065 25.509999999999998
47.72299999999999 25.476999999999993
47.275 25.501
46.72799999999999 25.493
46.538000000000004 25.473999999999997
45.87600000000001 25.495
46.04899999999999 25.525000000000002
45.97099999999998 25.495000000000008
47.928999999999995 25.456999999999997
47.081999999999994 25.391
47.64600000000001 25.465999999999994
49.498000000000005 25.680000000000003
47.181 26.104999999999993
45.23299999999999 25.615
44.673 25.556
46.199 25.716
44.89500000000001 25.599
46.26 25.527999999999995
47.108 25.493
46.142 25.505
45.965999999999994 25.496000000000002
47.676 25.537
47.535 25.440999999999995
48.11 25.539999999999996
46.24300000000001 25.454000000000004
46.568 25.354
47.36399999999999 25.403000000000002
46.428000000000004 25.401
46.541 25.433999999999994
48.281 25.555999999999994
47.400000000000006 25.517
48.544 25.540000000000003
49.93899999999999 25.714000000000002
47.32 25.463
46.42999999999999 25.511999999999997
47.04800000000001 25.456999999999997
45.774 25.477
45.806000000000004 25.455999999999996
44.056000000000004 25.368999999999996
45.204 25.434999999999995
43.62500000000001 25.35
46.437 25.417000000000005
47.016 25.442999999999998
48.03400000000001 25.477
47.260999999999996 25.477
45.31400000000001 25.429000000000002
45.46899999999999 25.395
47.326 25.387000000000004
45.196999999999996 25.333000000000006
45.900999999999996 25.344
46.702999999999996 25.342999999999993
46.27000000000002 25.360000000000007
46.272000000000006 25.361
46.12900000000001 25.306
46.563 25.276
45.701 25.241000000000003
46.498 25.184999999999995
46.827 25.212999999999997
44.97 25.123
44.182 25.14
46.483000000000004 25.195
47.277 25.325999999999993
46.00400000000001 25.204000000000004
43.736999999999995 25.203000000000003
42.577000000000005 25.108000000000004
43.46 25.131999999999998
45.176 25.135
45.65 25.147000000000002
43.54599999999999 25.152
44.487 25.107000000000003
44.641000000000005 25.038000000000004
42.106 25.015000000000004
40.776999999999994 24.971
42.141999999999996 24.943
42.455999999999996 24.981
42.737 25.0
43.087999999999994 24.975999999999996
42.758 24.935
