18.7 11.16
17.11 11.17
19.509999999999998 11.15
23.27 11.18
18.73 11.18
17.02 11.17
18.82 11.16
19.85 11.16
22.900000000000002 11.19
16.939999999999998 11.16
18.41 11.17
16.55 11.16
22.24 11.16
20.41 11.219999999999999
19.040000000000003 11.17
17.380000000000003 11.17
18.990000000000002 11.17
23.54 11.18
19.68 11.18
17.330000000000002 11.17
18.9 11.15
17.29 11.15
24.779999999999998 11.19
18.459999999999997 11.19
18.990000000000002 11.16
17.41 11.16
19.63 11.16
23.68 11.19
19.12 11.18
17.36 11.16
18.92 11.15
18.509999999999998 11.15
27.589999999999996 11.23
18.310000000000002 11.18
18.509999999999998 11.1
17.77 11.110000000000001
19.259999999999998 11.1
22.66 11.17
18.95 11.110000000000001
17.24 11.08
18.07 11.06
21.73 11.1
20.830000000000002 11.16
17.630000000000003 11.08
18.29 11.08
17.43 11.07
23.54 11.1
19.07 11.15
18.240000000000002 11.08
17.46 11.07
18.14 11.08
23.24 11.129999999999999
19.34 11.129999999999999
17.48 11.1
18.38 11.08
18.58 11.07
24.95 11.16
17.919999999999998 11.129999999999999
18.48 11.07
17.7 11.06
19.259999999999998 11.07
23.75 11.16
18.41 11.08
17.82 11.08
18.529999999999998 11.07
19.38 11.07
24.22 11.18
17.8 11.12
18.529999999999998 11.08
17.97 11.08
20.73 11.08
22.56 11.15
18.38 11.08
17.7 11.08
18.509999999999998 11.07
20.9 11.07
22.41 11.18
17.75 11.110000000000001
18.459999999999997 11.08
17.82 11.07
21.73 11.08
21.83 11.129999999999999
18.55 11.08
17.7 11.07
18.38 11.06
21.9 11.1
21.29 11.17
17.849999999999998 11.1
18.63 11.07
17.919999999999998 11.06
22.88 11.110000000000001
20.34 11.16
18.65 11.08
17.75 11.07
18.38 11.07
22.75 11.12
20.8 11.15
18.07 11.110000000000001
18.77 11.1
18.19 11.07
25.240000000000002 11.129999999999999
20.73 11.16
18.529999999999998 11.1
17.82 11.1
19.580000000000002 11.08
23.71 11.15
18.85 11.129999999999999
17.94 11.08
18.509999999999998 11.07
19.17 11.07
23.71 11.12
18.529999999999998 11.110000000000001
18.58 11.07
17.97 11.07
21.12 11.1
22.73 11.129999999999999
18.75 11.08
18.07 11.07
18.73 11.06
22.24 11.08
21.8 11.15
18.38 11.08
19.29 11.110000000000001
19.189999999999998 11.1
24.15 11.129999999999999
20.21 11.18
18.970000000000002 11.1
18.16 11.07
20.26 11.08
23.49 11.12
18.7 11.110000000000001
17.990000000000002 11.07
18.65 11.06
20.31 11.07
23.189999999999998 11.129999999999999
17.919999999999998 11.08
18.6 11.06
17.919999999999998 11.07
22.12 11.08
21.34 11.129999999999999
18.459999999999997 11.07
17.8 11.07
19.139999999999997 11.06
23.41 11.110000000000001
19.43 11.12
17.97 11.07
18.65 11.08
19.09 11.08
23.630000000000003 11.12
18.55 11.129999999999999
18.459999999999997 11.08
17.77 11.07
20.61 11.07
22.58 11.15
18.63 11.110000000000001
18.02 11.1
18.6 11.08
22.63 11.110000000000001
20.830000000000002 11.18
17.82 11.110000000000001
18.65 11.08
18.7 11.07
24.41 11.129999999999999
18.14 11.16
18.77 11.08
18.14 11.08
20.39 11.08
23.41 11.16
18.6 11.129999999999999
18.02 11.1
18.6 11.08
22.63 11.110000000000001
21.04 11.18
17.919999999999998 11.110000000000001
18.459999999999997 11.07
18.55 11.1
24.779999999999998 11.129999999999999
18.07 11.110000000000001
18.63 11.08
17.8 11.07
20.87 11.07
22.8 11.17
18.75 11.110000000000001
18.07 11.1
18.92 11.08
23.849999999999998 11.12
19.46 11.15
17.82 11.110000000000001
18.68 11.08
19.900000000000002 11.1
23.799999999999997 11.17
17.94 11.1
18.58 11.08
17.97 11.08
23.189999999999998 11.110000000000001
20.75 11.18
18.73 11.12
17.9 11.110000000000001
19.75 11.1
23.95 11.16
18.77 11.12
17.990000000000002 11.1
18.9 11.07
22.31 11.1
21.9 11.17
18.26 11.12
18.82 11.1
18.87 11.1
24.93 11.15
18.43 11.129999999999999
18.95 11.08
18.459999999999997 11.1
21.02 11.1
23.1 11.19
18.87 11.129999999999999
18.43 11.1
19.139999999999997 11.08
24.34 11.12
19.78 11.16
22.07 11.12
19.56 11.21
19.46 11.18
25.240000000000002 11.21
18.07 11.19
19.6 11.19
17.77 11.18
23.95 11.18
20.07 11.21
19.139999999999997 11.17
17.630000000000003 11.18
19.869999999999997 11.17
24.22 11.19
19.259999999999998 11.219999999999999
17.75 11.18
19.24 11.17
19.56 11.18
24.27 11.21
17.65 11.18
19.68 11.19
18.19 11.19
24.41 11.19
19.82 11.21
19.259999999999998 11.18
17.580000000000002 11.18
20.24 11.18
23.73 11.219999999999999
19.24 11.21
17.68 11.18
19.29 11.18
21.0 11.18
23.05 11.21
17.97 11.21
19.53 11.18
17.87 11.18
25.1 11.219999999999999
19.17 11.219999999999999
19.41 11.18
17.97 11.18
20.61 11.19
24.73 11.23
19.75 11.23
18.12 11.219999999999999
19.75 11.19
21.66 11.21
23.61 11.23
18.07 11.21
19.24 11.19
17.24 11.19
22.41 11.219999999999999
21.75 11.24
19.38 11.19
17.9 11.18
20.51 11.19
23.799999999999997 11.219999999999999
19.56 11.19
17.990000000000002 11.19
19.46 11.18
21.22 11.19
23.29 11.25
17.7 11.19
19.63 11.19
17.75 11.21
23.66 11.21
20.95 11.23
19.31 11.21
18.04 11.19
19.68 11.18
24.490000000000002 11.219999999999999
