44.397999999999996 24.977999999999994
42.92099999999999 24.943999999999996
46.01499999999999 24.976000000000003
43.315 24.927999999999997
43.882 24.891000000000002
42.86899999999999 24.94
43.034000000000006 24.888
45.522 24.817000000000007
45.132999999999996 24.905
44.20499999999999 25.019000000000002
44.99 25.173000000000002
45.361999999999995 25.0
43.852 24.891
43.21399999999999 24.897
41.49099999999999 24.858000000000004
42.090999999999994 24.951999999999998
40.977999999999994 24.795
42.94 24.766000000000005
42.12899999999999 24.743
41.86299999999999 24.703000000000003
41.108999999999995 24.779
41.693000000000005 24.771
42.65399999999999 24.782
43.792 24.791
43.342 24.884
43.887 24.862000000000002
42.271 24.801
41.952 24.795000000000005
40.31799999999999 24.733
41.126000000000005 23.6452
43.558 24.016000000000002
40.861 23.8477
41.68299999999999 23.9665
40.553999999999995 24.072500000000005
39.87799999999999 24.150600000000004
38.837 24.215799999999994
40.168000000000006 24.382199999999997
40.027 24.4149
39.722 24.4406
38.30699999999999 24.446999999999996
38.168 24.463000000000005
38.14399999999999 24.394
39.34799999999999 24.434000000000005
36.574999999999996 24.355
36.114000000000004 24.334
35.362 24.338
35.047000000000004 24.345
35.32300000000001 24.33
36.192 24.364
34.95400000000001 24.376
32.97200000000001 24.29
34.05 24.315000000000005
32.709 24.281000000000002
32.43500000000001 24.252999999999997
32.617000000000004 24.262000000000004
32.302 24.240000000000002
33.171 24.208
31.621 24.227999999999998
31.048 24.207999999999995
30.776000000000003 24.192
29.743 24.160999999999998
28.875 24.113
29.314 24.298000000000002
29.659999999999997 24.413
28.282399999999996 24.405999999999995
28.6032 24.506
27.539 24.463
26.584400000000002 24.252999999999997
26.451199999999996 24.127000000000002
26.083599999999997 24.019
25.188000000000006 23.988
24.9907 23.996
25.1071 24.02
24.714699999999997 24.047
24.527099999999997 24.025999999999996
24.049799999999998 24.009000000000004
23.246399999999998 23.971999999999998
23.323900000000002 23.983
24.633999999999997 23.979999999999997
24.866600000000005 24.007
24.891600000000004 23.997
24.9416 24.035999999999994
22.166200000000003 24.035
22.765 24.062999999999995
22.940499999999997 24.121999999999996
23.267300000000002 24.163000000000004
23.1333 24.132000000000005
22.282399999999996 24.156
22.742399999999996 24.232
22.2646 24.227999999999998
22.700900000000004 24.272999999999996
23.854899999999997 24.297
23.703500000000002 24.326999999999995
22.1938 24.325
22.162499999999998 24.288
22.508800000000004 24.307000000000002
23.041099999999997 24.368000000000002
24.181 24.356
23.949199999999994 24.438
23.946600000000007 24.496
23.657899999999998 24.512999999999998
23.8631 24.509
23.62149999999999 24.506999999999998
22.996599999999994 24.506000000000004
22.9267 24.526
22.8684 24.535999999999998
22.8597 24.531999999999996
23.129399999999997 24.646000000000004
23.616 24.683
22.9384 24.692999999999998
23.920599999999997 24.735999999999997
23.698000000000004 24.741999999999997
23.7498 24.784999999999997
23.3083 24.783999999999995
23.7577 24.778000000000006
23.6554 24.79
23.6829 24.795
23.467000000000006 24.840999999999998
23.0537 24.864000000000004
23.710800000000003 24.914
24.488699999999998 24.968999999999998
23.829600000000006 24.995
24.2284 24.988
25.099300000000003 25.051000000000002
26.521 25.102999999999998
25.3547 25.127000000000006
27.351999999999997 25.187000000000005
25.53 25.075999999999997
26.322899999999994 25.101000000000003
27.101 25.077999999999996
26.514 25.118000000000002
26.019999999999992 25.116
26.718000000000004 25.124999999999996
27.425 25.149
28.152 25.148000000000003
27.898 25.186000000000003
27.780999999999995 25.154
27.783 25.14
27.727 25.125999999999998
27.876 25.135
28.4956 25.168000000000003
29.0771 25.180000000000003
30.139 25.183
30.78099999999999 25.231
31.633 25.252999999999997
31.203999999999997 25.245
30.911 25.276
30.975 25.269
31.745999999999995 25.251999999999995
31.770000000000003 25.459000000000003
32.013000000000005 25.473999999999997
33.160000000000004 25.501
33.347 25.385999999999996
33.71800000000001 25.341
34.556 25.358999999999998
34.077000000000005 25.341
36.479000000000006 25.419999999999998
38.028 25.398000000000003
37.322 25.383
38.416 25.376000000000005
38.2 25.381999999999998
39.379999999999995 25.438000000000006
39.96 25.450999999999997
38.588 25.406999999999996
39.555 25.504999999999995
39.034 25.549
40.605999999999995 25.539
41.178 25.61
43.471 25.686999999999998
44.19099999999999 25.671
44.081 25.682000000000006
44.967000000000006 25.72
44.653 25.703
45.42400000000001 25.729999999999997
45.364 25.775999999999993
44.660999999999994 25.765000000000004
46.148 25.795999999999996
45.266999999999996 25.767000000000007
44.80599999999999 25.767
45.696000000000005 25.808999999999997
46.123000000000005 25.81
46.562 25.751
48.495 25.812
46.993 25.790000000000003
47.515 25.836000000000002
46.93999999999999 25.830000000000002
47.28799999999999 25.850000000000005
46.729 25.839000000000002
46.867999999999995 25.808000000000003
48.747000000000014 25.857000000000003
46.743 25.893999999999995
49.136 25.863999999999997
52.181 26.119999999999997
48.193 26.038
47.77400000000001 25.963
49.072 25.941
47.974 25.905
48.104 25.870999999999995
48.62300000000001 25.903000000000002
46.92600000000001 25.913999999999998
47.484 25.825
48.248999999999995 25.887
47.98899999999999 25.872999999999998
48.70499999999999 25.892
48.068 25.874000000000002
46.133 25.855
47.57300000000001 25.840000000000003
48.123999999999995 25.852000000000004
49.84200000000001 25.869999999999997
48.813 25.85
49.274000000000015 25.945
49.413000000000004 25.854
47.49600000000001 25.856999999999996
46.965 25.796000000000003
47.67 25.799
47.364 25.816999999999997
48.437000000000005 25.837
47.12100000000001 25.837
48.541 25.856999999999996
50.22500000000001 25.898
47.32899999999999 25.851000000000003
46.259 25.850999999999996
49.524 25.853000000000005
46.68199999999999 25.832
46.025999999999996 25.846000000000004
45.21 25.812
46.638999999999996 25.802000000000003
48.520999999999994 25.818
48.364999999999995 25.901999999999997
47.864 25.849999999999994
46.06600000000001 25.805999999999997
47.921 25.772000000000006
45.88999999999999 25.767000000000007
44.668 25.612999999999996
49.59899999999999 25.605
50.951 25.708000000000002
49.885999999999996 25.669000000000004
49.511 25.636000000000003
46.98 25.724000000000004
46.06099999999999 25.739
47.03600000000001 25.714
45.214000000000006 25.689
45.008 25.661
44.927 25.642000000000003
44.813999999999986 25.627000000000006
44.43 25.630000000000003
45.713 25.637999999999998
47.232 25.604999999999993
45.90500000000001 25.622000000000007
45.422000000000004 25.657000000000007
49.57600000000001 25.753999999999998
47.682 25.948999999999998
46.48500000000001 25.747999999999998
47.74 25.745999999999995
46.84400000000001 25.672999999999995
47.56199999999999 25.578999999999997
49.273 25.563999999999993
48.17000000000001 25.582000000000004
46.483000000000004 25.556
47.16400000000001 25.525
46.03600000000001 25.541000000000004
45.787000000000006 25.507999999999996
45.007000000000005 25.506
45.585 25.509999999999998
46.607000000000006 25.494999999999994
47.641 25.540000000000003
43.948 25.449999999999996
45.546 25.515000000000004
43.52 25.350999999999996
44.119 25.332999999999995
43.82600000000001 25.316000000000006
42.954 25.262999999999998
42.716 25.320999999999998
43.048 25.229999999999997
45.097 25.285999999999998
44.878 25.244000000000007
43.41 25.333999999999996
41.899999999999984 25.238
42.605 25.189
43.480000000000004 25.222
43.301 25.266000000000005
42.57699999999999 25.232
42.948 25.172999999999995
43.553 25.218
43.323 25.121999999999993
41.422 25.123000000000005
41.79 25.061
41.62999999999999 25.089
