42.44300000000001 7.5146999999999995
42.916000000000004 7.528100000000001
42.647999999999996 7.547799999999999
42.76000000000001 7.540200000000001
42.827 7.555500000000001
41.54600000000001 7.5239
43.24399999999999 7.563000000000001
43.87400000000001 7.540700000000002
44.237 7.533099999999999
44.004999999999995 7.527399999999999
44.336 7.583100000000001
44.13 7.586800000000002
43.564 7.6027
43.541 7.615600000000001
44.638 7.5898
46.343 7.659400000000002
45.754 7.619199999999999
45.806999999999995 7.584499999999999
44.836 7.595299999999999
45.02100000000001 7.5996
43.866 7.592800000000001
42.81900000000001 7.6004000000000005
43.44300000000001 7.605100000000001
43.519000000000005 7.6263
45.0 7.6499
45.126999999999995 7.652200000000002
44.233999999999995 7.621799999999998
44.395999999999994 7.6126
44.19100000000001 7.5889
44.198 7.576100000000001
43.785999999999994 7.571400000000001
42.923 7.548399999999999
43.040000000000006 7.5736
43.178999999999995 7.5794
42.30199999999999 7.5783000000000005
41.75 7.559200000000002
41.553999999999995 7.5288
40.970000000000006 7.5295000000000005
40.843 7.5004
41.101 7.511200000000001
40.191 7.493600000000001
40.573 7.5042
40.68599999999999 7.477800000000001
40.43 7.449399999999999
39.673 7.411400000000001
38.91300000000001 7.387199999999999
38.727000000000004 7.4060000000000015
38.087 7.381599999999998
37.982000000000006 7.3721000000000005
36.339 7.2921
35.894999999999996 7.258599999999999
35.461 7.2525
35.367000000000004 7.218999999999999
34.763000000000005 7.2058
34.75599999999999 7.2346
34.111 7.208200000000001
33.580999999999996 7.182400000000001
33.31699999999999 7.144099999999998
32.491 7.103699999999997
31.533000000000005 7.0537
31.645 7.053900000000002
30.746000000000006 7.0444
30.716999999999995 6.9992
29.435000000000006 7.001600000000001
29.500999999999998 6.9945
29.661999999999995 6.956900000000001
29.232000000000006 7.0043999999999995
28.28400000000001 6.92
28.744000000000003 6.8683
28.034000000000002 6.846600000000001
27.098999999999997 6.7939
26.196 6.7749999999999995
26.256999999999998 6.740199999999999
25.876000000000005 6.700399999999999
26.024000000000008 6.6796
25.782 6.667499999999999
24.812000000000005 6.6423999999999985
24.714 6.624199999999999
24.442000000000004 6.621800000000001
24.215999999999998 6.5552
23.7872 6.529700000000001
23.8052 6.518300000000001
23.3685 6.5205
23.3534 6.5652
23.053700000000006 6.5724
22.7545 6.5421
22.7199 6.540200000000001
22.7706 6.532
22.371500000000005 6.535600000000001
21.942500000000003 6.4964
22.2994 6.492299999999999
22.355900000000002 6.5086
21.773300000000003 6.508
21.2764 6.4927
21.6166 6.494799999999999
21.6498 6.486699999999999
22.0723 6.532800000000001
21.9687 6.506700000000001
21.634799999999995 6.459
21.546499999999998 6.462699999999999
21.404000000000003 6.4698
20.8996 6.4365000000000006
21.1335 6.435300000000001
20.536299999999997 6.4273
20.3763 6.423499999999999
20.4123 6.416899999999999
20.1609 6.4084
20.4873 6.413300000000001
20.4445 6.4192
19.8394 6.4051
20.0289 6.4066
20.4417 6.3959
20.2231 6.401
20.0929 6.379399999999999
20.417000000000005 6.3947
20.445399999999996 6.3824000000000005
20.430899999999998 6.3819
20.7629 6.4014
20.6313 6.402099999999999
20.328 6.384
20.9948 6.399100000000001
20.2744 6.378100000000001
20.6187 6.376600000000002
21.6008 6.401700000000001
21.966500000000003 6.4109
21.536799999999996 6.409899999999999
22.0388 6.417600000000001
21.814600000000002 6.4084
21.954400000000007 6.4237
22.300800000000002 6.4133
22.6709 6.4332
22.556800000000003 6.424900000000002
23.092099999999995 6.421899999999998
23.308699999999998 6.4384
23.269599999999997 6.4224000000000006
23.947499999999998 6.453199999999999
24.252000000000002 6.469300000000001
23.933 6.4634
24.435 6.4898
24.705000000000002 6.4998999999999985
24.745999999999995 6.535700000000001
25.867 6.5634
26.209000000000003 6.609300000000001
27.019 6.655899999999999
27.464999999999996 6.6597
27.554000000000002 6.649900000000001
27.974000000000004 6.6549
28.437 6.711200000000001
29.305000000000003 6.734500000000001
31.008000000000006 6.778300000000001
30.701999999999995 6.817000000000001
31.637999999999998 6.8485000000000005
31.976000000000006 6.8500000000000005
32.382999999999996 6.9
32.476 6.919899999999999
32.452 6.958200000000001
33.595 6.9419
34.758 6.962200000000002
34.776999999999994 7.0187
35.589999999999996 7.074299999999998
36.584 7.092
38.101 7.194099999999999
38.27000000000001 7.1965
38.38 7.2280999999999995
38.634 7.239299999999998
40.006 7.2737
41.559000000000005 7.3174
42.227 7.364000000000001
43.370999999999995 7.449899999999998
44.422 7.4612000000000025
44.592 7.471699999999998
45.019 7.5027
42.979 7.130399999999999
45.701 7.184500000000001
48.026 7.4591
49.461 7.8824000000000005
47.147000000000006 7.597799999999999
47.291 7.604400000000002
47.89999999999999 8.0765
48.12499999999999 7.7209
48.440000000000005 7.7157
47.923 7.736799999999999
48.909000000000006 7.7091
48.62199999999999 7.715199999999999
48.271 7.6682
47.897 7.6714
48.397 7.6767
47.485 7.6652
47.32900000000001 7.6499
47.402 7.6530000000000005
47.721999999999994 7.6697
48.336000000000006 7.6874
48.450999999999986 7.7086999999999986
48.578 7.695000000000002
49.187 7.722599999999999
50.234 7.7697
50.258 7.7909999999999995
49.896 7.792600000000001
49.605999999999995 7.767499999999999
49.808 7.761700000000002
49.90600000000001 7.748400000000001
50.94800000000001 7.7722
50.698 7.801900000000002
50.846000000000004 7.810299999999999
51.061 7.8353
49.698 7.774500000000001
49.442 7.7782
50.023 7.8004000000000016
49.711 7.777599999999999
49.692 7.7874
49.679 7.768299999999999
49.723000000000006 7.7749000000000015
49.283 7.7652
49.31300000000001 7.779799999999999
49.341 7.7951999999999995
49.54599999999999 7.7958
49.635000000000005 7.8003
48.730000000000004 7.774099999999999
48.782000000000004 7.7444000000000015
48.388999999999996 7.7461
47.893 7.7087
48.12 7.7383999999999995
48.845 7.740099999999998
48.443999999999996 7.7703999999999995
48.014 7.7623000000000015
47.806 7.7446
48.478 7.7211
49.108999999999995 7.752199999999999
49.605 7.7658000000000005
49.704 7.776
48.660999999999994 7.7538
48.765 7.727800000000001
48.781000000000006 7.759900000000002
48.579 7.754499999999999
51.63399999999999 7.8355999999999995
52.016 7.872000000000002
51.662 7.8929
51.27599999999999 7.9223
50.649 7.969599999999999
49.558 7.9055
50.35999999999999 7.946800000000001
50.773 7.9826999999999995
50.229 7.984299999999999
49.954 7.978699999999998
50.07 7.961199999999999
50.904 8.030800000000001
50.817 8.0216
51.271 8.036900000000001
50.260000000000005 8.0109
50.800999999999995 7.9986
49.63200000000001 7.975899999999999
49.971 7.9787
50.69200000000001 7.9886
49.773 7.949000000000001
50.32700000000001 7.980900000000002
50.856 8.0039
50.852999999999994 7.9963999999999995
50.953 8.005500000000001
50.396000000000015 7.9835
50.337999999999994 7.9719999999999995
49.876 7.986499999999998
50.07799999999999 8.001800000000001
49.971 7.991900000000002
49.165000000000006 7.964199999999999
49.141999999999996 7.9046
47.996 7.854499999999999
48.30500000000001 7.852999999999997
48.433 7.8561
47.41499999999999 7.836900000000001
46.40100000000001 7.817099999999999
46.687000000000005 7.84
45.992 7.7871999999999995
45.678999999999995 7.765999999999999
45.568999999999996 7.7491
45.457 7.7538
44.88100000000001 7.738499999999999
42.297000000000004 7.3157999999999985
44.967999999999996 7.7285
45.36800000000001 7.7520999999999995
44.578 7.6988
44.372 7.6836
43.861 7.658400000000001
43.797999999999995 7.671200000000001
43.09799999999999 7.611199999999998
43.638 7.624800000000001
43.666 7.611800000000001
43.199000000000005 7.5972
43.181999999999995 7.597400000000001
