19.12 11.58
21.04 11.61
20.95 11.600000000000001
18.87 11.600000000000001
19.48 11.58
17.580000000000002 11.57
22.17 11.65
19.580000000000002 11.62
20.31 11.61
17.53 11.58
19.48 11.58
20.24 11.62
21.09 11.600000000000001
18.68 11.58
18.970000000000002 11.600000000000001
18.73 11.58
21.17 11.62
21.240000000000002 11.600000000000001
19.869999999999997 11.600000000000001
18.38 11.57
20.919999999999998 11.61
19.85 11.63
22.66 11.62
17.9 11.600000000000001
19.85 11.600000000000001
19.7 11.600000000000001
19.97 11.63
20.73 11.600000000000001
19.09 11.600000000000001
17.8 11.57
21.51 11.600000000000001
18.16 11.61
20.53 11.559999999999999
15.6 11.49
15.989999999999998 11.450000000000001
16.99 11.41
16.38 11.450000000000001
16.53 11.4
15.43 11.39
14.530000000000001 11.360000000000001
18.21 11.41
18.55 11.450000000000001
16.650000000000002 11.44
14.99 11.41
15.989999999999998 11.43
18.240000000000002 11.450000000000001
17.36 11.450000000000001
17.599999999999998 11.450000000000001
16.41 11.44
15.55 11.43
19.259999999999998 11.49
15.989999999999998 11.49
17.919999999999998 11.469999999999999
14.92 11.44
15.82 11.43
17.77 11.459999999999999
15.97 11.469999999999999
18.68 11.450000000000001
15.7 11.44
15.110000000000001 11.41
17.5 11.450000000000001
16.77 11.49
18.459999999999997 11.450000000000001
15.58 11.450000000000001
15.6 11.44
15.14 11.41
18.529999999999998 11.51
16.82 11.459999999999999
17.26 11.459999999999999
15.409999999999998 11.43
16.259999999999998 11.43
19.189999999999998 11.49
17.7 11.469999999999999
17.549999999999997 11.450000000000001
16.04 11.450000000000001
15.36 11.44
19.46 11.469999999999999
16.55 11.459999999999999
18.43 11.459999999999999
15.010000000000002 11.43
15.770000000000001 11.44
18.19 11.450000000000001
15.939999999999998 11.469999999999999
18.16 11.450000000000001
15.82 11.43
15.43 11.43
19.36 11.450000000000001
16.41 11.459999999999999
18.87 11.459999999999999
15.409999999999998 11.450000000000001
15.82 11.43
18.509999999999998 11.459999999999999
17.580000000000002 11.52
19.21 11.49
17.07 11.469999999999999
16.28 11.450000000000001
18.63 11.459999999999999
18.63 11.55
19.24 11.49
16.55 11.469999999999999
16.75 11.459999999999999
15.989999999999998 11.44
19.09 11.51
18.19 11.469999999999999
17.580000000000002 11.459999999999999
15.840000000000002 11.450000000000001
15.89 11.44
18.38 11.469999999999999
18.33 11.469999999999999
15.8 11.450000000000001
16.02 11.43
15.53 11.44
18.92 11.49
17.46 11.459999999999999
16.89 11.459999999999999
15.6 11.44
16.41 11.44
18.77 11.459999999999999
18.509999999999998 11.469999999999999
16.77 11.459999999999999
16.55 11.459999999999999
15.7 11.44
19.24 11.49
17.599999999999998 11.49
17.849999999999998 11.469999999999999
16.55 11.459999999999999
16.6 11.459999999999999
18.55 11.49
17.9 11.49
16.669999999999998 11.450000000000001
16.09 11.450000000000001
15.67 11.450000000000001
19.41 11.469999999999999
17.68 11.49
17.41 11.469999999999999
16.11 11.450000000000001
17.43 11.450000000000001
18.95 11.49
17.82 11.5
17.04 11.469999999999999
16.31 11.469999999999999
15.82 11.459999999999999
19.38 11.51
17.43 11.540000000000001
17.7 11.5
15.939999999999998 11.469999999999999
16.53 11.469999999999999
18.92 11.5
17.919999999999998 11.55
17.53 11.5
16.669999999999998 11.469999999999999
16.02 11.469999999999999
19.38 11.5
17.26 11.52
17.990000000000002 11.49
16.14 11.459999999999999
16.6 11.450000000000001
19.41 11.49
18.360000000000003 11.5
17.68 11.49
16.46 11.459999999999999
16.55 11.459999999999999
20.51 11.49
17.43 11.52
17.97 11.5
16.06 11.459999999999999
16.55 11.469999999999999
18.92 11.5
17.68 11.51
18.26 11.469999999999999
16.55 11.469999999999999
15.989999999999998 11.450000000000001
19.78 11.49
17.849999999999998 11.51
17.990000000000002 11.5
16.11 11.459999999999999
16.63 11.459999999999999
19.38 11.51
18.509999999999998 11.55
17.48 11.49
17.53 11.5
17.02 11.49
20.560000000000002 11.51
18.33 11.51
17.82 11.5
16.41 11.469999999999999
16.869999999999997 11.49
19.17 11.52
19.259999999999998 11.49
16.7 11.469999999999999
16.7 11.469999999999999
16.939999999999998 11.459999999999999
20.53 11.55
19.139999999999997 11.540000000000001
16.77 11.49
16.36 11.469999999999999
17.549999999999997 11.49
18.63 11.55
19.68 11.52
16.41 11.49
16.89 11.469999999999999
18.240000000000002 11.49
18.68 11.58
18.8 11.51
16.97 11.5
16.41 11.49
19.73 11.51
17.380000000000003 11.55
18.77 11.52
16.41 11.5
16.7 11.49
19.34 11.52
18.29 11.55
17.990000000000002 11.51
16.85 11.49
16.669999999999998 11.49
20.24 11.540000000000001
18.55 11.52
17.990000000000002 11.51
16.580000000000002 11.49
16.8 11.469999999999999
19.56 11.55
19.12 11.52
17.41 11.49
16.89 11.469999999999999
16.55 11.459999999999999
19.43 11.57
19.17 11.52
16.72 11.5
16.41 11.469999999999999
18.07 11.49
18.26 11.52
18.82 11.5
17.68 11.49
17.19 11.469999999999999
18.38 11.5
17.97 11.559999999999999
18.85 11.51
16.72 11.51
16.63 11.469999999999999
20.24 11.52
17.36 11.58
19.12 11.540000000000001
16.46 11.5
17.31 11.5
20.24 11.52
18.26 11.58
18.310000000000002 11.52
16.77 11.5
16.5 11.469999999999999
19.97 11.540000000000001
18.63 11.559999999999999
19.17 11.52
16.41 11.469999999999999
16.82 11.469999999999999
19.41 11.51
18.33 11.540000000000001
18.33 11.5
17.549999999999997 11.51
16.75 11.49
19.869999999999997 11.540000000000001
18.21 11.52
18.09 11.5
16.33 11.49
16.8 11.469999999999999
19.53 11.52
18.95 11.51
18.12 11.5
17.02 11.49
16.6 11.469999999999999
20.169999999999998 11.540000000000001
18.38 11.540000000000001
18.77 11.51
16.97 11.469999999999999
17.09 11.49
19.68 11.52
18.75 11.55
18.77 11.5
17.43 11.5
16.82 11.469999999999999
20.14 11.540000000000001
18.58 11.540000000000001
17.919999999999998 11.5
16.46 11.469999999999999
16.89 11.49
19.7 11.52
18.529999999999998 11.559999999999999
18.360000000000003 11.51
