24.0401 14.343300000000003
23.942299999999996 14.3268
24.21230000000001 14.336399999999996
24.227999999999998 14.337299999999997
23.581100000000003 14.325100000000003
23.786099999999998 14.3268
23.34620000000001 14.351399999999998
22.602800000000002 14.326300000000003
23.6497 14.346900000000003
23.547499999999992 14.369399999999995
24.096300000000003 14.391599999999999
24.5401 14.393299999999998
25.016899999999996 14.377800000000002
24.710899999999995 14.3776
22.795099999999998 14.360299999999999
22.964999999999996 14.355100000000004
22.4215 14.351999999999999
21.955699999999997 14.3365
22.1875 14.329900000000004
21.803599999999996 14.340799999999994
21.994100000000003 14.363800000000001
22.307700000000004 14.383600000000001
22.882500000000004 14.338400000000007
22.1323 14.328200000000002
22.3887 14.355799999999999
22.0162 14.329899999999999
22.145300000000006 14.3458
21.9646 14.349700000000004
21.787900000000004 14.3616
21.715200000000003 14.3401
21.377999999999997 14.311100000000001
21.2824 14.294799999999999
21.783600000000007 14.288099999999998
21.729100000000006 14.289399999999999
22.176700000000004 14.391799999999993
21.343400000000003 14.3794
20.8573 14.390200000000004
20.5037 14.405600000000005
20.551 14.375399999999994
20.850600000000004 14.365000000000002
21.7926 14.3758
21.738500000000002 14.449999999999996
21.070100000000004 14.509499999999997
21.159200000000002 14.5252
20.866700000000005 14.4396
20.3167 14.4131
20.5306 14.360800000000001
20.318399999999993 14.370099999999997
19.876100000000005 14.355700000000002
19.635 14.353399999999999
19.603200000000005 14.454199999999998
21.481 14.484300000000003
21.4239 14.464199999999996
21.313299999999998 14.409700000000003
19.975099999999998 14.382700000000002
18.641899999999996 14.357999999999995
18.861100000000004 14.3628
18.720599999999997 14.343800000000002
18.4188 14.336800000000002
18.6967 14.314299999999996
19.881299999999996 14.330700000000002
20.116899999999998 14.325
20.0166 14.357499999999998
19.2375 14.355300000000003
18.065800000000003 14.352199999999998
17.686300000000003 14.329999999999998
17.892300000000002 14.315800000000003
18.3955 14.321200000000001
18.169199999999996 14.325399999999998
18.0623 14.332999999999998
18.105600000000003 14.447200000000002
17.562199999999994 14.403900000000005
17.950300000000006 14.399900000000002
19.4903 14.414099999999994
18.5126 14.473899999999999
17.586300000000005 14.551400000000001
17.887900000000005 14.625000000000005
17.954000000000004 14.649700000000001
17.968600000000002 14.813800000000002
17.4316 14.6688
19.078599999999998 14.700400000000002
19.5569 14.7205
20.155500000000007 14.717999999999998
19.712000000000007 14.641499999999999
18.0095 14.546500000000004
18.9565 14.478600000000002
19.605099999999993 14.479899999999995
18.622299999999996 14.4836
18.8038 14.393899999999999
18.816000000000003 14.564700000000002
19.176599999999993 14.4633
19.603099999999998 14.471699999999995
21.189200000000003 14.6557
21.2123 14.499099999999999
21.317899999999998 14.408700000000005
21.304599999999997 14.356599999999995
21.031399999999998 14.3446
20.9095 14.379300000000002
20.8925 14.493400000000003
20.569599999999994 14.568499999999998
21.6768 14.653900000000004
22.0547 14.637899999999998
23.1429 14.706499999999997
23.788100000000004 14.715399999999997
22.023800000000005 14.731999999999998
22.0873 14.690699999999998
22.204399999999996 14.681999999999992
22.787800000000004 14.706400000000002
23.0241 14.758799999999997
21.5339 14.741299999999995
21.833299999999998 14.754299999999997
22.592200000000002 14.8451
23.688200000000002 14.920899999999996
23.9464 14.881
23.951999999999995 15.044299999999994
24.1219 15.251900000000001
24.141800000000003 14.999900000000006
24.997800000000005 15.147199999999994
25.827300000000005 15.232199999999999
26.722799999999996 15.2614
26.097900000000003 14.800500000000003
25.222700000000003 14.6953
25.67610000000001 14.662799999999997
26.327999999999996 14.6576
26.130500000000005 14.6492
26.2984 14.632799999999996
25.980000000000004 14.589300000000001
25.556799999999996 14.571100000000001
26.260299999999997 14.576099999999995
26.430999999999994 14.576699999999995
25.843500000000002 14.632699999999998
25.6662 14.635299999999999
26.1821 14.6954
26.2301 14.756399999999998
25.285800000000002 14.732100000000003
25.021599999999992 14.740199999999998
25.711100000000002 14.759099999999997
25.053600000000003 14.739999999999998
25.6588 14.7532
25.998900000000003 14.750299999999998
26.76899999999999 15.014400000000002
26.465899999999998 15.072500000000005
27.482699999999987 15.026999999999996
27.8005 15.060000000000004
27.476000000000013 15.0778
27.657300000000006 15.016700000000002
28.309800000000003 15.094600000000003
28.043999999999997 15.210699999999996
27.15939999999999 14.987800000000007
26.805700000000005 14.904799999999996
26.690600000000003 14.7864
27.497999999999994 14.840600000000004
27.4749 14.863100000000001
28.352399999999996 14.8568
27.9739 14.782999999999994
27.801199999999998 14.648800000000001
28.3959 14.673600000000004
28.268899999999995 14.833099999999996
27.896600000000007 14.7008
28.657299999999992 14.7515
28.5705 14.4506
29.215000000000014 14.3812
28.800300000000007 14.3567
28.844400000000004 14.367199999999999
30.100299999999997 14.4013
29.239400000000003 14.3495
28.833399999999997 14.340300000000001
28.994600000000005 14.3236
29.377100000000013 14.3126
29.214799999999986 14.330600000000004
30.257299999999997 14.3144
31.44769999999999 14.322999999999997
31.28629999999999 14.341900000000003
31.1256 14.339499999999994
32.40059999999999 14.313299999999998
32.60809999999999 14.303200000000002
33.968500000000006 14.373900000000003
33.364399999999996 14.374400000000001
31.552000000000007 14.390199999999995
31.180199999999996 14.422600000000003
31.52659999999998 14.346300000000001
31.103199999999998 14.287700000000003
31.505200000000006 14.3107
31.971799999999995 14.324700000000002
31.845100000000002 14.325199999999999
31.965799999999994 14.322999999999997
31.884799999999995 14.298800000000005
32.18240000000001 14.3141
31.853399999999997 14.318000000000003
33.514300000000006 14.328399999999997
34.5266 14.358400000000007
32.866800000000005 14.317800000000005
31.305100000000003 14.316799999999999
31.499000000000006 14.337800000000001
30.966700000000003 14.323200000000005
31.802899999999994 14.306799999999997
31.3045 14.3317
31.161800000000007 14.311600000000006
31.367499999999993 14.329599999999997
31.28140000000001 14.2983
31.138700000000004 14.269599999999999
30.489299999999997 13.970200000000002
31.23939999999999 14.169799999999999
30.763199999999998 14.171299999999999
31.609399999999987 14.1957
31.869899999999994 14.2108
31.156499999999994 14.224199999999998
30.401000000000007 14.2373
29.974199999999996 14.237400000000003
30.016 14.272199999999998
30.014699999999994 14.2472
29.374700000000008 14.227599999999999
30.4214 14.244999999999997
30.413699999999988 14.232
31.565199999999994 14.224900000000002
31.39390000000001 14.2466
30.8945 14.258900000000002
30.125699999999995 14.2473
30.42770000000001 14.273
29.76649999999999 14.275899999999996
29.360200000000003 14.290300000000004
29.945500000000003 14.2933
29.625100000000003 14.290399999999998
30.088099999999997 14.293600000000003
30.230899999999988 14.278899999999997
30.239200000000004 14.284000000000002
30.0285 14.258700000000001
29.856199999999994 14.2454
29.365800000000004 14.2412
28.912600000000005 14.255800000000002
29.615 14.259699999999997
29.405000000000005 14.285699999999999
29.28469999999999 14.298600000000002
28.915500000000012 14.254799999999998
28.7384 14.253999999999994
29.06790000000001 14.301
29.750500000000002 14.282000000000004
29.71319999999999 14.294799999999997
29.701099999999997 14.314999999999998
29.283100000000005 14.296899999999999
30.704000000000004 14.293400000000004
31.64339999999999 14.306999999999997
31.249299999999984 14.307999999999993
30.902199999999997 14.291700000000002
31.5125 14.322700000000005
31.600100000000005 14.298699999999991
30.739 14.310200000000004
31.093999999999994 14.2963
29.921600000000005 14.285999999999998
29.969100000000008 14.2879
30.213300000000004 14.247400000000008
30.375100000000003 14.257900000000001
30.657899999999984 14.255700000000001
29.76309999999999 14.228299999999999
29.137299999999993 14.2498
29.344400000000004 14.285200000000001
29.124 14.2622
28.902499999999996 14.3003
28.9106 14.3093
29.051499999999997 14.294699999999999
30.052200000000003 14.2915
30.015600000000003 14.274999999999999
29.4803 14.29
28.303399999999996 14.261
28.270999999999997 14.261299999999999
28.5653 14.277299999999999
28.45329999999999 14.272700000000002
27.709699999999998 14.260299999999997
27.789600000000004 14.268400000000003
27.2841 14.233199999999998
27.0942 14.244000000000002
26.8577 14.258200000000002
26.677599999999995 14.2591
27.145300000000006 14.2575
27.349000000000007 14.232599999999998
27.094 14.251699999999994
26.470900000000004 14.263199999999998
26.198400000000007 14.294599999999999
25.875000000000004 14.278300000000002
24.9916 14.265300000000003
24.95339999999999 14.253600000000002
25.878500000000003 14.253199999999994
27.659 14.250799999999996
26.5668 14.259499999999997
29.141699999999997 14.272699999999999
27.390899999999995 14.2564
26.638000000000005 14.264899999999999
26.068 14.272999999999994
