31.06869999999999 11.3529
31.47409999999999 11.391499999999999
31.5191 11.3991
31.6893 11.4494
31.348799999999994 11.427
31.1196 11.4201
30.987900000000003 11.405099999999997
30.701000000000008 11.3941
33.43592 12.303132
30.418399999999995 11.3477
30.3863 11.282500000000002
31.802800000000005 11.640699999999997
30.879599999999996 11.280800000000001
30.38450000000001 11.284
30.3679 11.279900000000003
30.2919 11.289200000000001
30.660599999999995 11.295199999999998
30.404499999999995 11.2884
30.604 11.288899999999998
30.40170000000001 11.287
31.068200000000008 11.306
35.20000000000001 11.587841000000001
30.573299999999996 11.2963
31.103099999999994 11.2872
31.8154 11.6472
30.640800000000006 11.299600000000003
31.3468 11.315
31.526600000000006 11.321500000000002
30.272400000000005 11.325100000000003
30.4464 11.3532
30.034900000000004 11.328500000000002
30.2301 11.323600000000003
29.588399999999996 11.3202
29.110400000000002 11.3053
28.851899999999997 11.3068
28.36149999999999 11.284900000000004
28.639 11.294599999999999
28.452000000000005 11.295200000000001
28.588400000000004 11.297599999999997
29.011400000000005 11.2875
28.498099999999997 11.2845
30.545500000000004 11.786999999999999
29.6383 11.597100000000001
28.734900000000003 11.2663
28.131800000000002 11.264200000000002
28.218399999999992 11.269900000000003
27.985099999999996 11.2727
27.779500000000006 11.2732
28.6779 11.284999999999998
29.0109 11.298300000000001
28.6629 11.2899
28.194699999999994 11.279900000000001
28.429699999999997 11.283399999999999
28.550300000000007 11.2897
28.465200000000003 11.283399999999999
28.6442 11.2866
28.929100000000002 11.301199999999998
28.8167 11.3008
28.553 11.310199999999998
28.884500000000006 11.310400000000001
28.297300000000003 11.300700000000003
28.33319999999999 11.2937
28.441900000000004 11.307900000000002
29.059199999999997 11.308600000000002
28.617699999999996 11.297500000000001
28.940499999999993 11.344999999999999
28.49900000000001 11.306500000000003
28.121199999999995 11.283800000000001
28.110300000000006 11.3021
28.7244 11.310599999999999
28.7326 11.3307
28.8757 11.343499999999999
28.73869999999999 11.3604
28.675800000000006 11.333699999999999
28.825599999999994 11.3313
28.659799999999997 11.333100000000002
32.975 11.622610000000003
28.611600000000003 11.312500000000004
29.5393 11.649899999999999
28.815500000000004 11.325800000000001
28.5547 11.3302
29.181399999999996 11.3377
28.8618 11.3365
28.741899999999998 11.3428
28.345 11.3371
28.7756 11.345100000000002
28.384100000000007 11.342399999999998
28.324299999999997 11.3184
28.414700000000003 11.312300000000002
28.672000000000004 11.3159
28.565799999999996 11.3058
28.45190000000001 11.308300000000001
28.39140000000001 11.317499999999999
28.38510000000001 11.306299999999998
28.1481 11.310300000000002
28.339799999999993 11.3093
28.67249999999999 11.3261
28.640000000000004 11.314799999999998
28.684200000000004 11.320900000000002
28.616499999999995 11.3264
28.183200000000003 11.3195
28.423899999999996 11.298699999999998
28.615999999999996 11.312800000000003
28.520300000000002 11.305000000000003
28.135600000000004 11.302100000000001
28.225799999999996 11.307999999999998
28.467300000000005 11.3206
28.372600000000002 11.3182
28.45860000000001 11.300199999999998
28.605700000000006 11.312799999999998
28.749700000000004 11.314700000000002
28.997400000000006 11.3266
28.45480000000001 11.3279
28.527700000000006 11.3129
28.778 11.305899999999998
28.8812 11.3085
28.764499999999998 11.3084
28.701 11.317
28.4344 11.3071
29.054100000000005 11.346900000000003
28.832400000000003 11.336199999999998
28.579 11.316600000000001
28.350499999999997 11.311200000000001
28.767599999999998 11.317199999999998
28.83210000000001 11.3241
29.0406 11.331199999999999
28.854799999999997 11.325099999999997
29.1524 11.349
31.886499999999995 11.692700000000004
34.548500000000004 11.9351
29.857399999999995 11.588900000000002
31.030600000000003 11.64348
31.62901 12.002500000000001
28.55169999999999 11.268400000000002
29.922000000000004 11.631699999999997
29.166999999999998 11.301000000000002
28.8664 11.3077
29.215499999999995 11.3371
29.072700000000008 11.359199999999998
29.090899999999998 11.354699999999998
28.943199999999997 11.343300000000003
29.0454 11.3463
28.727999999999998 11.334300000000002
28.679200000000005 11.333099999999998
29.324699999999996 11.3703
29.014399999999995 11.3534
28.981799999999996 11.3574
29.423099999999998 11.363000000000003
28.8153 11.345400000000001
29.3842 11.3662
28.767300000000002 11.362499999999999
28.605000000000008 11.3532
29.033999999999992 11.351900000000002
29.274400000000007 11.3705
29.38219999999999 11.363199999999999
28.518999999999995 11.3496
29.2463 11.359000000000002
29.5285 11.4188
30.2317 11.452100000000002
29.607099999999996 11.4258
28.955399999999994 11.447899999999999
29.5333 11.498999999999999
29.480399999999996 11.3978
34.01674999999999 11.62241
29.7452 11.3219
30.878800000000002 11.673200000000001
32.6564768 11.7226
29.845200000000006 11.293700000000001
30.396600000000003 11.654799999999998
32.4707 11.6497
29.778900000000004 11.292000000000002
30.477899999999998 11.6327
29.717899999999997 11.299500000000002
29.077999999999992 11.311
29.7574 11.330199999999998
29.97929999999999 11.3359
30.090000000000007 11.3509
29.7209 11.341199999999997
29.8187 11.3547
30.079700000000003 11.3598
29.878 11.360399999999997
29.9267 11.351799999999999
29.157900000000005 11.3481
29.813600000000008 11.364099999999997
29.525800000000004 11.367299999999997
29.317300000000003 11.3715
29.493100000000005 11.3738
29.525500000000005 11.370999999999997
29.7452 11.37
29.8436 11.369500000000002
32.7909 11.727854999999998
30.7531 11.672199999999998
30.179300000000005 11.3523
30.359399999999997 11.344800000000001
29.747399999999995 11.331599999999998
32.9537 11.609540999999998
29.883499999999998 11.264899999999999
29.58450000000001 11.289700000000003
29.804399999999998 11.633899999999999
29.4024 11.306199999999999
29.405799999999992 11.311500000000002
29.463099999999994 11.301399999999997
29.204899999999988 11.309000000000005
29.320300000000003 11.3229
29.136599999999994 11.3081
30.5266 11.3575
29.856700000000007 11.3715
29.955099999999995 11.3955
30.421300000000002 11.395099999999998
30.567500000000003 11.419500000000001
29.935499999999998 11.3902
29.504699999999996 11.367999999999999
30.430400000000002 11.382600000000002
30.372099999999996 11.397999999999996
30.331599999999998 11.410900000000002
29.9675 11.3803
29.573 11.372200000000001
29.6257 11.372799999999998
29.783999999999995 11.366
29.787899999999993 11.3689
29.416199999999996 11.3684
29.760399999999997 11.410099999999998
29.50670000000001 11.396
29.82820000000001 11.381800000000002
29.504600000000003 11.366600000000002
30.500400000000006 11.377200000000002
30.06940000000001 11.3896
30.1282 11.411
29.73739999999999 11.395400000000002
31.777753700000005 11.764299999999999
30.65 11.725800000000001
29.884 11.936599999999999
30.071799999999993 11.324800000000002
33.29497 12.0007
31.660500000000003 11.708800000000002
31.119100000000007 11.393800000000002
30.8527 11.379599999999998
31.0751 11.4002
30.8765 11.418500000000002
30.392800000000005 11.4023
30.616300000000003 11.4
30.345 11.4089
30.273100000000003 11.392900000000003
30.970000000000002 11.4043
30.130000000000013 11.399899999999997
30.290700000000005 11.395000000000001
31.074799999999996 11.434000000000001
30.978899999999992 11.434200000000002
31.56750000000001 11.4216
34.714600000000004 12.3249
31.24179999999999 11.7135
30.349899999999998 11.3829
30.26599999999999 11.3982
30.24630000000001 11.4044
29.975199999999997 11.407999999999998
30.3751 11.425699999999999
30.0545 11.4395
30.001800000000006 11.435099999999998
30.112300000000005 11.4389
30.664799999999996 11.449599999999997
30.3088 11.4461
30.4431 11.4414
30.498300000000008 11.4462
29.928699999999996 11.434499999999998
29.562599999999996 11.431
29.769000000000005 11.4338
31.371600000000004 11.511299999999999
30.07560000000001 11.480099999999998
29.417800000000007 11.5362
29.7411 11.604499999999998
30.02659999999999 11.5128
29.7574 11.468399999999999
30.231599999999997 11.4775
30.21850000000001 11.471799999999998
30.46560000000001 11.4723
29.651100000000003 11.464600000000003
29.9855 11.475499999999998
30.65320000000001 11.5437
30.623500000000003 11.504700000000005
30.6585 11.5169
30.114199999999997 11.472600000000002
29.953000000000003 11.461300000000003
29.815999999999992 11.452599999999999
30.1004 11.448099999999998
30.517200000000006 11.467200000000004
30.4358 11.4602
30.1182 11.456600000000003
30.25089999999999 11.4627
