17.77 11.459999999999999
16.189999999999998 11.44
17.7 11.450000000000001
20.26 11.49
19.29 11.5
16.580000000000002 11.459999999999999
17.9 11.459999999999999
16.16 11.450000000000001
22.61 11.49
17.31 11.469999999999999
17.7 11.469999999999999
16.04 11.44
18.38 11.44
21.14 11.469999999999999
18.14 11.469999999999999
16.16 11.459999999999999
17.75 11.459999999999999
18.04 11.450000000000001
21.95 11.5
16.259999999999998 11.469999999999999
17.919999999999998 11.450000000000001
16.21 11.450000000000001
20.87 11.459999999999999
19.24 11.49
17.87 11.459999999999999
16.16 11.450000000000001
17.82 11.450000000000001
20.24 11.459999999999999
20.02 11.5
16.189999999999998 11.459999999999999
17.849999999999998 11.450000000000001
16.16 11.43
22.41 11.469999999999999
17.77 11.469999999999999
17.87 11.469999999999999
16.24 11.44
17.990000000000002 11.44
21.17 11.5
18.82 11.469999999999999
16.21 11.469999999999999
17.87 11.44
17.599999999999998 11.43
21.66 11.49
17.41 11.469999999999999
17.9 11.459999999999999
16.189999999999998 11.450000000000001
20.169999999999998 11.450000000000001
20.19 11.49
17.849999999999998 11.450000000000001
16.31 11.43
17.94 11.43
19.6 11.450000000000001
20.9 11.5
16.31 11.450000000000001
18.02 11.450000000000001
16.21 11.450000000000001
21.66 11.469999999999999
18.68 11.469999999999999
17.87 11.450000000000001
16.24 11.43
17.9 11.43
20.43 11.469999999999999
19.8 11.49
16.189999999999998 11.450000000000001
17.849999999999998 11.44
16.41 11.43
22.63 11.459999999999999
18.04 11.469999999999999
17.9 11.450000000000001
16.38 11.43
18.19 11.450000000000001
21.04 11.469999999999999
19.31 11.459999999999999
16.36 11.43
18.04 11.43
17.24 11.43
22.36 11.49
17.580000000000002 11.459999999999999
18.16 11.44
16.41 11.44
19.040000000000003 11.450000000000001
20.73 11.49
18.970000000000002 11.459999999999999
16.28 11.44
18.14 11.41
18.240000000000002 11.41
21.97 11.5
16.89 11.459999999999999
18.07 11.450000000000001
16.48 11.44
20.39 11.450000000000001
19.900000000000002 11.49
18.38 11.459999999999999
16.46 11.450000000000001
17.990000000000002 11.450000000000001
19.56 11.450000000000001
21.19 11.5
16.6 11.459999999999999
18.12 11.44
16.41 11.43
23.41 11.459999999999999
19.43 11.52
18.16 11.469999999999999
16.48 11.44
17.990000000000002 11.44
20.75 11.459999999999999
19.78 11.5
16.28 11.459999999999999
18.04 11.450000000000001
16.41 11.43
22.95 11.469999999999999
17.8 11.49
18.12 11.450000000000001
16.31 11.450000000000001
18.9 11.450000000000001
21.68 11.5
18.360000000000003 11.469999999999999
16.33 11.450000000000001
18.09 11.44
19.46 11.459999999999999
21.240000000000002 11.5
16.33 11.44
18.16 11.44
16.6 11.450000000000001
22.58 11.49
18.12 11.469999999999999
18.07 11.450000000000001
16.43 11.44
18.07 11.44
21.83 11.49
19.509999999999998 11.459999999999999
17.19 11.44
18.7 11.44
18.459999999999997 11.450000000000001
23.830000000000002 11.49
17.11 11.450000000000001
18.63 11.459999999999999
17.04 11.44
22.8 11.450000000000001
19.46 11.49
18.21 11.459999999999999
16.48 11.43
18.21 11.450000000000001
21.529999999999998 11.469999999999999
19.29 11.459999999999999
16.48 11.44
18.07 11.450000000000001
17.26 11.44
23.75 11.51
16.48 11.450000000000001
18.360000000000003 11.450000000000001
16.53 11.43
21.73 11.44
19.38 11.51
18.33 11.469999999999999
16.5 11.459999999999999
18.19 11.44
22.439999999999998 11.469999999999999
22.34 11.5
16.7 11.469999999999999
18.509999999999998 11.459999999999999
17.75 11.459999999999999
23.9 11.5
16.650000000000002 11.459999999999999
18.310000000000002 11.469999999999999
16.6 11.459999999999999
22.85 11.469999999999999
18.43 11.5
18.26 11.459999999999999
16.580000000000002 11.450000000000001
18.19 11.469999999999999
22.66 11.5
18.63 11.469999999999999
16.669999999999998 11.459999999999999
18.33 11.450000000000001
20.65 11.459999999999999
20.580000000000002 11.51
16.6 11.459999999999999
18.38 11.459999999999999
16.650000000000002 11.44
24.12 11.5
17.19 11.469999999999999
18.43 11.459999999999999
16.650000000000002 11.459999999999999
21.560000000000002 11.469999999999999
19.85 11.51
18.26 11.469999999999999
16.7 11.450000000000001
18.38 11.469999999999999
22.36 11.5
19.24 11.469999999999999
16.7 11.469999999999999
18.38 11.459999999999999
19.900000000000002 11.459999999999999
21.529999999999998 11.51
16.75 11.459999999999999
18.459999999999997 11.450000000000001
16.82 11.459999999999999
24.15 11.5
17.36 11.469999999999999
18.38 11.459999999999999
16.75 11.44
21.88 11.469999999999999
19.650000000000002 11.51
18.41 11.469999999999999
16.82 11.459999999999999
18.48 11.469999999999999
22.66 11.469999999999999
19.07 11.5
16.77 11.459999999999999
18.65 11.459999999999999
20.61 11.459999999999999
21.22 11.5
16.77 11.450000000000001
18.529999999999998 11.459999999999999
16.77 11.450000000000001
24.099999999999998 11.51
17.65 11.49
18.58 11.459999999999999
16.82 11.459999999999999
21.88 11.469999999999999
19.869999999999997 11.5
18.509999999999998 11.469999999999999
16.8 11.450000000000001
18.55 11.450000000000001
22.27 11.5
19.36 11.49
20.830000000000002 11.469999999999999
18.43 11.469999999999999
19.07 11.459999999999999
22.61 11.52
16.7 11.469999999999999
18.16 11.459999999999999
16.5 11.469999999999999
22.88 11.5
17.7 11.469999999999999
17.9 11.469999999999999
16.259999999999998 11.459999999999999
18.92 11.459999999999999
21.48 11.49
17.919999999999998 11.469999999999999
16.43 11.459999999999999
17.97 11.469999999999999
20.97 11.49
19.68 11.49
16.53 11.459999999999999
18.12 11.459999999999999
17.04 11.44
23.66 11.5
16.63 11.469999999999999
18.04 11.469999999999999
16.48 11.450000000000001
22.24 11.49
18.55 11.52
18.12 11.49
16.580000000000002 11.469999999999999
18.12 11.469999999999999
22.09 11.52
18.87 11.5
16.580000000000002 11.459999999999999
18.12 11.469999999999999
19.07 11.469999999999999
21.92 11.51
16.6 11.49
18.14 11.469999999999999
16.6 11.459999999999999
23.0 11.5
18.16 11.5
18.360000000000003 11.49
20.29 11.49
18.58 11.5
22.41 11.540000000000001
18.75 11.51
16.8 11.49
18.360000000000003 11.469999999999999
19.900000000000002 11.469999999999999
21.41 11.51
16.77 11.469999999999999
18.29 11.469999999999999
16.77 11.459999999999999
23.169999999999998 11.5
18.240000000000002 11.49
18.459999999999997 11.469999999999999
16.82 11.469999999999999
18.33 11.469999999999999
22.66 11.540000000000001
18.9 11.52
16.89 11.49
