11.5941 28.52824900000001
10.874489999999994 28.141650000000006
10.908280000000001 27.809887
10.68934000000001 27.69486000000001
10.760100000000003 27.727150000000005
10.679110000000005 27.758610000000004
10.727850000000002 27.83485000000003
10.696870000000011 27.720319999999997
10.65862000000001 27.697040000000015
10.737010000000009 27.75040999999999
10.757630000000011 27.666389999999996
10.767874000000017 27.758174000000015
10.667160000000003 27.76323999999999
10.664280000000003 27.692540000000022
10.756970000000003 27.81755000000001
10.70983 27.79879999999998
10.593139999999988 27.563720000000018
10.547760000000002 27.679470000000013
10.486050000000004 27.679800000000014
10.502896999999987 27.712330000000023
10.496890000000008 27.616340000000044
10.540850000000004 27.70558
10.564180000000011 27.677960000000017
10.546040000000001 27.691070000000018
10.939900000000002 27.895550000000004
10.62299000000001 27.823170000000026
10.561520000000007 27.679400000000033
10.573950000000005 27.69933000000003
10.570010000000005 27.643060000000013
10.477530000000002 27.68428000000004
10.451819999999993 27.632540000000006
10.4894 27.762620000000034
10.548980000000002 27.701520000000023
10.579810000000002 27.724990000000037
10.519409999999995 27.69176000000001
10.53505999999999 27.651880000000034
10.602509999999997 27.759290000000014
10.55157999999999 27.69143000000003
10.573999999999993 27.639250000000025
10.581850000000003 27.64851000000001
10.519989999999991 27.593700000000027
10.557570000000013 27.61939000000002
10.556609999999997 27.637770000000007
10.625510000000011 27.639310000000023
10.635280000000002 27.65546000000002
10.680150000000005 27.710000000000022
10.694200000000016 27.64331000000005
10.723060000000013 27.642460000000014
10.737910000000012 27.680980000000044
10.700000000000008 27.668800000000022
10.696280000000005 27.603340000000028
10.793360000000018 27.70493000000001
10.820920000000012 27.89571000000004
10.755580000000023 27.686830000000022
10.68736 27.582330000000017
10.745180000000012 27.64112000000003
10.70323000000001 27.611920000000033
10.677210000000011 27.632480000000033
10.660120000000003 27.59171000000004
13.435680000000003 29.42986000000005
11.54395 28.96230199999999
10.836713000000005 28.195880000000013
13.025183000000009 29.214409000000014
10.994230000000007 28.86355000000001
10.870700000000006 28.163359999999997
10.865020000000012 28.240080000000038
10.692520000000012 28.150420000000032
10.772440000000017 28.185120000000012
10.77469000000001 28.127100000000038
10.801130000000006 28.095080000000035
10.76107000000001 28.05227000000003
10.64297000000001 28.07525000000006
10.588770000000004 28.10305000000004
10.604460000000007 28.068820000000045
10.645020000000004 28.04336000000004
10.679930000000002 28.08915000000003
10.624860000000005 27.999750000000034
10.731140000000009 28.192340000000023
10.689050000000005 28.10661
10.708660000000014 28.038450000000015
10.730750000000008 28.033970000000018
10.76337000000001 28.041920000000037
10.709410000000009 28.015950000000018
10.668748 28.07448000000003
10.631340000000007 28.068060000000038
10.633910000000002 28.014320000000048
10.655220000000009 28.020550000000032
10.780250000000011 28.146620000000045
10.739646000000008 28.010670000000037
10.629550000000009 27.970960000000034
10.612950000000003 27.953620000000047
10.717020000000014 27.975010000000033
10.735950000000011 27.922380000000054
10.769550000000015 27.956020000000002
10.771410000000012 27.893890000000027
10.764140000000006 27.92052000000001
10.772260000000012 27.94907000000004
10.77334000000001 27.96903000000002
10.77292000000001 27.855310000000017
10.761410000000012 27.883190000000006
10.64677 27.908260000000013
10.635290000000001 27.884710000000002
10.615710000000009 27.922530000000023
10.602040000000008 27.948160000000016
14.793411999999998 29.405566800000027
11.106360000000008 28.54901000000002
11.13589000000001 28.427800000000016
10.740510000000015 27.987110000000015
10.680450000000015 27.95287000000003
10.659930000000012 27.956740000000025
10.724600000000011 27.91007000000002
10.83102000000001 27.952959999999983
10.74587000000001 27.93506000000003
10.691670000000014 27.895830000000004
10.689000000000014 27.93065000000003
10.693000000000001 27.956880000000012
10.66622 27.89168000000002
10.694890000000004 27.941720000000004
10.735000000000012 27.855640000000008
10.694460000000005 27.90167000000001
10.668540000000009 27.920510000000036
11.277690000000016 28.095987999999977
23.691738700000016 33.41950190000003
11.737517000000022 26.653201999999983
12.035122000000015 25.463575000000006
10.44794500000001 24.491780000000006
11.525590000000012 27.30680000000002
12.122760000000014 29.85407000000002
30.02692100000003 34.651527000000016
9.636364000000006 21.772059999999996
12.319336000000009 28.83230000000002
41.33145200000003 43.71541057000001
12.38592000000001 29.143195000000006
11.366550000000013 26.743273699999964
11.569736999999995 27.652464999999992
11.182740000000004 25.987444000000004
10.617579999999997 26.259559999999993
11.168450000000009 27.624689999999998
13.760551999999993 28.672306000000003
11.177990000000005 27.62104999999999
12.377519999999992 27.600386999999994
10.959280000000005 27.230189999999986
11.009879999999999 27.427809999999976
11.101010000000008 26.979730000000004
10.976390000000007 27.08504999999999
10.960850000000002 26.90703
11.646580000000013 27.232550000000007
10.963540000000005 27.071710000000003
10.81319 26.827240000000003
10.879920000000004 26.91868999999999
11.07952000000001 27.154279999999993
10.955760000000009 27.060000000000016
10.944580000000013 27.01127999999999
10.851949999999997 26.877039999999997
10.827660000000009 26.87695999999998
10.91007 26.81647000000001
10.883000000000012 26.89459999999999
10.91716000000001 26.808350000000008
12.544654000000005 27.93879000000001
11.131869999999997 27.420140000000032
10.838449999999991 26.825890000000012
10.807230000000008 26.864880000000014
10.844360000000004 26.90591
10.90528 26.924239999999998
10.94800000000001 26.892710000000005
10.957049999999995 26.97418000000002
10.95871000000001 27.059330000000013
10.935280000000017 26.952720000000006
12.047220000000014 27.03231999999999
10.959180000000007 26.97859000000003
10.980400000000024 27.13701000000002
11.03393000000001 27.052210000000017
11.114260000000007 27.19752700000001
10.580439999999982 27.040420000000026
10.568389999999996 27.035519999999984
10.670790000000002 27.130190000000017
10.671999999999986 27.009620000000005
10.695279999999995 26.981579999999987
10.643200000000002 26.996030000000008
11.125093999999981 27.102370000000008
10.641170999999988 27.110079999999996
10.81825999999999 27.122610000000012
10.74462 27.10550999999998
10.766220000000006 27.028810000000014
10.714080000000003 26.992560000000015
10.721769999999994 27.011640000000014
10.69296 27.040109999999995
10.751459999999998 27.106420000000004
10.661310000000004 27.035919999999997
10.669440000000002 27.017149999999994
10.558589999999999 26.97937000000002
10.555799999999982 26.981170000000027
10.636629999999998 27.078520000000005
10.680739999999995 26.981370000000005
10.70740000000001 26.995780000000014
10.71605 26.965270000000018
10.6729 26.978290000000023
10.581579999999994 26.902359999999998
10.648319999999998 26.966470000000008
10.767259999999993 27.068989999999992
10.849700000000006 27.166080000000015
10.637760000000004 27.050720000000005
10.533100000000006 26.982150000000033
10.511929999999987 26.935429999999993
10.556200000000002 26.99442000000002
10.548499999999992 26.965080000000025
10.53097 27.00281
10.526459999999997 26.968310000000002
10.489019999999996 27.05108
10.464589999999989 27.152439999999995
10.476770000000004 27.15884000000002
10.598579999999991 27.256120000000028
10.57844 27.193540000000016
10.577679999999996 27.084240000000005
10.54661 27.022789999999997
10.502209999999994 26.999319999999994
10.513420000000005 27.09196000000002
10.518270000000003 27.019510000000015
10.521680000000002 26.99129
10.573310000000001 26.96501
10.530789999999996 26.936430000000026
10.476329999999999 26.926459999999995
10.477409999999995 26.944570000000013
10.561909999999997 26.97352
10.548279999999998 27.031590000000023
10.58065 27.00507999999998
10.566590000000001 27.03333
10.681730000000007 26.947530000000015
10.643120000000003 26.995949999999997
10.787076999999998 27.050010000000015
10.633010000000013 26.950699999999994
10.637800000000002 26.89005000000003
10.608670000000002 26.866930000000007
10.559989999999994 26.83020000000001
10.57705999999999 26.839470000000016
10.594429999999996 26.850990000000007
10.570590000000008 26.828130000000016
10.595120000000001 26.89439000000003
10.660770000000005 26.831370000000003
10.689850000000007 26.82741000000001
10.685960000000016 26.878360000000022
10.69487 26.83389
10.674800000000007 26.90117999999999
10.68583 26.867170000000012
10.862980000000007 26.870470000000026
10.647089999999997 26.87237000000001
10.707340000000007 26.92165000000002
11.356150000000003 26.996486000000008
10.644319999999997 27.000150000000023
10.708249999999982 27.02284
10.702460000000007 27.04810000000002
10.708350000000005 26.84355000000004
10.753120000000012 26.924590000000016
10.717100000000002 26.879020000000015
10.866090000000005 27.02120000000003
10.933759999999996 27.13093000000001
10.712609999999994 26.933030000000013
14.525218000000004 30.67103110000001
11.563330000000004 28.924960000000034
10.986480000000014 27.07710000000003
10.76442 26.965700000000027
10.785749999999997 27.0882
10.76228000000001 26.93697000000003
10.697500000000007 27.047480000000018
10.709490000000006 27.160019999999996
10.981110000000001 27.240090000000016
11.541989 27.206664000000018
10.78552000000001 27.074970000000004
10.781110000000009 27.015190000000022
10.908830000000005 27.09814600000001
10.771770000000007 27.066980000000036
10.836660000000006 27.03547000000001
10.739160000000002 26.98926000000002
10.783280000000003 26.986060000000016
10.762620000000013 27.05802000000003
10.711590000000013 26.913619999999995
10.753080000000008 27.00521000000002
10.725499999999998 26.979860000000034
10.685490999999999 26.996730000000017
10.816195999999993 27.105020000000025
10.71522000000001 27.044710000000006
10.67893000000001 26.966290000000033
10.701750000000006 27.018690000000017
10.808570000000005 26.993150000000014
10.745700000000003 27.007330000000014
10.753239999999998 27.067510000000016
10.745070000000002 27.007590000000008
10.640479999999998 26.985300000000013
