18.48 11.459999999999999
22.8 11.459999999999999
25.929999999999996 11.540000000000001
19.85 11.5
18.970000000000002 11.450000000000001
19.919999999999998 11.450000000000001
21.7 11.450000000000001
23.51 11.52
18.8 11.459999999999999
19.7 11.44
19.68 11.44
24.560000000000002 11.459999999999999
20.21 11.5
19.8 11.459999999999999
18.73 11.43
21.39 11.44
23.36 11.450000000000001
20.78 11.469999999999999
18.92 11.41
19.900000000000002 11.43
20.75 11.43
24.88 11.459999999999999
18.87 11.469999999999999
19.919999999999998 11.450000000000001
18.970000000000002 11.44
22.36 11.450000000000001
23.24 11.5
19.85 11.459999999999999
18.9 11.43
19.73 11.44
21.48 11.44
23.9 11.49
18.6 11.450000000000001
19.509999999999998 11.43
18.970000000000002 11.41
24.19 11.43
20.78 11.49
19.82 11.44
18.33 11.41
19.6 11.4
22.07 11.39
17.11 11.4
15.190000000000001 11.32
14.92 11.25
16.189999999999998 11.23
18.33 11.32
14.06 11.27
14.280000000000001 11.23
14.31 11.219999999999999
18.459999999999997 11.25
16.06 11.29
14.67 11.23
14.21 11.23
15.329999999999998 11.23
19.040000000000003 11.25
15.65 11.32
14.430000000000001 11.24
14.6 11.25
15.21 11.23
19.24 11.28
14.180000000000001 11.29
14.38 11.23
14.04 11.24
14.82 11.24
17.82 11.25
16.09 11.3
14.26 11.24
14.62 11.24
14.16 11.24
17.46 11.25
16.97 11.3
14.499999999999998 11.24
14.180000000000001 11.24
14.62 11.24
16.48 11.24
18.360000000000003 11.3
14.280000000000001 11.25
14.87 11.24
14.31 11.23
16.82 11.24
18.16 11.3
14.92 11.25
14.580000000000002 11.24
15.040000000000001 11.24
16.55 11.24
18.9 11.3
14.649999999999999 11.25
15.260000000000002 11.24
14.7 11.24
17.19 11.25
19.040000000000003 11.27
15.229999999999999 11.25
14.87 11.24
15.14 11.24
17.19 11.24
19.09 11.29
15.260000000000002 11.27
15.620000000000001 11.24
15.14 11.24
18.33 11.25
20.41 11.33
15.65 11.3
14.97 11.25
15.55 11.24
18.14 11.27
18.459999999999997 11.29
15.14 11.24
15.53 11.27
15.260000000000002 11.25
17.5 11.27
19.09 11.3
15.6 11.28
14.99 11.25
16.580000000000002 11.25
18.12 11.27
17.41 11.3
15.190000000000001 11.27
15.89 11.27
17.19 11.27
19.650000000000002 11.29
15.770000000000001 11.3
15.840000000000002 11.27
15.160000000000002 11.25
17.26 11.27
19.46 11.29
15.72 11.29
15.14 11.27
15.870000000000001 11.28
18.16 11.28
18.9 11.32
15.58 11.29
15.89 11.28
15.989999999999998 11.25
18.529999999999998 11.29
18.19 11.33
16.02 11.28
15.409999999999998 11.27
17.16 11.29
18.04 11.29
18.48 11.32
15.8 11.28
15.920000000000002 11.28
17.09 11.27
19.29 11.3
16.48 11.3
16.09 11.27
15.379999999999999 11.27
18.360000000000003 11.28
19.31 11.28
16.189999999999998 11.29
15.55 11.27
16.14 11.27
17.68 11.28
20.24 11.34
15.65 11.33
16.14 11.27
16.41 11.27
18.29 11.28
18.310000000000002 11.3
16.04 11.27
15.6 11.27
17.87 11.27
18.459999999999997 11.28
17.599999999999998 11.35
15.55 11.27
16.14 11.25
18.19 11.28
19.56 11.33
15.55 11.32
16.259999999999998 11.28
16.24 11.28
18.63 11.29
18.68 11.34
16.259999999999998 11.3
15.479999999999999 11.28
18.360000000000003 11.29
18.73 11.3
17.330000000000002 11.33
15.620000000000001 11.28
16.6 11.28
18.529999999999998 11.29
19.36 11.34
15.67 11.32
16.33 11.29
17.19 11.28
19.21 11.29
17.68 11.379999999999999
16.46 11.32
15.870000000000001 11.3
19.31 11.3
19.02 11.34
16.48 11.35
15.920000000000002 11.32
17.630000000000003 11.3
18.6 11.3
18.63 11.39
15.89 11.3
16.46 11.29
17.97 11.32
20.68 11.33
15.97 11.32
16.6 11.29
16.28 11.3
18.529999999999998 11.32
19.919999999999998 11.34
16.63 11.32
15.989999999999998 11.3
17.68 11.3
20.97 11.33
16.7 11.34
16.06 11.3
16.97 11.3
17.9 11.3
20.87 11.35
16.02 11.32
16.6 11.3
17.7 11.3
21.240000000000002 11.34
16.16 11.360000000000001
16.97 11.33
16.650000000000002 11.32
19.8 11.34
19.24 11.41
16.939999999999998 11.379999999999999
16.259999999999998 11.33
18.55 11.33
20.73 11.35
20.65 11.44
16.28 11.379999999999999
16.6 11.360000000000001
19.139999999999997 11.379999999999999
20.07 11.41
16.46 11.379999999999999
16.89 11.360000000000001
16.97 11.35
17.97 11.35
19.6 11.39
17.919999999999998 11.4
17.53 11.35
19.36 11.360000000000001
20.19 11.379999999999999
17.41 11.39
17.02 11.35
18.07 11.34
19.17 11.35
20.39 11.39
16.650000000000002 11.35
16.97 11.35
18.68 11.360000000000001
20.95 11.360000000000001
16.55 11.360000000000001
16.869999999999997 11.34
16.82 11.35
17.53 11.35
20.849999999999998 11.379999999999999
18.6 11.4
16.55 11.360000000000001
18.16 11.35
20.21 11.35
18.14 11.360000000000001
16.580000000000002 11.35
16.89 11.35
18.77 11.34
21.02 11.39
16.77 11.41
16.89 11.379999999999999
17.330000000000002 11.35
19.8 11.360000000000001
19.85 11.360000000000001
16.919999999999998 11.360000000000001
16.580000000000002 11.35
18.7 11.35
20.61 11.360000000000001
17.26 11.4
16.6 11.360000000000001
16.89 11.379999999999999
17.919999999999998 11.360000000000001
22.0 11.39
16.7 11.4
16.85 11.379999999999999
17.48 11.35
19.7 11.379999999999999
19.38 11.379999999999999
16.97 11.360000000000001
16.48 11.360000000000001
18.16 11.360000000000001
20.43 11.360000000000001
18.12 11.43
