20.02 15.010000000000002
20.53 15.010000000000002
18.82 15.010000000000002
17.97 15.010000000000002
21.58 15.010000000000002
20.61 15.010000000000002
18.68 15.040000000000001
16.77 14.99
20.24 15.010000000000002
18.55 15.010000000000002
22.8 15.040000000000001
17.5 15.010000000000002
19.259999999999998 15.010000000000002
20.36 15.040000000000001
21.19 15.010000000000002
18.529999999999998 15.040000000000001
18.990000000000002 15.010000000000002
18.310000000000002 14.99
20.34 15.010000000000002
20.34 15.010000000000002
18.55 15.010000000000002
17.04 15.010000000000002
21.46 15.010000000000002
18.19 15.010000000000002
21.04 15.010000000000002
16.97 15.010000000000002
19.8 14.99
19.509999999999998 15.010000000000002
22.0 15.010000000000002
16.99 15.010000000000002
18.68 15.010000000000002
19.509999999999998 15.010000000000002
19.53 15.010000000000002
20.46 15.010000000000002
18.68 15.010000000000002
17.849999999999998 14.99
21.07 15.010000000000002
20.19 15.010000000000002
18.95 15.010000000000002
17.07 15.010000000000002
20.31 15.010000000000002
18.6 14.99
22.24 15.010000000000002
17.48 15.040000000000001
19.12 15.010000000000002
20.169999999999998 15.010000000000002
21.0 15.010000000000002
18.12 15.010000000000002
18.65 14.99
18.8 14.99
20.36 15.010000000000002
20.51 15.040000000000001
18.68 15.010000000000002
17.07 14.99
21.48 15.010000000000002
19.259999999999998 15.010000000000002
21.14 15.010000000000002
17.48 15.010000000000002
20.39 15.040000000000001
19.46 15.010000000000002
22.39 15.040000000000001
17.41 15.040000000000001
19.24 15.040000000000001
20.24 15.040000000000001
20.09 15.040000000000001
20.8 15.040000000000001
19.09 15.040000000000001
17.990000000000002 15.040000000000001
21.51 15.010000000000002
20.7 15.010000000000002
19.17 15.040000000000001
17.26 15.010000000000002
20.849999999999998 15.010000000000002
18.38 15.010000000000002
22.02 15.040000000000001
17.16 15.040000000000001
19.21 15.010000000000002
20.61 15.010000000000002
20.53 15.040000000000001
19.8 15.040000000000001
19.040000000000003 15.010000000000002
18.82 15.010000000000002
21.14 15.040000000000001
20.9 15.010000000000002
19.24 15.06
17.380000000000003 15.010000000000002
21.39 15.010000000000002
18.360000000000003 15.010000000000002
22.46 15.040000000000001
17.26 15.010000000000002
19.6 15.010000000000002
20.51 15.010000000000002
21.88 15.040000000000001
18.38 15.06
19.12 15.040000000000001
19.650000000000002 15.040000000000001
20.36 15.040000000000001
23.32 15.06
19.24 15.040000000000001
17.599999999999998 15.040000000000001
22.189999999999998 15.040000000000001
17.580000000000002 15.010000000000002
22.36 15.040000000000001
17.43 15.040000000000001
20.95 15.010000000000002
18.970000000000002 15.040000000000001
21.95 15.010000000000002
18.41 15.06
19.38 15.010000000000002
20.630000000000003 15.010000000000002
19.189999999999998 15.010000000000002
21.07 15.06
19.259999999999998 15.010000000000002
19.56 15.010000000000002
20.48 15.010000000000002
20.8 15.010000000000002
19.34 15.040000000000001
17.97 15.010000000000002
22.09 15.010000000000002
17.5 15.010000000000002
22.41 15.040000000000001
17.26 15.010000000000002
21.240000000000002 14.99
18.04 14.99
22.36 15.010000000000002
17.549999999999997 15.010000000000002
19.85 15.010000000000002
20.21 15.010000000000002
20.34 15.010000000000002
19.900000000000002 15.010000000000002
19.24 15.010000000000002
19.919999999999998 15.010000000000002
20.29 15.010000000000002
20.95 15.010000000000002
19.21 15.010000000000002
18.9 15.010000000000002
21.04 15.040000000000001
20.560000000000002 15.040000000000001
19.53 15.06
17.31 15.010000000000002
20.9 15.010000000000002
18.75 15.010000000000002
22.66 15.040000000000001
18.26 15.040000000000001
20.560000000000002 15.040000000000001
18.04 15.010000000000002
24.37 15.040000000000001
17.94 15.010000000000002
19.38 15.010000000000002
19.580000000000002 15.010000000000002
22.17 15.040000000000001
19.580000000000002 15.040000000000001
19.38 15.040000000000001
20.09 15.040000000000001
20.24 15.010000000000002
21.07 15.040000000000001
19.36 15.040000000000001
18.82 15.010000000000002
21.36 15.010000000000002
21.04 15.010000000000002
19.36 15.010000000000002
18.02 14.99
22.61 15.010000000000002
18.85 15.010000000000002
21.95 15.06
17.919999999999998 15.040000000000001
21.58 15.010000000000002
19.09 15.010000000000002
22.95 15.06
16.89 15.040000000000001
21.29 15.010000000000002
19.41 15.010000000000002
22.58 15.010000000000002
17.630000000000003 15.010000000000002
19.53 15.010000000000002
20.24 15.010000000000002
20.41 15.010000000000002
20.0 15.06
19.040000000000003 15.010000000000002
20.169999999999998 15.010000000000002
19.97 15.010000000000002
20.21 15.06
19.24 15.010000000000002
19.82 15.010000000000002
20.34 15.010000000000002
21.07 15.040000000000001
19.41 15.040000000000001
19.17 15.010000000000002
20.73 15.010000000000002
20.849999999999998 15.040000000000001
19.040000000000003 15.040000000000001
18.33 15.010000000000002
21.51 15.040000000000001
20.78 15.010000000000002
19.12 15.010000000000002
17.630000000000003 15.010000000000002
21.04 15.010000000000002
20.68 15.010000000000002
20.46 15.040000000000001
17.41 15.010000000000002
21.88 15.010000000000002
20.09 14.99
23.93 15.06
17.26 15.040000000000001
21.7 15.040000000000001
18.02 15.010000000000002
22.53 15.040000000000001
17.36 15.010000000000002
20.65 15.010000000000002
19.12 15.010000000000002
22.58 15.040000000000001
17.41 15.040000000000001
20.29 15.010000000000002
19.75 15.010000000000002
22.97 15.040000000000001
17.41 15.040000000000001
19.31 15.010000000000002
20.48 15.040000000000001
21.26 15.010000000000002
18.73 15.040000000000001
19.17 15.010000000000002
20.14 15.010000000000002
19.900000000000002 14.99
21.17 15.040000000000001
19.43 15.010000000000002
19.12 14.99
20.560000000000002 14.99
20.8 15.040000000000001
19.12 15.010000000000002
18.360000000000003 15.010000000000002
21.9 15.040000000000001
21.240000000000002 15.040000000000001
19.63 15.06
17.41 15.010000000000002
22.509999999999998 15.010000000000002
18.6 15.010000000000002
21.41 15.010000000000002
17.380000000000003 15.010000000000002
21.97 15.010000000000002
18.58 15.010000000000002
22.88 15.040000000000001
17.65 15.040000000000001
20.61 15.010000000000002
19.63 14.99
22.73 15.010000000000002
17.48 15.010000000000002
19.12 14.99
20.65 14.99
20.46 14.99
19.34 15.040000000000001
19.040000000000003 14.99
19.650000000000002 14.99
20.02 14.99
20.68 15.010000000000002
18.95 14.99
18.04 14.99
21.17 15.010000000000002
20.48 14.99
18.85 15.010000000000002
17.11 14.99
21.48 14.99
18.26 15.040000000000001
22.0 15.040000000000001
17.24 14.99
20.26 14.99
19.24 14.99
22.439999999999998 15.010000000000002
17.16 15.010000000000002
18.55 15.010000000000002
20.119999999999997 14.99
20.26 14.99
18.82 15.06
18.68 15.010000000000002
18.73 15.010000000000002
20.24 15.010000000000002
20.53 15.010000000000002
18.970000000000002 15.010000000000002
17.26 14.99
22.07 15.010000000000002
19.040000000000003 14.99
20.39 15.040000000000001
16.939999999999998 14.99
19.56 14.99
19.02 14.99
23.27 15.040000000000001
17.48 15.010000000000002
19.259999999999998 14.99
20.7 14.99
