72.53599999999997 12.8022
71.855 12.7256
71.873 12.790500000000002
71.877 12.748700000000001
72.15499999999999 12.792799999999998
71.42500000000001 12.7918
71.347 12.762800000000002
72.35899999999998 12.787899999999997
70.64200000000001 12.709199999999996
71.31899999999999 12.7224
70.55800000000004 12.800500000000001
69.78500000000001 12.607299999999999
70.66599999999998 12.647300000000003
69.756 12.643900000000002
70.182 12.661399999999997
69.008 12.546599999999996
68.516 12.542599999999998
68.647 12.573800000000002
68.25899999999999 12.579700000000003
67.314 12.4737
66.969 12.432000000000002
67.48600000000002 12.4641
67.422 12.518899999999999
67.596 12.524400000000002
67.16000000000001 12.4524
67.61100000000002 12.529900000000001
66.91 12.428900000000002
66.21300000000001 12.437000000000001
64.909 12.375700000000002
66.485 12.467999999999998
66.968 12.539
66.865 12.491999999999996
68.17099999999999 12.509900000000002
67.896 12.5174
66.97099999999999 12.4743
67.77699999999999 12.411200000000001
67.56400000000001 12.491000000000001
66.43199999999999 12.441099999999999
65.784 12.3758
65.47800000000001 12.314699999999998
63.57799999999999 12.197700000000001
63.223 12.1973
63.494000000000014 12.172499999999998
63.357000000000006 12.115799999999998
61.91000000000001 12.073
60.92200000000002 11.966899999999999
60.50299999999999 11.9179
59.27999999999998 11.854000000000003
58.476000000000006 11.804199999999998
57.359000000000016 11.799699999999996
56.056000000000004 11.649400000000002
55.508999999999986 11.598
54.36399999999999 11.548400000000003
53.437 11.477400000000003
52.08200000000001 11.4093
51.623 11.3741
49.38000000000001 11.2924
48.74499999999999 11.221700000000002
48.657999999999994 11.288100000000004
46.89600000000001 11.136099999999999
44.8787 11.0285
43.186599999999984 10.889600000000002
42.290800000000004 10.828799999999998
41.1079 10.779300000000001
39.965500000000006 10.718799999999998
38.8936 10.611199999999995
37.65109999999999 10.470300000000002
36.34230000000001 10.386000000000001
35.08090000000001 10.3761
33.65010000000001 10.285799999999998
32.858900000000006 10.133700000000003
32.560700000000004 10.159400000000003
31.62869999999999 10.087299999999999
31.0845 9.999699999999997
29.842400000000012 9.9313
28.677499999999995 9.8185
27.3994 9.724999999999996
27.2881 9.666999999999996
25.755699999999994 9.582100000000002
25.4585 9.524500000000002
24.534799999999994 9.4939
24.192199999999996 9.460799999999999
23.750999999999994 9.479399999999998
23.087 9.393999999999998
22.652199999999993 9.356799999999998
22.094000000000005 9.311499999999999
21.1943 9.217199999999998
20.472 9.191399999999998
20.738900000000005 9.124699999999999
19.971600000000002 9.0994
19.491600000000002 9.060500000000001
19.124000000000002 9.0355
18.462600000000002 8.9998
18.203500000000002 8.942900000000002
17.773600000000002 8.9158
17.580600000000004 8.896399999999998
17.3521 8.875099999999998
16.8034 8.8161
16.298 8.785400000000001
16.375100000000007 8.7662
16.1857 8.757000000000001
16.0896 8.756600000000002
16.0931 8.723100000000002
16.67949999999999 8.706299999999999
16.861400000000003 8.712
16.369599999999995 8.682199999999998
15.738000000000001 8.679100000000002
15.5884 8.6729
15.279100000000001 8.664199999999997
14.946100000000003 8.643899999999999
14.599699999999997 8.6151
14.5408 8.6091
14.872000000000002 8.6047
14.732600000000001 8.6151
14.484 8.596700000000004
14.4908 8.596400000000003
14.384899999999998 8.588600000000001
14.5592 8.597000000000001
14.458499999999999 8.5865
14.6587 8.598600000000001
14.489900000000002 8.586799999999998
14.583300000000001 8.586500000000001
14.594900000000003 8.592299999999998
14.686499999999997 8.6004
14.973 8.6127
15.026900000000005 8.6245
15.033000000000001 8.6172
15.324000000000002 8.627400000000002
15.490799999999998 8.630199999999997
15.479600000000001 8.645800000000001
15.837599999999998 8.663699999999999
15.874900000000004 8.671499999999998
16.1515 8.6938
16.48250000000001 8.715300000000003
16.4954 8.719299999999999
17.039499999999997 8.749400000000001
17.2885 8.7786
17.836899999999993 8.820600000000002
18.12109999999999 8.846699999999998
18.717799999999997 8.883399999999998
19.162100000000002 8.914700000000002
19.362800000000004 8.919500000000005
19.5306 8.9568
20.010999999999996 8.9885
21.418100000000003 9.052499999999998
21.9993 9.0935
22.3889 9.137900000000004
22.876700000000003 9.1985
23.550799999999995 9.242600000000001
24.099399999999996 9.326500000000001
24.373900000000003 9.348400000000002
25.1008 9.379000000000001
26.130300000000002 9.4055
27.370599999999996 9.462000000000002
28.200799999999997 9.519599999999997
28.8662 9.6046
29.4951 9.683000000000002
31.052999999999997 9.758400000000004
31.742899999999995 9.859899999999998
32.783 9.954699999999999
33.613800000000005 9.975900000000001
35.1397 10.017999999999997
36.1791 10.1077
36.747400000000006 10.1434
38.456999999999994 10.2572
39.66760000000001 10.320900000000002
41.0982 10.365899999999998
42.851400000000005 10.512599999999999
43.69689999999999 10.610899999999999
45.03480000000001 10.689900000000002
46.53160000000002 10.782900000000001
47.4718 10.893500000000001
48.245 10.976299999999997
49.397999999999996 11.031099999999999
50.684000000000005 11.087799999999996
52.37299999999999 11.1957
53.603999999999985 11.274699999999998
55.13599999999998 11.3539
55.586999999999996 11.384299999999998
57.053999999999995 11.454400000000001
57.82900000000002 11.514000000000001
58.859000000000016 11.630100000000002
59.244 11.609599999999995
60.831 11.742700000000003
60.972 11.7729
62.25599999999998 11.8609
62.69199999999999 11.9319
63.51000000000001 11.954899999999997
64.483 12.003200000000003
64.48499999999999 11.9922
64.63699999999999 12.118099999999998
65.24399999999999 12.1285
64.054 12.017100000000001
65.108 12.052300000000002
65.59900000000002 12.1347
65.50799999999998 12.0903
66.23199999999999 12.185
66.171 12.159800000000002
66.29800000000002 12.196200000000001
66.21900000000002 12.123999999999997
67.19500000000001 12.199000000000002
66.603 12.196000000000002
66.691 12.2674
65.804 12.195500000000001
66.426 12.239100000000004
66.27199999999999 12.234399999999997
66.30999999999999 12.1636
66.21100000000001 12.250600000000002
66.304 12.258499999999998
66.806 12.338399999999998
67.114 12.360000000000001
67.49600000000001 12.396299999999998
67.98600000000002 12.378500000000003
67.942 12.3008
68.12899999999999 12.414300000000003
68.53099999999999 12.440399999999999
68.06299999999997 12.380699999999997
67.36899999999999 12.357899999999999
67.76199999999997 12.372599999999997
68.09500000000001 12.361799999999999
67.905 12.382200000000001
67.548 12.344600000000002
68.07399999999998 12.386999999999999
67.77999999999997 12.4111
68.16 12.444800000000003
68.14800000000001 12.4398
68.351 12.439300000000001
68.899 12.4344
69.309 12.437000000000003
68.349 12.4375
67.32599999999998 12.394
67.649 12.436200000000001
67.78999999999999 12.450499999999998
68.11500000000001 12.4569
67.90599999999999 12.430699999999998
67.63299999999998 12.376100000000001
66.79999999999998 12.3561
66.95300000000002 12.3369
66.28999999999998 12.344900000000006
65.80099999999999 12.237200000000001
64.60599999999998 12.206599999999998
63.48199999999999 12.165799999999996
63.83100000000002 12.1562
63.861999999999995 12.155100000000003
63.556999999999974 12.115199999999998
63.258999999999986 12.125600000000002
63.78799999999999 12.134199999999996
64.03999999999999 12.241400000000004
64.20800000000001 12.272999999999998
65.371 12.224499999999999
67.75499999999998 12.4381
70.70299999999999 12.6088
70.49900000000001 12.632499999999999
69.84199999999998 12.6322
67.22200000000001 12.402700000000001
65.73099999999998 12.2768
64.344 12.190500000000002
64.63299999999998 12.183900000000003
64.818 12.178
64.25299999999999 12.187299999999999
64.71600000000001 12.2095
66.16899999999998 12.2374
66.067 12.226000000000003
67.024 12.261299999999997
72.77199999999999 12.7074
72.75399999999999 12.7279
74.90599999999998 12.901400000000002
75.75299999999999 12.990700000000002
74.62099999999998 12.9307
76.67 12.972800000000001
79.05499999999999 13.199899999999998
78.975 13.228200000000005
79.09599999999999 13.199100000000003
76.99399999999996 13.0335
78.01500000000003 13.1131
78.05899999999998 13.1774
78.66000000000001 13.223099999999999
79.556 13.324799999999998
78.92699999999998 13.3526
78.50399999999999 13.302900000000001
79.99600000000001 13.391799999999998
80.41900000000001 13.414200000000001
81.059 13.347300000000004
81.929 13.334800000000001
79.654 13.3044
81.06099999999998 13.277999999999999
78.52499999999999 13.253299999999998
80.48200000000001 13.325199999999999
