12.841999999999999 7.9350000000000005
13.501000000000001 7.922
12.543 7.916
12.878 7.886
12.696 7.843
12.488 7.849
12.707 7.88
13.11 7.849
13.184000000000001 7.843
13.719999999999999 7.880000000000001
13.477 7.855999999999999
12.171000000000001 7.830000000000001
12.690000000000001 7.880000000000001
12.042 7.855
12.176 7.843
11.707 7.855999999999999
12.305 7.88
12.097 7.843
11.541 7.855999999999999
11.834999999999999 7.8919999999999995
11.45 7.861999999999999
11.645 7.836
12.396 7.971
12.952 7.916
13.012 7.898
12.445 7.88
11.933 7.8740000000000006
12.299000000000001 7.843
11.743 7.866999999999999
11.206 7.861999999999999
11.353 7.868
12.524 7.928
11.731 7.929
11.841 7.855
11.389 7.843
12.024 7.91
11.756 7.843
12.512 7.843
12.305 7.886
11.725 7.861999999999999
11.56 7.830000000000001
11.206 7.868
11.914 7.866999999999999
11.518 7.855999999999999
10.822000000000001 7.861999999999999
11.219 7.855999999999999
11.304 7.843
11.542 7.855999999999999
10.92 7.880000000000001
11.005 7.830000000000001
11.004 7.824000000000001
11.004 7.855999999999999
11.376999999999999 7.836
10.968 7.855999999999999
10.871 7.861999999999999
11.200000000000001 7.824000000000001
11.071 7.843
11.957 7.892
10.437 7.868
10.968 7.8740000000000006
11.243 7.861999999999999
10.974 7.886
11.023 7.855999999999999
10.516 7.837
11.169 7.904
10.248 7.868
10.181 7.843
9.699 7.879
9.302 7.855
9.168 7.85
9.168 7.904
9.241000000000001 7.880000000000001
8.996 7.880000000000001
9.759 7.880000000000001
9.790000000000001 7.861
9.692 7.843
9.625 7.843
9.484 7.843
9.283 7.836
9.448 7.849
10.01 7.861999999999999
9.209999999999999 7.837
9.272 7.837
10.09 7.922
9.271 7.861999999999999
9.704 7.824000000000001
9.167 7.898
9.869 7.836
9.595 7.830000000000001
10.199 7.861999999999999
10.113 7.837
10.424999999999999 7.824000000000001
10.4 7.843
9.912 7.843
10.333 7.861
9.497 7.886
10.681000000000001 7.904
11.529 7.886
10.284 7.886
11.53 7.904
12.152000000000001 7.904
11.657 7.959
11.072000000000001 7.947
11.426 7.971
10.565 7.983
10.877 7.941000000000001
11.658 7.971
12.256 8.001
12.488 8.057
11.945 7.971
11.866 7.947
12.103 8.007
11.92 8.032
11.566 7.965
12.463 8.045
12.0 7.971
11.737 7.922
11.896 7.965
13.225999999999999 8.026
12.952 7.988999999999999
12.243 7.988999999999999
11.725 7.983
11.621 7.947
12.134 7.983
11.658 7.971
11.2 7.99
10.968 7.965
11.346 7.988999999999999
11.407 8.02
12.078999999999999 7.99
10.846 8.001999999999999
11.389 8.014000000000001
12.683 8.051
12.622 8.056
10.968 8.026
10.248 7.983999999999999
9.918000000000001 7.977
10.212 8.045
10.424999999999999 7.983
11.567 8.014000000000001
12.006 8.1
12.786999999999999 8.051
11.444 8.008
11.059 8.014
10.559000000000001 8.014000000000001
10.95 7.988999999999999
11.12 8.002
11.468 8.007
11.371 7.988999999999999
12.817 8.02
12.262 8.075000000000001
11.768 8.032
12.689 8.02
13.208 8.051
13.232 7.996
13.294 8.032
13.477 8.093
12.628 8.014000000000001
13.097999999999999 8.008
12.609 8.032
13.293 8.044
13.208 8.032
14.062 8.063
14.124 8.056
14.233 8.026
14.355 8.081
15.088000000000001 8.093
15.381 8.118
15.796 8.112
15.332 8.075000000000001
15.733999999999998 8.05
16.357 8.069
16.37 8.154
17.212 8.142000000000001
16.944 8.129999999999999
16.724 8.112
17.444 8.118
17.431 8.087
16.675 8.124
16.857 8.1
16.894000000000002 8.081
18.579 8.154
18.335 8.129
18.285999999999998 8.136
17.615 8.106
18.836 8.154
19.397000000000002 8.172
19.165 8.197000000000001
18.457 8.172
18.006 8.136
18.359 8.142
17.919999999999998 8.124
17.993 8.118
17.761 8.129999999999999
19.41 8.142000000000001
18.518 8.106
18.03 8.093
19.273 8.16
18.982 8.197000000000001
20.591 8.203
19.840000000000003 8.190999999999999
17.993000000000002 8.094
18.226 8.112
18.408 8.106
18.054000000000002 8.112
18.714 8.173
18.946 8.124
18.372 8.106
17.774 8.088000000000001
17.749 8.082
17.835 8.088000000000001
18.091 8.136
18.177 8.136000000000001
18.078 8.1
18.603 8.112
18.139 8.148
18.262 8.16
19.75 8.177999999999999
18.554000000000002 8.154
18.836 8.1
17.212 8.075000000000001
18.47 8.154
17.529 8.197000000000001
17.444 8.069
17.712 8.118
18.066 8.124
18.384 8.1
17.883 8.1
18.786 8.111
18.971 8.099
18.285999999999998 8.106
19.239 8.136000000000001
18.274 8.124
18.189 8.124
17.896 8.13
17.871000000000002 8.136000000000001
17.993000000000002 8.13
18.262 8.136000000000001
17.59 8.105
17.993 8.106
17.627000000000002 8.129999999999999
18.677 8.209
19.47 8.624
17.651 8.106
17.566 8.118
17.651 8.142
16.357 8.118
17.175 8.124
17.896 8.116999999999999
17.493 8.148
19.067 8.197000000000001
18.64 8.222
17.358 8.142
17.663 8.136000000000001
16.809 8.099
16.846 8.081
18.041999999999998 8.167
17.432 8.136000000000001
17.919999999999998 8.148
16.882 8.148
16.663 8.118
17.102999999999998 8.111
16.761 8.063
16.065 8.112
15.625 8.081
15.308 8.057
15.833 8.094
14.928999999999998 8.05
14.05 8.063
14.27 8.062
15.857 8.081
17.419 8.124
16.492 8.106
14.722 8.069
14.782 8.099
15.247 8.106
15.148 8.124
14.099 8.087
13.794 8.056
12.719 8.05
12.622 8.045
12.286 8.02
12.006 8.008
11.658 8.032
13.465 8.057
12.982 8.069
12.866 8.008
12.536 8.038
