24.709999999999997 11.29
21.02 11.3
19.869999999999997 11.29
18.68 11.29
20.04 11.28
24.46 11.3
20.73 11.32
17.82 11.28
19.38 11.29
18.21 11.29
25.0 11.32
19.8 11.3
19.919999999999998 11.29
18.6 11.28
20.19 11.27
24.34 11.33
20.9 11.34
18.68 11.3
19.869999999999997 11.28
18.55 11.29
25.590000000000003 11.32
19.869999999999997 11.29
20.09 11.29
18.73 11.3
20.0 11.28
24.099999999999998 11.29
21.529999999999998 11.32
18.75 11.29
20.07 11.28
18.9 11.28
24.44 11.3
21.09 11.33
19.97 11.29
18.68 11.3
20.09 11.28
23.41 11.3
22.34 11.33
18.68 11.3
20.0 11.28
18.7 11.27
22.95 11.3
22.66 11.34
20.04 11.29
18.75 11.29
19.900000000000002 11.29
22.17 11.29
23.34 11.34
18.65 11.29
20.02 11.28
18.7 11.28
21.8 11.3
23.02 11.32
20.68 11.32
18.68 11.3
19.950000000000003 11.28
19.85 11.28
25.05 11.32
19.17 11.29
20.0 11.28
18.68 11.3
19.900000000000002 11.28
24.8 11.32
20.97 11.3
18.68 11.27
20.0 11.28
18.6 11.29
24.54 11.32
21.04 11.3
20.02 11.32
18.7 11.29
20.0 11.28
23.22 11.32
22.14 11.32
18.73 11.28
20.07 11.28
18.63 11.3
22.439999999999998 11.28
20.68 11.32
22.24 11.33
18.6 11.29
20.04 11.28
19.950000000000003 11.29
24.95 11.3
19.21 11.28
20.0 11.28
18.65 11.29
19.97 11.29
24.759999999999998 11.3
21.0 11.33
18.75 11.29
20.02 11.28
18.82 11.29
25.0 11.32
21.02 11.3
20.04 11.28
18.75 11.3
20.169999999999998 11.29
23.56 11.3
24.98 11.34
18.77 11.29
20.09 11.29
18.82 11.32
21.48 11.28
24.39 11.33
20.169999999999998 11.32
18.87 11.28
20.02 11.28
20.87 11.3
24.98 11.32
18.75 11.3
20.04 11.29
18.77 11.27
21.61 11.29
23.95 11.35
19.950000000000003 11.3
18.85 11.29
20.02 11.29
21.34 11.3
24.779999999999998 11.33
18.9 11.29
19.950000000000003 11.3
19.139999999999997 11.29
22.68 11.32
22.8 11.35
20.51 11.32
18.9 11.32
20.07 11.32
22.56 11.3
23.22 11.34
18.9 11.33
20.02 11.34
18.8 11.33
23.14 11.29
23.169999999999998 11.360000000000001
20.14 11.3
18.82 11.3
20.119999999999997 11.32
23.61 11.3
22.58 11.34
18.9 11.32
20.31 11.3
22.12 11.34
24.560000000000002 11.34
18.87 11.34
18.92 11.3
17.549999999999997 11.3
19.21 11.32
23.44 11.35
19.21 11.32
17.630000000000003 11.33
18.85 11.32
18.19 11.29
24.610000000000003 11.379999999999999
17.65 11.34
19.040000000000003 11.32
17.599999999999998 11.32
20.29 11.32
22.27 11.35
18.82 11.33
17.29 11.33
18.65 11.29
20.19 11.3
22.12 11.34
17.380000000000003 11.32
18.77 11.3
17.43 11.32
21.88 11.3
20.41 11.34
18.7 11.3
17.330000000000002 11.29
18.77 11.3
23.0 11.32
19.43 11.29
17.580000000000002 11.29
18.990000000000002 11.29
17.599999999999998 11.29
25.34 11.35
17.87 11.34
18.75 11.33
17.53 11.33
19.8 11.3
22.8 11.34
18.8 11.32
17.36 11.3
18.8 11.32
21.12 11.32
21.310000000000002 11.32
17.48 11.3
18.75 11.3
17.330000000000002 11.28
23.68 11.32
18.990000000000002 11.34
18.87 11.29
17.8 11.29
19.869999999999997 11.29
23.0 11.34
18.9 11.29
17.5 11.28
18.95 11.29
21.68 11.3
21.12 11.3
17.549999999999997 11.29
18.82 11.28
17.48 11.28
24.39 11.33
18.529999999999998 11.33
19.02 11.29
17.48 11.28
19.78 11.28
22.8 11.35
18.92 11.3
17.31 11.29
22.509999999999998 11.33
21.48 11.3
21.36 11.33
17.53 11.3
18.970000000000002 11.28
17.549999999999997 11.29
24.34 11.32
18.459999999999997 11.3
18.92 11.3
17.68 11.28
19.46 11.27
23.27 11.34
19.07 11.33
17.53 11.3
18.9 11.29
20.560000000000002 11.29
22.36 11.32
17.43 11.29
18.970000000000002 11.29
17.630000000000003 11.29
23.119999999999997 11.3
19.68 11.33
19.09 11.3
17.53 11.29
18.87 11.28
23.95 11.32
19.12 11.3
17.599999999999998 11.29
19.09 11.29
18.459999999999997 11.28
24.68 11.34
17.599999999999998 11.3
18.990000000000002 11.28
17.599999999999998 11.29
21.46 11.29
20.919999999999998 11.3
18.8 11.28
17.330000000000002 11.27
18.9 11.27
22.0 11.32
20.73 11.35
17.549999999999997 11.29
18.970000000000002 11.3
17.68 11.28
25.1 11.33
17.72 11.32
18.970000000000002 11.29
17.630000000000003 11.28
20.24 11.29
22.88 11.360000000000001
18.92 11.3
17.7 11.29
18.970000000000002 11.29
21.17 11.29
21.58 11.34
17.48 11.3
18.970000000000002 11.29
17.630000000000003 11.28
23.24 11.3
23.02 11.35
19.040000000000003 11.34
17.549999999999997 11.3
19.09 11.32
23.799999999999997 11.34
19.31 11.34
17.48 11.32
18.9 11.3
17.68 11.29
25.1 11.34
17.7 11.34
18.82 11.32
17.48 11.29
19.38 11.3
23.46 11.34
18.9 11.3
17.549999999999997 11.3
