17.5613 12.1327
17.361800000000002 12.108300000000002
17.531100000000002 12.1168
17.6124 12.106700000000004
17.4981 12.0932
17.7156 12.135399999999999
17.735699999999994 13.217399999999998
17.639699999999998 12.587900000000001
17.773099999999996 12.0918
17.6232 12.157399999999997
17.197500000000005 12.131099999999998
17.004799999999996 12.130399999999998
16.6936 12.1021
16.4882 12.103099999999998
17.021400000000003 12.115199999999998
16.846299999999996 12.090599999999998
17.294500000000003 12.1155
17.293700000000005 12.194799999999997
17.6332 13.191099999999997
16.8953 12.624800000000002
16.6447 12.0918
16.546599999999998 12.090900000000003
16.3086 12.117700000000001
16.3815 12.127500000000001
16.248200000000008 12.1461
16.2827 12.1608
16.0462 12.1279
16.229100000000003 12.094900000000003
16.2989 12.090200000000001
15.485900000000004 12.088000000000001
15.542099999999994 12.0777
16.0825 12.1572
16.3882 13.4687
16.081 12.282400000000003
15.860400000000006 12.094800000000001
16.028899999999997 12.136900000000002
15.5495 12.161400000000002
15.335099999999999 12.127400000000002
15.088 12.097300000000002
14.981599999999998 12.097400000000006
14.889500000000005 12.0749
14.934199999999995 12.0799
15.249800000000002 13.223299999999998
14.838899999999999 12.559599999999998
15.381899999999998 12.090600000000002
15.568999999999997 12.094499999999998
14.816499999999996 12.107700000000001
14.328199999999999 12.1228
14.370899999999997 12.067900000000002
14.251800000000001 12.060499999999998
13.9472 12.0687
13.922700000000003 12.099099999999998
14.0756 12.134399999999998
13.940899999999997 12.154700000000004
14.048699999999997 13.214099999999998
13.703299999999999 12.609600000000002
13.315 12.069800000000003
13.313799999999997 12.0613
13.229500000000005 12.0654
13.034199999999998 12.076099999999999
12.857200000000002 12.166700000000002
12.759099999999998 12.1128
13.033100000000001 12.065100000000001
12.9546 12.068700000000002
12.973300000000002 12.113499999999998
12.760200000000003 12.109699999999998
13.217399999999998 13.1745
12.9414 12.5556
12.623499999999998 12.114700000000001
12.6475 12.100500000000002
12.7434 12.073
12.642800000000005 12.053299999999998
12.3055 12.049400000000002
12.677699999999998 12.033000000000003
12.951099999999999 12.107600000000001
13.157600000000002 12.177700000000002
12.897400000000003 12.084299999999999
12.7516 12.0505
13.379199999999999 13.118699999999997
13.0663 12.640299999999998
12.964599999999999 12.0502
13.0435 12.0234
13.152300000000006 12.016199999999998
13.0526 12.0543
12.978399999999999 12.086200000000002
13.334400000000002 12.0416
13.425399999999998 12.0386
13.7458 12.0331
13.3046 12.0378
13.430899999999996 12.0415
13.853200000000001 12.772499999999997
13.822099999999999 12.8911
14.118300000000003 12.0625
13.828500000000002 12.055200000000001
13.956699999999996 12.0247
13.948500000000003 12.028000000000004
14.590399999999997 12.1282
14.808599999999991 12.3084
15.095400000000003 12.363400000000002
15.840400000000002 12.342700000000002
15.978199999999998 12.346000000000004
18.3019 12.2905
19.999699999999997 13.2517
19.7617 12.986600000000001
19.3247 12.319
18.7229 12.3103
18.805799999999998 12.329500000000003
18.1886 12.317599999999999
18.298000000000002 12.340800000000002
19.459 12.3992
19.971600000000006 12.382900000000003
19.778999999999996 12.277500000000002
19.927799999999994 12.295000000000002
20.2463 12.297
20.918300000000002 13.373
20.3944 12.734299999999998
20.288600000000006 12.1895
20.4399 12.179599999999999
20.986900000000002 12.237199999999996
20.217799999999997 12.298100000000002
20.1539 12.4166
19.7609 12.335699999999997
19.738100000000003 12.3223
21.0007 12.359699999999998
20.465 12.2985
20.0265 12.394
20.738100000000003 13.4653
20.266000000000002 12.811899999999996
20.482499999999998 12.372099999999998
20.7459 12.422699999999999
20.893700000000003 12.440500000000002
21.0182 12.336500000000003
20.273699999999998 12.311400000000003
20.489 12.320599999999999
20.182500000000005 12.2969
20.386200000000006 12.364600000000001
21.708800000000004 12.430200000000003
20.992 12.4232
20.6878 12.604099999999999
20.8479 13.532999999999998
20.542899999999996 12.292699999999998
20.344099999999997 12.3122
20.213399999999996 12.3084
20.3377 12.329200000000004
20.399499999999993 12.3157
20.5315 12.333900000000002
20.000599999999995 12.052999999999999
21.5501 12.242900000000004
19.881400000000006 11.9814
20.31789999999999 12.014000000000001
20.989299999999993 13.2407
21.075499999999998 12.964099999999998
21.156499999999994 12.322999999999999
20.969500000000007 12.270199999999999
21.3912 12.2494
21.005100000000002 12.197900000000002
21.824599999999997 12.259300000000001
21.959500000000002 12.305999999999997
21.8932 12.2704
22.2079 12.221900000000003
22.350199999999997 12.2281
22.4319 12.264199999999999
23.159999999999997 13.248
23.58400000000001 12.817200000000001
23.219199999999997 12.281900000000002
23.525700000000008 12.3085
24.283600000000007 12.347000000000003
23.3558 12.294
23.2513 12.2627
23.2481 12.2616
24.240799999999993 12.2517
24.29660000000001 12.268399999999998
24.742300000000007 12.307499999999997
25.0695 12.320199999999998
24.280600000000003 12.248500000000002
25.073999999999998 12.858500000000001
24.832899999999995 13.2414
25.106700000000004 12.240100000000002
25.3191 12.294699999999999
25.521699999999996 12.269299999999998
24.874000000000002 12.2563
24.766199999999998 12.2498
25.431700000000006 12.259500000000001
25.613299999999995 12.2784
25.319399999999998 12.2726
25.2176 12.238399999999999
26.075000000000003 13.281500000000001
26.016300000000005 13.239699999999996
26.123100000000004 12.284799999999997
25.867 12.2692
25.544800000000002 12.237499999999995
25.723000000000003 12.278200000000002
24.948900000000005 12.268099999999997
24.589599999999997 12.247500000000002
25.291199999999996 12.276300000000004
25.187699999999992 12.252799999999999
24.853399999999993 12.272199999999998
25.277899999999992 12.269800000000002
25.02600000000001 12.4996
25.873799999999996 13.635900000000001
25.6754 12.2716
25.45320000000001 12.206200000000003
26.044800000000006 12.184199999999997
26.185 12.1913
26.101999999999993 12.293000000000005
25.603299999999997 12.234799999999998
25.19000000000001 12.229599999999998
25.126700000000003 11.908989999999998
24.620299999999993 12.1278
24.165200000000002 12.143500000000001
23.407199999999996 12.132599999999998
24.147199999999998 12.223600000000005
24.041399999999992 12.181
23.999599999999997 12.146499999999998
24.199700000000004 12.1526
23.82569999999999 12.182699999999999
23.868699999999997 13.007200000000003
24.8597 13.089799999999999
25.514799999999997 12.181000000000001
25.568999999999996 12.159500000000001
25.684500000000003 12.169900000000004
25.4455 12.216199999999999
25.6758 13.140799999999997
25.239700000000003 12.895199999999999
25.403699999999997 12.2395
25.4676 12.2436
25.506499999999992 12.222900000000001
25.258800000000004 12.1796
24.862 12.194300000000005
24.968599999999995 12.242600000000001
24.151199999999992 12.212699999999998
24.796399999999995 12.195999999999998
24.2827 12.196599999999998
23.481699999999996 12.209900000000003
24.95490000000001 13.1668
24.313400000000005 13.012199999999993
24.0794 12.250699999999998
23.848499999999994 12.2421
24.71439999999999 12.211199999999996
24.7062 12.270300000000002
24.209600000000002 12.3261
24.064600000000002 12.2697
23.955599999999997 12.2387
24.1012 12.2257
25.003299999999996 12.2216
25.443500000000004 12.225699999999998
25.578200000000002 12.233000000000004
24.1279 12.207900000000002
24.2081 12.1977
25.487000000000005 12.280400000000002
25.6691 13.602599999999999
24.317899999999995 12.407099999999998
23.932300000000005 12.2575
23.864 12.259699999999997
24.073100000000004 12.2433
24.6308 12.311699999999997
23.6367 12.284600000000001
23.464200000000005 12.278600000000003
23.665600000000005 12.2303
23.941200000000002 12.541500000000003
23.457800000000002 13.524800000000003
22.8179 12.224400000000001
23.0682 12.240199999999996
22.425899999999995 12.227200000000005
21.9637 12.234
21.939299999999992 12.1988
22.0358 12.248000000000003
21.558799999999998 12.229600000000005
21.6887 12.258500000000002
21.36390000000001 12.237099999999998
22.386200000000002 13.084499999999998
21.6796 13.0222
22.619799999999994 12.2438
22.468500000000002 12.243399999999998
22.3541 12.2465
22.204699999999995 12.201200000000002
21.488099999999992 12.202499999999999
21.9465 12.2398
21.322699999999998 12.274000000000001
21.061500000000006 12.366700000000002
20.8779 12.257000000000003
20.9511 12.341000000000003
21.296100000000003 12.3978
21.066399999999994 12.326299999999998
20.9383 12.3654
21.104500000000005 13.648400000000002
20.629599999999996 12.513200000000001
19.963300000000004 12.225200000000005
