55.56229999999998 11.440399999999999
53.87589999999999 11.438799999999997
64.5876 11.441699999999997
70.15579999999997 11.446199999999997
66.25499999999998 11.443199999999997
63.43250000000001 11.443
71.01489999999998 11.445300000000003
72.976 11.4474
71.3394 11.4501
69.92989999999996 11.448100000000002
70.58320000000002 11.444200000000002
68.6828 11.445199999999998
69.22999999999999 11.446399999999999
66.3263 11.641500000000004
65.4253 11.5643
62.376299999999986 11.528400000000003
58.9526 11.511900000000002
58.31660000000001 11.5258
61.90550000000001 11.496099999999998
56.50920000000001 11.490099999999998
54.61450000000001 11.482
52.09229999999998 11.4774
50.7285 11.471400000000004
46.13659999999999 11.470599999999997
49.35280000000001 11.469100000000006
48.50969999999999 11.460000000000004
46.623599999999975 11.458100000000005
47.99329999999999 11.457200000000002
46.807 11.4739
44.71820000000001 11.475300000000002
47.09619999999999 11.463200000000002
47.49769999999999 11.452699999999998
47.497 11.449399999999999
46.31269999999999 11.449000000000002
46.89240000000002 11.4489
47.05959999999998 11.448199999999996
46.4867 11.447600000000001
45.37559999999999 11.444100000000002
44.934699999999985 11.4445
44.848299999999995 11.4444
43.649 11.4424
42.7077 11.4373
41.90069999999998 11.440100000000001
40.87379999999999 11.444200000000002
40.81679999999999 11.4397
39.7009 11.449499999999997
41.48079999999999 11.448800000000004
40.25909999999999 11.447300000000002
76.7298 11.473399999999998
43.514500000000005 11.456299999999995
40.599700000000006 11.450099999999997
42.25290000000002 11.449100000000003
43.56569999999999 11.447800000000004
48.646700000000024 11.453199999999999
48.5345 11.456599999999998
47.5334 11.4513
42.55199999999998 11.4469
43.85039999999999 11.451100000000006
40.398999999999994 11.558599999999997
43.498299999999986 11.492499999999998
50.3257 11.471500000000002
46.83839999999999 11.465799999999998
45.26209999999998 11.463099999999999
49.324500000000015 11.459899999999998
49.901 11.456700000000001
42.5477 11.4548
43.46440000000002 11.450800000000001
42.9079 11.442100000000002
41.4296 11.446300000000003
40.32939999999999 11.4505
37.08690000000001 11.447499999999998
37.436499999999995 11.443699999999998
30.518599999999996 11.442000000000005
29.126 11.4358
35.48229999999998 11.434899999999997
34.8858 11.430200000000005
34.28449999999999 11.433400000000002
34.780899999999995 11.434000000000001
28.742200000000008 11.431900000000002
30.421 11.4322
23.0845 11.424700000000001
33.27709999999999 11.462899999999996
31.68680000000001 11.443600000000002
30.847800000000003 11.432899999999998
31.285300000000007 11.434699999999998
29.0086 11.429999999999998
30.7661 11.544300000000003
30.285700000000006 11.5202
31.54349999999999 11.476700000000001
30.348 11.448599999999995
28.387 11.448299999999998
29.452300000000015 11.438899999999999
30.388500000000008 11.432000000000002
28.003999999999994 11.431300000000002
25.426400000000005 11.428199999999999
24.132399999999997 11.428499999999996
27.298600000000008 11.422099999999999
27.3885 11.418199999999999
25.072800000000008 11.4175
19.08 11.421700000000005
19.721300000000003 11.421599999999998
15.9056 11.446599999999997
13.100999999999996 11.436900000000001
11.693800000000001 11.4295
14.743499999999992 11.424200000000004
16.205400000000004 11.4199
14.877200000000002 11.414899999999998
14.9403 11.409699999999999
17.0406 11.4078
18.5068 11.410600000000002
21.599500000000003 11.408899999999997
18.87109999999999 11.403199999999995
24.637700000000002 11.407099999999998
29.1983 11.4186
23.587599999999995 11.413599999999999
29.3357 11.487700000000002
29.5873 11.481400000000002
29.963800000000006 11.449799999999994
30.0201 11.427400000000004
15.725399999999997 11.417300000000001
23.195700000000002 11.416700000000004
28.525999999999996 11.4208
27.593499999999988 11.4196
28.818499999999997 11.407899999999998
30.4318 11.4085
31.036699999999996 11.407800000000002
27.992200000000008 11.415100000000002
30.232599999999998 11.411200000000001
33.07230000000001 11.409999999999995
34.4593 11.417399999999997
35.8746 11.4141
35.93920000000001 11.412799999999999
34.9603 11.406899999999998
31.0361 11.4085
29.8242 11.41
29.533200000000004 11.406699999999997
31.60209999999999 11.4113
31.678099999999993 11.401699999999998
32.0878 11.402699999999998
29.874699999999997 11.4017
33.326 11.4022
32.7266 11.4103
23.3847 11.4076
27.1737 11.406299999999998
31.251899999999992 11.410499999999999
31.264800000000005 11.4084
30.543799999999994 11.411899999999997
36.93290000000001 11.4101
41.2055 11.4153
43.3258 11.4111
36.65869999999999 11.411999999999999
41.686199999999985 11.4133
44.5105 11.4118
44.887400000000014 11.413099999999998
45.6972 11.415099999999997
48.283999999999985 11.4134
48.12930000000001 11.413800000000002
45.087 11.4193
46.48910000000001 11.421500000000004
48.6797 11.4282
54.512400000000014 11.4354
56.31599999999999 11.4301
56.309200000000004 11.434
55.075399999999995 11.4337
56.47169999999999 11.426500000000006
48.9259 11.427200000000001
48.671 11.421200000000002
50.8477 11.4258
52.49029999999999 11.434700000000005
53.549500000000016 11.4313
52.519099999999995 11.4301
47.1944 11.420100000000001
57.03630000000002 11.434600000000003
56.3537 11.431500000000002
56.43029999999999 11.434100000000004
55.8513 11.430500000000002
55.92970000000002 11.429400000000001
55.8513 11.431000000000001
57.59220000000003 11.426600000000004
43.29169999999999 11.439200000000007
41.8266 11.4551
41.675699999999985 11.439699999999997
42.89239999999998 11.432400000000005
43.889800000000015 11.450299999999999
43.0037 11.4466
43.7193 11.4331
44.976400000000005 11.4335
45.16759999999999 11.437600000000002
45.3278 11.432600000000006
44.935400000000016 11.438000000000002
45.10590000000001 11.435900000000002
45.7908 11.431399999999998
46.1283 11.431699999999998
45.607 11.431600000000001
45.784499999999994 11.4519
46.4896 11.457200000000002
46.808499999999995 11.467400000000003
47.35709999999999 11.467100000000004
47.694999999999986 11.463399999999998
48.29949999999998 11.4499
48.240700000000004 11.439799999999996
48.6276 11.4425
48.6076 11.4413
48.575099999999985 11.442599999999997
48.617599999999996 11.4412
48.21729999999999 11.438500000000003
47.853300000000004 11.4429
47.7059 11.434600000000001
47.748900000000006 11.4319
48.36259999999999 11.433300000000001
47.98659999999999 11.434799999999997
48.72669999999999 11.433599999999998
48.3558 11.434800000000001
48.83659999999998 11.442699999999997
48.783300000000004 11.4324
48.91209999999999 11.4508
49.45150000000001 11.444700000000003
48.752600000000015 11.431299999999997
49.819599999999994 11.436499999999999
49.208299999999994 11.440600000000002
49.14419999999999 11.433100000000001
48.5324 11.431600000000001
48.253599999999985 11.428700000000001
48.11240000000003 11.504100000000005
47.841699999999996 11.482099999999997
47.509399999999985 11.4458
47.32210000000001 11.4339
46.480599999999995 11.4299
46.8323 11.425699999999999
45.95169999999998 11.4283
45.36399999999998 11.424100000000001
45.938900000000004 11.426699999999999
45.5369 11.4216
46.25149999999999 11.424099999999997
46.54579999999999 11.4256
45.8084 11.419599999999996
45.0021 11.423000000000002
44.83350000000001 11.423300000000003
45.54319999999999 11.427700000000002
45.4127 11.428299999999998
44.16329999999999 11.425500000000003
44.3594 11.420000000000003
45.3285 11.422100000000004
44.37119999999998 11.422200000000002
45.2231 11.423699999999998
45.96339999999999 11.4224
45.12659999999999 11.426400000000001
44.318400000000004 11.4288
44.2109 11.4215
43.488200000000006 11.4283
44.996000000000016 11.421500000000002
45.75930000000001 11.425699999999999
44.630199999999995 11.424800000000005
44.5818 11.4272
44.397000000000006 11.428700000000005
44.0681 11.427500000000006
45.3232 11.4331
46.151599999999995 11.427500000000004
46.1455 11.422200000000004
45.492300000000014 11.420699999999998
45.72420000000002 11.4205
47.03429999999998 11.422800000000002
46.767300000000006 11.4233
46.27890000000001 11.421299999999999
47.01810000000001 11.420800000000002
47.058 11.420400000000003
47.864700000000006 11.427
49.66089999999999 11.457399999999996
49.0486 11.4438
49.43380000000002 11.4288
49.25320000000001 11.424800000000001
49.7198 11.4299
50.48720000000002 11.425399999999998
50.98670000000002 11.425600000000005
50.045700000000004 11.423800000000004
49.871 11.4218
51.40609999999999 11.431300000000002
50.838200000000015 11.428399999999998
49.145300000000006 11.424400000000006
49.198 11.425000000000002
49.48900000000002 11.4203
50.55560000000001 11.423700000000006
49.3066 11.4228
49.113099999999996 11.426700000000002
48.99980000000001 11.425400000000002
49.6151 11.4189
49.70470000000002 11.419300000000002
49.143400000000014 11.419299999999998
