18.529999999999998 11.15
17.48 11.15
20.169999999999998 11.17
17.53 11.18
18.310000000000002 11.19
19.68 11.17
17.07 11.15
20.68 11.17
17.02 11.17
18.970000000000002 11.16
18.9 11.15
17.580000000000002 11.129999999999999
20.21 11.18
17.580000000000002 11.16
18.9 11.16
19.189999999999998 11.16
17.04 11.15
20.78 11.17
17.09 11.17
18.73 11.16
17.549999999999997 11.17
18.14 11.16
19.6 11.21
18.95 11.23
19.68 11.19
18.77 11.17
17.07 11.15
20.78 11.129999999999999
16.99 11.16
19.139999999999997 11.12
18.8 11.15
17.580000000000002 11.15
20.26 11.16
17.599999999999998 11.15
19.139999999999997 11.17
18.65 11.129999999999999
17.24 11.129999999999999
20.53 11.19
17.04 11.16
19.36 11.16
17.65 11.17
19.189999999999998 11.16
19.509999999999998 11.19
17.68 11.17
19.139999999999997 11.16
18.65 11.129999999999999
18.58 11.129999999999999
19.12 11.19
17.599999999999998 11.17
18.73 11.16
18.58 11.17
19.75 11.16
17.990000000000002 11.19
18.09 11.16
18.240000000000002 11.17
18.9 11.15
20.04 11.17
17.94 11.19
17.72 11.17
19.900000000000002 11.17
17.14 11.16
20.48 11.17
17.26 11.19
18.58 11.16
18.58 11.16
18.360000000000003 11.17
19.919999999999998 11.17
17.87 11.17
17.630000000000003 11.17
18.65 11.15
18.7 11.15
20.75 11.16
17.11 11.17
18.58 11.129999999999999
18.92 11.16
18.02 11.129999999999999
20.29 11.16
17.630000000000003 11.17
17.82 11.16
19.02 11.15
18.12 11.18
20.830000000000002 11.18
17.09 11.19
18.16 11.17
18.09 11.17
19.56 11.17
20.919999999999998 11.19
18.19 11.17
18.7 11.17
20.21 11.16
17.919999999999998 11.16
21.34 11.19
17.65 11.18
18.77 11.16
19.97 11.18
18.63 11.16
21.97 11.19
19.29 11.19
18.68 11.16
19.48 11.16
18.82 11.16
20.0 11.129999999999999
19.139999999999997 11.23
19.75 11.19
19.139999999999997 11.17
18.43 11.16
20.65 11.17
18.41 11.19
20.119999999999997 11.19
19.02 11.18
17.77 11.17
21.36 11.21
17.990000000000002 11.21
18.970000000000002 11.17
19.509999999999998 11.18
18.55 11.16
20.95 11.18
18.509999999999998 11.18
19.8 11.19
19.02 11.16
17.65 11.18
21.41 11.19
19.12 11.19
19.97 11.18
17.9 11.16
18.82 11.15
20.29 11.23
18.68 11.17
20.61 11.17
18.16 11.17
19.97 11.17
19.139999999999997 11.18
20.36 11.18
18.82 11.17
17.72 11.15
21.22 11.17
18.16 11.19
20.78 11.17
18.12 11.18
18.12 11.17
20.95 11.17
19.040000000000003 11.18
20.14 11.18
18.14 11.15
17.94 11.17
21.22 11.19
19.580000000000002 11.17
19.63 11.17
17.72 11.17
19.8 11.16
19.29 11.21
20.68 11.18
18.529999999999998 11.17
18.16 11.17
20.95 11.18
18.41 11.19
20.9 11.21
18.19 11.18
17.75 11.16
21.39 11.19
19.02 11.19
20.29 11.18
17.8 11.17
19.48 11.18
19.85 11.23
20.0 11.21
19.56 11.21
18.26 11.18
21.07 11.18
18.63 11.18
20.7 11.19
18.38 11.16
17.990000000000002 11.18
21.46 11.19
19.31 11.18
20.09 11.17
17.87 11.17
20.7 11.16
18.73 11.19
20.830000000000002 11.19
18.48 11.18
18.16 11.17
21.07 11.219999999999999
19.6 11.21
19.8 11.17
18.21 11.15
20.21 11.18
18.68 11.219999999999999
20.14 11.219999999999999
18.04 11.18
17.21 11.18
21.0 11.23
18.77 11.21
19.53 11.18
17.26 11.17
20.34 11.18
17.919999999999998 11.219999999999999
19.950000000000003 11.19
18.360000000000003 11.18
17.68 11.16
20.48 11.23
19.040000000000003 11.24
19.29 11.219999999999999
17.75 11.19
20.41 11.19
18.02 11.18
20.48 11.19
18.04 11.18
17.46 11.18
21.04 11.219999999999999
18.68 11.21
19.78 11.219999999999999
17.330000000000002 11.19
20.21 11.17
18.09 11.219999999999999
20.61 11.21
17.75 11.21
17.8 11.18
20.560000000000002 11.23
18.8 11.19
19.78 11.21
17.75 11.18
19.31 11.18
19.040000000000003 11.21
19.68 11.219999999999999
18.7 11.21
17.330000000000002 11.18
21.02 11.21
18.09 11.23
20.39 11.21
17.29 11.17
18.990000000000002 11.17
19.36 11.219999999999999
19.950000000000003 11.19
18.41 11.18
17.82 11.19
20.560000000000002 11.219999999999999
18.310000000000002 11.19
20.09 11.21
17.8 11.19
18.459999999999997 11.18
19.869999999999997 11.21
19.48 11.219999999999999
19.040000000000003 11.219999999999999
17.36 11.19
21.22 11.23
17.87 11.24
20.560000000000002 11.19
17.41 11.19
18.21 11.18
20.119999999999997 11.23
19.63 11.19
18.87 11.219999999999999
17.75 11.19
20.580000000000002 11.21
17.9 11.21
20.26 11.23
18.07 11.21
17.599999999999998 11.19
20.87 11.24
18.77 11.24
19.73 11.21
17.36 11.21
20.73 11.23
17.580000000000002 11.25
20.51 11.23
17.53 11.219999999999999
17.43 11.18
20.119999999999997 11.24
18.33 11.23
18.58 11.23
17.24 11.21
18.9 11.219999999999999
17.9 11.23
18.8 11.23
18.240000000000002 11.21
16.669999999999998 11.219999999999999
20.169999999999998 11.23
17.43 11.23
19.78 11.219999999999999
16.869999999999997 11.219999999999999
17.75 11.21
19.38 11.25
18.75 11.21
18.65 11.23
17.29 11.21
19.24 11.21
17.72 11.219999999999999
