21.44 15.040000000000001
19.36 15.040000000000001
21.88 15.06
18.68 15.06
22.39 15.040000000000001
19.919999999999998 15.06
22.61 15.06
18.26 15.06
19.75 15.040000000000001
20.31 15.06
19.12 15.010000000000002
21.240000000000002 15.040000000000001
18.9 15.06
19.53 15.040000000000001
20.68 15.040000000000001
19.75 15.040000000000001
20.169999999999998 15.06
17.990000000000002 15.040000000000001
22.29 15.040000000000001
18.26 15.040000000000001
22.39 15.06
18.310000000000002 15.06
19.63 15.040000000000001
21.9 15.06
19.82 15.040000000000001
22.12 15.040000000000001
19.85 15.040000000000001
20.21 15.040000000000001
21.92 15.040000000000001
18.04 15.040000000000001
22.24 15.06
18.73 15.06
21.41 15.040000000000001
20.51 15.06
20.78 15.040000000000001
21.02 15.09
19.82 15.040000000000001
21.95 15.06
21.39 15.06
22.509999999999998 15.040000000000001
20.29 15.06
19.41 15.06
22.85 15.06
18.459999999999997 15.06
22.66 15.06
18.41 15.06
20.24 15.06
21.09 15.06
19.34 15.040000000000001
21.560000000000002 15.06
19.34 15.040000000000001
20.53 15.040000000000001
20.95 15.040000000000001
20.02 15.06
21.34 15.040000000000001
18.529999999999998 15.040000000000001
21.66 15.06
20.75 15.06
22.09 15.040000000000001
20.630000000000003 15.06
20.07 15.040000000000001
22.07 15.06
21.310000000000002 15.06
22.509999999999998 15.06
20.09 15.06
19.78 15.06
22.24 15.06
20.87 15.06
23.36 15.06
19.68 15.06
20.7 15.040000000000001
21.19 15.06
21.88 15.06
24.19 15.06
20.09 15.040000000000001
20.43 15.06
22.24 15.06
20.97 15.06
22.07 15.06
18.07 15.06
20.8 15.06
19.919999999999998 15.06
20.14 15.040000000000001
20.31 15.06
19.09 15.040000000000001
20.26 15.06
20.41 15.040000000000001
20.29 15.040000000000001
20.24 15.06
18.07 15.040000000000001
21.83 15.06
18.970000000000002 15.040000000000001
22.24 15.06
18.09 15.06
19.34 15.040000000000001
20.29 15.06
20.68 15.06
22.95 15.06
19.6 15.09
18.990000000000002 15.040000000000001
21.51 15.06
17.97 15.06
22.189999999999998 15.040000000000001
18.07 15.06
21.19 15.06
19.46 15.06
19.12 15.040000000000001
21.310000000000002 15.06
19.189999999999998 15.040000000000001
21.46 15.06
19.21 15.040000000000001
20.48 15.040000000000001
20.68 15.06
20.09 15.06
22.24 15.06
19.07 15.06
22.919999999999998 15.06
19.139999999999997 15.06
22.49 15.040000000000001
19.97 15.06
20.68 15.040000000000001
21.22 15.06
20.09 15.06
19.68 15.06
21.95 15.06
22.05 15.06
19.53 15.06
20.95 15.06
20.73 15.06
18.970000000000002 15.06
22.919999999999998 15.09
19.48 15.09
22.41 15.06
19.75 15.09
22.12 15.06
19.75 15.06
21.19 15.06
20.919999999999998 15.06
19.950000000000003 15.06
22.39 15.06
20.0 15.040000000000001
25.2 15.09
19.6 15.040000000000001
20.78 15.040000000000001
19.82 15.06
19.75 15.040000000000001
21.02 15.040000000000001
19.869999999999997 15.06
22.46 15.06
18.68 15.040000000000001
20.830000000000002 15.040000000000001
20.78 15.040000000000001
22.02 15.06
19.68 15.09
21.14 15.040000000000001
20.169999999999998 15.040000000000001
19.09 15.040000000000001
21.44 15.09
18.970000000000002 15.040000000000001
20.97 15.040000000000001
19.53 15.040000000000001
20.630000000000003 15.040000000000001
19.259999999999998 15.040000000000001
19.56 15.040000000000001
20.9 15.040000000000001
17.8 15.040000000000001
21.83 15.040000000000001
18.16 15.040000000000001
21.78 15.06
17.580000000000002 15.040000000000001
21.560000000000002 15.040000000000001
17.549999999999997 15.010000000000002
20.8 15.010000000000002
18.68 15.040000000000001
19.07 15.010000000000002
20.09 15.010000000000002
19.48 15.010000000000002
20.630000000000003 15.040000000000001
18.970000000000002 15.010000000000002
20.34 15.040000000000001
18.95 15.06
20.46 15.040000000000001
19.24 15.010000000000002
20.24 15.010000000000002
20.8 15.040000000000001
19.36 15.040000000000001
20.53 15.010000000000002
19.85 15.040000000000001
23.630000000000003 15.06
18.990000000000002 15.040000000000001
20.95 15.040000000000001
20.36 15.06
22.36 15.040000000000001
17.380000000000003 15.040000000000001
21.560000000000002 15.040000000000001
18.14 15.06
21.39 15.040000000000001
17.9 15.040000000000001
20.41 15.040000000000001
19.41 15.040000000000001
19.41 15.040000000000001
20.09 15.06
19.7 15.040000000000001
20.580000000000002 15.040000000000001
19.12 15.010000000000002
20.48 15.040000000000001
19.02 15.040000000000001
20.51 15.040000000000001
19.24 15.040000000000001
20.24 15.040000000000001
19.12 15.040000000000001
19.6 15.040000000000001
24.58 15.040000000000001
18.73 15.040000000000001
21.46 15.040000000000001
17.9 15.06
21.39 15.040000000000001
17.5 15.040000000000001
21.51 15.06
17.36 15.040000000000001
21.9 15.040000000000001
17.599999999999998 15.040000000000001
21.240000000000002 15.010000000000002
17.97 15.040000000000001
20.53 15.040000000000001
18.58 15.010000000000002
19.02 15.010000000000002
19.97 15.040000000000001
19.040000000000003 15.040000000000001
20.48 15.06
18.9 15.040000000000001
20.24 15.06
18.9 15.040000000000001
19.46 15.040000000000001
19.68 15.040000000000001
19.139999999999997 15.040000000000001
19.73 15.010000000000002
18.21 15.040000000000001
20.9 15.040000000000001
17.31 15.040000000000001
21.73 15.040000000000001
17.31 15.040000000000001
21.51 15.040000000000001
17.75 15.040000000000001
21.58 15.040000000000001
17.24 15.040000000000001
19.97 15.040000000000001
18.8 15.040000000000001
19.36 15.040000000000001
19.48 15.040000000000001
19.12 15.010000000000002
20.0 15.040000000000001
18.7 15.040000000000001
20.04 15.040000000000001
18.6 15.040000000000001
19.41 15.040000000000001
18.95 15.040000000000001
19.24 15.040000000000001
19.12 15.06
47.6287 35.384
9.766 7.9350000000000005
21.09 10.05
20.21 9.961
21.22 9.924
17.48 10.02
15.36 9.985
14.549999999999999 9.998
15.260000000000002 9.985
14.82 9.985
15.989999999999998 10.02
17.41 10.05
18.07 10.05
19.85 10.18
15.840000000000002 10.14
14.75 10.13
17.36 10.14
16.189999999999998 10.190000000000001
17.330000000000002 10.14
16.48 10.17
16.04 10.14
17.8 10.14
16.06 10.17
16.77 10.14
17.11 10.14
14.92 10.16
18.87 10.17
15.110000000000001 10.18
17.8 10.17
