16.63 11.379999999999999
16.89 11.379999999999999
18.12 11.39
21.560000000000002 11.39
16.669999999999998 11.41
16.97 11.39
16.7 11.360000000000001
18.990000000000002 11.39
20.97 11.39
17.14 11.379999999999999
16.28 11.360000000000001
16.77 11.35
17.919999999999998 11.35
21.22 11.43
16.28 11.39
16.89 11.360000000000001
16.55 11.360000000000001
19.09 11.360000000000001
20.02 11.379999999999999
16.7 11.39
16.31 11.34
17.380000000000003 11.34
18.95 11.360000000000001
19.950000000000003 11.379999999999999
16.55 11.35
16.89 11.360000000000001
17.04 11.34
19.8 11.39
19.7 11.41
17.09 11.379999999999999
16.55 11.379999999999999
18.38 11.35
19.63 11.360000000000001
19.12 11.39
16.8 11.39
16.72 11.379999999999999
17.7 11.35
21.07 11.4
17.72 11.4
17.19 11.379999999999999
16.48 11.379999999999999
18.92 11.360000000000001
20.560000000000002 11.360000000000001
18.310000000000002 11.43
16.77 11.35
17.21 11.35
19.29 11.379999999999999
21.14 11.39
16.869999999999997 11.4
17.29 11.379999999999999
16.99 11.34
19.38 11.35
21.07 11.4
17.07 11.379999999999999
16.669999999999998 11.35
17.31 11.35
19.6 11.379999999999999
20.87 11.39
16.7 11.35
17.41 11.35
16.97 11.360000000000001
19.259999999999998 11.360000000000001
20.8 11.4
17.29 11.39
16.82 11.34
17.65 11.360000000000001
20.02 11.360000000000001
20.46 11.4
16.939999999999998 11.360000000000001
17.330000000000002 11.35
17.26 11.34
20.09 11.379999999999999
20.02 11.41
17.19 11.360000000000001
16.869999999999997 11.379999999999999
17.72 11.35
19.46 11.35
19.97 11.41
16.82 11.360000000000001
17.41 11.35
17.5 11.379999999999999
20.39 11.379999999999999
20.51 11.4
17.53 11.39
16.89 11.35
17.549999999999997 11.35
19.53 11.35
21.29 11.4
17.02 11.379999999999999
17.29 11.35
17.07 11.379999999999999
19.139999999999997 11.360000000000001
21.240000000000002 11.39
17.7 11.41
16.8 11.360000000000001
17.330000000000002 11.379999999999999
18.04 11.35
21.09 11.379999999999999
21.26 11.41
17.75 11.39
17.36 11.35
18.509999999999998 11.379999999999999
19.38 11.360000000000001
20.630000000000003 11.39
16.89 11.41
17.26 11.39
17.11 11.360000000000001
19.12 11.379999999999999
21.14 11.4
17.24 11.43
16.75 11.360000000000001
17.41 11.39
18.92 11.379999999999999
21.310000000000002 11.39
17.26 11.43
17.380000000000003 11.379999999999999
16.8 11.35
19.31 11.39
20.36 11.379999999999999
18.26 11.4
16.99 11.379999999999999
17.36 11.360000000000001
17.8 11.379999999999999
20.87 11.39
19.509999999999998 11.43
17.41 11.379999999999999
17.02 11.379999999999999
19.139999999999997 11.379999999999999
20.46 11.379999999999999
19.24 11.44
17.16 11.39
17.53 11.35
18.310000000000002 11.379999999999999
21.0 11.39
18.87 11.4
17.580000000000002 11.379999999999999
17.07 11.35
18.82 11.35
19.869999999999997 11.379999999999999
20.21 11.44
17.09 11.39
17.5 11.379999999999999
18.43 11.379999999999999
21.19 11.4
18.68 11.44
17.599999999999998 11.39
17.14 11.39
19.869999999999997 11.379999999999999
19.75 11.379999999999999
18.82 11.44
17.09 11.379999999999999
17.7 11.360000000000001
19.17 11.360000000000001
21.39 11.379999999999999
18.04 11.44
17.380000000000003 11.360000000000001
17.21 11.34
18.26 11.379999999999999
20.02 11.379999999999999
20.02 11.44
17.09 11.39
17.919999999999998 11.39
18.360000000000003 11.39
21.36 11.4
18.75 11.44
17.26 11.39
17.68 11.35
19.48 11.39
21.41 11.39
17.9 11.39
17.380000000000003 11.379999999999999
18.73 11.39
19.46 11.379999999999999
21.44 11.43
17.36 11.41
17.849999999999998 11.39
19.12 11.379999999999999
20.0 11.4
20.21 11.43
18.04 11.379999999999999
17.65 11.39
19.950000000000003 11.39
21.36 11.379999999999999
18.970000000000002 11.43
17.5 11.379999999999999
18.38 11.360000000000001
19.6 11.360000000000001
21.22 11.43
17.26 11.41
17.77 11.39
18.509999999999998 11.39
19.900000000000002 11.41
20.21 11.450000000000001
17.72 11.41
17.26 11.39
20.61 11.4
19.78 11.379999999999999
18.75 11.44
17.330000000000002 11.39
18.41 11.39
19.650000000000002 11.4
21.44 11.43
17.41 11.39
17.580000000000002 11.39
17.9 11.379999999999999
19.6 11.39
21.17 11.43
17.82 11.41
17.19 11.360000000000001
19.48 11.379999999999999
20.34 11.4
18.970000000000002 11.459999999999999
17.11 11.39
18.21 11.4
19.189999999999998 11.39
21.22 11.41
17.14 11.44
17.599999999999998 11.39
18.73 11.379999999999999
19.31 11.4
20.39 11.43
17.580000000000002 11.4
17.14 11.39
20.24 11.4
19.17 11.39
19.41 11.43
17.16 11.4
18.04 11.39
20.0 11.39
20.95 11.43
17.14 11.450000000000001
17.75 11.39
18.63 11.39
18.21 11.39
22.27 11.44
18.29 11.459999999999999
17.599999999999998 11.41
20.39 11.41
19.36 11.43
19.97 11.469999999999999
17.43 11.41
18.09 11.41
20.53 11.43
21.39 11.43
17.849999999999998 11.44
18.33 11.41
19.12 11.4
19.950000000000003 11.4
20.68 11.44
17.75 11.43
17.24 11.4
19.950000000000003 11.4
19.509999999999998 11.41
19.919999999999998 11.459999999999999
17.549999999999997 11.4
18.09 11.4
19.8 11.41
21.92 11.43
17.48 11.450000000000001
17.97 11.41
18.04 11.4
20.53 11.41
20.560000000000002 11.44
17.849999999999998 11.44
17.380000000000003 11.379999999999999
19.97 11.4
19.43 11.4
20.580000000000002 11.450000000000001
17.26 11.39
18.09 11.39
20.31 11.4
20.51 11.4
18.68 11.41
17.97 11.379999999999999
18.26 11.39
20.97 11.4
20.65 11.41
17.94 11.43
17.5 11.39
19.43 11.39
19.31 11.39
21.09 11.43
17.41 11.4
17.97 11.39
19.21 11.39
19.12 11.4
20.19 11.41
17.94 11.4
