16.2522 11.376900000000001
16.422 11.347699999999996
15.8752 11.390699999999999
15.9693 11.369299999999997
16.283099999999997 11.351799999999995
15.530599999999998 11.357000000000001
15.316700000000003 11.332500000000001
15.663400000000003 11.908899999999997
15.372200000000003 12.353299999999999
15.5303 11.369399999999999
16.172400000000003 11.3705
16.6435 11.3797
16.996999999999996 11.403899999999997
16.081099999999996 11.419999999999996
15.524400000000002 11.4953
15.251600000000003 11.3881
14.656599999999997 11.404499999999997
14.780500000000002 11.396199999999997
15.062000000000003 12.425800000000002
15.238800000000003 12.059399999999998
15.581499999999998 11.700600000000003
15.109800000000002 11.674599999999998
15.721500000000004 11.581999999999999
15.7214 11.707800000000002
14.9624 11.645999999999997
13.709399999999999 11.534499999999998
13.490300000000003 11.496199999999995
13.928800000000003 11.5516
14.137300000000003 11.535499999999999
14.4065 11.5962
14.2827 11.688099999999997
14.666599999999994 11.562999999999997
14.517899999999997 11.509200000000003
15.219299999999997 11.4962
15.259400000000001 11.7737
14.2682 12.879
14.225600000000005 12.035499999999999
14.305500000000002 11.5506
13.5531 11.565300000000004
14.009299999999996 11.5879
14.442300000000003 11.530399999999998
14.411699999999996 11.510200000000003
14.450599999999996 12.5257
13.448000000000002 12.1278
13.610799999999998 11.603600000000002
14.163300000000003 11.5114
14.429699999999999 11.572599999999996
14.397499999999999 11.573999999999998
14.2994 11.5758
14.440700000000003 11.598600000000001
14.545899999999994 11.588500000000002
14.5458 11.5742
14.053199999999999 11.5272
14.061999999999998 11.609499999999999
14.1349 12.641299999999998
12.245500000000002 11.967200000000004
12.8635 11.531499999999996
13.470300000000002 11.619199999999996
13.572499999999998 11.592199999999997
13.296199999999999 11.547299999999998
13.398600000000002 11.536900000000001
13.220200000000002 11.551900000000002
12.451400000000001 11.5328
12.655099999999997 11.519900000000002
12.7076 11.543300000000004
12.9095 11.559500000000003
12.812100000000001 11.5371
12.9096 11.555300000000003
13.619600000000002 12.778099999999998
12.8798 12.0487
11.8306 11.520299999999999
11.503000000000002 11.506399999999998
11.759799999999998 11.515199999999997
12.3917 11.506200000000002
12.668799999999997 11.4938
12.895100000000001 11.5177
11.660599999999997 11.5234
11.542499999999999 11.5162
11.842799999999995 12.592500000000001
11.7643 12.111299999999996
11.2931 11.5922
11.216499999999998 11.561200000000001
11.041899999999998 11.542300000000004
11.266300000000001 11.5326
11.2519 11.562999999999999
11.5443 11.547400000000001
12.066100000000004 11.530600000000002
12.081800000000001 11.539600000000002
11.4648 11.501400000000004
11.622700000000002 11.491899999999998
11.687100000000003 11.499699999999997
12.433899999999998 12.017600000000002
12.356200000000001 12.6865
12.050200000000002 11.502899999999999
12.465399999999999 11.519899999999996
12.0217 11.510399999999999
12.456999999999997 11.644299999999996
12.453300000000002 11.821299999999999
12.8943 11.876099999999997
12.982699999999998 11.8687
13.134500000000001 11.864599999999998
14.103700000000002 11.8286
14.6407 11.832500000000001
15.157799999999993 13.1445
15.9478 12.143
15.419699999999997 11.8477
15.4963 11.826600000000001
14.949099999999996 11.8411
14.416300000000001 11.9648
14.677599999999998 11.960700000000001
14.0206 11.926299999999996
14.3675 11.876800000000001
14.264400000000002 11.853900000000001
13.767500000000002 11.7258
14.027000000000003 11.675699999999999
14.4572 12.9133
15.686900000000003 11.9835
15.7886 11.670699999999997
16.029100000000003 11.729999999999997
15.899 11.762700000000002
15.366300000000004 11.789100000000001
15.1088 11.752199999999997
14.538600000000002 11.708100000000002
14.477599999999999 11.687200000000002
14.729999999999995 11.7631
14.887899999999995 11.790999999999999
14.671699999999996 11.889800000000001
14.454500000000001 11.876299999999999
14.943000000000007 11.923599999999999
15.370799999999996 11.867399999999998
15.539400000000004 11.868399999999998
15.0695 11.870099999999999
14.694099999999995 11.8778
15.056999999999999 11.892299999999999
15.0676 11.834299999999999
15.219 11.8444
15.511099999999999 11.8663
15.329600000000005 11.892500000000002
15.9575 11.9124
15.474300000000001 11.8478
15.879300000000002 12.4922
15.803100000000004 12.754100000000001
16.6043 11.848799999999999
16.2348 11.8229
15.419599999999997 11.8228
15.7946 11.8617
15.901700000000007 11.934299999999999
15.951499999999996 11.955400000000003
15.496400000000001 11.933800000000002
15.287900000000002 11.452999999999998
17.247499999999995 12.580799999999998
15.951799999999999 12.369600000000002
16.090500000000006 11.712000000000002
16.222900000000003 11.767199999999999
16.1461 11.805
16.4313 11.801200000000001
16.375799999999995 11.811000000000002
17.345999999999997 11.792000000000005
16.9351 11.8428
17.0074 11.864099999999999
16.742400000000004 11.796300000000002
16.946599999999997 11.7712
17.987300000000005 12.865299999999996
17.696300000000004 12.3938
17.4212 11.7881
17.829899999999995 11.722699999999998
17.5683 11.745700000000005
17.273200000000003 11.706499999999997
17.561399999999995 11.699399999999997
17.9795 11.7087
17.821 11.7134
17.733099999999997 11.6968
17.961199999999998 11.767299999999999
17.868699999999997 11.746000000000004
18.394099999999998 12.796400000000002
18.120800000000006 12.218100000000002
18.02 11.704699999999999
18.703 11.718299999999997
18.381099999999996 11.731600000000004
18.729300000000002 11.736600000000001
19.103099999999998 11.7626
18.710299999999997 11.7509
18.928299999999997 11.724599999999997
18.988199999999996 11.720500000000001
19.157200000000003 11.735999999999997
19.288699999999995 11.7647
12.6252 12.7723
19.4489 12.328600000000002
18.970499999999994 11.755700000000001
19.3123 11.771599999999998
19.488500000000002 11.718399999999997
19.56299999999999 11.726499999999994
19.379399999999997 11.7179
19.2086 11.7215
19.2549 11.758500000000002
19.770599999999998 11.830499999999999
19.128500000000003 11.761900000000002
19.3343 11.746599999999997
19.500700000000005 12.8638
19.165000000000003 12.185799999999999
19.442300000000003 11.7251
19.747000000000003 11.758099999999999
19.279599999999995 11.777400000000002
19.0603 11.757300000000004
18.717499999999998 11.717900000000006
18.8834 11.809800000000003
19.194 11.804399999999998
19.106299999999994 11.7791
19.3423 11.793699999999996
18.599400000000003 11.786200000000001
19.6357 12.896800000000002
20.05610000000001 12.904699999999997
18.939300000000006 11.901400000000004
19.267700000000005 11.813400000000001
19.004800000000007 11.803400000000003
18.8784 11.745700000000001
18.784299999999998 11.724799999999998
18.7756 11.7544
18.837799999999998 11.741900000000003
18.851 11.7276
18.8861 11.8221
18.196399999999997 11.859100000000002
18.729399999999995 12.822799999999996
18.741099999999992 12.310400000000001
18.2595 11.722800000000003
19.098000000000003 11.8499
18.4483 11.8356
18.288500000000006 11.751199999999997
18.691000000000003 11.837299999999999
18.190299999999997 11.8144
18.409800000000004 11.764499999999998
19.249999999999996 11.772500000000003
19.058999999999997 11.7678
18.928499999999996 11.836400000000001
19.8878 12.900599999999999
19.083000000000002 12.265800000000002
19.189600000000002 11.8125
19.2826 11.8158
19.0326 11.826900000000002
18.6994 11.799
18.898800000000005 11.8061
18.425099999999993 11.818400000000002
18.5585 11.793599999999998
18.6186 11.835799999999999
18.962000000000003 11.8146
18.567600000000002 11.7904
18.224999999999998 11.794599999999999
18.834500000000002 12.291200000000002
18.9432 13.011800000000001
18.4824 11.890200000000002
18.298099999999998 11.845999999999998
18.3185 11.838799999999997
18.512100000000004 11.799800000000001
18.1159 11.815000000000001
17.924100000000003 11.8229
18.111 11.788
18.4724 11.800099999999999
18.421699999999998 11.808800000000002
18.9732 12.8598
18.3361 12.289000000000001
18.2066 11.781199999999998
18.227399999999996 11.8472
17.9309 11.8707
18.017700000000005 12.025300000000001
18.5498 12.088799999999999
17.7223 11.9806
17.584 11.876000000000001
17.7897 11.886599999999998
17.662699999999994 11.882400000000002
17.723399999999998 11.883099999999999
18.2303 12.5974
17.7815 12.7721
17.573 11.979400000000002
17.478499999999997 11.9014
17.207900000000002 11.8675
16.860899999999997 11.880000000000003
16.8267 11.872200000000001
17.0246 11.879599999999998
16.872799999999998 11.8899
16.4681 11.859300000000001
16.3169 11.8465
16.800200000000007 11.878700000000004
16.463399999999996 12.989699999999996
16.145 12.2852
16.2604 11.855400000000001
16.3274 11.850299999999999
16.297200000000004 11.845700000000004
16.5918 11.924499999999998
