39.712999999999994 7.486799999999999
39.193 7.447899999999999
37.979000000000006 7.4191
38.859 7.411500000000001
39.550000000000004 7.4171999999999985
39.894999999999996 7.424799999999999
38.72300000000001 7.422700000000002
38.019000000000005 7.4103
37.791000000000004 7.408099999999999
38.66100000000001 7.4185
37.946000000000005 7.399900000000001
38.385000000000005 7.437100000000001
38.65400000000001 7.4295
38.703 7.410500000000001
39.541 7.441000000000001
39.531 7.450900000000001
38.464999999999996 7.3976
37.89900000000001 7.4109
38.22200000000001 7.422199999999999
37.498999999999995 7.398299999999999
37.05799999999999 7.385599999999999
37.049 7.3774999999999995
37.138999999999996 7.3952
36.81399999999999 7.401400000000001
37.24 7.394499999999998
36.82099999999999 7.381799999999999
35.56899999999998 7.3515000000000015
36.327 7.348199999999999
36.902 7.365099999999999
37.681 7.35
37.33699999999999 7.3475
37.895 7.3353
37.633 7.321499999999999
37.684 7.309
37.523 7.312100000000001
36.726000000000006 7.317599999999999
36.729 7.338800000000001
35.897000000000006 7.269399999999999
34.68899999999999 7.2564
34.73499999999999 7.228499999999999
35.12099999999999 7.284700000000001
34.004999999999995 7.239899999999999
33.44599999999999 7.223299999999999
33.558 7.209300000000002
33.96699999999999 7.228099999999999
34.312000000000005 7.2658000000000005
34.206 7.2623
33.81 7.239300000000001
34.76573 7.628099999999999
35.806000000000004 7.379099999999999
32.75699999999999 7.0779
32.071999999999996 7.0424
30.968999999999998 7.042
30.167000000000005 7.024200000000001
29.262 6.9854
28.139000000000003 6.9218
27.746 6.9248
28.043999999999997 6.8942000000000005
27.027999999999995 6.9032
26.877999999999997 6.8465
27.505000000000003 6.875100000000001
26.662000000000003 6.8246
25.721 6.820599999999999
25.983 6.765299999999999
25.281000000000002 6.7672
25.251 6.748400000000002
25.187000000000005 6.768099999999999
24.770999999999994 6.7212
23.744 6.674799999999998
23.319 6.658599999999999
23.293 6.6634
23.311000000000003 6.647200000000001
24.006 6.661899999999998
23.493 6.635999999999999
22.879400000000004 6.623600000000001
22.999699999999997 6.6055
22.697 6.612499999999999
21.9874 6.546
21.581999999999997 6.501799999999999
21.328899999999997 6.4895000000000005
21.6911 6.5104999999999995
21.741999999999997 6.506699999999999
20.771099999999997 6.4835
21.4725 6.503100000000001
21.229100000000003 6.480900000000002
21.217200000000002 6.481500000000001
20.8864 6.464499999999999
20.7656 6.456100000000001
20.362799999999996 6.4495
20.188600000000005 6.434999999999999
20.242299999999997 6.458300000000001
20.544699999999995 6.454199999999998
20.9425 6.4775
20.186899999999998 6.4721
19.8177 6.442899999999999
19.799799999999998 6.432200000000001
20.4458 6.4365000000000006
19.6513 6.4474
19.6701 6.427
19.5282 6.447
19.839200000000005 6.426899999999999
19.1772 6.398
19.295499999999997 6.407199999999999
19.2773 6.4037999999999995
19.124999999999996 6.4036
18.9412 6.4108
18.0899 6.388699999999998
18.263799999999996 6.3807
19.225199999999997 6.386499999999999
18.340500000000002 6.3698999999999995
17.9196 6.349800000000001
18.364 6.3564
18.022 6.348499999999999
17.530199999999997 6.321400000000001
18.063399999999998 6.346299999999999
18.0136 6.341399999999998
19.25 6.336299999999999
19.7647 6.371
18.842599999999997 6.351
18.349999999999998 6.334199999999998
18.173 6.3401999999999985
17.8206 6.330900000000001
17.5943 6.315600000000001
18.4403 6.3313
18.1654 6.3301
18.658500000000004 6.336200000000002
18.733099999999997 6.3583
18.2802 6.339599999999999
18.445899999999998 6.343
18.4694 6.3471
18.836599999999994 6.363199999999999
19.021499999999996 6.358999999999999
19.644700000000004 6.389199999999999
19.6075 6.3649
19.525600000000004 6.3747
19.686900000000005 6.383200000000001
19.450500000000005 6.3801
19.7889 6.3786
20.291999999999998 6.3945
20.448600000000003 6.4168
20.700300000000002 6.4055
20.935499999999998 6.4243
21.328500000000002 6.429500000000001
21.3723 6.438600000000001
22.1365 6.470399999999998
22.267300000000002 6.475899999999999
22.2944 6.4919
22.759600000000006 6.491899999999999
22.696900000000003 6.502199999999999
22.884999999999998 6.510200000000001
23.394400000000005 6.5364
23.825000000000003 6.531400000000001
24.108999999999998 6.5561
24.295 6.5761
24.805999999999997 6.608600000000001
24.860000000000003 6.6123
26.171 6.6665
27.142 6.7010999999999985
28.095 6.7195
28.560999999999996 6.731
28.494999999999997 6.716599999999999
28.792999999999996 6.7391000000000005
29.419 6.757599999999998
28.679 6.773599999999999
28.613 6.778099999999999
29.435 6.8132
29.883000000000003 6.879499999999999
30.057000000000006 6.9134
31.032 6.937000000000001
30.842999999999996 6.915699999999999
31.237 6.963100000000002
31.062000000000005 6.944299999999999
31.434999999999995 6.9418
31.948999999999998 6.9534
32.126999999999995 7.0034
32.385999999999996 7.0055
32.49999999999999 6.9714
33.209999999999994 7.0184999999999995
33.634 7.067799999999999
33.491 7.0585
34.70799999999999 7.088799999999999
34.687 7.138
34.994 7.1446
35.086 7.1457999999999995
34.689 7.149800000000001
35.205 7.1514
35.853 7.1995000000000005
35.999 7.2202
35.966 7.192900000000001
35.962 7.176500000000001
36.306 7.1774000000000004
36.153 7.181099999999999
35.972 7.1892
35.847 7.210499999999999
35.405 7.229000000000001
35.741 7.207999999999999
35.796 7.2178
35.616 7.180400000000001
35.35500000000001 7.1801
36.229 7.184799999999999
36.124 7.175099999999998
35.995999999999995 7.188400000000001
36.224000000000004 7.183299999999999
36.44 7.189899999999999
36.604000000000006 7.2369
35.251999999999995 7.1841
35.621 7.1896
36.010999999999996 7.2044000000000015
36.331 7.2101
36.75 7.207199999999999
36.361 7.2136000000000005
36.199999999999996 7.219400000000001
34.934 7.1587999999999985
35.32300000000001 7.134499999999999
35.92100000000001 7.1418
36.147999999999996 7.235600000000001
36.302 7.2033
36.045 7.216900000000001
36.54599999999999 7.220699999999999
35.516999999999996 7.187600000000002
35.261 7.1885
34.483000000000004 7.153899999999999
34.689 7.146299999999998
34.56799999999999 7.1266
34.739999999999995 7.1389000000000005
34.691 7.155
34.365 7.1353
34.716 7.137900000000001
35.965 7.162500000000002
35.330000000000005 7.1757
34.980999999999995 7.144199999999999
35.458 7.1716
34.776 7.1816
35.166999999999994 7.184700000000001
34.611000000000004 7.187399999999999
33.841 7.155799999999999
33.729 7.1617000000000015
32.961 7.1164000000000005
33.511 7.1305
34.008 7.179
34.618 7.1506
34.833 7.180999999999998
35.06199999999999 7.164799999999999
34.851 7.168400000000001
34.65800000000001 7.161300000000001
34.893 7.168500000000002
34.89699999999999 7.183299999999999
34.81199999999999 7.173699999999999
34.532000000000004 7.146800000000001
34.940000000000005 7.179400000000001
35.351000000000006 7.185
35.418 7.194400000000001
35.43899999999999 7.1538
35.142999999999994 7.1674000000000015
35.318 7.164299999999998
36.468 7.1907
36.87200000000001 7.201899999999998
36.968999999999994 7.229899999999999
36.383 7.2068
36.326 7.227800000000001
36.236 7.193
36.06700000000001 7.218100000000001
35.632999999999996 7.233099999999999
35.437000000000005 7.2228
35.809999999999995 7.239500000000001
35.491 7.2312
35.007 7.2022
35.5 7.198799999999999
34.602 7.1674000000000015
34.550000000000004 7.163300000000001
34.937000000000005 7.184200000000001
34.778999999999996 7.1763
34.647000000000006 7.154799999999999
35.486 7.164000000000001
35.04599999999999 7.179200000000001
35.577 7.196100000000001
35.837999999999994 7.207399999999999
35.543 7.178200000000001
34.971999999999994 7.1969
35.016999999999996 7.2102
34.05100000000001 7.178800000000001
34.494 7.189200000000001
34.688 7.1434999999999995
35.172 7.1480000000000015
35.073 7.1556
36.035 7.1655
35.329 7.164500000000001
36.05799999999999 7.1476999999999995
