53.187079999999995 17.409400000000005
47.95394 16.1832
50.080999999999996 16.553500000000003
50.592999999999996 16.722900000000003
50.114999999999995 16.744400000000002
49.589 16.7658
47.93399999999999 16.7906
47.632 16.7993
47.51200000000001 16.795499999999997
49.663999999999994 16.8015
49.815 16.809
49.842 16.8288
49.749 16.8282
49.79700000000001 16.812800000000003
50.086 16.8188
49.989 16.811300000000003
49.828 16.823599999999995
49.44499999999999 16.855799999999995
49.886 16.8822
49.53 16.8775
49.485 16.887600000000003
49.851 16.8692
49.58699999999999 16.8632
49.753 16.833299999999998
49.81499999999998 16.836499999999997
49.569 16.8494
50.075999999999986 16.892200000000003
50.062 16.9143
50.023999999999994 16.929600000000004
49.41199999999999 16.9243
49.708999999999996 16.916
49.84400000000001 16.9212
49.925000000000004 16.950400000000002
49.711 16.9382
49.551 16.953400000000002
49.621 16.946400000000004
49.831 16.9359
49.306999999999995 16.9366
49.66100000000001 16.908299999999997
50.075 16.899900000000002
49.653999999999996 16.8869
49.373 16.894700000000004
49.74300000000001 16.898399999999995
48.856 16.8939
49.06400000000001 16.9143
49.696 16.9128
49.48 16.912599999999998
49.457 16.8908
49.806 16.894499999999997
49.12300000000001 16.890800000000002
49.214999999999996 16.917499999999997
49.754 16.935
49.59299999999999 16.9153
49.26899999999999 16.904200000000003
49.84 16.9165
49.55199999999999 16.908299999999997
49.442 16.908200000000004
49.76500000000001 16.935000000000006
49.573 16.9217
49.342 16.9115
49.657999999999994 16.919500000000003
49.583999999999996 16.9272
49.972 16.938899999999997
50.14999999999999 16.930999999999997
51.850469999999994 17.87647
47.60744999999999 16.174419999999998
48.95100000000001 16.3139
50.40100000000001 16.7335
49.931000000000004 16.7793
50.076 16.813600000000005
49.901 16.8297
49.85800000000001 16.8465
49.92299999999999 16.844200000000004
49.88399999999999 16.8511
49.852000000000004 16.8626
49.643 16.8722
49.379999999999995 16.856299999999997
48.987 16.8661
49.371 16.876399999999997
49.835 16.9054
49.838 16.894599999999997
50.11499999999999 16.907600000000002
50.136999999999986 16.8993
49.767999999999994 16.892999999999997
50.029999999999994 16.9043
50.027 16.9045
49.59 16.924399999999995
49.688 16.9352
50.633 16.9281
49.583 16.934299999999997
49.34100000000001 16.9726
49.35000000000001 16.9596
49.28600000000001 16.9693
49.385 16.9586
49.611999999999995 16.952
49.469 16.9304
49.87799999999999 16.9289
49.817999999999984 16.943499999999997
49.662 16.9532
49.962999999999994 16.967000000000002
49.617999999999995 16.9617
49.491 16.955700000000004
50.319 16.9775
50.535999999999994 16.9739
50.317 16.9662
50.66899999999998 16.9784
50.32400000000001 16.9792
50.324000000000005 16.963299999999997
50.304 16.970100000000002
49.588 16.9733
49.11800000000001 16.968600000000002
49.71799999999999 16.966
50.242999999999995 16.9584
49.92500000000001 16.968300000000003
49.971 16.9822
49.295 16.9812
49.37500000000001 16.975800000000003
49.63600000000001 16.9807
49.495999999999995 16.990699999999997
49.388000000000005 16.9953
49.884 17.008200000000002
50.554 17.018900000000002
50.232 17.0402
50.385999999999996 17.029600000000002
50.33499999999999 17.0305
49.841 17.0257
50.00800000000001 17.0375
50.085 17.025
49.672999999999995 17.0358
52.28418 17.431089999999998
47.39691999999999 16.339549999999996
48.4 16.429899999999996
50.443000000000005 16.819899999999997
50.075 16.9266
49.751 16.964000000000002
50.23399999999999 16.977
50.425999999999995 16.988500000000002
50.25299999999999 16.973800000000004
50.523999999999994 16.9755
50.14000000000001 16.9778
49.902 17.0197
49.991 16.999
49.685 17.0065
49.76199999999999 17.002100000000002
51.413999999999994 17.0173
50.78999999999999 17.0065
50.519999999999996 16.978299999999997
50.522 16.957900000000002
50.293 16.959400000000002
49.849000000000004 16.9707
49.773999999999994 16.990800000000004
49.893 17.002100000000002
50.287000000000006 16.987500000000004
50.205 16.9839
50.332 16.987700000000004
50.184 16.987599999999997
50.427 17.002
50.72 16.9938
51.327999999999996 17.072100000000002
51.14200000000001 17.070799999999995
50.788 17.0648
50.669 17.072300000000002
50.59499999999999 17.085799999999995
50.427000000000014 17.059199999999997
50.198 17.0945
50.666 17.091399999999997
50.583 17.073299999999996
50.637 17.081999999999997
51.46600000000001 17.102099999999997
51.126000000000005 17.104999999999997
51.416000000000004 17.0945
51.532999999999994 17.1256
51.11899999999999 17.1232
51.139 17.128699999999995
50.85099999999999 17.137100000000004
50.961 17.148600000000002
51.163000000000004 17.1888
51.458999999999996 17.136400000000005
51.224000000000004 17.110400000000002
50.525999999999996 17.117299999999997
51.190999999999995 17.1172
50.878 17.133100000000002
51.263999999999996 17.1591
51.156 17.1715
51.04399999999999 17.1624
50.72699999999999 17.1348
50.89 17.106
50.925999999999995 17.1395
51.056000000000004 17.1335
50.633 17.1418
50.816 17.124300000000005
50.51000000000001 17.1273
50.56 17.1495
50.803 17.174500000000002
50.735 17.1859
50.91500000000001 17.182100000000002
51.181 17.190599999999996
50.763999999999996 17.1736
51.117999999999995 17.176000000000002
50.95700000000001 17.187400000000004
51.37199999999999 17.2019
51.041000000000004 17.1914
50.738999999999976 17.216400000000004
50.800999999999995 17.232400000000002
50.982000000000006 17.215700000000002
50.888999999999996 17.1822
50.7 17.1951
51.119 17.202499999999997
51.26499999999999 17.2248
50.743 17.2149
50.88700000000001 17.195
50.955 17.201400000000003
51.292 17.238599999999995
51.358000000000004 17.229199999999995
51.16499999999999 17.2446
50.755 17.217999999999996
51.44 17.1942
51.340999999999994 17.2125
50.993 17.255300000000002
51.59400000000001 17.277500000000003
51.46200000000001 17.2278
51.24700000000001 17.2111
51.219 17.2707
50.998 17.298
51.829 17.296799999999998
50.756999999999984 17.2149
51.00799999999999 17.2065
51.12 17.197399999999995
51.268000000000015 17.233299999999996
50.925999999999995 17.2827
50.953999999999986 17.308899999999998
51.08600000000001 17.283599999999996
50.80499999999999 17.2791
50.649 17.2472
50.74000000000001 17.277700000000003
51.234 17.2915
51.222 17.2739
51.2 17.2425
50.805 17.221
50.989000000000004 17.250700000000002
50.90699999999999 17.257
50.895 17.228800000000003
50.754999999999995 17.267799999999998
51.01700000000001 17.264599999999998
50.577000000000005 17.2608
49.923 17.2982
50.28399999999999 17.2935
50.251999999999995 17.2835
49.78699999999999 17.2135
50.231 17.237
50.07900000000001 17.259900000000002
50.281000000000006 17.2358
50.23500000000001 17.2233
50.495000000000005 17.251599999999996
50.446000000000005 17.2424
50.524 17.2387
50.151 17.237
50.021 17.217199999999995
50.373999999999995 17.225499999999997
49.846000000000004 17.2524
49.766999999999996 17.294400000000003
50.37400000000001 17.2714
50.18799999999999 17.2843
50.12000000000001 17.307100000000002
50.294 17.3012
50.078 17.239400000000003
50.019999999999996 17.2731
50.19199999999999 17.2531
49.84 17.2715
49.744 17.2377
50.08299999999999 17.3356
49.76999999999999 17.3011
49.993999999999986 17.3416
50.315 17.320100000000004
50.09 17.3189
49.93999999999999 17.3072
50.028000000000006 17.289600000000004
49.878 17.278299999999998
50.056999999999995 17.328599999999998
50.242 17.3347
50.15500000000001 17.304
49.967999999999996 17.2715
50.215999999999994 17.265299999999996
50.351 17.2912
49.79500000000001 17.291800000000002
50.31500000000001 17.2622
50.239 17.2835
50.00599999999999 17.3095
