12.267999999999999 7.959
12.079 8.02
13.043 8.063
13.135 8.062999999999999
14.331 8.081
14.93 8.087
14.368 8.081
12.408 8.057
11.89 8.051
12.616 8.068999999999999
12.964 8.075
12.573 8.081
12.75 8.106
13.536999999999999 8.154
11.432 8.13
12.293 8.13
11.932 8.136000000000001
10.411999999999999 8.118
11.175 8.124
10.816 8.118
11.279 8.118
11.139000000000001 8.124
11.078000000000001 8.124
11.719 8.129999999999999
10.901 8.118
13.16 8.136000000000001
11.859 8.13
11.395 8.118
11.42 8.124
10.98 8.112
11.322000000000001 8.124
10.864 8.124
10.833 8.118
11.163 8.124
10.767 8.124
11.218 8.124
10.925 8.118
11.121 8.118
11.329 8.124
11.559999999999999 8.118
10.955 8.106
11.67 8.112
12.036 8.124
11.645 8.124
11.450000000000001 8.112
12.317 8.142000000000001
11.889 8.142
12.14 8.118
13.135000000000002 8.129999999999999
12.274000000000001 8.124
10.999 8.112
11.145 8.118
11.359 8.118
11.139 8.106
11.255 8.112
11.529 8.106
10.419 8.106
11.084 8.106
10.999 8.118
11.267 8.124
11.145 8.106
11.518 8.112
10.938 8.106
11.536 8.106
13.599 8.118
14.221 8.13
13.867 8.124
12.658999999999999 8.118
11.902 8.106
10.907 8.106
10.803 8.106
10.131 8.1
10.100999999999999 8.1
10.901 8.118
11.029 8.1
11.566 8.106
10.822000000000001 8.106
10.302999999999999 8.1
10.303 8.1
10.956 8.106
11.353 8.106
10.938 8.1
11.182 8.1
11.016 8.106
10.828 8.106
11.688 8.106
12.176 8.112
11.188 8.106
10.694 8.1
11.206 8.112
11.518 8.106
11.224 8.106
11.712 8.118
11.621 8.106
12.206999999999999 8.118
12.335 8.118
11.426 8.094
12.244000000000002 8.112
11.609 8.106
11.578 8.106
11.383000000000001 8.112
12.444999999999999 8.13
13.025 8.148
13.434000000000001 8.148
13.306000000000001 8.142
12.506 8.13
12.133 8.118
11.865 8.118
11.761 8.118
13.463999999999999 8.118
12.28 8.118
11.719 8.118
11.194 8.112
11.841 8.129999999999999
11.231 8.112
11.163 8.112
11.518 8.118
10.981 8.106
11.884 8.118
11.75 8.118
12.403 8.112
12.091000000000001 8.112
13.062000000000001 8.118
13.440000000000001 8.124
12.408 8.118
12.384 8.124
12.036 8.13
12.116 8.118
12.067 8.129999999999999
12.482 8.136000000000001
12.536 8.129999999999999
12.171 8.118
12.915 8.136000000000001
11.926 8.124
12.806000000000001 8.142
12.11 8.136000000000001
11.206 8.118
12.402 8.124
11.585 8.124
11.706 8.118
12.543 8.118
13.55 8.13
12.818000000000001 8.13
11.591 8.112
11.693999999999999 8.118
12.128 8.112
5.969 7.392
15.661999999999999 5.963
13.129000000000001 5.9670000000000005
13.282 6.015
12.689 6.039999999999999
13.428 6.079
13.794 6.348000000000001
13.135 6.39
12.708 6.4030000000000005
13.006 6.448000000000001
13.158999999999999 6.461
13.244 6.485
14.417 6.5280000000000005
16.455000000000002 6.564
17.163 6.6339999999999995
18.03 6.6979999999999995
16.968 6.741
15.979 6.765000000000001
16.223 6.802
15.955000000000002 6.833
16.626 6.872
15.857 6.897
16.883 6.933
17.627 7.043000000000001
17.919999999999998 7.225999999999999
17.578 7.2509999999999994
18.787000000000003 7.287000000000001
17.383 7.342
16.638 7.403
17.517 7.502000000000001
16.541 7.5249999999999995
16.968 7.5249999999999995
17.493 7.532
17.09 7.532
17.883 7.5440000000000005
18.298000000000002 7.5440000000000005
18.444 7.5440000000000005
18.835 7.55
18.567 7.55
18.738 7.5440000000000005
20.568 7.569000000000001
19.604 7.556
19.907999999999998 7.561999999999999
19.471 7.550000000000001
18.848 7.538
18.323 7.5440000000000005
18.701 7.538
19.323999999999998 7.556
18.067 7.532
18.311 7.532
20.041 7.55
19.836 7.5440000000000005
20.25 7.55
19.347 7.555999999999999
19.435999999999996 7.5440000000000005
20.578000000000003 7.611000000000001
18.921 7.599
18.886 7.599
17.663999999999998 7.587
18.75 7.587
18.555 7.580999999999999
19.462000000000003 7.593
19.897000000000002 7.605
17.724 7.587
20.779 7.599
18.224999999999998 7.599
17.835 7.599
18.238 7.599
18.152 7.611
17.419 7.599
17.834 7.605
18.899 7.6240000000000006
16.675 7.599
18.14 7.599
17.846 7.605
16.431 7.575
17.786 7.587
17.395 7.587
17.359 7.569000000000001
17.883 7.593
17.236 7.569000000000001
18.396 7.587
16.955000000000002 7.569000000000001
17.737 7.599
18.347 7.666
18.445 7.697
17.37 7.672999999999999
19.788 7.697000000000001
19.396 7.678
18.773999999999997 7.709
17.444 7.6850000000000005
18.480999999999998 7.703
17.517 7.678
17.749 7.666
17.468 7.678999999999999
16.333000000000002 7.66
15.991 7.647000000000001
16.235 7.666
17.199 7.697000000000001
16.857 7.678999999999999
16.187 7.672999999999999
15.661 7.66
16.101 7.672000000000001
15.771 7.678999999999999
16.822 7.6899999999999995
15.833 7.658999999999999
15.672999999999998 7.666
16.358 7.697000000000001
15.21 7.666
15.149000000000001 7.666
16.37 7.678999999999999
17.688000000000002 7.6850000000000005
17.578 7.6850000000000005
16.895 7.715
15.454 7.703
15.259 7.6850000000000005
14.917 7.697000000000001
14.648 7.6899999999999995
14.27 7.697000000000001
13.355 7.684
13.232 7.684
13.989 7.678
14.722 7.6899999999999995
15.088000000000001 7.6899999999999995
14.832 7.684
13.928 7.691000000000001
13.221 7.672
13.916 7.684
13.794 7.6899999999999995
12.085 7.672000000000001
11.822000000000001 7.666
12.371 7.672
13.953 7.6899999999999995
12.207 7.672000000000001
11.731 7.666
12.042 7.672
11.383000000000001 7.654
11.713 7.666
11.7 7.654
11.895 7.672
11.175 7.66
10.627 7.654
