7.617 5.988
8.838 6.061
7.727 6.018
8.643 5.951
7.983 6.042
9.142999999999999 6.024
7.811999999999999 5.975
9.241000000000001 6.104
7.825 6.055
8.862 6.061
8.179 6.0729999999999995
8.959999999999999 6.042
7.8740000000000006 6.042
8.997 6.036
7.764 6.018
8.716 6.085
8.032 6.0729999999999995
9.119 6.018
7.959 6.042
9.094 6.097
8.008 6.049
8.936 6.097
8.142000000000001 6.085
8.63 6.006
7.764 6.042
9.020999999999999 6.091
7.8 6.012
8.838 6.0729999999999995
8.154 6.067
9.338000000000001 6.024
7.922 6.0729999999999995
8.984 6.104
7.8740000000000006 6.018
8.655 6.0729999999999995
7.996 6.055
8.667 6.055
7.739 6.036
8.997 6.091
7.849 6.042
8.691 6.067
8.142000000000001 6.091
9.253 6.0729999999999995
7.666 6.036
8.472 6.036
7.532 6.042
8.594 6.03
8.312999999999999 6.104
8.862 6.036
7.983 6.024
8.826 6.042
7.996 6.012
8.959999999999999 6.018
8.167 6.055
9.29 6.061
7.811999999999999 5.969
8.801 6.061
7.898 6.024
8.789 6.006
8.032 6.03
8.704 6.018
7.9350000000000005 6.055
8.826 6.0729999999999995
7.886 6.055
8.911 6.091
8.044 6.006
9.302000000000001 6.091
7.825 6.104
8.716 6.03
7.739 6.049
8.74 6.042
8.105 6.03
8.691 6.024
7.971 6.079
8.667 5.994
7.9350000000000005 6.024
8.984 6.036
8.215 6.012
9.229 6.055
8.142000000000001 5.994
8.887 6.0
7.983 6.042
8.862 6.067
8.068999999999999 6.018
8.556999999999999 6.03
7.764 6.067
8.447000000000001 5.994
7.568 6.006
8.679 6.11
7.898 6.0729999999999995
8.936 6.03
7.7509999999999994 6.024
8.569 6.012
7.898 5.994
8.838 6.049
8.129999999999999 5.994
8.643 6.0
7.811999999999999 6.055
8.801 6.0
7.922 6.024
8.862 6.122
8.362 6.055
9.350999999999999 6.158
7.8740000000000006 6.079
8.643 5.981
7.8740000000000006 6.03
8.594 6.061
8.228 6.024
8.801 6.006
7.9350000000000005 6.0729999999999995
8.948 6.024
8.068999999999999 5.994
9.058 6.079
8.679 6.079
9.325999999999999 6.0729999999999995
8.057 6.091
8.826 6.024
8.008 6.036
8.704 6.0729999999999995
8.386000000000001 6.049
8.899 6.03
8.215 6.055
8.936 6.097
8.057 6.061
8.813 6.036
8.533 6.03
9.350999999999999 6.042
8.068999999999999 6.042
8.765 6.079
8.008 6.055
8.752 6.085
8.484 6.0729999999999995
8.875 6.042
8.411 6.055
9.009 6.128
8.228 6.042
8.801 6.055
8.520999999999999 6.018
9.264999999999999 5.975
8.154 6.036
8.959999999999999 6.0729999999999995
8.179 6.079
8.838 6.012
8.520999999999999 6.0729999999999995
8.752 6.061
8.008 6.03
9.009 6.018
8.203000000000001 6.067
8.862 6.03
8.556999999999999 6.0729999999999995
9.411999999999999 6.067
8.105 6.006
9.314 6.0729999999999995
8.032 6.116
8.826 6.0729999999999995
8.398 6.0729999999999995
8.679 6.079
8.032 6.036
8.752 6.012
8.325000000000001 6.067
8.838 6.042
8.594 6.116
9.533999999999999 6.11
8.167 6.036
9.009 6.055
8.215 6.049
9.033 6.091
8.459 6.061
8.948 6.061
8.118 6.006
8.789 6.055
8.154 6.067
8.899 6.049
8.434999999999999 6.079
9.546000000000001 6.067
8.190999999999999 6.158
8.838 6.024
8.057 6.055
8.838 6.085
8.276 6.036
8.911 6.091
8.129999999999999 6.104
8.728 6.049
7.837 6.0729999999999995
8.643 6.03
7.996 6.067
9.546000000000001 6.055
7.947 6.024
8.838 6.049
8.068999999999999 6.104
8.997 6.03
8.228 6.018
8.74 6.152
7.9350000000000005 6.116
8.801 6.055
8.081000000000001 6.067
9.180000000000001 6.024
8.264000000000001 6.067
9.314 6.067
8.044 6.036
8.826 6.055
8.057 6.140000000000001
9.106 6.049
8.325000000000001 6.097
8.899 6.061
8.129999999999999 6.128
8.997 6.042
8.179 6.024
9.229 6.079
8.215 6.042
9.485000000000001 6.018
8.068999999999999 6.091
8.862 6.036
8.129999999999999 6.049
9.07 6.085
8.228 6.055
8.813 6.024
8.044 6.055
8.398 6.049
7.471 6.024
8.545 6.006
7.544 6.03
8.777 6.012
7.2749999999999995 6.036
8.105 6.055
7.2749999999999995 6.03
8.447000000000001 5.994
7.446 6.036
8.167 5.981
7.251 5.981
8.251999999999999 6.03
7.312 5.994
8.618 5.988
7.335999999999999 6.061
8.508000000000001 6.036
7.2749999999999995 5.994
8.325000000000001 6.018
7.457999999999999 6.0729999999999995
8.533 5.994
7.288 5.994
8.118 6.042
7.2139999999999995 5.994
8.044 5.988
7.166 6.049
8.35 6.024
7.288 6.024
8.569 6.024
7.227 6.055
7.811999999999999 6.024
7.19 6.0
8.362 6.042
7.19 6.018
7.898 6.006
7.2139999999999995 6.024
8.008 6.006
7.117 5.988
8.386000000000001 6.024
7.166 6.018
8.472 6.012
7.1290000000000004 6.049
8.093 5.994
7.263 6.018
8.434999999999999 6.012
7.2749999999999995 6.0729999999999995
8.105 6.018
7.312 5.994
8.118 6.018
7.19 6.006
8.533 6.006
7.166 6.012
8.691 6.055
7.202 6.012
8.057 6.006
7.227 6.012
8.398 6.018
7.385 6.018
8.179 6.03
7.2139999999999995 6.012
8.044 5.994
7.141 6.036
8.423 6.0
7.349 5.994
8.899 6.012
7.349 5.975
8.02 5.963
7.178 6.0
8.264000000000001 6.0
7.092 5.988
7.971 6.012
