10.678880000000005 31.801250000000003
11.076209999999998 31.819150000000008
10.83679000000001 31.982819000000006
10.718549999999993 31.813170000000028
10.724650000000002 31.74431
10.826530000000002 31.769730000000006
10.828250000000015 31.77652000000002
11.056910000000011 31.851850000000002
10.825920000000004 31.752180000000045
10.874980000000011 31.695790000000024
10.762319999999997 31.652099999999994
10.70823 31.765090000000008
10.945950000000012 31.801950000000033
10.847950000000008 31.699559999999984
10.813090000000006 31.68573999999999
10.807860000000002 31.727680000000053
10.839380000000014 31.774139999999985
10.977240000000013 31.790630000000007
11.074190000000021 31.762980000000024
11.001650000000023 31.740570000000012
11.14229000000002 31.839570000000034
10.879980000000009 31.776130000000002
10.793220000000007 31.879850000000015
10.66794999999999 31.837440000000022
10.705269999999999 31.840460000000004
10.698269999999987 31.86358999999999
10.642199999999992 31.866600000000012
10.638829999999992 31.82975000000001
12.234645000000002 32.975565
19.290656999999996 37.48343800000002
33.875762370000004 46.68253460000004
17.471448999999986 40.64367710000002
11.551209999999994 32.49855000000001
10.597320000000007 30.832479999999997
10.559269999999989 30.740640000000003
10.564689999999992 30.685969999999983
10.610010000000004 30.66355999999999
10.655399999999995 30.66274999999998
10.609939999999995 30.62817999999999
10.605679999999994 30.54559
10.609720000000005 30.571249999999985
10.665070000000004 30.566989999999993
10.834439999999994 30.598820000000003
11.075890000000003 30.635949999999973
10.97783 30.550870000000014
10.744480000000015 30.60462000000001
10.60041999999999 30.570499999999996
10.480529999999984 30.480509999999995
10.488419999999993 30.49076999999999
10.636229999999996 30.58312999999999
10.623180000000005 30.554809999999993
10.563669999999993 30.54047000000001
10.584739999999991 30.538699999999974
10.877939999999992 30.688009999999977
10.618579999999984 30.680320000000005
10.698319999999995 30.630390000000002
10.653880000000001 30.518349999999987
10.562179999999985 30.508459999999992
10.517259999999991 30.493720000000007
10.589139999999997 30.551129999999986
10.633769999999988 30.483859999999986
10.630090000000001 30.478249999999957
10.606419999999996 30.540119999999956
10.651489999999992 30.538719999999977
10.616309999999991 30.50259999999999
10.609969999999988 30.544129999999992
10.629599999999991 30.50937999999998
14.04875699999999 32.364483600000014
10.926989999999993 31.308790000000037
10.611749999999985 30.949769999999976
10.918829999999993 31.260049000000034
10.483649999999981 30.804010000000005
10.395729999999984 30.44027999999999
10.433419999999991 30.424270000000032
10.36664999999999 30.414930000000005
10.53357999999999 30.63532000000003
10.543599999999996 30.667770000000022
10.466640000000002 30.78668999999998
10.539599999999991 30.64772000000004
10.616189999999987 30.648110000000017
10.604999999999995 30.527320000000014
10.471779999999988 30.63824
10.38812999999998 30.554420000000004
10.34584999999999 30.69096000000001
10.403659999999997 30.478909999999974
10.45171999999999 30.488300000000017
10.422379999999993 30.54795999999998
10.418679999999986 30.553319999999985
10.594470000000008 30.515549999999998
10.636259999999996 30.521389999999997
10.670119999999988 30.58481000000002
10.680420000000003 30.583970000000026
11.418366000000004 31.083297000000016
10.646219999999996 30.830459999999977
10.566949999999991 30.693510000000014
11.27845399999998 30.695354999999996
10.402269999999984 30.63425999999999
10.904116999999983 30.718250000000026
10.639169999999988 30.86162999999999
10.377629999999986 30.617840000000022
10.373139999999994 30.47513999999997
10.401999999999992 30.510829999999977
10.498969999999998 30.54037000000001
10.604739999999987 30.543720000000015
10.613710000000003 30.50740000000001
10.490419999999995 30.473059999999975
10.404709999999987 30.456399999999995
10.38883999999998 30.439929999999983
10.42126999999999 30.45203999999998
10.518159999999998 30.441759999999977
10.61166999999999 30.425870000000003
10.482599999999996 30.414019999999965
10.523719999999996 30.280339999999985
10.507039999999986 30.273039999999995
10.662609999999992 30.446689999999975
10.746639999999994 30.619949999999967
11.011580000000011 30.51577000000001
10.62338999999999 30.464859999999966
10.531560000000002 30.396940000000004
10.499249999999991 30.373700000000003
10.475079999999991 30.364800000000013
10.486599999999978 30.463983699999957
10.41736999999999 30.423389999999994
10.659199999999993 30.42025999999997
10.601629999999993 30.448759999999975
10.576389999999996 30.55467999999998
11.923080000000002 31.112818999999973
10.715649999999997 30.60538999999998
10.654010000000005 30.45183000000001
10.517289999999985 30.373839999999973
10.469019999999981 30.34190000000001
10.45799999999998 30.390569999999954
10.457529999999995 30.447609999999987
33.53084899999997 44.52536729999993
15.507938000000005 37.64585029999997
10.922260000000003 30.99279000000001
10.459879999999991 29.91645999999998
10.341669999999983 29.83182999999996
10.646129999999998 29.93981200000003
10.642860000000006 29.827539999999996
10.875160000000001 29.967721999999984
10.527569999999987 29.90098999999997
10.438600000000003 29.69984000000001
10.425339999999991 29.662489999999963
10.438739999999996 29.66596999999999
13.548446999999978 31.221537899999962
11.040529999999988 30.527639999999995
10.70277999999999 29.918959999999977
10.670819999999992 29.850279999999994
10.439249999999985 29.859379999999998
10.623419999999992 30.032719999999983
10.491009999999992 29.870699999999978
10.768610000000002 29.816189999999988
10.820750000000018 29.750749999999965
11.049200000000013 29.785609999999995
10.756680000000012 29.662779999999998
10.597840000000003 29.693399999999997
10.698437000000007 29.820000999999973
22.928189000000007 34.80408089999999
12.430947999999985 32.528069999999985
12.793059999999995 36.297159999999955
10.685589999999989 30.193089999999962
10.457449999999994 30.041249999999977
10.560469999999983 30.027849999999955
10.617560000000003 29.937719999999977
10.595379999999983 29.899949999999954
10.499579999999984 29.839690000000008
10.48651999999998 29.854599999999987
10.511689999999984 29.78870999999999
10.58217 29.843639999999976
10.624880000000003 29.783419999999992
10.775689999999999 29.866929999999957
10.763370000000007 29.839839999999977
10.747020000000001 29.84752999999995
10.706339999999992 29.943233999999986
10.3504 29.12280999999996
11.548029999999999 30.080924999999997
10.498559999999992 29.71100999999996
10.454499999999992 29.771289999999983
10.395199999999988 29.65915999999996
10.510009999999994 29.80919799999999
10.51451999999999 29.790279999999967
10.582200000000007 29.65150999999998
10.580920000000003 29.718979999999984
10.561939999999993 29.85402999999998
10.566029999999994 29.569059999999986
10.485699999999987 29.446049999999996
10.582349999999993 29.461729999999985
11.099069999999992 29.757489999999994
11.641919999999999 30.360218000000007
10.550649999999997 29.752569999999974
10.870769999999997 29.57557099999999
10.499028 29.644367999999993
10.433059999999985 29.469119999999975
10.713739999999994 29.537379999999963
10.624166999999991 29.570868
10.504309999999986 29.382149999999996
10.582589999999986 29.426789999999997
10.544699999999997 29.35498999999997
10.657090000000004 29.488789999999998
10.619320000000004 29.395309999999963
10.505789999999992 29.368579999999987
10.476219999999993 29.34688000000001
10.549609999999996 29.478109999999997
10.437649999999984 29.370989999999995
10.478439999999996 29.333980000000015
10.561159999999997 29.314209999999974
10.597519999999998 29.369070000000008
10.567249999999998 29.65977999999999
10.578459999999998 29.315039999999975
10.564460000000006 29.300809999999988
10.65610000000001 29.35982000000001
10.587449999999997 29.341569999999983
10.493190000000004 29.34750999999999
10.435179999999988 29.291630000000023
10.370459999999984 29.280759999999994
10.343039999999991 29.27333000000001
10.377989999999985 29.325860000000013
10.45993999999999 29.28121000000001
10.608260000000003 29.25994999999999
10.791190000000018 29.26461999999999
10.820320000000013 29.21622999999999
11.19065 29.251794999999976
10.578199999999999 29.231059999999985
10.671349999999995 29.292519999999993
10.603550000000002 29.23732000000004
15.5202 32.806101999999974
11.046629999999992 31.28573
11.929519999999993 31.1330834
10.850160000000002 30.310008999999983
10.625579999999987 29.96370999999999
10.654169999999992 29.963309999999975
10.728599999999998 30.27312699999997
10.91392999999999 30.16300999999999
10.735779999999988 30.146269999999976
10.749859999999996 30.052949999999978
11.00811000000001 29.952800000000014
10.617560000000012 29.816639999999982
10.493629999999994 29.826540000000023
10.40794999999999 29.883790000000012
10.491909999999997 29.79326999999999
10.500509999999997 29.823529999999998
10.479130000000007 29.780800000000003
10.540249999999993 29.821409999999986
10.51626999999999 29.805359999999986
10.543749999999996 29.783280000000005
10.495799999999996 29.766959999999976
10.526399999999994 29.805639999999993
10.472329999999992 29.737670000000016
10.446749999999987 29.75184999999998
10.394739999999993 29.745949999999983
10.449379999999984 29.772129999999986
10.49757999999999 29.784620000000007
10.567489999999989 29.851149999999986
10.57145000000001 29.737049999999986
10.597479999999994 29.811359999999976
10.575830000000003 29.988249999999994
10.543849999999997 29.756000000000004
10.474589999999994 29.78101999999999
10.494480000000003 29.789009999999983
10.44697 29.709489999999988
10.39856 29.737949999999984
10.43363999999999 29.735389999999985
10.436149999999984 29.752949999999984
10.665029999999994 29.709699999999973
10.53323999999999 29.85852999999996
10.56517 29.683709999999962
10.680459999999998 29.762330000000013
10.609379999999998 29.752269999999985
10.556779999999986 29.75562
10.531799999999986 29.677699999999984
10.61165 29.850570000000005
10.607359999999998 29.810049999999983
10.468999999999985 29.76479999999999
10.408909999999986 29.657670000000007
10.442389999999998 29.681480000000025
10.511489999999982 29.594200000000004
10.615819999999992 29.715679999999995
10.625109999999992 29.71009999999999
10.973329999999986 29.866665000000037
10.722390000000003 30.04588899999999
10.783359999999995 29.92271699999999
10.495789999999992 29.84695
10.875320000000007 30.001929999999987
10.903490000000003 29.94834
10.545239999999993 29.78201000000001
10.529269999999997 29.704079999999976
10.511900000000004 29.64355999999999
