18.207 14.037499999999998
17.980100000000004 14.067200000000005
17.915399999999998 14.108799999999999
17.775599999999997 14.166300000000001
17.720699999999997 14.221200000000003
17.198199999999993 14.2677
17.168400000000002 14.320299999999996
18.016100000000005 14.363000000000001
18.232799999999997 14.4097
18.283100000000005 14.461499999999997
18.099899999999998 14.507399999999999
18.009400000000007 14.549099999999997
17.284399999999998 14.608099999999999
17.115799999999997 14.652300000000004
17.6574 14.6993
17.526199999999996 14.749899999999997
17.621399999999998 14.8032
17.817099999999993 14.845500000000003
17.584199999999996 14.906999999999998
18.0146 14.9523
17.8313 15.010099999999998
18.289299999999994 15.062699999999998
18.016099999999998 15.118199999999998
17.889300000000002 15.1818
18.347099999999998 15.2221
18.646300000000004 15.281699999999997
18.827099999999994 15.344199999999997
18.873099999999997 15.391500000000002
18.5751 15.4472
18.7864 15.502699999999997
18.901799999999998 15.552299999999999
18.877499999999998 15.611199999999997
19.0315 15.662799999999994
18.756400000000003 15.718800000000002
18.478200000000005 15.766900000000003
18.256599999999995 15.816899999999997
18.064000000000004 15.866900000000001
18.516 15.9241
18.3038 15.978199999999998
18.049799999999998 16.029500000000002
17.7453 16.0774
17.7172 16.1254
17.6663 16.1736
17.754599999999996 16.2185
17.5276 16.271900000000002
17.248400000000004 16.320100000000004
17.2492 16.3834
16.9275 16.4336
16.938 16.4825
16.687 16.536299999999997
16.397000000000002 16.589900000000004
15.9553 16.642
16.0055 16.6794
15.744999999999997 16.741899999999994
15.7011 16.7847
15.8511 16.8396
15.9774 16.8924
15.698400000000001 16.9402
15.4809 16.988900000000005
15.1258 17.046899999999994
14.776899999999998 17.093700000000002
15.000300000000003 17.1419
14.808500000000002 17.194199999999995
14.9009 17.257
14.269700000000002 16.5642
14.3287 16.6143
14.1623 17.410099999999996
19.17189 19.230621
14.7904 17.2653
14.726700000000001 17.3151
15.140999999999998 17.375000000000007
14.3401 17.425500000000003
14.4869 17.4736
14.525400000000005 17.531000000000006
14.332099999999997 17.5849
14.339499999999997 17.6437
14.388300000000001 17.6955
14.655400000000002 17.7657
14.933699999999996 17.8019
15.031399999999998 17.8665
15.6075 17.925800000000002
15.786499999999998 18.01
15.263200000000001 18.080000000000002
15.5227 18.138099999999998
15.840099999999998 18.2007
16.6351 18.2487
16.7696 18.315900000000003
16.1138 18.3632
16.155 18.432
16.7412 18.4871
17.1615 18.551399999999997
17.5398 18.615
17.5225 18.664499999999997
17.340199999999996 18.744099999999996
17.112 18.7958
17.2761 18.851399999999998
17.7386 18.914700000000003
18.7163 18.9668
18.482300000000002 19.046799999999998
18.717199999999995 19.104000000000003
18.5472 19.1551
18.943600000000004 19.2152
19.0079 19.274200000000004
19.1164 19.333599999999997
19.272100000000005 19.4078
19.018799999999995 19.446600000000004
19.0164 19.503
18.802500000000006 19.562500000000004
18.933100000000003 19.618999999999996
19.226300000000002 19.677899999999994
19.229400000000002 19.726599999999994
19.688300000000005 19.7731
19.6972 19.848700000000004
19.7951 19.899700000000003
19.8658 19.939400000000003
19.831000000000003 19.984399999999997
19.6515 20.0248
19.3323 20.0615
19.189100000000003 20.0753
19.5614 20.1004
19.643500000000003 20.1182
19.9287 20.147999999999993
19.639400000000002 20.189
19.4309 20.2135
19.9792 20.207299999999996
20.5426 20.2088
20.272900000000003 20.2074
20.2877 20.2211
20.3098 20.246199999999998
20.357699999999998 20.2355
19.908699999999996 20.2363
20.137299999999996 20.249100000000002
19.935899999999997 20.251700000000003
20.259900000000002 20.2704
20.029400000000003 20.272799999999997
20.0746 20.292099999999998
20.2497 20.2895
19.948100000000004 20.2979
19.8923 20.3032
20.395500000000002 20.3141
20.396900000000002 20.3069
20.3789 20.3241
20.706999999999997 20.3229
20.901300000000003 20.326999999999998
20.8808 20.3261
21.368500000000008 20.3463
21.845399999999998 20.366099999999996
21.8591 20.3768
22.348600000000005 20.3852
22.543999999999993 20.411899999999996
22.802899999999998 20.439299999999996
23.495800000000006 20.451499999999996
23.1854 20.4285
23.3229 20.435300000000005
23.8561 20.4462
24.407200000000003 20.471
24.439600000000002 20.473999999999997
25.434300000000004 20.486400000000003
26.072899999999997 20.5018
26.1684 20.494699999999998
26.284299999999998 20.500700000000002
26.625100000000014 20.494100000000003
27.17869999999999 20.5116
27.254100000000005 20.5124
27.2783 20.524799999999995
27.341899999999995 20.519299999999998
27.778399999999998 20.5277
28.730500000000003 20.544500000000003
28.942799999999995 20.549
30.044000000000004 20.5603
29.768000000000004 20.5581
30.043999999999993 20.573200000000003
30.41600000000001 20.5809
31.407 20.5932
31.196999999999996 20.600800000000007
30.968 20.5925
31.180999999999997 20.607000000000003
31.079000000000008 20.608600000000006
31.1213 20.6069
31.143299999999996 20.6146
31.558000000000003 20.639300000000002
32.434000000000005 20.654400000000003
33.128 20.6513
32.81999999999999 20.6529
32.70799999999999 20.6482
32.73799999999999 20.665100000000006
33.246 20.6497
32.61599999999999 20.6498
32.245 20.655700000000003
32.596999999999994 20.664800000000003
32.288 20.667900000000003
30.410000000000004 19.791900000000002
31.753000000000004 20.689600000000002
31.938 20.684700000000003
31.905999999999995 20.700100000000006
32.425000000000004 20.6983
32.112 20.6953
32.19800000000001 20.6955
31.779999999999998 20.693999999999996
31.124000000000002 20.689499999999995
31.91600000000001 20.6926
32.048 20.709300000000002
31.275100000000005 20.692399999999996
30.8475 20.714000000000002
30.801000000000002 20.7092
30.2282 20.710999999999995
30.859 20.711100000000002
31.320000000000004 20.7154
31.093000000000004 20.724700000000002
30.362000000000002 20.7261
30.538000000000004 20.7429
30.014000000000003 20.741500000000006
30.184 20.765700000000002
29.663999999999994 20.767300000000006
29.402000000000005 20.778100000000002
29.592999999999996 20.784000000000002
29.263 20.803699999999996
29.5767 20.827999999999996
29.3325 20.838700000000003
29.401300000000003 20.849599999999995
29.18959999999999 20.884900000000002
29.108499999999992 20.896900000000002
28.570899999999995 20.9107
28.486699999999992 20.925700000000003
28.214 20.922900000000002
28.413800000000005 20.957800000000006
28.4915 20.9546
28.715000000000003 20.9731
28.559000000000008 20.985399999999995
29.262 21.0114
29.616999999999994 21.0326
32.76144 22.606012000000007
29.978700000000003 21.1836
27.854999999999997 20.648899999999998
29.433 20.667499999999997
29.629 20.7061
29.469999999999995 20.741799999999998
28.939999999999998 20.764100000000003
28.047 20.789400000000004
28.19629999999999 20.813800000000004
27.739499999999996 20.855999999999998
27.6468 20.872400000000006
27.44919999999999 20.8962
27.4677 20.928100000000004
27.43070000000001 20.961100000000005
27.710800000000003 21.006899999999995
27.4874 21.046300000000002
27.734299999999994 21.0983
27.2743 21.1475
27.2455 21.1846
27.363300000000006 21.235699999999998
27.3844 21.278500000000005
27.7806 21.321700000000003
27.8256 21.365399999999998
27.737300000000005 21.449999999999996
27.712799999999998 21.4933
27.7626 21.5499
27.6382 21.6079
27.676900000000003 21.667800000000003
27.170699999999997 21.737599999999997
26.72119999999999 21.811699999999995
26.498699999999996 21.852499999999996
26.1665 21.9448
25.4158 22.013900000000007
25.0358 22.053299999999997
24.541300000000003 22.100399999999997
24.1967 22.1612
24.0972 22.209099999999996
23.3603 22.252000000000002
22.4648 22.3036
22.365599999999993 22.360100000000003
21.940600000000003 22.408699999999996
21.503499999999995 22.4569
21.649400000000004 22.5091
22.234100000000005 22.5515
21.7878 22.599400000000003
20.6495 22.652499999999996
20.519000000000002 22.700799999999997
20.2697 22.733600000000003
19.902000000000005 22.7778
19.857099999999996 22.845799999999997
19.558399999999995 22.8948
19.288400000000003 22.9486
19.008699999999997 23.0001
18.772799999999997 23.0436
18.387000000000008 23.0859
18.1673 23.1411
18.072099999999995 23.191999999999997
