19.02 11.559999999999999
16.650000000000002 11.52
18.6 11.51
19.509999999999998 11.52
21.83 11.55
16.669999999999998 11.559999999999999
18.26 11.540000000000001
17.21 11.51
20.97 11.540000000000001
20.169999999999998 11.57
18.21 11.58
16.669999999999998 11.540000000000001
19.09 11.540000000000001
19.24 11.559999999999999
21.73 11.57
16.72 11.57
18.33 11.540000000000001
17.7 11.52
20.630000000000003 11.55
19.950000000000003 11.55
18.33 11.540000000000001
16.77 11.52
19.38 11.540000000000001
18.92 11.540000000000001
21.78 11.58
16.8 11.559999999999999
18.38 11.540000000000001
18.07 11.540000000000001
20.26 11.55
20.07 11.57
18.41 11.559999999999999
16.8 11.55
20.02 11.540000000000001
18.310000000000002 11.55
21.7 11.57
16.82 11.55
18.38 11.540000000000001
18.7 11.52
19.869999999999997 11.540000000000001
20.21 11.559999999999999
18.38 11.55
16.8 11.52
20.68 11.55
18.240000000000002 11.55
21.75 11.58
16.869999999999997 11.540000000000001
19.139999999999997 11.52
20.21 11.52
21.12 11.540000000000001
19.82 11.58
18.509999999999998 11.57
16.8 11.55
21.240000000000002 11.55
18.73 11.52
20.39 11.58
16.82 11.559999999999999
18.529999999999998 11.540000000000001
19.189999999999998 11.55
21.26 11.559999999999999
18.14 11.559999999999999
18.41 11.55
16.85 11.52
21.39 11.55
18.529999999999998 11.55
20.21 11.61
16.77 11.55
18.509999999999998 11.540000000000001
19.950000000000003 11.559999999999999
20.95 11.55
17.5 11.559999999999999
18.38 11.540000000000001
17.02 11.52
21.560000000000002 11.559999999999999
19.63 11.55
18.92 11.55
16.99 11.540000000000001
18.63 11.540000000000001
19.919999999999998 11.540000000000001
21.529999999999998 11.55
17.24 11.58
18.48 11.540000000000001
17.14 11.52
21.22 11.55
20.07 11.55
18.55 11.57
16.85 11.540000000000001
18.75 11.52
19.97 11.540000000000001
21.78 11.55
16.919999999999998 11.559999999999999
18.38 11.55
17.5 11.540000000000001
21.09 11.57
20.21 11.559999999999999
18.459999999999997 11.57
17.11 11.540000000000001
19.53 11.540000000000001
19.24 11.55
23.34 11.57
17.82 11.58
18.41 11.559999999999999
18.360000000000003 11.559999999999999
20.31 11.55
20.29 11.559999999999999
18.63 11.600000000000001
16.939999999999998 11.540000000000001
20.95 11.540000000000001
18.12 11.559999999999999
22.07 11.57
17.04 11.57
18.77 11.55
19.900000000000002 11.55
18.8 11.540000000000001
20.580000000000002 11.58
18.48 11.540000000000001
16.97 11.540000000000001
21.75 11.559999999999999
17.11 11.52
21.83 11.57
16.97 11.55
19.56 11.540000000000001
19.259999999999998 11.55
20.46 11.55
18.509999999999998 11.57
18.529999999999998 11.559999999999999
18.8 11.52
19.950000000000003 11.55
20.29 11.55
18.75 11.55
16.97 11.540000000000001
20.43 11.55
18.26 11.540000000000001
22.09 11.559999999999999
17.04 11.55
18.82 11.52
20.21 11.559999999999999
19.63 11.559999999999999
20.169999999999998 11.57
18.75 11.57
17.97 11.55
20.95 11.559999999999999
19.650000000000002 11.559999999999999
19.41 11.559999999999999
16.97 11.55
19.41 11.559999999999999
17.36 11.540000000000001
22.09 11.58
19.24 11.58
18.68 11.55
19.63 11.55
19.38 11.559999999999999
20.39 11.58
18.68 11.559999999999999
17.68 11.55
21.34 11.55
18.509999999999998 11.55
20.68 11.62
16.97 11.559999999999999
20.560000000000002 11.559999999999999
18.459999999999997 11.559999999999999
22.05 11.559999999999999
16.89 11.57
18.8 11.55
19.85 11.55
19.139999999999997 11.55
20.68 11.58
18.970000000000002 11.57
17.87 11.540000000000001
21.58 11.559999999999999
19.12 11.52
20.78 11.600000000000001
17.31 11.559999999999999
19.580000000000002 11.55
19.75 11.55
22.17 11.57
17.11 11.57
18.77 11.55
20.41 11.559999999999999
18.75 11.540000000000001
20.560000000000002 11.57
18.8 11.57
18.43 11.540000000000001
20.68 11.559999999999999
20.39 11.57
18.7 11.57
17.07 11.55
21.66 11.57
17.580000000000002 11.55
22.09 11.559999999999999
17.04 11.559999999999999
19.900000000000002 11.55
19.24 11.55
21.97 11.55
17.26 11.55
18.92 11.55
19.07 11.559999999999999
21.0 11.55
20.68 11.559999999999999
18.82 11.57
17.849999999999998 11.55
21.39 11.540000000000001
20.9 11.55
22.830000000000002 11.57
17.04 11.51
20.849999999999998 11.52
18.19 11.52
22.41 11.559999999999999
17.07 11.52
19.34 11.51
19.85 11.51
20.919999999999998 11.51
18.26 11.540000000000001
18.68 11.49
18.459999999999997 11.49
20.68 11.51
20.36 11.55
18.73 11.52
17.31 11.5
21.92 11.51
18.75 11.49
20.65 11.57
17.11 11.5
20.7 11.49
18.82 11.5
22.36 11.540000000000001
17.24 11.52
18.87 11.5
20.09 11.51
19.48 11.5
20.36 11.57
18.85 11.51
17.7 11.49
21.7 11.51
20.53 11.52
18.92 11.540000000000001
17.16 11.469999999999999
21.58 11.51
17.990000000000002 11.5
22.439999999999998 11.540000000000001
17.21 11.52
19.21 11.5
20.36 11.5
20.830000000000002 11.52
19.17 11.55
18.82 11.49
18.14 11.469999999999999
20.95 11.5
20.119999999999997 11.5
18.529999999999998 11.5
16.580000000000002 11.469999999999999
21.02 11.49
16.99 11.49
21.46 11.51
16.33 11.469999999999999
18.48 11.469999999999999
19.24 11.49
20.04 11.49
17.77 11.540000000000001
18.09 11.49
17.53 11.469999999999999
20.34 11.5
19.869999999999997 11.52
18.12 11.55
16.46 11.49
19.97 11.5
17.68 11.49
21.26 11.52
16.31 11.51
17.94 11.5
19.12 11.49
18.529999999999998 11.49
19.82 11.540000000000001
17.990000000000002 11.49
16.53 11.459999999999999
21.0 11.5
17.94 11.49
19.85 11.540000000000001
16.36 11.469999999999999
19.139999999999997 11.49
18.82 11.49
21.07 11.5
16.72 11.559999999999999
18.12 11.49
17.8 11.469999999999999
20.21 11.49
20.24 11.51
18.12 11.55
16.41 11.49
