13.559400000000002 10.4757
13.581400000000002 10.475200000000001
13.6947 10.476600000000001
13.727500000000001 10.480400000000001
13.5118 10.488799999999998
13.317100000000002 10.4889
14.045000000000002 10.5004
14.5787 10.506000000000002
14.037100000000002 10.513
14.245100000000003 10.5095
14.151799999999998 10.505999999999998
13.873 10.497000000000002
13.836599999999995 10.5028
13.9299 10.503000000000002
14.4265 10.515300000000002
13.8158 10.5127
13.675000000000004 10.5133
13.6426 10.5104
13.5656 10.5052
13.118900000000004 10.503000000000002
13.744800000000001 10.5148
13.6911 10.516
13.461900000000004 10.5176
13.085099999999999 10.5134
13.572900000000002 10.5164
13.355899999999998 10.514400000000002
13.620000000000005 10.5267
13.464400000000001 10.5291
13.419 10.525799999999998
12.828800000000001 10.5129
12.889000000000001 10.5156
12.9241 10.5132
13.348800000000002 10.521400000000002
13.095099999999999 10.527700000000003
13.298100000000002 10.530500000000002
12.751999999999999 10.527300000000002
12.837200000000001 10.5235
12.825799999999997 10.527000000000001
13.010399999999997 10.5315
12.864899999999999 10.530700000000001
12.6082 10.5358
12.6419 10.5315
12.664 10.525200000000002
12.8724 10.530000000000001
13.160199999999996 10.5457
13.296199999999999 10.551899999999998
13.3248 10.552899999999998
12.9449 10.544900000000002
12.806999999999999 10.5376
12.803600000000001 10.543000000000001
13.0166 10.548699999999998
13.1936 10.5522
13.028999999999998 10.5551
12.461 10.547800000000002
12.785499999999999 10.549
12.8021 10.552800000000001
12.660100000000002 10.5566
12.568799999999996 10.555900000000001
12.741 10.5552
12.517399999999999 10.5476
12.6693 10.5545
12.627400000000003 10.5569
12.4419 10.561300000000001
12.4107 10.561300000000001
12.850200000000001 10.5675
12.5393 10.5629
12.650900000000002 10.566800000000002
12.729000000000001 10.5728
12.983199999999998 10.574400000000002
12.6609 10.5713
12.706800000000001 10.562000000000001
12.847200000000003 10.571200000000001
12.699 10.578700000000001
12.9311 10.5851
13.045100000000001 10.5866
12.863299999999999 10.585099999999999
12.4329 10.581100000000001
12.416799999999999 10.582
12.817300000000001 10.580400000000003
13.225599999999996 10.585700000000001
13.2691 10.5903
12.906900000000004 10.5873
12.854 10.578700000000001
12.7834 10.578000000000003
12.9244 10.5873
13.009700000000002 10.5926
12.778400000000001 10.594700000000001
12.283999999999999 10.591000000000001
13.5381 10.592700000000002
13.212699999999996 10.595700000000003
13.855899999999998 10.5973
13.331300000000002 10.5978
12.9469 10.596500000000002
12.722899999999997 10.593500000000002
12.764000000000001 10.5978
13.210099999999999 10.604600000000001
13.554899999999998 10.611600000000001
13.111899999999999 10.612400000000001
13.023399999999999 10.7803
13.1659 10.704200000000002
12.898100000000001 10.725500000000002
12.8013 10.6287
12.992099999999999 10.6282
13.765399999999998 10.6362
13.971599999999999 10.6329
13.722399999999999 10.6298
13.359800000000002 10.629900000000001
13.383500000000003 10.633099999999999
12.8677 10.632300000000003
13.038699999999997 10.6285
12.484800000000002 10.625399999999999
12.188899999999999 10.620299999999999
12.7692 10.624099999999997
12.488599999999998 10.630199999999999
12.445099999999998 10.629299999999999
12.265600000000001 10.626099999999997
11.872900000000001 10.6234
11.9361 10.6293
12.0986 10.630099999999999
12.207799999999999 10.628599999999999
12.1091 10.631
12.3048 10.627099999999999
12.4542 10.63
12.5465 10.635399999999999
12.817200000000001 10.6384
12.677300000000002 10.634500000000001
12.921 10.635299999999999
12.900899999999998 10.636000000000001
12.715100000000001 10.6338
12.6168 10.646899999999999
13.268699999999999 10.65
12.856700000000002 10.6477
12.64 10.6393
12.545200000000001 10.640799999999999
11.902700000000001 10.6354
12.1324 10.646899999999999
12.194799999999999 10.6452
12.0058 10.6429
11.7332 10.644599999999999
11.874300000000002 10.648200000000001
11.8042 10.6446
12.029 10.649199999999997
11.8828 10.651599999999998
11.8202 10.654300000000001
12.733499999999998 10.6528
13.0716 10.6558
12.9883 10.661399999999997
12.584399999999999 10.668099999999999
12.522099999999996 10.667399999999999
11.998 10.6644
12.134599999999999 10.658499999999998
12.0628 10.664499999999997
12.415500000000002 10.6637
12.4933 10.6637
12.605699999999997 10.662199999999999
11.999299999999998 10.649700000000001
12.503800000000004 10.658900000000001
12.5832 10.670300000000001
13.105 10.6752
13.241699999999998 10.676
12.670800000000002 10.6744
12.6503 10.6667
12.623700000000001 10.6659
12.4376 10.672999999999998
12.3374 10.679199999999998
11.7478 10.667399999999997
11.885900000000001 10.6603
12.0552 10.6649
12.4252 10.674399999999999
12.4373 10.6806
12.878799999999998 10.693399999999999
12.753 10.692599999999999
12.858200000000004 10.692699999999999
12.622300000000001 10.689699999999998
12.598099999999999 10.687299999999999
12.8641 10.696599999999998
12.564999999999998 10.6996
12.3179 10.6989
12.347199999999999 10.694899999999999
12.2949 10.698899999999998
12.9692 10.701099999999999
12.880699999999997 10.702599999999999
12.8278 10.699599999999998
12.597099999999998 10.6942
12.1726 10.686500000000002
12.288599999999999 10.694900000000002
12.437899999999999 10.7047
12.364199999999999 10.7032
12.7453 10.6987
11.7849 10.697
11.901100000000001 10.6966
12.345099999999999 10.7054
12.485600000000002 10.7116
12.3655 10.710899999999999
12.425200000000002 10.706199999999999
12.343699999999998 10.701799999999997
12.5222 10.697899999999999
12.661799999999998 10.7071
12.322800000000003 10.7071
12.163699999999999 10.704
12.814000000000004 10.6993
12.4709 10.7007
12.6824 10.705499999999999
12.0619 10.703
12.452700000000002 10.707099999999997
12.024 10.7055
12.444899999999999 10.6987
12.559000000000001 10.7032
12.450399999999998 10.703200000000002
12.488200000000003 10.702299999999997
12.561 10.6958
12.7899 10.692699999999999
13.0745 10.6918
12.819700000000001 10.697899999999999
13.043199999999999 10.6996
12.6477 10.694099999999999
12.504499999999998 10.696399999999999
12.4688 10.6942
12.3963 10.692599999999999
12.623000000000001 10.691199999999998
12.5298 10.690599999999998
12.385 10.6943
12.3879 10.691899999999999
12.1629 10.691099999999999
12.6203 10.6957
12.360899999999999 10.6952
12.662500000000001 10.694899999999999
12.498499999999998 10.679000000000002
12.729200000000002 10.839000000000002
13.047400000000001 10.764400000000002
12.5695 10.772699999999999
12.766799999999998 10.7018
12.2902 10.701
12.133899999999999 10.6957
12.344 10.691099999999999
12.5883 10.689
12.661200000000001 10.685800000000002
12.238200000000003 10.673700000000002
12.0632 10.6699
12.340800000000002 10.6712
11.929400000000001 10.662099999999999
11.996599999999999 10.6574
11.9812 10.653600000000003
11.678399999999998 10.645399999999999
11.774300000000002 10.639000000000001
11.777399999999998 10.6397
11.529500000000002 10.642999999999999
11.3523 10.6392
10.878599999999999 10.6293
11.1187 10.631600000000002
11.0023 10.630099999999999
11.1129 10.6522
11.4776 10.6513
11.2853 10.635900000000001
11.1694 10.626200000000003
11.245600000000001 10.628400000000001
11.6615 10.629900000000001
10.9475 10.6298
11.1023 10.622300000000001
11.052 10.618400000000001
11.154000000000002 10.6148
11.3763 10.6154
11.3814 10.6155
11.1727 10.613399999999999
11.4038 10.6041
11.206799999999998 10.606499999999999
10.9779 10.604099999999999
11.2022 10.6073
11.2663 10.6018
10.907300000000001 10.601
10.785400000000003 10.596499999999999
10.7674 10.597199999999999
10.888399999999999 10.5935
10.9095 10.593399999999999
11.0662 10.593599999999999
10.8849 10.5905
10.6408 10.5828
10.927199999999997 10.581200000000003
10.8709 10.5849
11.122099999999998 10.586600000000002
10.7364 10.5813
10.640400000000001 10.577499999999999
10.7583 10.5728
11.102100000000002 10.576600000000001
11.3625 10.572900000000002
11.3263 10.575300000000002
11.3312 10.5736
10.976299999999998 10.5721
