18.82 14.99
18.55 14.97
19.38 14.99
17.990000000000002 14.99
18.12 15.010000000000002
19.56 15.010000000000002
19.68 14.99
18.310000000000002 15.010000000000002
17.26 15.010000000000002
20.78 15.010000000000002
17.31 15.010000000000002
21.560000000000002 15.040000000000001
16.46 14.99
20.119999999999997 15.010000000000002
17.630000000000003 14.99
21.36 14.99
16.36 15.040000000000001
18.82 15.010000000000002
18.92 15.010000000000002
18.09 14.99
19.7 15.010000000000002
18.16 14.99
18.33 15.010000000000002
19.41 15.010000000000002
19.17 14.99
18.63 15.040000000000001
16.55 15.010000000000002
20.39 15.010000000000002
17.380000000000003 14.99
21.36 15.010000000000002
16.46 15.010000000000002
19.41 14.99
18.459999999999997 15.010000000000002
20.02 14.99
17.87 15.010000000000002
18.26 14.99
18.82 14.99
18.82 15.010000000000002
19.68 14.99
18.33 15.010000000000002
17.8 14.99
19.919999999999998 14.99
17.24 14.97
20.43 15.040000000000001
16.21 14.99
21.09 14.99
16.8 14.99
21.36 14.99
16.41 14.99
19.24 14.99
18.58 14.99
19.02 14.97
18.82 15.010000000000002
18.12 14.99
18.970000000000002 14.99
18.73 14.99
19.82 14.99
18.16 14.99
17.48 14.97
20.31 14.99
16.77 14.99
21.51 15.010000000000002
16.63 14.99
20.46 15.010000000000002
17.97 15.010000000000002
21.8 15.010000000000002
16.6 15.010000000000002
19.24 14.99
19.189999999999998 14.99
18.43 15.010000000000002
20.0 15.010000000000002
18.55 15.010000000000002
18.41 15.010000000000002
19.509999999999998 14.99
19.040000000000003 14.99
18.970000000000002 15.010000000000002
16.55 14.97
21.41 15.010000000000002
16.8 14.99
22.0 14.99
17.330000000000002 15.010000000000002
19.68 15.010000000000002
18.85 15.010000000000002
19.189999999999998 15.010000000000002
19.31 15.010000000000002
18.509999999999998 14.99
19.24 15.010000000000002
19.34 15.010000000000002
19.919999999999998 15.010000000000002
18.29 15.040000000000001
17.04 15.010000000000002
21.41 15.010000000000002
16.82 14.99
21.78 15.040000000000001
16.85 15.040000000000001
20.34 15.040000000000001
18.16 15.010000000000002
20.41 14.99
20.36 15.06
18.509999999999998 15.040000000000001
19.650000000000002 15.010000000000002
18.68 15.010000000000002
19.38 15.010000000000002
19.07 15.040000000000001
17.599999999999998 15.010000000000002
20.46 15.040000000000001
17.11 14.99
21.78 15.010000000000002
16.77 15.010000000000002
20.78 15.010000000000002
17.580000000000002 15.010000000000002
21.92 15.010000000000002
16.869999999999997 15.010000000000002
19.919999999999998 15.010000000000002
18.38 15.010000000000002
19.41 15.010000000000002
19.68 15.040000000000001
18.68 15.040000000000001
17.97 15.010000000000002
20.43 15.010000000000002
20.169999999999998 15.010000000000002
18.529999999999998 15.040000000000001
18.09 15.040000000000001
19.950000000000003 15.040000000000001
19.29 15.010000000000002
20.19 15.040000000000001
17.9 15.040000000000001
20.39 15.040000000000001
17.31 15.010000000000002
22.02 15.040000000000001
16.869999999999997 15.040000000000001
20.75 15.010000000000002
18.14 15.040000000000001
21.61 15.010000000000002
17.11 15.040000000000001
19.75 15.040000000000001
18.48 15.010000000000002
19.41 15.010000000000002
19.919999999999998 15.040000000000001
18.65 15.040000000000001
17.599999999999998 15.010000000000002
20.53 15.010000000000002
20.53 15.010000000000002
18.68 15.040000000000001
18.63 15.040000000000001
20.09 15.010000000000002
18.529999999999998 14.99
20.169999999999998 15.010000000000002
17.26 15.010000000000002
21.66 15.040000000000001
17.5 15.010000000000002
22.24 15.040000000000001
17.09 15.010000000000002
20.09 15.010000000000002
18.87 15.010000000000002
22.02 15.010000000000002
16.919999999999998 15.040000000000001
20.02 15.010000000000002
17.5 15.010000000000002
21.73 15.010000000000002
18.55 15.010000000000002
19.38 15.010000000000002
18.04 15.010000000000002
20.09 15.010000000000002
20.24 15.040000000000001
18.970000000000002 15.010000000000002
18.82 15.010000000000002
19.63 15.010000000000002
20.119999999999997 15.010000000000002
18.63 15.010000000000002
18.6 15.010000000000002
20.09 15.010000000000002
19.869999999999997 15.010000000000002
19.38 15.040000000000001
18.82 15.040000000000001
20.29 15.040000000000001
18.19 15.040000000000001
21.14 15.06
17.8 15.040000000000001
20.78 15.06
17.82 15.040000000000001
22.36 15.06
17.7 15.040000000000001
19.950000000000003 15.040000000000001
18.38 15.040000000000001
22.85 15.06
17.26 15.040000000000001
21.39 15.06
17.94 15.06
22.24 15.040000000000001
17.11 15.040000000000001
21.12 15.040000000000001
18.360000000000003 15.040000000000001
22.36 15.040000000000001
17.26 15.040000000000001
20.95 15.040000000000001
18.65 15.040000000000001
21.310000000000002 15.040000000000001
18.38 15.09
20.39 15.040000000000001
19.24 15.040000000000001
20.09 15.040000000000001
19.650000000000002 15.040000000000001
19.509999999999998 15.06
18.7 15.06
20.46 15.040000000000001
20.68 15.06
19.56 15.06
18.87 15.06
19.97 15.040000000000001
21.12 15.09
19.07 15.06
19.36 15.06
20.26 15.06
20.61 15.06
19.07 15.06
18.82 15.040000000000001
20.68 15.06
20.580000000000002 15.040000000000001
18.85 15.010000000000002
19.12 15.010000000000002
19.900000000000002 14.99
18.68 14.99
20.36 15.040000000000001
18.6 15.010000000000002
20.31 15.010000000000002
17.16 14.99
21.7 15.040000000000001
17.65 15.010000000000002
21.19 15.010000000000002
17.19 15.010000000000002
22.439999999999998 15.010000000000002
17.07 15.010000000000002
19.75 15.040000000000001
18.29 15.010000000000002
22.88 15.040000000000001
16.97 15.040000000000001
21.12 15.040000000000001
17.849999999999998 15.010000000000002
20.95 15.010000000000002
17.919999999999998 15.010000000000002
20.7 15.010000000000002
18.509999999999998 15.010000000000002
19.24 15.010000000000002
19.900000000000002 15.040000000000001
19.75 15.040000000000001
19.139999999999997 15.010000000000002
18.65 14.99
20.169999999999998 15.010000000000002
18.77 15.010000000000002
20.09 15.040000000000001
18.63 15.010000000000002
20.24 15.010000000000002
18.65 15.040000000000001
19.43 15.010000000000002
19.53 15.040000000000001
19.580000000000002 15.010000000000002
19.41 15.010000000000002
18.68 15.010000000000002
20.580000000000002 15.040000000000001
17.82 15.010000000000002
21.26 15.06
17.87 15.010000000000002
21.09 15.040000000000001
16.919999999999998 15.010000000000002
22.02 15.010000000000002
16.97 15.010000000000002
21.41 15.010000000000002
18.07 15.010000000000002
22.36 15.010000000000002
17.14 15.040000000000001
20.9 15.040000000000001
18.240000000000002 15.010000000000002
19.139999999999997 14.99
20.41 15.010000000000002
20.48 15.040000000000001
19.34 15.040000000000001
18.970000000000002 15.010000000000002
20.51 15.040000000000001
19.09 15.010000000000002
20.21 15.010000000000002
19.41 15.010000000000002
20.560000000000002 15.010000000000002
19.040000000000003 15.040000000000001
19.46 15.010000000000002
20.09 15.040000000000001
17.72 15.010000000000002
21.39 15.06
