16.839499999999997 11.2888
16.6527 11.295
17.0302 11.2937
17.4483 11.300699999999999
17.710400000000003 11.3033
17.407899999999998 11.308299999999997
17.3977 11.3063
17.2424 11.312000000000001
17.3464 11.317399999999997
17.447699999999998 11.318299999999999
17.133100000000002 11.3239
17.1467 11.3251
16.9308 11.3267
16.6009 11.332699999999999
16.717599999999997 11.328899999999999
16.819500000000005 11.335999999999999
17.3576 11.3401
17.425099999999997 11.3456
17.415 11.342799999999999
16.5629 11.345600000000001
16.211699999999997 11.345799999999999
16.410400000000003 11.352599999999999
16.415000000000006 11.357099999999999
16.970299999999998 11.3614
16.755099999999995 11.358399999999998
16.794699999999995 11.359
16.359099999999998 11.358600000000001
16.3584 11.363
16.868500000000004 11.3667
16.359199999999998 11.376499999999998
16.0737 11.3763
17.153100000000002 11.3728
16.9074 11.3689
16.755300000000002 11.3736
17.2609 11.380300000000002
17.3197 11.3848
17.7487 11.3899
17.391600000000004 11.385700000000002
16.830599999999997 11.3812
17.002500000000005 11.3903
16.685499999999998 11.391
16.6113 11.392900000000001
16.287200000000002 11.394699999999998
16.2048 11.3954
17.0597 11.3916
17.0006 11.396700000000001
16.8237 11.4
17.1363 11.4047
17.661500000000004 11.4093
17.475200000000008 11.416199999999998
17.0092 11.4097
17.153000000000002 11.4098
17.6525 11.4154
17.370699999999996 11.4178
16.692199999999996 11.418600000000003
16.362299999999998 11.419
17.1518 11.4248
18.1221 11.4311
17.835699999999996 11.434800000000003
17.048199999999998 11.435300000000002
16.417 11.435200000000002
16.8669 11.440700000000001
16.430899999999998 11.44
17.193899999999996 11.441099999999999
16.5337 11.442300000000001
16.5242 11.4465
16.2865 11.444200000000002
17.0959 11.453200000000004
16.790700000000005 11.4534
16.654899999999998 11.4627
16.4954 11.4592
16.3897 11.4552
15.996100000000002 11.452399999999999
16.326500000000003 11.447100000000002
16.960900000000002 11.4602
17.017599999999998 11.463299999999998
16.630499999999998 11.4588
16.6744 11.4548
16.9371 11.455900000000002
16.8155 11.4593
16.733800000000002 11.464799999999999
16.759399999999996 11.4549
16.607900000000004 11.450500000000002
16.057699999999997 11.451099999999997
15.970399999999998 11.4597
16.945 11.464399999999998
17.924400000000002 11.4702
17.603800000000003 11.469500000000002
16.6119 11.4755
16.268800000000002 11.4751
16.3298 11.471899999999998
15.8846 11.4627
17.052699999999998 11.476100000000002
17.058899999999998 11.481800000000002
16.9735 11.4838
16.2464 11.4776
16.7194 11.474600000000002
16.8949 11.4799
17.203000000000003 11.485
18.118100000000005 11.4814
16.5675 11.006200000000002
18.6072 10.32631
18.393900000000002 10.4103
18.059299999999993 10.435699999999999
18.204699999999995 10.4529
18.1344 10.4785
17.122600000000002 10.491
16.6621 10.4967
17.1188 10.4963
17.0269 10.51
17.370800000000003 10.529099999999996
17.432400000000005 10.5459
16.734 10.536900000000001
16.266799999999996 10.5029
16.465600000000002 10.475900000000001
16.5878 10.4763
17.208199999999994 10.499500000000001
17.6093 10.504900000000001
17.323199999999996 10.4908
16.6982 10.4782
16.548199999999998 10.477099999999998
16.6843 10.476799999999999
17.5761 10.484399999999997
18.2548 10.4961
17.574399999999997 10.4969
17.0096 10.4947
16.791600000000003 10.5015
16.636699999999998 10.4993
16.7453 10.506900000000002
17.696100000000005 10.5196
18.268100000000004 10.530699999999998
17.7085 10.535100000000002
17.295999999999996 10.5333
17.0951 10.5292
16.7333 10.5352
17.850699999999996 10.5365
18.763400000000004 10.5616
18.407799999999998 10.570400000000003
17.9363 10.559
17.238799999999994 10.5519
16.936999999999998 10.549499999999998
16.186500000000002 10.550799999999999
16.662000000000003 10.558100000000001
16.7131 10.5659
17.0777 10.571499999999999
16.7163 10.573699999999999
17.4136 10.571800000000001
17.309300000000004 10.5821
17.150199999999995 10.579
17.2343 10.5877
17.5502 10.590699999999998
17.3052 10.602600000000002
17.2858 10.604300000000002
17.1943 10.6048
16.8884 10.599400000000001
16.7549 10.6007
17.3338 10.607499999999998
18.1276 10.623600000000001
17.7258 10.622399999999999
17.7838 10.622300000000001
17.5662 10.6174
17.373600000000003 10.621799999999999
17.919300000000003 10.6298
18.026699999999998 10.646899999999999
17.893600000000003 10.6548
17.9804 10.797400000000001
17.5448 10.6623
16.9387 10.657499999999999
16.624300000000005 10.655
16.7777 10.657499999999999
17.312399999999997 10.666399999999998
17.053 10.6751
17.3757 10.675799999999999
17.2708 10.6686
17.1331 10.6677
16.935400000000005 10.666499999999997
17.746000000000002 10.674900000000001
17.601599999999998 10.7066
17.6938 10.708899999999998
17.782400000000003 10.7053
17.5762 10.700600000000001
17.2886 10.696599999999998
17.704399999999996 10.689699999999998
17.745400000000004 10.700399999999998
18.1223 10.712299999999999
17.6787 10.718999999999998
17.365799999999997 10.717400000000001
17.2195 10.710899999999999
16.870099999999997 10.709299999999999
17.580499999999997 10.7223
18.5858 10.7354
18.3324 10.742
18.165599999999998 10.743700000000002
17.3397 10.731700000000002
17.521099999999997 10.734900000000001
17.777199999999997 10.734200000000001
18.6857 10.751100000000001
19.220499999999994 10.7665
19.190700000000003 10.771099999999999
18.883300000000002 10.762400000000003
18.275799999999997 10.755799999999999
17.801500000000004 10.755999999999998
18.905 10.767700000000001
19.7252 10.7789
19.9576 10.7926
19.242299999999997 10.787299999999998
19.007099999999998 10.771600000000001
18.674400000000002 10.7612
19.066000000000003 10.7816
19.2354 10.799999999999999
19.368800000000004 10.8118
18.927500000000002 10.810299999999998
18.3898 10.802399999999999
18.111 10.788300000000001
19.3199 10.799
19.456500000000005 10.8293
20.2484 10.844399999999998
19.953000000000003 10.8615
19.519 10.854899999999997
19.002899999999997 10.8379
19.0346 10.8375
19.3658 10.839799999999999
19.9785 10.854099999999999
19.876100000000005 10.8622
18.744799999999998 10.862999999999998
18.7789 10.853199999999996
19.267200000000003 10.852899999999998
20.014200000000002 10.8605
20.451800000000002 10.8708
20.2959 10.879899999999997
18.7401 10.8662
18.980399999999996 10.868400000000001
19.427900000000005 10.8689
20.3152 10.895099999999996
20.680400000000002 10.9025
20.305500000000002 10.9134
19.466 10.903500000000001
19.1406 10.8853
20.0377 10.900500000000001
20.6704 10.914599999999998
20.845400000000005 10.927000000000001
20.577899999999996 10.921799999999998
20.401400000000002 11.057199999999998
19.806000000000004 10.923699999999997
20.0842 10.931399999999996
20.8098 10.945599999999999
19.7318 10.938799999999997
19.089399999999998 10.931099999999999
19.977900000000005 10.9294
19.8469 10.932099999999998
19.498699999999996 10.9369
17.8315 11.017999999999999
20.918100000000003 10.952399999999997
20.584200000000003 10.960099999999999
20.518700000000006 10.971799999999998
20.5492 10.9778
20.86 10.972499999999998
19.723000000000006 10.962099999999996
21.046200000000002 10.965599999999998
21.5051 10.989
21.1893 10.995999999999999
20.5411 10.9957
19.784799999999997 10.9796
19.328 10.966899999999999
19.9026 10.9723
20.479200000000002 10.9835
20.9688 10.995
20.222900000000003 10.990599999999999
19.020400000000002 10.975900000000001
19.0459 10.9822
19.181999999999995 10.973899999999999
19.575499999999998 10.9656
20.1361 10.9968
19.4831 10.9953
19.7193 10.9914
18.745800000000003 10.973700000000001
19.9364 10.979400000000002
20.953900000000004 11.152699999999998
19.8799 10.9933
19.6566 10.9992
19.298199999999998 10.9909
19.051000000000005 10.9925
19.5721 10.9909
20.120500000000003 10.9994
20.5158 11.0037
20.483200000000004 11.013
20.192100000000003 11.003800000000002
19.266500000000004 11.0047
