31.994100000000003 11.672599999999997
32.3321 11.667000000000002
32.55830000000001 11.672400000000001
32.1533 11.6905
32.25209999999999 11.6398
32.142700000000005 11.6451
32.5085 11.665500000000002
32.695800000000006 11.6995
31.630699999999994 11.681799999999997
31.761399999999995 11.6568
32.1952 11.658199999999997
32.648999999999994 11.653899999999998
32.3482 11.677100000000001
32.4713 11.6596
32.5459 11.6708
35.344699999999996 12.564210000000001
32.1006 11.6421
33.179200000000016 11.9726
32.287 11.6435
32.196299999999994 11.6521
32.38160000000001 11.6534
32.435700000000004 11.655200000000002
32.2895 11.654300000000003
32.4605 11.6689
32.7821 11.674999999999999
32.15859999999999 11.677800000000001
32.69260000000001 11.6693
32.8172 11.6719
32.409299999999995 11.682800000000002
32.45779999999999 11.679400000000003
32.54550000000001 11.688600000000001
32.994800000000005 11.6759
32.8696 11.692200000000001
32.7076 11.6974
32.5996 11.701799999999999
32.9404 11.696199999999997
32.928 11.6895
32.6846 11.6837
32.844699999999996 11.6867
33.031499999999994 11.682799999999999
32.78879999999999 11.684999999999999
32.888400000000004 11.694
32.21659999999999 11.685699999999999
31.8548 11.670799999999998
31.785500000000006 11.666100000000002
32.047799999999995 11.6488
37.6088 11.817700000000002
31.6004 11.594800000000001
32.7858 11.938400000000005
31.696800000000003 11.6318
31.594100000000008 11.643199999999998
32.17960000000001 11.6517
31.826900000000002 11.644499999999997
31.642500000000002 11.661699999999996
31.690799999999996 11.663799999999998
31.044 11.643400000000002
31.078400000000002 11.6395
31.247999999999998 11.6231
31.7357 11.639800000000001
31.75690000000001 11.637600000000003
30.47709999999999 11.6298
29.917700000000004 11.623300000000002
29.900399999999994 11.624000000000004
30.780800000000003 11.6238
31.2397 11.631100000000002
31.7807 11.6298
31.859299999999998 11.639200000000002
31.8763 11.626299999999997
31.435600000000008 11.631200000000003
31.139900000000004 11.635600000000002
31.689700000000006 11.6184
31.591599999999996 11.630400000000002
31.584899999999998 11.623300000000002
31.7894 11.621000000000004
31.675399999999996 11.631800000000002
30.999799999999993 11.633000000000001
29.992600000000003 11.625499999999999
30.1856 11.6105
29.412199999999995 11.584599999999998
29.569100000000002 11.600099999999998
29.7747 11.6379
30.529899999999998 11.631100000000002
30.724099999999993 11.648599999999998
30.849899999999998 11.657299999999998
30.478299999999997 11.659800000000002
30.490699999999997 11.6397
30.471899999999998 11.648499999999999
30.7901 11.634899999999998
30.767100000000003 11.634000000000002
31.647499999999994 11.686799999999998
31.2299 11.664399999999997
31.032 11.648100000000001
30.617599999999996 11.6265
30.38550000000001 11.6259
30.315499999999997 11.621699999999999
29.654199999999992 11.640899999999998
30.4104 11.6184
30.1837 11.635299999999997
29.988 11.6314
30.163999999999998 11.630799999999999
30.0448 11.6294
30.536900000000006 11.630599999999998
30.526699999999995 11.6135
31.265000000000004 11.699700000000004
31.882299999999987 11.752400000000002
31.56159999999999 11.809600000000003
30.649400000000004 11.7204
30.448199999999996 11.6922
30.338500000000003 11.6741
30.3398 11.6524
30.481199999999998 11.6417
31.054399999999994 11.633799999999999
30.945500000000003 11.6285
30.9949 11.6214
31.014999999999993 11.647599999999999
30.696999999999992 11.631900000000002
30.12120000000001 11.639200000000002
30.5413 11.634799999999998
30.669899999999984 11.6309
30.794099999999997 11.6578
30.500500000000002 11.664200000000001
30.469700000000007 11.663600000000002
31.171499999999995 11.668500000000002
30.90230000000001 11.6914
30.599500000000003 11.667300000000001
31.4191 11.6782
31.567899999999998 11.687399999999997
31.734999999999996 11.665
31.160700000000002 11.671500000000002
31.706100000000003 12.0792
32.0251 11.619499999999999
32.1299 11.973599999999998
30.307900000000004 11.6258
30.392499999999995 11.634899999999998
30.429499999999997 11.651499999999999
30.5112 11.6565
30.921800000000005 11.6542
31.013800000000003 11.665099999999997
30.6955 11.649799999999995
31.204099999999997 11.6598
30.858999999999998 11.636399999999998
30.248099999999994 11.624500000000001
30.145500000000002 11.6254
30.0843 11.6327
31.1162 11.6634
30.718700000000005 11.7126
30.80090000000001 11.724100000000002
31.079899999999995 11.6648
31.2663 11.6654
30.383000000000003 11.6369
30.59440000000001 11.630799999999999
30.6883 11.635600000000002
30.603700000000007 11.6382
30.777700000000003 11.635699999999998
31.1378 11.657
29.5533 11.3303
30.7932 11.681700000000001
31.010900000000003 11.670000000000002
31.429400000000008 11.706599999999998
30.628099999999993 11.7009
30.959200000000003 11.6865
30.833099999999998 11.676999999999998
31.697899999999997 11.6905
31.679600000000008 11.7121
31.337 11.7006
31.122100000000003 11.6938
31.140599999999996 11.704500000000001
31.838099999999997 11.718
31.98220000000001 11.715
30.5103 11.350800000000001
32.03710000000001 11.720299999999998
32.265499999999996 11.729400000000002
32.2701 11.745499999999998
31.9147 11.7256
31.9251 11.722499999999998
31.934099999999997 11.718
31.302199999999992 11.718
31.714100000000002 11.717600000000001
31.476399999999995 11.7016
31.347799999999992 11.708799999999998
32.2607 11.727200000000002
31.5548 11.723
32.299800000000005 11.724800000000004
32.1536 11.727500000000003
37.2268 11.862370000000002
32.309599999999996 11.6786
33.188399999999994 12.0146
31.9994 11.685800000000002
32.61429999999999 11.679899999999998
32.02719999999999 11.677200000000001
31.975899999999996 11.675199999999998
32.11 11.679899999999998
34.902730000000005 12.006200000000003
31.872100000000003 11.6337
32.7563 12.008999999999997
31.708499999999994 11.658199999999999
32.05649999999999 11.671799999999998
32.1801 11.683299999999997
32.18620000000001 11.6905
31.751299999999986 11.679299999999998
32.36280000000001 11.697299999999998
32.0779 11.695900000000002
31.726399999999998 11.6935
32.1875 11.701199999999998
32.1545 11.6952
31.876600000000003 11.708499999999999
32.1149 11.716900000000003
32.2677 11.7138
32.079600000000006 11.790099999999995
31.551100000000005 11.979000000000003
31.56839999999999 11.996200000000002
31.639300000000002 11.7991
38.842 12.460700000000001
32.46200000000001 11.688
32.659200000000006 12.0587
31.7689 11.837299999999999
31.643400000000003 11.9368
32.0918 11.891000000000002
31.19879999999999 11.850000000000001
32.0096 11.7108
31.147799999999997 11.783100000000001
31.461399999999994 11.914800000000001
31.367500000000003 11.765500000000003
31.288800000000005 11.7114
31.666700000000002 11.7241
31.852400000000003 11.715900000000001
31.685599999999997 11.704500000000001
31.9307 11.6914
32.9829 11.6991
34.32381 12.604919999999996
32.53070000000001 11.961499999999997
31.7618 11.652000000000001
31.081500000000005 11.643499999999998
31.362699999999993 11.6344
31.251299999999997 11.6327
31.473899999999993 11.6486
31.776 11.6409
33.87753 12.551669999999998
31.499100000000002 11.6031
31.914899999999996 11.609599999999997
32.62169999999999 11.9759
31.4212 11.624100000000002
31.331300000000002 11.630799999999999
31.7469 11.648000000000001
31.637000000000004 11.651599999999998
31.473599999999998 11.658399999999999
31.722500000000004 11.640699999999997
31.385600000000007 11.639600000000002
32.1178 11.654000000000002
32.4244 11.6633
31.963100000000004 11.648
31.90960000000001 11.636199999999999
31.851200000000002 11.6552
31.387900000000002 11.666199999999998
31.2635 11.669200000000002
31.515700000000006 11.6798
32.035199999999996 11.685099999999998
32.151900000000005 11.6807
32.148900000000005 11.680199999999996
31.549599999999998 11.685199999999996
31.495999999999995 11.677900000000003
34.77287 12.579559999999997
33.0249 11.943100000000001
31.962799999999998 11.5876
31.7498 11.6151
31.0558 11.612599999999999
31.2644 11.6101
31.4414 11.618399999999998
31.2156 11.6188
31.409799999999994 11.617
31.25860000000001 11.616100000000003
31.426100000000005 11.620700000000001
31.287100000000002 11.6138
31.458799999999997 11.610600000000002
31.430700000000005 11.600000000000001
31.612199999999994 11.604399999999998
31.396800000000002 11.612099999999998
31.752600000000005 11.6128
31.875799999999998 11.603799999999996
31.638700000000004 11.608899999999998
31.1581 11.595600000000001
31.5554 11.5996
31.646 11.5933
31.8004 11.6023
31.5997 11.6109
34.27279999999999 12.562099999999997
31.2255 11.529300000000003
31.928800000000003 11.8789
