18.14 11.18
17.31 11.129999999999999
15.040000000000001 11.110000000000001
15.43 11.08
15.310000000000002 11.1
18.95 11.19
17.36 11.15
15.65 11.110000000000001
14.940000000000001 11.12
15.479999999999999 11.1
18.07 11.17
18.310000000000002 11.129999999999999
14.99 11.12
15.6 11.110000000000001
14.84 11.1
18.360000000000003 11.15
16.89 11.19
16.72 11.12
15.06 11.110000000000001
15.53 11.110000000000001
17.07 11.129999999999999
17.990000000000002 11.19
16.189999999999998 11.15
15.479999999999999 11.1
14.99 11.1
15.840000000000002 11.1
18.6 11.19
17.41 11.15
15.110000000000001 11.129999999999999
15.479999999999999 11.1
15.110000000000001 11.110000000000001
18.85 11.18
17.43 11.16
15.870000000000001 11.12
15.06 11.12
15.53 11.1
17.94 11.17
18.43 11.18
15.21 11.12
15.58 11.1
15.190000000000001 11.110000000000001
17.97 11.16
17.849999999999998 11.17
16.11 11.12
15.06 11.129999999999999
15.620000000000001 11.12
17.36 11.16
17.990000000000002 11.17
16.21 11.129999999999999
15.620000000000001 11.12
15.010000000000002 11.15
16.43 11.12
18.07 11.17
17.48 11.16
15.160000000000002 11.15
15.620000000000001 11.129999999999999
15.06 11.12
18.970000000000002 11.17
17.599999999999998 11.18
15.55 11.12
15.09 11.12
15.58 11.12
17.87 11.15
18.21 11.16
15.310000000000002 11.129999999999999
15.6 11.1
15.09 11.110000000000001
18.240000000000002 11.15
17.53 11.19
16.189999999999998 11.12
15.14 11.12
15.7 11.12
16.33 11.12
18.29 11.18
16.97 11.15
15.58 11.110000000000001
15.21 11.110000000000001
15.65 11.12
18.26 11.17
18.360000000000003 11.16
14.97 11.110000000000001
15.65 11.1
15.06 11.1
18.63 11.15
17.53 11.16
16.55 11.12
15.82 11.129999999999999
16.82 11.110000000000001
17.16 11.12
18.48 11.17
16.41 11.12
15.8 11.110000000000001
15.160000000000002 11.12
15.920000000000002 11.110000000000001
18.77 11.15
17.82 11.15
15.36 11.12
15.8 11.1
15.21 11.110000000000001
19.650000000000002 11.15
17.82 11.19
16.72 11.16
15.28 11.110000000000001
15.870000000000001 11.1
15.310000000000002 11.110000000000001
20.14 11.17
16.24 11.129999999999999
15.840000000000002 11.12
15.06 11.110000000000001
15.620000000000001 11.1
19.29 11.17
17.16 11.17
15.06 11.12
15.72 11.1
15.040000000000001 11.12
17.5 11.129999999999999
18.970000000000002 11.17
15.620000000000001 11.12
15.010000000000002 11.110000000000001
15.72 11.08
16.85 11.15
18.92 11.17
15.939999999999998 11.129999999999999
15.72 11.129999999999999
15.14 11.110000000000001
15.770000000000001 11.1
20.0 11.18
16.669999999999998 11.15
15.28 11.12
15.8 11.129999999999999
15.21 11.110000000000001
19.8 11.17
17.43 11.19
15.89 11.12
15.409999999999998 11.110000000000001
15.989999999999998 11.110000000000001
18.990000000000002 11.16
17.7 11.15
15.89 11.15
16.02 11.1
15.45 11.1
19.509999999999998 11.15
17.8 11.17
15.989999999999998 11.12
15.409999999999998 11.12
16.02 11.110000000000001
17.7 11.12
19.41 11.18
15.770000000000001 11.12
16.16 11.1
15.55 11.12
16.43 11.1
20.0 11.18
16.919999999999998 11.12
15.55 11.129999999999999
16.04 11.1
15.5 11.1
19.41 11.18
16.31 11.17
17.849999999999998 11.12
15.55 11.129999999999999
16.02 11.110000000000001
19.68 11.18
17.8 11.17
15.479999999999999 11.129999999999999
16.04 11.129999999999999
15.53 11.12
19.43 11.12
18.12 11.18
16.09 11.12
15.55 11.110000000000001
16.06 11.1
17.82 11.15
18.92 11.18
16.43 11.129999999999999
16.11 11.12
15.58 11.12
17.330000000000002 11.110000000000001
19.650000000000002 11.23
16.919999999999998 11.15
15.620000000000001 11.12
16.14 11.1
16.77 11.129999999999999
18.509999999999998 11.18
17.77 11.16
16.48 11.129999999999999
15.67 11.12
17.02 11.110000000000001
20.24 11.219999999999999
16.72 11.15
15.7 11.110000000000001
16.11 11.1
17.04 11.110000000000001
20.830000000000002 11.23
15.620000000000001 11.16
16.14 11.1
15.67 11.129999999999999
17.549999999999997 11.110000000000001
20.29 11.21
16.43 11.15
16.06 11.129999999999999
16.46 11.110000000000001
18.63 11.129999999999999
20.46 11.21
16.16 11.16
16.33 11.15
15.920000000000002 11.129999999999999
18.87 11.12
19.17 11.21
16.189999999999998 11.15
15.72 11.12
16.189999999999998 11.110000000000001
19.41 11.18
18.6 11.24
15.75 11.15
16.24 11.129999999999999
15.7 11.129999999999999
19.46 11.129999999999999
18.33 11.21
16.24 11.129999999999999
15.75 11.12
16.21 11.12
19.8 11.16
18.04 11.16
15.72 11.129999999999999
16.24 11.15
15.920000000000002 11.129999999999999
20.53 11.18
17.599999999999998 11.18
16.21 11.129999999999999
15.770000000000001 11.12
16.38 11.129999999999999
20.51 11.18
17.53 11.15
15.840000000000002 11.15
16.28 11.12
15.870000000000001 11.110000000000001
21.240000000000002 11.18
17.04 11.17
16.31 11.12
15.840000000000002 11.129999999999999
16.21 11.110000000000001
20.919999999999998 11.19
17.16 11.17
16.04 11.129999999999999
16.48 11.12
15.770000000000001 11.12
21.61 11.219999999999999
16.41 11.17
16.28 11.12
15.770000000000001 11.15
16.24 11.12
21.36 11.18
16.77 11.17
15.840000000000002 11.129999999999999
16.33 11.12
16.06 11.12
21.41 11.219999999999999
16.48 11.17
16.259999999999998 11.12
15.840000000000002 11.15
16.31 11.12
21.17 11.21
16.97 11.18
15.82 11.129999999999999
16.28 11.110000000000001
15.840000000000002 11.129999999999999
21.78 11.19
16.669999999999998 11.16
16.28 11.15
15.8 11.15
16.24 11.12
20.849999999999998 11.19
17.29 11.18
15.770000000000001 11.129999999999999
16.28 11.110000000000001
15.840000000000002 11.15
20.73 11.18
17.330000000000002 11.19
16.33 11.16
15.8 11.129999999999999
16.31 11.12
19.48 11.18
18.360000000000003 11.19
16.5 11.15
16.41 11.12
15.97 11.15
19.29 11.15
