6.848 8.167
7.007 8.228
6.946 8.228
6.689 8.179
7.3 8.203000000000001
6.689 8.190999999999999
6.836 8.179
7.007 8.251999999999999
6.824 8.167
6.7379999999999995 8.203000000000001
6.848 8.215
6.677 8.203000000000001
6.920999999999999 8.203000000000001
6.97 8.24
6.836 8.179
6.677 8.190999999999999
7.178 8.264000000000001
6.555 8.203000000000001
6.787 8.215
6.7379999999999995 8.228
6.75 8.215
6.567 8.179
6.7989999999999995 8.203000000000001
6.555 8.190999999999999
6.726 8.190999999999999
6.824 8.24
6.702 8.167
6.58 8.215
7.141 8.215
6.58 8.215
6.726 8.251999999999999
6.812 8.24
6.6530000000000005 8.203000000000001
6.5920000000000005 8.190999999999999
6.641 8.190999999999999
6.433 8.179
6.677 8.203000000000001
6.787 8.251999999999999
6.616 8.190999999999999
6.433 8.167
7.031 8.228
6.604 8.190999999999999
6.7379999999999995 8.190999999999999
6.848 8.251999999999999
6.763 8.203000000000001
6.506 8.190999999999999
6.775 8.203000000000001
6.482 8.179
6.5920000000000005 8.203000000000001
6.885 8.228
6.628 8.179
6.555 8.179
7.056 8.203000000000001
6.567 8.167
6.677 8.179
6.859999999999999 8.203000000000001
6.641 8.190999999999999
6.604 8.179
6.689 8.167
6.555 8.167
6.75 8.203000000000001
6.836 8.203000000000001
6.689 8.203000000000001
6.482 8.179
6.7989999999999995 8.167
6.519 8.190999999999999
6.616 8.154
6.787 8.179
6.604 8.179
6.299 8.167
6.58 8.154
6.372 8.203000000000001
6.567 8.167
6.702 8.179
6.665 8.179
6.47 8.142000000000001
6.958 8.142000000000001
6.494 8.167
6.543 8.167
6.677 8.154
6.604 8.190999999999999
6.433 8.167
6.494 8.129999999999999
6.482 8.203000000000001
6.5920000000000005 8.179
6.6530000000000005 8.154
6.421 8.154
6.183000000000001 8.179
6.934 8.179
6.335 8.142000000000001
6.616 8.179
6.714 8.179
6.5920000000000005 8.179
6.482 8.154
6.628 8.154
6.555 8.167
6.58 8.167
6.859999999999999 8.179
6.567 8.167
5.817 8.154
6.0729999999999995 8.167
5.779999999999999 8.154
5.713 8.142000000000001
5.951 8.167
5.737 8.167
5.695 8.167
5.676 8.142000000000001
5.6579999999999995 8.118
5.718999999999999 8.167
6.1339999999999995 8.215
5.779999999999999 8.179
5.7250000000000005 8.167
6.091 8.142000000000001
5.779999999999999 8.142000000000001
5.7860000000000005 8.167
6.018 8.215
5.896 8.167
5.865 8.215
5.743 8.142000000000001
5.75 8.142000000000001
5.859 8.154
6.1339999999999995 8.203000000000001
5.829 8.190999999999999
5.908 8.167
6.213 8.179
5.835 8.154
5.92 8.179
6.0729999999999995 8.190999999999999
5.92 8.154
5.896 8.179
5.878 8.154
5.817 8.154
5.89 8.167
6.158 8.179
5.988 8.190999999999999
5.981 8.203000000000001
6.348 8.179
5.902 8.167
5.951 8.203000000000001
6.061 8.215
5.884 8.203000000000001
5.774 8.179
5.939 8.203000000000001
5.914 8.167
5.994 8.179
6.396 8.228
6.0729999999999995 8.190999999999999
6.018 8.179
6.444999999999999 8.203000000000001
6.006 8.179
5.914 8.167
6.1339999999999995 8.24
5.981 8.179
5.859 8.167
5.9270000000000005 8.179
5.902 8.154
6.079 8.190999999999999
6.194999999999999 8.24
6.232 8.190999999999999
6.091 8.179
6.531000000000001 8.228
6.1339999999999995 8.228
6.207 8.167
6.458 8.167
6.519 8.179
6.146 8.179
6.213 8.154
6.152 8.154
6.116 8.167
6.3229999999999995 8.179
6.189 8.203000000000001
6.061 8.190999999999999
6.506 8.154
6.194999999999999 8.203000000000001
6.689 8.190999999999999
6.3229999999999995 8.203000000000001
6.36 8.167
6.018 8.167
6.421 8.179
6.036 8.190999999999999
6.47 8.179
6.177 8.179
6.531000000000001 8.154
6.067 8.215
6.848 8.190999999999999
6.024 8.154
6.396 8.167
6.213 8.190999999999999
6.311 8.154
5.975 8.167
6.433 8.190999999999999
5.975 8.179
6.494 8.215
6.287 8.190999999999999
6.47 8.154
6.03 8.154
6.995 8.167
6.128 8.179
6.506 8.190999999999999
6.232 8.179
6.409 8.203000000000001
6.0729999999999995 8.190999999999999
6.444999999999999 8.154
6.091 8.215
6.372 8.179
6.183000000000001 8.179
6.348 8.179
6.006 8.251999999999999
6.775 8.215
5.963 8.215
6.409 8.203000000000001
6.177 8.203000000000001
6.232 8.154
5.939 8.154
6.36 8.190999999999999
5.792 8.154
6.433 8.190999999999999
6.189 8.203000000000001
6.36 8.129999999999999
6.116 8.203000000000001
6.787 8.215
5.994 8.215
6.409 8.203000000000001
6.097 8.179
6.444999999999999 8.190999999999999
5.981 8.154
6.482 8.190999999999999
6.1339999999999995 8.190999999999999
6.519 8.179
6.36 8.215
6.519 8.24
6.091 8.203000000000001
6.836 8.203000000000001
5.981 8.154
6.47 8.167
6.299 8.215
6.458 8.179
6.018 8.129999999999999
6.604 8.179
6.207 8.215
6.458 8.190999999999999
6.287 8.179
6.482 8.228
6.091 8.203000000000001
6.702 8.154
6.128 8.228
6.409 8.203000000000001
6.335 8.203000000000001
6.311 8.203000000000001
6.024 8.203000000000001
6.348 8.167
6.024 8.154
6.287 8.179
6.213 8.190999999999999
6.3229999999999995 8.179
6.067 8.203000000000001
6.7989999999999995 8.215
6.122 8.179
6.531000000000001 8.24
6.177 8.228
6.3229999999999995 8.203000000000001
6.036 8.289
6.262 8.264000000000001
5.902 8.190999999999999
6.665 8.251999999999999
6.2010000000000005 8.228
6.274 8.142000000000001
6.049 8.167
6.6530000000000005 8.179
6.036 8.215
6.409 8.228
6.213 8.179
6.287 8.167
6.122 8.167
6.274 8.167
6.03 8.154
6.482 8.142000000000001
6.262 8.228
6.372 8.190999999999999
6.03 8.179
6.75 8.154
6.006 8.154
6.555 8.167
6.2010000000000005 8.154
6.3229999999999995 8.154
6.018 8.167
6.25 8.190999999999999
5.878 8.154
