19.139999999999997 14.92
18.970000000000002 14.940000000000001
20.919999999999998 14.97
17.580000000000002 14.940000000000001
18.04 14.92
19.43 14.940000000000001
20.14 14.940000000000001
19.31 14.97
17.97 14.92
17.41 14.92
20.31 14.940000000000001
20.68 14.940000000000001
18.38 14.940000000000001
17.68 14.92
17.97 14.92
20.36 14.940000000000001
21.240000000000002 14.940000000000001
17.380000000000003 14.940000000000001
18.07 14.92
17.82 14.940000000000001
20.73 14.97
20.31 14.97
18.07 14.940000000000001
17.26 14.940000000000001
18.82 14.92
19.8 14.940000000000001
21.09 14.97
17.41 14.940000000000001
18.19 14.940000000000001
18.7 14.940000000000001
20.14 14.940000000000001
20.41 14.97
18.07 14.940000000000001
17.41 14.940000000000001
19.139999999999997 14.97
20.830000000000002 14.97
20.169999999999998 14.97
17.549999999999997 14.940000000000001
18.04 14.940000000000001
19.650000000000002 14.97
21.51 14.97
18.459999999999997 14.99
18.16 14.940000000000001
17.5 14.97
20.75 14.97
21.09 14.97
18.33 14.97
17.5 14.97
18.459999999999997 14.940000000000001
20.8 14.97
21.09 14.99
17.31 14.97
17.87 14.940000000000001
18.12 14.940000000000001
20.580000000000002 14.97
20.39 14.99
17.990000000000002 14.97
17.5 14.97
19.41 14.97
19.259999999999998 14.99
21.02 14.97
16.99 14.97
18.07 14.940000000000001
18.92 14.97
20.53 14.97
19.580000000000002 14.99
18.19 14.97
17.24 14.97
20.21 14.97
20.24 14.97
18.970000000000002 14.99
17.630000000000003 14.97
18.240000000000002 14.940000000000001
19.48 14.97
22.439999999999998 14.97
17.97 14.97
17.97 14.940000000000001
17.48 14.940000000000001
19.900000000000002 14.97
21.97 14.97
17.87 14.99
17.41 14.97
18.14 14.940000000000001
20.07 14.97
21.560000000000002 14.97
17.43 14.97
18.09 14.97
17.31 14.97
20.73 14.97
21.0 14.97
18.16 14.97
17.380000000000003 14.97
18.12 14.940000000000001
20.21 14.97
21.66 14.97
17.43 14.97
18.12 14.940000000000001
17.82 14.940000000000001
20.560000000000002 14.97
22.830000000000002 14.99
18.21 14.97
18.14 14.97
18.65 14.940000000000001
20.53 14.97
20.8 14.97
17.75 14.97
18.240000000000002 14.940000000000001
18.33 14.97
20.46 14.97
20.580000000000002 14.97
18.26 14.97
17.82 14.97
19.31 14.940000000000001
19.85 14.97
21.310000000000002 14.97
17.8 14.97
18.63 14.940000000000001
19.29 14.97
20.43 14.97
21.02 14.99
18.82 14.99
18.38 14.97
20.24 14.97
20.09 14.99
21.83 14.99
17.94 14.97
18.509999999999998 14.97
19.82 14.97
20.53 14.97
20.53 14.99
18.529999999999998 14.97
17.82 14.97
20.8 14.99
20.830000000000002 14.97
19.48 14.97
17.68 14.97
19.21 14.940000000000001
20.8 14.97
21.46 14.99
17.919999999999998 14.99
18.7 14.97
19.02 14.97
20.73 14.97
21.63 14.99
18.360000000000003 14.99
18.38 14.97
20.02 14.97
19.85 14.99
21.61 14.99
18.16 14.97
18.459999999999997 14.97
20.14 14.97
20.24 14.97
20.830000000000002 14.99
18.87 14.97
17.990000000000002 14.97
20.36 14.97
21.58 14.99
21.68 14.99
17.82 14.97
18.68 14.97
20.9 14.99
21.51 14.99
18.68 14.99
18.73 14.940000000000001
18.82 14.97
20.919999999999998 14.99
21.66 14.99
18.95 14.99
18.12 14.97
19.78 14.940000000000001
20.53 14.99
23.580000000000002 14.99
18.43 14.99
18.82 14.97
20.119999999999997 14.99
20.97 14.99
20.61 14.99
18.7 14.97
18.509999999999998 14.97
20.34 14.97
23.22 14.97
18.65 14.99
18.38 14.97
19.75 14.940000000000001
20.75 14.97
22.12 14.99
18.12 14.97
18.8 14.940000000000001
20.51 14.99
21.04 14.97
18.07 14.99
17.82 14.97
18.29 14.97
19.950000000000003 14.97
20.24 14.97
17.849999999999998 14.97
17.24 14.97
20.630000000000003 14.97
19.41 14.97
19.869999999999997 14.97
17.97 14.97
19.17 14.97
20.53 14.99
21.39 14.97
17.36 14.97
17.97 14.97
19.48 14.99
18.95 14.97
19.900000000000002 14.99
18.02 14.97
17.53 14.97
20.97 14.99
20.36 14.99
17.990000000000002 14.99
17.65 14.97
19.75 14.97
19.17 14.97
21.34 14.97
17.36 14.99
18.12 14.97
20.51 14.97
19.900000000000002 14.97
18.65 14.97
17.8 14.97
18.12 14.97
19.7 14.97
19.97 14.99
17.68 14.97
16.89 14.97
20.39 14.97
18.360000000000003 14.97
20.119999999999997 14.97
16.97 14.940000000000001
18.26 14.97
19.53 14.99
20.9 14.97
16.99 14.99
17.75 14.940000000000001
19.07 14.97
18.75 14.97
19.97 14.97
17.8 14.97
16.939999999999998 14.97
21.17 14.99
20.09 14.99
17.9 14.97
16.99 14.97
19.12 14.940000000000001
19.040000000000003 14.97
21.02 14.97
17.02 14.99
17.849999999999998 14.97
19.919999999999998 14.99
19.189999999999998 14.97
19.12 14.99
17.919999999999998 14.97
17.599999999999998 14.97
20.68 14.97
20.19 14.97
17.919999999999998 14.97
17.31 14.97
19.41 14.97
18.9 14.97
21.02 14.99
17.16 14.97
17.97 14.97
19.869999999999997 14.99
19.34 14.97
19.43 14.99
17.9 14.97
17.26 14.97
20.9 14.97
20.169999999999998 14.97
17.849999999999998 14.97
16.97 14.97
18.9 14.99
19.24 14.99
20.87 14.97
17.09 14.99
17.919999999999998 14.97
18.85 14.940000000000001
19.43 14.97
20.39 15.010000000000002
17.97 14.99
17.19 14.97
20.24 14.97
18.29 14.99
