20.73 14.940000000000001
17.919999999999998 14.940000000000001
21.75 14.940000000000001
18.33 15.010000000000002
21.9 14.97
18.04 14.940000000000001
19.07 14.940000000000001
21.02 14.97
19.950000000000003 14.97
19.900000000000002 14.97
18.7 14.97
18.33 14.940000000000001
21.02 14.99
19.43 14.97
20.61 14.97
17.29 14.940000000000001
22.509999999999998 14.940000000000001
17.68 14.97
22.12 14.940000000000001
17.43 14.940000000000001
19.41 14.940000000000001
20.7 14.97
20.87 14.97
18.87 14.97
19.189999999999998 14.940000000000001
20.78 14.97
19.189999999999998 14.97
20.75 14.940000000000001
19.12 14.97
17.26 14.940000000000001
22.31 14.97
16.89 14.97
17.599999999999998 14.92
17.11 14.84
17.87 14.84
15.43 14.84
18.12 14.82
13.87 14.82
15.329999999999998 14.790000000000001
16.99 14.87
16.63 14.82
18.82 14.87
15.45 14.84
15.89 14.84
17.11 14.940000000000001
16.939999999999998 14.87
16.28 14.87
14.430000000000001 14.87
18.77 14.89
14.280000000000001 14.89
18.68 14.89
14.280000000000001 14.87
15.55 14.87
17.26 14.89
15.840000000000002 14.89
16.11 14.89
16.36 14.87
14.430000000000001 14.84
18.82 14.92
14.99 14.89
18.14 14.89
14.549999999999999 14.87
16.04 14.87
17.53 14.940000000000001
16.580000000000002 14.89
16.7 14.89
15.840000000000002 14.89
15.870000000000001 14.87
17.77 14.940000000000001
16.46 14.89
17.14 14.89
14.75 14.89
18.360000000000003 14.92
16.02 14.940000000000001
18.65 14.92
15.89 14.89
16.06 14.87
17.65 14.92
15.870000000000001 14.940000000000001
17.380000000000003 14.89
16.16 14.89
14.719999999999999 14.87
19.21 14.940000000000001
15.14 14.92
18.85 14.92
14.82 14.87
16.259999999999998 14.89
18.02 14.97
17.11 14.92
16.16 14.89
17.09 14.89
17.02 14.92
17.68 14.97
17.09 14.89
17.41 14.92
14.99 14.89
20.19 14.92
16.33 14.940000000000001
17.87 14.92
16.580000000000002 14.89
16.580000000000002 14.89
18.21 14.92
16.85 14.97
17.82 14.92
16.6 14.89
15.160000000000002 14.89
19.53 14.92
16.869999999999997 14.89
17.7 14.92
15.14 14.87
16.5 14.87
18.38 14.97
18.82 14.940000000000001
15.870000000000001 14.89
16.75 14.89
17.11 14.89
18.33 14.97
18.41 14.92
16.939999999999998 14.92
15.620000000000001 14.92
19.950000000000003 14.940000000000001
16.82 14.92
18.7 14.92
15.53 14.92
16.82 14.89
18.77 14.97
19.17 14.940000000000001
15.920000000000002 14.92
16.82 14.92
17.43 14.92
18.07 14.97
18.38 14.940000000000001
16.869999999999997 14.92
15.55 14.89
20.119999999999997 14.940000000000001
16.43 14.92
19.17 14.92
15.65 14.92
17.11 14.92
18.87 14.97
19.07 14.97
16.919999999999998 14.940000000000001
17.04 14.940000000000001
17.36 14.940000000000001
18.43 14.99
18.38 14.97
16.97 14.940000000000001
15.409999999999998 14.92
20.02 14.97
16.21 14.97
18.73 14.940000000000001
15.840000000000002 14.940000000000001
16.85 14.92
18.58 14.99
18.68 14.97
16.82 14.97
16.89 14.940000000000001
17.07 14.92
18.990000000000002 14.99
18.26 14.940000000000001
17.990000000000002 14.940000000000001
15.840000000000002 14.940000000000001
20.53 14.97
16.53 14.97
19.46 14.97
15.55 14.92
16.939999999999998 14.940000000000001
18.73 14.99
18.41 14.97
17.11 14.940000000000001
17.21 14.940000000000001
17.97 14.940000000000001
17.75 14.97
18.459999999999997 14.940000000000001
17.11 14.940000000000001
15.5 14.92
20.46 14.97
17.04 14.97
19.040000000000003 14.97
15.840000000000002 14.92
18.6 14.940000000000001
17.919999999999998 14.97
20.02 14.940000000000001
16.43 14.940000000000001
17.11 14.940000000000001
18.990000000000002 14.97
18.360000000000003 14.99
17.72 14.940000000000001
16.97 14.92
16.41 14.92
19.509999999999998 14.99
18.21 14.940000000000001
17.82 14.940000000000001
15.67 14.92
20.39 14.940000000000001
16.650000000000002 14.940000000000001
19.38 14.940000000000001
15.5 14.92
17.48 14.92
18.02 14.99
19.38 14.940000000000001
16.11 14.97
16.97 14.940000000000001
18.63 14.940000000000001
17.7 14.97
17.8 14.940000000000001
16.939999999999998 14.92
15.840000000000002 14.92
19.82 14.97
17.97 14.940000000000001
17.630000000000003 14.940000000000001
15.55 14.92
20.119999999999997 14.97
16.189999999999998 14.99
19.21 14.940000000000001
16.36 14.940000000000001
17.21 14.940000000000001
19.040000000000003 14.97
19.41 14.97
16.82 14.940000000000001
17.41 14.92
19.12 14.940000000000001
17.630000000000003 14.97
18.509999999999998 14.97
17.24 14.940000000000001
15.82 14.940000000000001
20.48 14.99
17.77 14.97
18.38 14.940000000000001
16.16 14.940000000000001
20.34 14.97
16.189999999999998 14.99
18.87 14.97
17.549999999999997 14.97
17.46 14.940000000000001
19.31 14.99
19.12 14.99
17.68 14.97
17.31 14.97
18.09 14.940000000000001
18.68 14.99
18.82 14.97
17.7 14.940000000000001
15.989999999999998 14.92
20.68 14.97
17.19 14.97
19.53 14.97
15.920000000000002 14.940000000000001
18.970000000000002 14.940000000000001
17.919999999999998 14.97
20.26 14.940000000000001
16.259999999999998 14.940000000000001
17.48 14.940000000000001
19.31 14.940000000000001
18.14 14.97
18.529999999999998 14.940000000000001
17.41 14.940000000000001
16.06 14.940000000000001
20.78 14.99
17.82 14.97
18.77 14.97
15.989999999999998 14.940000000000001
20.36 14.97
16.36 15.010000000000002
18.55 14.99
17.97 14.97
17.48 14.97
19.259999999999998 14.97
18.43 14.97
18.240000000000002 14.97
17.46 14.940000000000001
16.939999999999998 14.940000000000001
19.900000000000002 14.99
16.650000000000002 14.97
20.39 14.99
16.21 14.97
20.31 14.97
17.02 14.99
20.919999999999998 14.99
16.259999999999998 14.97
17.68 14.97
19.56 14.97
18.02 14.97
18.16 14.97
18.970000000000002 14.97
16.259999999999998 14.940000000000001
20.9 14.99
17.97 14.97
