35.492 13.184999999999999
35.724999999999994 13.174
35.644999999999996 13.168000000000003
35.376 13.176000000000002
35.192 13.152
35.376999999999995 13.15
35.673 13.142000000000001
35.558 13.145999999999999
34.994 13.163000000000002
34.983 13.162
35.159 13.169
34.988 13.162
35.150999999999996 13.166
34.708000000000006 13.150999999999998
35.479 13.156
35.378 13.153
36.085 13.155000000000003
36.415 13.154000000000002
36.224999999999994 13.141000000000002
35.907 13.160000000000002
35.407 13.158000000000003
35.303000000000004 13.163
35.19899999999999 13.154
35.134 13.153
35.285 13.15
35.141 13.163999999999998
34.907000000000004 13.160999999999998
35.184000000000005 13.16
34.93 13.147
34.982 13.103000000000003
34.913 13.100999999999999
35.175999999999995 13.114999999999998
34.892 13.118999999999998
34.979000000000006 13.122
35.042 13.128999999999996
35.126000000000005 13.126999999999999
35.166000000000004 13.110000000000003
35.016 13.112000000000002
35.175 13.108999999999998
35.272 13.117
35.065999999999995 13.126000000000001
34.699 13.111999999999998
34.943000000000005 13.114
34.523999999999994 13.114
34.994 13.118000000000002
35.40599999999999 13.119999999999997
34.867000000000004 13.113000000000003
34.861000000000004 13.117
35.563 13.120999999999999
35.176 13.123
34.97 13.13
35.270999999999994 13.119
35.232 13.142999999999999
35.092 13.139000000000001
34.824999999999996 13.128
34.974000000000004 13.128
34.650000000000006 13.122
34.83 13.136000000000001
34.894000000000005 13.117
35.05 13.113
35.199 13.119
35.026999999999994 13.139999999999999
34.58500000000001 13.132
35.096 13.112000000000002
34.781000000000006 13.111
35.11700000000001 13.109000000000002
34.699000000000005 13.107000000000003
34.756 13.102999999999998
34.252 13.108
34.366 13.107
34.683 13.103000000000002
34.49100000000001 13.098
34.195 13.105
34.324 13.108999999999998
33.897 13.109000000000002
33.765 13.105
33.497 13.11
33.245 13.105
33.25599999999999 13.099000000000002
33.777 13.096
33.721 13.097
33.927 13.100000000000001
34.245 13.097
34.497 13.097
34.432 13.103000000000002
33.706 13.096
33.136 13.094
33.591 13.097000000000003
34.979000000000006 13.109000000000002
34.38699999999999 13.116
34.5 13.110000000000003
33.74100000000001 13.099
33.609 13.105
33.954 13.122
33.9 13.109000000000002
33.96900000000001 13.123999999999999
33.991 13.111
33.862 13.105
34.069 13.106000000000002
34.349999999999994 13.107
34.136 13.123999999999999
34.19799999999999 13.126
35.228 13.119999999999997
36.053000000000004 13.118000000000002
36.40599999999999 13.122
36.474000000000004 13.123000000000001
35.419 13.111
34.75899999999999 13.116999999999997
34.677 13.111
34.634 13.092
34.25899999999999 13.111999999999998
34.034000000000006 13.118000000000002
34.331 13.118000000000002
34.437 13.115000000000002
34.222 13.100000000000001
34.672 13.110000000000003
34.345 13.118000000000002
34.236 13.119
34.598 13.120000000000001
34.657 13.114999999999998
34.891000000000005 13.093
34.267 13.098
34.019 13.114
34.11 13.108999999999998
34.34799999999999 13.107
34.263 13.113
34.205 13.100999999999999
34.549 13.092
35.172000000000004 13.109000000000002
34.553 13.105
33.831 13.111
33.867000000000004 13.114999999999998
34.211 13.121999999999998
33.849000000000004 13.108999999999998
33.884 13.104
33.995999999999995 13.098
34.097 13.11
34.59199999999999 13.114999999999998
34.363 13.108999999999998
34.693 13.114999999999998
34.876 13.120000000000001
34.299 13.107999999999997
34.526999999999994 13.094
33.9 13.096999999999998
35.45 13.104
35.606 13.101999999999997
34.998 13.099
34.576 13.101
35.004000000000005 13.092
33.975 13.116999999999997
33.498000000000005 13.097
33.715 13.094999999999999
33.644 13.102
33.719 13.103000000000002
34.98 13.099
34.400000000000006 13.11
34.098 13.116
34.21 13.084000000000001
34.961 13.087000000000002
34.98499999999999 13.082000000000003
34.909 13.093000000000002
35.049 13.099
34.766 13.092000000000004
35.583999999999996 13.079000000000002
35.118 13.085000000000003
35.168000000000006 13.087000000000002
35.308 13.090000000000002
35.199999999999996 13.097999999999999
35.333 13.108
34.952000000000005 13.105
35.437 13.097999999999999
36.224 13.101
36.157000000000004 13.094999999999999
36.25200000000001 13.112999999999996
35.842 13.100000000000001
35.93300000000001 13.093000000000002
36.288 13.095
36.083999999999996 13.101
36.13 13.103000000000002
36.068 13.098
36.278 13.108999999999998
36.303000000000004 13.114
36.504999999999995 13.116999999999997
36.620000000000005 13.120999999999999
36.443999999999996 13.124999999999998
36.535 13.122
36.152 13.103000000000002
36.167 13.103000000000002
36.635 13.103000000000002
36.131 13.109000000000002
36.051 13.114
36.17400000000001 13.113999999999997
36.272999999999996 13.109000000000002
36.251999999999995 13.107000000000003
36.411 13.116
36.367999999999995 13.134
35.666999999999994 13.129000000000001
36.062000000000005 13.135999999999997
35.922000000000004 13.121000000000002
36.212 13.112000000000002
36.893 13.114
36.51199999999999 13.116
36.584999999999994 13.112000000000002
36.297999999999995 13.126999999999999
36.591 13.143000000000002
36.144999999999996 13.138
36.956999999999994 13.139000000000001
36.553 13.128
36.792 13.133999999999999
36.693 13.13
36.036 13.126999999999999
36.541999999999994 13.120000000000001
36.805 13.123999999999999
36.914 13.136000000000001
37.224999999999994 13.144
36.766999999999996 13.147999999999998
36.662000000000006 13.150999999999998
36.169000000000004 13.16
36.413000000000004 13.154
36.590999999999994 13.158
36.439 13.145000000000001
36.815000000000005 13.129
36.339 13.120999999999999
36.449999999999996 13.106000000000002
36.48499999999999 13.117
36.273999999999994 13.128
36.571999999999996 13.129000000000001
36.259 13.123999999999999
36.199999999999996 13.125
35.778999999999996 13.116
35.778 13.139000000000001
35.709999999999994 13.132
35.539 13.108999999999998
35.697 13.124999999999998
35.904 13.117
36.846000000000004 13.115999999999998
37.329 13.119
36.793 13.132
36.878 13.138
37.071999999999996 13.134
36.943 13.147999999999998
37.007 13.154000000000002
36.943000000000005 13.130999999999998
36.945 13.132
36.73800000000001 13.127999999999998
36.287000000000006 13.120000000000001
36.042 13.145999999999999
36.529 13.129
36.352999999999994 13.131
36.726 13.132
35.708 13.128
35.864999999999995 13.136999999999999
36.16 13.130999999999998
36.207 13.120000000000001
35.88400000000001 13.126999999999999
35.483 13.136999999999999
35.903 13.149999999999999
35.496 13.142000000000001
35.927 13.114999999999998
35.56399999999999 13.135999999999997
35.522 13.139000000000001
36.107 13.141
36.403 13.145000000000001
36.371 13.147999999999998
35.982 13.141
35.586999999999996 13.126999999999999
35.47 13.118000000000002
35.67 13.119999999999997
35.738 13.126000000000001
37.027 13.145000000000001
34.785 13.158999999999999
35.331 13.139000000000001
35.13799999999999 13.139999999999999
35.047 13.149
34.967999999999996 13.145000000000001
35.372 13.136999999999999
35.12 13.152
35.105 13.149
35.568999999999996 13.152999999999999
35.999 13.144000000000004
35.687000000000005 13.135999999999997
35.229 13.126999999999999
35.251 13.141999999999998
35.951 13.133999999999999
35.723 13.129
35.43 13.143000000000002
35.375 13.130999999999998
35.705999999999996 13.136999999999999
