41.626 7.2378
40.577999999999996 7.1854000000000005
39.748 7.195600000000001
39.882999999999996 7.193400000000001
40.006 7.1814
40.047999999999995 7.194300000000001
40.935 7.1987
40.284000000000006 7.1926000000000005
41.04600000000001 7.2216000000000005
42.33200000000001 7.280100000000001
42.553000000000004 7.283
41.6 7.2675
40.35899999999999 7.2131
40.69 7.225
40.837 7.23
41.451 7.2364999999999995
41.277 7.183899999999999
41.433 7.1948
41.316 7.228900000000002
40.900000000000006 7.203600000000001
40.67999999999999 7.2023
41.43900000000001 7.2048000000000005
42.43300000000001 7.2686
42.939 7.2812
44.292 7.285500000000001
44.34 7.286100000000001
44.748 7.2702
44.397000000000006 7.2785
42.93 7.2176
42.788 7.2593000000000005
41.82200000000001 7.2379999999999995
42.730999999999995 7.223699999999999
42.663000000000004 7.2464
42.535 7.240200000000001
41.199000000000005 7.222400000000001
40.403999999999996 7.1648000000000005
40.36200000000001 7.1633000000000004
38.959999999999994 7.163900000000001
40.005 7.187400000000001
39.386 7.171899999999999
38.885999999999996 7.159800000000001
38.141999999999996 7.133700000000001
37.58 7.095999999999999
36.51999999999999 7.088000000000001
36.797999999999995 7.0937
37.217999999999996 7.112199999999999
37.141000000000005 7.085599999999999
36.669000000000004 7.058600000000001
35.467 6.997199999999999
33.99099999999999 6.9311
32.958999999999996 6.8979
33.087 6.8426
32.446000000000005 6.812599999999999
31.91 6.846999999999998
30.985000000000003 6.7852
30.243000000000002 6.772200000000001
29.967 6.7077
29.97700000000001 6.7315
29.092000000000002 6.657299999999999
28.549999999999997 6.6085
29.419 6.611299999999999
29.254 6.6105
28.150000000000002 6.5923
27.778999999999996 6.568599999999998
27.534000000000002 6.572399999999999
27.669999999999995 6.5524
27.244999999999997 6.5122
26.430999999999997 6.494999999999999
26.082000000000004 6.473800000000001
26.587000000000003 6.4996
26.634 6.495999999999999
26.383799999999997 6.490799999999999
25.7023 6.460300000000001
25.309000000000005 6.4778
24.6419 6.4068
24.2729 6.372999999999999
24.065899999999996 6.3606
23.814700000000002 6.3983
22.703000000000007 6.389499999999999
21.837899999999998 6.368
21.546300000000002 6.3404
21.274099999999997 6.300699999999999
21.240599999999997 6.2725
21.1565 6.280100000000001
21.4049 6.318900000000001
21.0687 6.306600000000001
20.7678 6.275799999999999
20.882199999999994 6.2613
21.0701 6.253
20.8333 6.243
21.045 6.2628
20.249300000000005 6.246500000000001
19.7835 6.234
19.595499999999998 6.229400000000001
19.652499999999996 6.229
19.703499999999995 6.2109
20.5877 6.2318999999999996
19.817300000000003 6.211
20.504800000000003 6.238499999999999
20.648100000000003 6.2457
19.759900000000002 6.203299999999999
19.451500000000006 6.1822
20.155 6.185999999999999
20.402900000000006 6.205500000000001
19.4303 6.1802
18.9157 6.149899999999999
18.6294 6.135599999999999
18.068900000000003 6.128700000000001
18.661 6.1595
17.710700000000003 6.109
17.9532 6.100900000000001
17.829800000000002 6.1035
18.174400000000002 6.1091000000000015
17.591800000000003 6.098199999999999
18.2563 6.117
18.057499999999997 6.112900000000001
18.2825 6.084699999999999
18.470799999999997 6.0792
18.453799999999994 6.098400000000001
18.4274 6.0993
19.7047 6.127999999999999
19.2061 6.1358000000000015
18.873200000000004 6.1238
19.102199999999993 6.117999999999999
19.5927 6.114499999999999
19.6551 6.107500000000001
20.493700000000004 6.133700000000001
20.0246 6.1293
21.1384 6.1213999999999995
21.4976 6.1232999999999995
21.644899999999996 6.1508
20.917700000000004 6.1306
22.305600000000002 6.1641
21.1883 6.139499999999999
21.2275 6.1459
21.807900000000004 6.1545
21.934099999999994 6.1691
21.8677 6.168399999999999
22.837299999999992 6.200000000000001
22.9935 6.206399999999999
23.918 6.2258000000000004
23.822000000000003 6.2524
23.915 6.2421999999999995
24.996999999999996 6.253299999999999
26.068 6.304899999999999
26.173999999999996 6.301799999999999
26.333999999999996 6.311399999999999
26.161999999999995 6.304599999999999
26.735 6.3089
27.609 6.361400000000001
27.882 6.3732999999999995
28.523 6.412899999999999
28.922000000000008 6.4384
30.364 6.5746
29.624 6.558
30.258000000000003 6.573999999999999
32.768 6.697400000000001
33.184000000000005 6.766500000000001
33.294999999999995 6.769500000000001
33.784000000000006 6.814300000000001
34.043000000000006 6.883
34.626999999999995 6.851999999999999
36.289 6.970999999999999
35.458 7.002699999999999
36.64200000000001 7.069500000000001
37.163000000000004 7.0821
37.638 7.1074
38.433 7.161300000000001
39.83800000000001 7.187300000000002
40.784000000000006 7.2267
40.898 7.2421
42.451 7.2982
44.198 7.377600000000001
43.511 7.370799999999999
44.096 7.3588000000000005
44.001999999999995 7.390599999999998
44.639 7.406700000000001
45.739000000000004 7.420399999999999
45.083 7.430499999999999
44.952 7.435499999999999
46.043 7.483600000000001
46.135999999999996 7.472100000000001
50.403819999999996 8.112400000000001
50.971999999999994 7.707400000000001
47.64 7.4256
48.912 7.4765
48.86800000000001 7.4777
47.672000000000004 7.4547
46.998 7.415000000000001
47.205999999999996 7.4423
47.85100000000001 7.4989
47.153000000000006 7.451600000000001
46.971000000000004 7.4821
45.922 7.485899999999999
46.903 7.5078
47.157 7.530799999999998
48.40599999999999 7.563599999999999
46.513999999999996 7.543299999999999
47.38 7.550100000000001
46.61500000000001 7.497100000000001
46.286 7.4456
45.358999999999995 7.437199999999999
46.37100000000001 7.431
46.58800000000001 7.4279
46.76099999999999 7.4361
46.597 7.4713
45.762 7.4502
46.026 7.4456
44.956999999999994 7.421300000000001
44.74400000000001 7.455399999999999
44.330999999999996 7.4364
44.523 7.4091000000000005
44.749 7.387899999999998
45.73700000000001 7.385299999999999
45.07000000000001 7.4157
45.086999999999996 7.437099999999999
45.92000000000001 7.4258000000000015
44.62700000000002 7.3614
44.958999999999996 7.389899999999999
44.939 7.370900000000001
44.608000000000004 7.396700000000001
45.664 7.4424
45.599000000000004 7.438600000000001
46.45 7.4746
45.855000000000004 7.466999999999999
46.877 7.5039
46.63399999999999 7.4823
46.583000000000006 7.4952000000000005
47.835 7.482999999999998
47.495999999999995 7.5236
48.50200000000001 7.517099999999999
47.102 7.496600000000001
47.790000000000006 7.485800000000001
47.214 7.475899999999999
46.32599999999999 7.4403
47.265 7.4998
46.815999999999995 7.499700000000001
46.431 7.4914
47.10099999999999 7.514799999999999
47.958 7.5379000000000005
49.55000000000001 7.555500000000001
49.10499999999999 7.5752
47.80600000000001 7.493500000000002
48.13700000000001 7.471500000000001
47.82200000000001 7.488299999999999
48.124 7.472000000000001
48.499 7.471599999999999
48.913 7.4585
48.42300000000001 7.4777
48.61599999999999 7.4988
49.12100000000001 7.508900000000001
48.615 7.491500000000001
48.29900000000001 7.452400000000001
46.80799999999999 7.4433
47.459 7.4492
47.992 7.479200000000001
46.895 7.454500000000001
45.95700000000001 7.418799999999999
46.884 7.439400000000002
46.846999999999994 7.457700000000001
47.104 7.466100000000002
46.936 7.4645
47.364 7.4510000000000005
46.881 7.4334
47.65800000000001 7.4768
45.882 7.389799999999999
45.35999999999999 7.374599999999999
45.477 7.398300000000001
44.309999999999995 7.3684
44.117 7.352399999999999
43.946000000000005 7.356300000000002
44.675 7.337900000000001
44.45000000000001 7.342000000000001
43.752 7.3325000000000005
44.254999999999995 7.3012
43.611000000000004 7.3477
42.874 7.3195
41.995 7.279999999999999
41.418000000000006 7.2654
40.913000000000004 7.253699999999999
40.673 7.2379000000000016
39.67300000000001 7.240100000000001
39.275 7.2169
39.047 7.1925
38.764 7.1927
39.538999999999994 7.2301
40.136 7.243399999999999
39.74300000000001 7.220700000000001
