19.07 11.18
16.33 11.16
16.02 11.129999999999999
16.38 11.12
17.09 11.15
20.87 11.219999999999999
16.04 11.15
16.31 11.12
15.82 11.129999999999999
16.33 11.15
20.95 11.19
17.21 11.17
15.840000000000002 11.129999999999999
16.31 11.110000000000001
15.89 11.15
20.41 11.16
17.8 11.18
16.41 11.16
15.939999999999998 11.129999999999999
16.41 11.15
18.990000000000002 11.16
19.34 11.18
16.09 11.17
16.38 11.129999999999999
15.97 11.129999999999999
17.43 11.129999999999999
20.8 11.18
16.36 11.17
15.89 11.15
16.33 11.12
15.97 11.15
21.51 11.19
16.97 11.18
16.41 11.129999999999999
16.09 11.12
16.43 11.129999999999999
20.919999999999998 11.21
17.68 11.16
15.97 11.16
16.38 11.129999999999999
15.920000000000002 11.15
20.119999999999997 11.17
18.360000000000003 11.19
16.48 11.15
15.97 11.15
16.53 11.12
19.8 11.17
18.85 11.18
16.09 11.17
16.43 11.129999999999999
15.870000000000001 11.129999999999999
18.95 11.16
19.6 11.219999999999999
16.46 11.129999999999999
16.04 11.16
16.48 11.129999999999999
17.41 11.129999999999999
20.8 11.21
16.33 11.18
16.48 11.15
15.939999999999998 11.15
16.63 11.15
21.46 11.19
17.02 11.16
15.97 11.129999999999999
16.48 11.129999999999999
15.920000000000002 11.129999999999999
20.78 11.19
17.82 11.19
16.48 11.129999999999999
15.939999999999998 11.129999999999999
16.5 11.110000000000001
19.78 11.18
18.7 11.23
16.02 11.15
16.48 11.129999999999999
15.97 11.129999999999999
18.8 11.129999999999999
19.73 11.219999999999999
16.43 11.17
15.989999999999998 11.129999999999999
16.46 11.129999999999999
17.21 11.129999999999999
20.73 11.21
16.650000000000002 11.18
16.5 11.15
16.33 11.129999999999999
16.63 11.129999999999999
20.919999999999998 11.18
17.72 11.17
16.04 11.129999999999999
16.5 11.12
16.14 11.129999999999999
21.07 11.17
17.72 11.18
16.55 11.129999999999999
16.06 11.129999999999999
16.48 11.12
21.17 11.17
19.29 11.18
16.939999999999998 11.16
16.669999999999998 11.129999999999999
16.24 11.110000000000001
19.34 11.15
19.63 11.21
16.6 11.15
16.14 11.15
16.6 11.12
19.509999999999998 11.15
19.580000000000002 11.18
16.16 11.15
16.650000000000002 11.129999999999999
16.11 11.129999999999999
20.07 11.15
19.36 11.219999999999999
16.82 11.15
16.5 11.129999999999999
16.97 11.15
20.61 11.16
18.73 11.16
16.24 11.15
16.650000000000002 11.16
16.24 11.129999999999999
21.39 11.18
17.849999999999998 11.23
16.72 11.15
16.36 11.15
16.72 11.15
21.560000000000002 11.19
17.68 11.18
16.24 11.15
16.669999999999998 11.15
16.21 11.15
21.85 11.19
17.48 11.219999999999999
17.29 11.16
17.16 11.16
17.97 11.129999999999999
22.97 11.21
17.16 11.17
16.33 11.15
17.09 11.129999999999999
17.02 11.16
22.509999999999998 11.19
16.38 11.16
17.07 11.15
16.5 11.129999999999999
18.82 11.15
20.75 11.23
17.19 11.17
16.43 11.16
17.04 11.15
20.169999999999998 11.17
19.509999999999998 11.219999999999999
16.41 11.15
17.11 11.129999999999999
16.43 11.16
21.68 11.18
18.09 11.21
17.14 11.15
16.43 11.129999999999999
17.16 11.129999999999999
22.36 11.219999999999999
17.48 11.17
16.43 11.15
17.09 11.15
17.53 11.15
22.509999999999998 11.21
16.43 11.17
17.11 11.129999999999999
16.6 11.15
20.849999999999998 11.17
19.07 11.219999999999999
17.14 11.15
16.48 11.17
17.09 11.15
22.17 11.21
17.72 11.17
16.48 11.16
17.11 11.15
17.990000000000002 11.16
22.220000000000002 11.21
16.72 11.17
17.11 11.16
16.53 11.16
22.14 11.21
17.849999999999998 11.23
17.19 11.16
16.48 11.17
17.31 11.15
22.66 11.219999999999999
17.16 11.18
16.580000000000002 11.16
17.16 11.15
20.78 11.18
19.580000000000002 11.219999999999999
16.8 11.17
17.36 11.17
16.85 11.16
23.24 11.219999999999999
17.330000000000002 11.219999999999999
17.36 11.16
16.85 11.17
20.169999999999998 11.18
20.53 11.219999999999999
18.459999999999997 11.16
19.53 11.18
17.43 11.15
21.12 11.19
19.29 11.19
9.020999999999999 11.16
25.05 11.129999999999999
18.48 11.17
21.58 11.23
18.65 11.16
19.48 11.18
17.26 11.16
21.85 11.21
18.48 11.219999999999999
16.75 11.16
17.330000000000002 11.15
17.599999999999998 11.16
22.220000000000002 11.23
17.16 11.17
17.330000000000002 11.16
16.669999999999998 11.16
21.78 11.18
18.7 11.24
17.41 11.16
17.24 11.16
17.330000000000002 11.16
22.88 11.23
17.53 11.18
16.77 11.17
17.330000000000002 11.15
20.68 11.17
19.8 11.219999999999999
16.75 11.17
17.43 11.15
16.72 11.17
23.07 11.21
17.36 11.19
17.48 11.17
16.75 11.16
19.68 11.17
20.830000000000002 11.23
17.46 11.16
16.8 11.17
17.36 11.16
22.24 11.19
18.29 11.18
16.77 11.18
17.43 11.16
18.509999999999998 11.18
22.02 11.24
16.85 11.19
17.46 11.17
16.82 11.18
22.29 11.19
18.41 11.219999999999999
17.43 11.16
16.82 11.16
17.65 11.16
22.24 11.23
18.14 11.18
16.85 11.18
17.46 11.16
21.529999999999998 11.18
19.12 11.25
16.869999999999997 11.17
17.5 11.16
16.8 11.17
23.119999999999997 11.21
17.43 11.18
17.5 11.17
16.8 11.17
19.919999999999998 11.17
19.869999999999997 11.27
18.38 11.19
16.82 11.17
17.5 11.18
21.88 11.21
18.75 11.19
16.89 11.18
17.5 11.17
16.8 11.16
22.509999999999998 11.25
18.12 11.21
