52.28 11.935
52.370000000000005 11.923
54.22 11.923
54.86 11.962
52.870000000000005 11.923
52.25 11.928999999999998
42.38 11.92
39.895 11.914
42.103 12.042
46.7 11.917
50.849999999999994 11.923
49.760000000000005 11.928999999999998
50.8 11.925999999999998
46.57 11.917
39.90899999999999 11.923
39.77499999999999 11.914
46.98 11.929
40.397000000000006 11.966
50.519999999999996 11.926
48.04 11.926
46.18 11.941
35.302 11.938
44.36 11.938
49.06 11.978
52.349999999999994 11.935
48.06 11.929
44.467 11.914
46.312999999999995 11.923
43.087 11.92
43.71 11.997
40.059 11.925999999999998
33.765 11.917
34.422 11.899000000000001
36.99 12.018
25.372 11.917
26.197000000000003 11.908000000000001
31.029 11.899
29.999 11.899
35.705999999999996 11.959999999999999
43.105 11.957
37.687000000000005 11.908
30.084 11.893
29.626 11.908
27.697000000000006 11.911
26.355 11.908
35.793 11.932
30.317 11.939
37.811 11.962
41.335 11.911
39.291999999999994 11.905000000000001
41.64 11.914
43.39 11.911
43.015 11.92
40.749 11.929
39.968 11.914
30.834 11.925999999999998
24.455 11.896
37.806 12.033
33.789 11.902000000000001
40.597 11.905
47.39 11.917
46.379999999999995 11.926
37.242000000000004 11.902
38.327 11.905
35.922 11.896
47.06 11.925999999999998
39.298 11.935
41.764 11.939
33.472 11.92
30.334 12.008000000000001
24.341 11.973999999999998
36.09 11.923
39.38 11.935
23.688 11.914
22.895000000000003 11.929
20.379 11.914
35.091 11.899
49.50000000000001 11.938
41.995 11.92
27.259 11.899000000000001
24.256 11.905
22.754 11.899000000000001
29.181 11.908
29.633 11.935
26.148 11.92
23.114 11.928999999999998
17.016 11.927
27.435 11.936
32.494 11.926
32.0 11.92
32.190000000000005 11.926
28.636999999999997 11.911
29.320999999999998 11.914
27.881 11.914
37.625 12.039
32.496 11.93
42.80499999999999 11.932
43.42 11.925999999999998
42.395 11.92
43.867 11.941
37.479 11.932
33.764 11.925999999999998
44.812000000000005 11.935
40.743 11.929
40.538000000000004 11.935
43.598000000000006 11.928999999999998
48.919999999999995 11.938
42.707 11.938
42.05 11.95
34.68 11.944
19.318 11.92
16.565 11.92
25.433 11.911
31.471 11.932
36.502 11.932
26.092 11.923
19.575 11.908000000000001
16.032999999999998 12.0
24.555 11.99
34.136 11.92
39.181 11.935
38.623000000000005 11.950999999999999
36.319 11.95
36.731 11.928999999999998
44.25 11.938
42.26500000000001 11.947000000000001
38.27100000000001 11.932
40.205 11.941
35.37800000000001 11.963
37.122 11.943999999999999
40.849999999999994 11.956
41.321 11.996
44.517 11.965
35.776 11.971
32.527 11.941
41.567 11.938
37.314 11.928999999999998
37.79 11.947000000000001
31.528 11.926
42.864999999999995 11.935
35.702 11.959
36.019 11.993
34.396 12.1
36.193000000000005 11.947
42.738 11.996
46.059999999999995 11.947000000000001
36.022999999999996 11.953000000000001
37.891000000000005 11.953000000000001
27.948 11.947
34.009 11.984
33.471000000000004 11.996
26.41 11.92
32.592999999999996 11.935
31.104 11.943999999999999
22.449 11.935
23.945000000000004 11.928999999999998
23.486 11.926
32.763 11.932
31.653 11.953
43.247 11.938
45.94 11.943999999999999
44.71 11.959000000000001
46.01 11.962
46.702 11.993
42.65 11.978000000000002
41.43900000000001 11.950000000000001
43.118 12.045
46.839999999999996 12.008000000000001
50.660000000000004 11.962
45.06 11.950000000000001
45.830000000000005 11.956000000000001
46.89 11.941
46.050000000000004 11.953000000000001
44.714 11.956
42.86000000000001 11.968
43.934 11.956
44.45 11.953000000000001
42.910000000000004 11.955999999999998
42.981 11.962
39.135 11.965
43.21 11.956
41.835 11.956
41.13100000000001 11.959
39.841 11.968
50.150000000000006 11.959
52.17 11.959
51.46000000000001 11.981
44.81999999999999 11.984
47.881 11.972000000000001
50.1 12.004999999999999
46.23 11.989999999999998
48.31999999999999 12.069
51.2 11.987
46.309999999999995 11.984
43.044 11.975000000000001
47.28 11.978000000000002
47.53 11.998999999999999
40.832 11.972000000000001
51.559999999999995 11.984
52.459999999999994 11.984
44.79 11.972000000000001
54.10999999999999 11.993
53.54 11.993
52.35999999999999 11.978000000000002
48.02 11.986999999999998
48.76 11.984
51.52000000000001 11.998999999999999
47.76 11.99
50.839999999999996 12.087
47.83 12.137
56.44 12.029
53.559999999999995 12.023
48.6 11.976999999999999
48.79 12.015
52.07000000000001 12.048
48.86000000000001 12.030000000000001
51.459999999999994 11.968
49.84 11.968
46.96 11.953000000000001
44.239999999999995 11.959
42.252 11.968
42.42999999999999 11.962
44.730000000000004 12.002
45.239999999999995 11.968
38.704 11.966000000000001
37.84 11.959
41.488 11.987
48.41 11.993
48.69 12.03
39.8 12.009
43.387 11.993
38.609 11.971
38.345 11.974
39.044000000000004 11.966000000000001
40.41 11.947000000000001
30.567 11.950000000000001
31.605 11.953
36.74400000000001 11.966000000000001
38.517999999999994 12.06
37.815 12.027000000000001
41.22 11.973999999999998
45.989999999999995 11.968
52.0 11.978
47.699999999999996 11.975
46.9 11.975000000000001
45.8 11.978
38.026 11.972000000000001
29.285 10.519
39.166999999999994 11.181000000000001
32.156 11.282
39.869 11.402
36.028999999999996 11.331
47.311 11.404
38.022 11.413
40.34199999999999 11.483
35.695 11.434
32.340999999999994 11.437999999999999
41.068 11.438
40.371 11.450000000000001
42.73 11.447000000000001
41.609 11.536
39.439 11.505
40.18 11.617999999999999
38.365 11.514000000000001
43.098000000000006 11.495
36.796 11.483
35.917 11.483
38.94800000000001 11.526
36.76199999999999 11.529
34.328 11.587
39.257 11.593
40.328 11.596
41.892 11.611
37.859 11.611
33.227000000000004 11.59
34.285 11.691
43.787 11.610999999999999
37.519999999999996 11.616999999999999
33.656 11.596
40.461 11.613999999999999
37.501999999999995 11.614
42.91 11.605
41.159 11.620000000000001
43.044 11.623
43.318999999999996 11.669
52.0 11.613999999999999
48.504000000000005 11.78
39.931 11.650999999999998
