19.97 14.97
18.240000000000002 14.99
17.43 14.99
20.65 14.97
16.63 14.97
21.63 14.99
16.48 14.99
19.24 14.97
18.77 14.97
18.38 14.97
20.02 14.99
18.43 14.97
18.33 14.97
20.09 14.97
16.72 14.97
21.8 14.99
16.82 14.97
20.53 14.99
18.12 14.99
19.17 14.99
19.259999999999998 14.99
17.94 14.99
18.529999999999998 14.99
19.29 14.99
18.73 14.97
20.24 15.010000000000002
16.82 14.97
21.51 14.99
16.97 14.99
21.48 14.97
17.16 15.010000000000002
18.38 14.99
16.99 14.97
20.87 14.99
19.650000000000002 14.99
18.12 14.99
16.939999999999998 14.99
20.75 14.99
16.36 14.99
21.240000000000002 15.010000000000002
16.46 14.99
19.38 14.99
18.38 14.97
19.040000000000003 14.97
19.7 15.010000000000002
18.509999999999998 14.97
18.970000000000002 14.97
19.580000000000002 14.99
19.17 14.97
19.580000000000002 14.99
16.82 14.97
21.44 14.99
17.11 14.99
21.83 14.99
16.869999999999997 14.99
18.63 14.99
19.950000000000003 14.99
18.529999999999998 14.97
20.21 14.99
18.509999999999998 14.97
17.380000000000003 14.97
20.630000000000003 14.99
16.6 14.97
21.61 15.010000000000002
16.55 14.97
19.68 14.99
18.240000000000002 14.99
19.580000000000002 14.97
18.73 15.010000000000002
18.29 14.99
18.65 14.97
19.259999999999998 14.97
19.24 14.97
18.990000000000002 14.99
16.63 14.97
20.34 14.99
18.26 14.99
21.66 14.97
16.580000000000002 14.99
18.29 14.97
19.650000000000002 14.97
18.48 14.99
19.950000000000003 14.99
18.65 14.99
16.85 14.97
20.97 14.99
17.580000000000002 14.99
21.78 14.99
16.7 14.97
19.21 14.97
19.09 14.99
18.9 14.97
19.68 14.99
18.310000000000002 14.99
18.38 14.97
20.0 14.99
19.43 14.99
21.68 14.99
16.11 14.99
19.53 14.97
17.599999999999998 14.97
19.24 14.97
17.72 14.99
18.310000000000002 14.97
18.970000000000002 14.99
17.87 14.99
19.139999999999997 15.010000000000002
18.09 14.99
18.58 14.97
20.02 14.99
17.04 14.97
21.8 14.99
16.77 14.97
21.58 14.97
16.82 14.97
21.8 14.99
16.77 14.99
19.509999999999998 14.97
18.970000000000002 14.99
18.310000000000002 14.97
20.09 14.97
18.26 14.99
18.9 14.97
19.48 14.97
19.63 14.97
18.95 14.97
17.16 14.97
20.75 14.99
17.24 14.99
21.8 15.010000000000002
16.82 14.99
20.580000000000002 14.99
17.919999999999998 14.99
21.51 14.97
18.07 15.010000000000002
19.46 14.99
19.63 15.010000000000002
20.02 15.010000000000002
20.68 15.010000000000002
18.77 15.010000000000002
19.17 14.99
20.02 14.99
20.560000000000002 14.99
19.34 14.99
18.14 14.99
21.22 14.99
17.549999999999997 14.99
22.27 15.010000000000002
17.19 14.99
22.09 14.99
17.48 14.99
22.02 14.99
17.09 15.010000000000002
20.21 15.010000000000002
18.970000000000002 14.99
19.38 14.99
19.919999999999998 15.040000000000001
18.970000000000002 14.99
19.950000000000003 15.010000000000002
19.36 15.010000000000002
20.68 15.010000000000002
19.580000000000002 15.010000000000002
19.6 15.010000000000002
20.04 15.010000000000002
19.53 14.99
19.950000000000003 15.040000000000001
18.26 14.99
21.41 15.010000000000002
17.21 15.010000000000002
22.39 15.010000000000002
17.19 15.010000000000002
21.44 15.010000000000002
17.97 15.010000000000002
22.36 15.010000000000002
17.24 15.010000000000002
19.650000000000002 15.010000000000002
19.950000000000003 15.010000000000002
22.14 15.040000000000001
17.65 15.010000000000002
20.65 15.010000000000002
18.82 15.010000000000002
20.24 15.010000000000002
19.509999999999998 15.040000000000001
19.900000000000002 15.040000000000001
19.85 15.010000000000002
19.12 15.010000000000002
20.65 15.040000000000001
19.21 15.010000000000002
19.63 15.010000000000002
19.7 15.010000000000002
21.09 15.010000000000002
19.38 15.040000000000001
19.85 15.010000000000002
20.19 15.010000000000002
20.39 15.040000000000001
19.53 15.040000000000001
19.6 15.06
21.39 15.040000000000001
19.900000000000002 15.010000000000002
20.580000000000002 15.040000000000001
18.82 15.010000000000002
21.66 15.040000000000001
18.970000000000002 15.040000000000001
21.8 15.06
18.38 15.010000000000002
24.54 15.040000000000001
18.82 15.040000000000001
22.61 15.06
17.53 15.040000000000001
22.189999999999998 15.040000000000001
17.16 14.99
22.41 15.040000000000001
17.26 15.040000000000001
21.240000000000002 15.010000000000002
22.0 15.010000000000002
22.46 15.06
19.24 15.040000000000001
19.6 15.010000000000002
20.73 15.040000000000001
20.849999999999998 15.040000000000001
20.04 15.040000000000001
19.09 15.010000000000002
21.34 15.010000000000002
19.24 15.010000000000002
20.9 15.06
17.97 15.010000000000002
21.529999999999998 15.010000000000002
17.26 15.010000000000002
22.53 15.010000000000002
17.36 15.010000000000002
22.09 15.040000000000001
17.21 15.010000000000002
22.49 15.040000000000001
17.26 15.040000000000001
21.240000000000002 15.040000000000001
18.12 15.010000000000002
22.41 15.040000000000001
17.21 15.010000000000002
19.97 15.010000000000002
19.869999999999997 15.040000000000001
21.9 15.010000000000002
18.360000000000003 15.040000000000001
20.7 15.040000000000001
19.38 15.040000000000001
20.19 15.040000000000001
19.8 15.040000000000001
19.82 15.010000000000002
20.14 15.040000000000001
19.41 15.010000000000002
20.73 15.040000000000001
19.21 15.040000000000001
20.09 15.040000000000001
19.97 15.010000000000002
21.12 15.06
19.48 15.040000000000001
19.650000000000002 15.040000000000001
20.51 15.040000000000001
20.95 15.040000000000001
19.580000000000002 15.040000000000001
18.9 15.040000000000001
21.36 15.040000000000001
19.650000000000002 15.040000000000001
21.09 15.06
17.849999999999998 15.040000000000001
20.97 15.040000000000001
18.8 15.040000000000001
22.73 15.06
17.580000000000002 15.010000000000002
21.8 15.040000000000001
18.26 15.040000000000001
22.68 15.040000000000001
17.46 15.040000000000001
20.65 15.040000000000001
19.259999999999998 15.040000000000001
22.71 15.040000000000001
17.5 15.040000000000001
20.31 15.010000000000002
19.12 15.040000000000001
21.36 15.010000000000002
19.53 15.040000000000001
19.82 15.040000000000001
19.139999999999997 15.040000000000001
21.04 15.010000000000002
21.09 15.06
19.6 15.06
20.09 15.010000000000002
20.830000000000002 15.040000000000001
20.919999999999998 15.040000000000001
