50.160000000000004 11.666
48.21 11.66
42.14 11.648
35.198 11.633000000000001
40.102 11.636000000000001
41.254000000000005 11.672
41.914 11.669
37.832 11.666
44.193000000000005 11.678
42.967 11.684
36.268 11.672
49.93 11.694
39.454 11.67
33.001000000000005 11.658
41.05800000000001 11.687999999999999
40.30200000000001 11.679
41.226 11.673
35.963 11.684999999999999
34.315 11.673
42.842 11.681999999999999
29.627 11.664
34.426 11.698
31.625999999999998 11.745999999999999
38.354 11.75
27.234 11.725000000000001
22.986 11.673
13.857000000000003 11.658
17.578 11.667
22.859 11.67
18.268 11.664
25.683 11.664
28.119 11.67
26.745 11.664
26.038 11.664
22.033 11.673
20.028 11.701
26.875 11.667
22.967000000000002 11.675999999999998
20.752 11.716000000000001
21.673 11.722000000000001
27.365999999999996 11.719
36.842999999999996 11.749
24.883999999999997 11.728
22.57 11.722
22.198 11.737
14.435000000000004 11.77
13.325000000000001 11.758000000000001
16.619999999999997 11.777
14.567 11.719
17.633 11.734
14.831 11.725
13.119 11.716000000000001
14.398 11.722
18.258000000000003 11.716000000000001
19.811999999999998 11.722
21.082 11.719000000000001
19.214000000000002 11.728
20.380000000000003 11.739999999999998
31.080000000000002 11.734
27.863 11.752
29.896 11.792
24.627000000000002 12.155
16.785 11.745999999999999
25.061 11.745999999999999
21.082 11.74
28.149 11.764
26.642 11.739999999999998
35.562 11.874
18.346999999999998 11.758000000000001
15.245999999999999 11.789
13.699 11.761
18.335 11.798
19.05 11.749
18.56 11.749
13.352 11.742999999999999
11.73 11.734
19.244 11.745999999999999
19.884999999999998 11.758000000000001
23.747 11.758000000000001
21.778 11.758000000000001
17.675 11.806999999999999
18.243000000000002 11.755
16.149 11.782
23.166 11.871
19.158 11.773
22.912 11.794
17.892 11.779
16.99 11.785
18.729 11.785
21.951 11.782
23.547 11.834
16.296000000000003 11.785
15.767999999999999 11.776
18.781 11.785
17.481 11.822
19.293000000000003 11.847000000000001
20.27 11.799999999999999
18.879 11.800999999999998
19.342000000000002 11.822999999999999
20.081 11.816
22.368999999999996 11.825
26.508 11.843
22.711000000000002 11.837
23.828 11.841
24.407999999999998 11.853
24.505 11.862
23.029 11.862
31.825000000000003 11.862
27.453000000000007 11.853
30.129000000000005 11.878000000000002
27.400000000000002 11.857
27.477 11.881
31.635 11.887
31.494 11.881
29.181 11.869
34.087999999999994 11.884
32.423 11.866
26.435 11.878
25.135 11.871
26.910999999999994 11.932
28.943 11.853
27.582 11.902
25.201 11.889
26.044 11.856
34.108 11.870999999999999
30.192000000000004 11.868
24.598 11.847000000000001
23.852999999999998 11.843
25.324 11.847000000000001
25.299 11.863
26.314999999999998 11.85
29.417000000000005 11.85
25.458000000000002 11.846
24.877 11.856000000000002
24.108999999999998 11.855
24.896 11.875
29.137 11.875
31.776 11.887
25.477 11.874
25.628 11.866
23.658 11.862
20.404999999999998 11.892
22.875 11.88
24.023 11.864999999999998
27.282999999999998 11.855
21.648999999999997 11.847000000000001
23.413 11.844
25.507 11.847000000000001
22.778000000000002 11.871
29.503 11.856
22.466 11.862
24.146 11.853
24.792 11.856
19.367 11.852
20.66 11.853000000000002
21.893 11.849000000000002
25.946 11.877
21.917 11.878
23.939 11.849
30.115000000000002 11.859
28.153 11.862
35.684 11.874
37.848000000000006 11.853
42.815 11.871
42.32599999999999 11.884
33.704 11.921000000000001
33.675 11.883000000000001
32.874 11.881
35.075 11.872
38.973 11.948
29.753999999999998 11.944
36.022999999999996 11.868
34.963 11.895
38.175 11.898
37.476 11.893
38.536 11.893
43.312 11.917
41.338 11.923
41.998000000000005 11.96
43.31 11.942
39.174 11.93
36.513 11.939
41.771 11.93
39.063 11.939
37.104 11.942
43.756 11.923999999999998
40.117999999999995 12.004999999999999
38.723 11.921000000000001
44.19 11.933
42.333 11.939
39.719 11.945
41.347 11.951
45.73 11.942
44.668 11.918000000000001
39.019 11.959999999999999
38.217 11.973
38.224999999999994 11.936
42.175000000000004 11.908
43.49 11.918
37.95 11.914000000000001
35.56100000000001 11.917
35.581 11.914
22.254 11.236
32.272999999999996 10.69
33.467 11.072
30.552 11.142
33.072 11.232999999999999
28.58 11.254999999999999
22.014999999999997 11.258
23.833000000000002 11.267
26.104 11.261000000000001
28.747999999999998 11.304
22.521 11.31
21.338 11.328
23.162 11.349
28.807 11.383000000000001
25.31 11.338
27.93 11.337
24.664 11.343
24.962999999999997 11.345999999999998
25.397 11.365
34.869 11.408
29.648999999999997 11.365
33.160000000000004 11.396
32.452000000000005 11.428
23.381999999999998 11.376999999999999
21.178 11.373
25.384 11.402
29.134000000000004 11.434999999999999
25.525 11.437999999999999
29.333 11.431
22.962000000000003 11.437999999999999
20.13 11.453
25.956000000000003 11.456
30.130000000000003 11.459
22.834 11.450000000000001
30.342000000000002 11.453000000000001
23.412999999999997 11.495000000000001
26.746 11.462
27.639999999999997 11.508000000000001
28.057 11.462
30.708999999999996 11.450000000000001
31.215000000000003 11.447000000000001
29.652 11.437
25.318 11.44
30.637000000000004 11.469
34.27 11.440999999999999
32.982 11.444
33.266 11.456000000000001
24.261 11.437
31.878 11.431
17.503 9.627
24.586 8.86
22.132 8.212
20.593 9.073
18.781 9.33
16.522000000000002 9.561
16.308 9.629999999999999
19.629 9.681000000000001
20.441000000000003 9.705
21.72 10.061
15.892000000000001 9.783999999999999
16.328 9.791
16.352 10.096
13.904 10.166
19.25 10.203
18.719 10.221
17.494 10.232999999999999
14.373999999999999 10.241999999999999
14.753 10.248000000000001
15.466 10.278
16.656000000000002 10.315
11.397000000000002 10.345
16.296 10.348
15.68 10.357000000000001
17.224 10.504
14.991 10.427999999999999
14.471 10.424
16.936999999999998 10.424
14.966 10.427
14.826 10.436
12.97 10.436
14.374999999999998 10.467
16.474 10.464
16.291 10.442
15.686 10.446
16.272000000000002 10.452
15.167 10.458
