17.8876 23.244799999999994
17.764999999999997 23.303699999999996
17.3887 23.349600000000002
17.1605 23.4082
17.3188 23.4501
16.867700000000003 23.4856
16.8832 23.538899999999998
16.6282 23.5874
16.965699999999995 23.631000000000004
16.535200000000003 23.6818
16.269400000000005 23.718600000000002
16.4047 23.770900000000005
16.593200000000003 23.8089
16.172 23.877599999999997
16.796100000000003 23.941699999999997
16.729099999999995 23.981799999999996
16.7639 24.0242
16.890100000000004 24.0816
17.235 24.139899999999997
17.5061 24.181100000000004
17.755100000000006 24.2335
17.4767 24.302500000000002
17.364500000000003 24.356499999999997
17.4691 24.406299999999998
18.0122 24.4653
17.998499999999996 24.517900000000004
18.211199999999998 24.565800000000003
18.4137 24.632399999999997
17.843799999999998 24.6966
17.294400000000003 24.7388
17.429899999999996 24.803400000000003
17.6561 24.861399999999996
17.8035 24.913999999999994
18.059700000000003 24.9633
17.6826 25.022600000000004
17.688000000000002 25.074800000000003
17.591900000000006 25.1309
17.778900000000004 25.184199999999997
17.7682 25.2407
17.4875 25.289
17.618299999999998 25.326999999999998
17.4904 25.3886
17.589399999999998 25.4186
17.570499999999996 25.4832
17.2478 25.5394
16.9373 25.580499999999994
16.6816 25.626799999999996
16.2147 25.669000000000008
16.7124 25.724800000000002
16.7984 25.775599999999997
16.6863 25.834200000000003
16.3309 25.888000000000005
16.2522 25.946699999999996
15.857099999999999 25.992800000000006
16.092599999999997 26.038800000000002
16.139899999999997 26.092399999999998
15.992700000000001 26.164899999999996
15.5982 26.200500000000005
15.450200000000002 26.249
15.272900000000003 26.289500000000004
15.036 26.337
14.732500000000002 26.3826
14.382200000000006 26.444599999999994
14.638500000000002 26.4891
14.433500000000002 26.5387
14.4677 26.582099999999997
14.696600000000002 26.641199999999998
14.698899999999998 26.6918
14.9007 26.7453
15.000200000000003 26.7983
14.8906 26.853899999999996
14.873600000000003 26.899000000000008
14.958700000000006 26.9521
15.2526 27.006600000000002
15.2445 27.062200000000004
15.167999999999997 27.1113
15.0092 27.174300000000002
14.824700000000002 27.215900000000005
14.857299999999999 27.2704
15.1948 27.328500000000012
15.698099999999998 27.394600000000008
18.5627 29.293200000000002
16.734500000000004 27.278000000000002
15.634299999999998 26.848799999999994
16.3124 26.914499999999997
16.135899999999996 26.9792
16.5259 27.040300000000002
16.399400000000004 27.113499999999995
16.470299999999998 27.172199999999997
16.647499999999997 27.23009999999999
17.1585 27.279700000000005
17.113 27.368599999999997
17.4957 27.426699999999997
18.1891 27.4821
18.328900000000004 27.5474
18.376200000000004 27.624399999999994
18.15169999999999 27.673000000000002
18.6768 27.7535
18.515799999999995 27.809200000000008
18.554499999999997 27.8589
18.6362 27.915399999999995
18.792 27.955
19.0599 27.9929
18.822400000000002 28.036699999999996
18.799199999999995 28.071600000000007
18.461199999999998 28.120800000000003
18.225399999999997 28.139400000000002
18.7587 28.16679999999999
19.2977 28.1922
19.333199999999998 28.2263
19.333599999999997 28.2474
19.5094 28.274999999999995
19.209600000000002 28.294399999999996
19.119100000000007 28.3046
18.8458 28.3181
19.137999999999998 28.330699999999997
19.338900000000002 28.347800000000007
19.2347 28.3486
19.2357 28.364
19.254199999999997 28.378999999999998
19.2981 28.390300000000003
19.6377 28.396600000000007
20.278 28.400599999999997
19.908900000000003 28.415999999999997
20.103800000000003 28.419700000000002
20.034799999999997 28.433700000000005
19.8446 28.4256
19.8398 28.4423
19.699400000000004 28.4579
19.973000000000003 28.466
20.1199 28.4744
19.705099999999995 28.481299999999997
19.6234 28.48960000000001
20.159800000000004 28.494600000000002
19.793100000000003 28.501800000000006
19.8078 28.5117
19.429100000000002 28.516800000000003
20.2741 28.518499999999996
19.7632 28.5289
20.233600000000003 28.544000000000004
23.258589999999998 30.50991
20.934100000000004 28.261600000000005
20.3114 27.7575
20.148300000000003 27.772299999999994
20.457700000000003 27.7702
20.7649 27.7976
21.060000000000002 27.815599999999996
21.453100000000003 27.827899999999993
21.442700000000002 27.846800000000005
21.956599999999998 27.8606
22.513999999999996 27.863499999999995
22.7944 27.896500000000003
22.724800000000002 27.911499999999993
22.825499999999998 27.925599999999996
22.8673 27.9309
23.3635 27.9405
24.30689999999999 27.9692
25.895400000000002 27.983000000000004
26.52509999999999 27.999000000000002
26.368600000000004 28.009500000000003
26.594300000000004 28.017700000000005
26.139400000000006 28.03810000000001
26.6434 28.046100000000006
27.1723 28.0725
27.754 28.0935
27.5181 28.107599999999998
27.192199999999993 28.1123
27.570300000000003 28.115099999999998
28.172699999999995 28.138900000000007
28.654000000000003 28.155
28.884 28.179399999999998
29.288899999999995 28.18810000000001
29.493599999999997 28.2083
29.763799999999996 28.207400000000003
29.418499999999998 28.2408
30.04819999999999 28.247200000000007
29.7408 28.2595
29.748599999999996 28.271199999999997
30.23 28.2933
30.3924 28.309599999999996
30.788000000000004 28.301499999999997
31.334 28.315099999999997
31.790999999999997 28.329200000000004
31.721 28.365700000000004
31.269000000000002 28.368199999999995
31.330999999999992 28.3765
31.180999999999997 28.395099999999996
31.216999999999995 28.413400000000006
31.389999999999997 28.421400000000002
31.564000000000007 28.416900000000002
31.964999999999993 28.4326
31.283 28.429100000000005
30.948000000000004 28.455399999999997
30.699399999999997 28.458
30.474399999999996 28.4701
31.072900000000004 28.490700000000004
31.259999999999998 28.489900000000006
30.866000000000003 28.498900000000006
30.876100000000008 28.505600000000005
30.585599999999996 28.519099999999998
30.262200000000007 28.5227
30.244999999999994 28.539899999999996
30.140999999999995 28.5475
29.9346 28.540600000000012
30.050000000000004 28.555100000000007
31.578000000000007 28.5592
31.75 28.574899999999996
29.879000000000005 28.573700000000006
29.402100000000004 28.577500000000004
29.08500000000001 28.58380000000001
29.874000000000002 28.600200000000005
29.935000000000006 28.624100000000002
29.331500000000005 28.61040000000001
28.996700000000004 28.629400000000004
28.7175 28.625300000000003
28.7912 28.628200000000003
28.627200000000002 28.62480000000001
28.896499999999996 28.631600000000006
28.3715 28.63510000000001
28.141199999999998 28.641700000000004
28.986700000000003 28.64
28.726000000000003 28.64260000000001
28.204000000000008 28.6557
28.2895 28.637399999999996
28.232200000000002 28.648300000000006
27.748600000000007 28.66150000000001
27.830499999999997 28.673199999999994
27.9435 28.6702
27.945700000000002 28.666100000000007
28.054000000000006 28.666800000000002
28.006700000000002 28.683800000000005
27.9634 28.676399999999997
28.416000000000004 28.682999999999996
28.227000000000004 28.679
27.869300000000003 28.677499999999995
27.934000000000005 28.6851
28.295 28.694700000000005
27.842 28.694700000000005
28.075 28.7084
27.780499999999996 28.7089
27.497099999999996 28.715000000000007
27.365499999999997 28.7197
27.9829 28.720700000000004
27.711600000000004 28.729300000000002
27.5918 28.714399999999994
27.6975 28.732499999999995
27.427300000000006 28.732099999999996
26.989199999999997 28.726999999999997
28.181100000000004 28.868400000000012
27.4436 28.858100000000004
27.6536 28.885600000000007
27.8856 28.896400000000007
27.951700000000002 28.902900000000002
27.596800000000005 28.911500000000007
27.329899999999995 28.9096
27.1593 28.918200000000006
26.747 28.915800000000004
26.31029999999999 28.918099999999995
26.5145 28.9286
26.179000000000002 28.9312
25.9179 28.926299999999998
25.934499999999993 28.9273
25.921699999999998 28.9485
25.4666 28.9545
25.1922 28.952399999999994
24.7588 28.937899999999996
24.4209 28.944899999999997
24.0165 28.940500000000004
23.514999999999997 28.942399999999996
22.944399999999998 28.940399999999993
23.0881 28.94939999999999
22.547999999999995 28.932899999999997
22.242500000000003 28.9375
21.919100000000004 28.9485
21.3159 28.929899999999996
21.008900000000004 28.920399999999997
20.629599999999996 28.9248
20.244800000000005 28.9259
19.928400000000003 28.920900000000003
19.560399999999994 28.9118
19.037699999999997 28.917399999999994
19.0948 28.913399999999996
18.5364 28.920800000000003
18.569199999999995 28.9134
18.3574 28.921300000000006
18.1847 28.9168
17.777500000000003 28.914399999999997
17.362199999999998 28.914299999999997
