10.61043 79.19200000000004
10.616159999999999 78.81730000000002
10.617940000000017 78.77529999999999
10.697070000000004 79.01280000000006
10.984590000000008 79.51840000000003
10.700110000000006 79.18471999999998
10.609509999999997 78.83620000000005
10.557009999999988 78.84989999999998
10.489773999999999 78.97929999999998
10.760155000000001 79.58792700000001
10.637530000000012 79.31859999999999
10.538989999999998 78.986
10.53630999999999 78.97609999999997
10.615710000000002 79.0315
10.634979999999999 79.00980000000001
10.590150000000003 79.0167000000001
10.475149999999998 78.98580000000003
10.49055999999999 79.01700000000007
10.43200999999999 78.95800000000007
10.421089999999992 78.97860000000007
10.37672999999998 78.9456000000001
10.350019999999986 78.94720000000004
10.37951999999998 78.94940000000001
10.37514999999999 78.92310000000008
10.383140000000006 78.97110000000008
10.47034999999999 79.01429999999998
10.549630000000004 78.95399999999998
10.556870000000004 79.02190000000003
10.48925 78.99860000000012
10.460929999999987 79.0038
10.484860000000003 78.98060000000008
10.479800000000008 79.03180000000008
10.458730000000005 78.9791
10.451509999999995 78.97620000000003
10.453469999999992 78.98750000000011
10.449919999999992 78.97630000000004
10.444320000000001 78.98530000000007
10.469189999999998 78.9719
10.496859999999995 78.99170000000004
10.48761000000001 79.00979999999996
10.38289 78.9680000000001
10.438019999999987 79.00290000000003
10.419459999999987 78.96640000000006
10.465840000000005 78.96950000000001
10.552580000000008 79.05480000000013
10.415950000000008 79.02969999999999
10.850850000000005 79.56480000000003
10.355489999999993 79.23430000000008
10.415579999999993 79.07829999999998
10.546509999999994 79.24610000000001
10.50489000000001 79.05790000000009
10.593008000000005 79.2641
10.45619 79.21820000000011
10.430389999999996 79.03550000000006
10.422529999999995 79.04700000000004
10.577319999999993 79.44810000000004
10.929780000000003 79.53624
10.455650000000007 79.09620000000002
10.442160000000001 79.31669999999995
10.742549999999989 79.41669000000007
10.389940000000005 79.3282
10.367289999999993 79.15640000000008
10.36637999999999 79.17440000000002
10.376899999999987 79.15760000000004
10.349809999999993 79.11589999999997
10.35540299999999 79.15190000000004
10.328509999999994 79.13650000000007
10.615249999999994 78.99146000000007
10.527009999999999 79.14429999999997
10.523849999999992 79.35250000000002
10.403220000000006 79.13910000000006
10.426080000000002 79.17450000000007
10.371170000000006 79.15930000000002
10.379446999999988 79.16500000000008
10.455559999999995 79.13860000000005
11.1969 79.71579999999999
10.463650000000001 79.37370000000008
10.903009999999995 79.74440000000004
10.590769999999987 79.54230000000003
10.427949999999989 79.57790000000001
10.3801 79.17910000000006
10.340706 79.18849999999993
10.329125000000005 79.18859999999998
10.32583299999999 79.18729999999998
10.336110000000001 79.17390000000007
10.382791999999993 79.24610000000003
10.395542000000006 79.16640000000011
10.368520000000006 79.18089999999998
10.323467000000006 79.18260000000012
10.777018000000002 79.74930000000003
10.323360000000013 79.04650000000005
10.414157000000005 79.60910000000008
10.351608000000004 79.24320000000007
10.874584999999994 79.76803000000004
10.340513000000001 79.24530000000009
10.412954000000008 79.18979999999999
10.368965999999997 79.1986000000001
10.474429999999996 79.35670000000006
10.423875000000013 79.26809999999998
10.404234000000006 79.24130000000011
10.600504 78.98929999999996
10.389330000000001 79.10800000000006
10.379631999999997 79.41580000000009
10.285459999999995 79.14820000000005
10.304259999999998 79.08750000000005
10.350470999999997 79.28830000000006
10.492200999999996 79.64820000000009
10.91246199999999 79.58730499999999
10.413687999999986 79.28740000000008
10.616640999999996 79.64150000000001
10.568757000000007 79.45040000000002
10.571029999999995 79.322
10.46282 79.25810000000011
10.679180000000004 79.2831000000001
10.626350000000006 79.2512000000001
10.516919999999985 79.25850000000004
10.442749999999995 79.23580000000004
10.406869999999993 79.22300000000007
10.3921 79.23420000000003
10.373139999999994 79.24600000000012
10.377169999999996 79.23450000000005
10.389119999999986 79.26910000000008
10.381459999999992 79.23730000000009
10.817389999999987 79.35480000000008
14.831214199999987 82.64649200000007
11.004229999999998 80.60960000000019
10.756869999999989 81.06960000000008
10.322129999999996 79.55410000000012
10.305459999999991 79.54460000000006
10.318049999999996 79.55080000000004
10.342509999999988 79.56689999999999
10.36988999999999 79.54370000000014
10.332769999999988 79.55290000000001
10.453079999999995 79.58250000000012
10.522969999999992 79.5513
10.86652100000001 79.49370000000006
10.877147000000006 79.45139999999998
10.934840000000019 79.4386000000001
10.665258000000012 79.45110000000011
10.588884999999989 79.45310000000006
10.539959999999995 79.4279
10.523141999999996 79.41740000000011
10.675025999999985 79.66520000000006
10.628045999999998 79.61990000000007
10.57717600000001 79.59299999999998
10.568370999999994 79.46040000000004
10.828849999999996 80.09050000000008
10.598130999999988 79.7157000000001
10.998487999999993 79.76520000000005
11.118844999999986 79.76110000000016
10.509535999999988 79.42259999999995
10.407669999999998 79.63780000000013
10.435469 79.44449999999993
10.425127999999981 79.40650000000012
10.432374999999984 79.38840000000002
10.406073999999991 79.3937000000001
10.420147999999992 79.37320000000005
10.545877999999998 79.37790000000005
10.637211000000004 79.40349999999997
10.581659999999982 79.40000000000012
10.571439999999988 79.37430000000005
10.588749999999987 79.40160000000004
10.56164999999999 79.37040000000007
10.593119999999992 79.38800000000009
10.482437999999997 79.38419999999999
10.493279999999992 79.3740000000001
10.528655999999996 79.37979999999995
10.538198999999997 79.40410000000004
10.588422999999999 79.39810000000003
10.803159000000017 79.43210000000003
10.681728 79.38669999999996
10.573234999999997 79.38250000000005
10.559222999999998 79.43170000000018
10.616121999999995 79.285
10.458093000000005 79.25440000000012
10.48364 79.46050000000012
11.138182000000008 79.97568900000005
10.640298000000008 79.4319000000001
10.556266999999995 79.40530000000004
10.544881999999994 79.43840000000006
10.541040000000008 79.43280000000009
10.495197 79.47890000000002
10.665161999999999 79.78435499999998
10.581396999999997 79.60740000000004
10.567493000000011 79.42560000000006
10.558981999999997 79.44840000000003
10.536374999999998 79.45999999999994
10.472489999999993 79.4979000000001
10.438067 79.45909999999998
10.448574999999986 79.4454
10.487417000000002 79.46350000000004
10.488461999999993 79.29540000000004
10.510553999999992 79.48579999999997
10.533288999999996 79.50960000000002
10.54418499999999 79.48279999999997
10.561573000000003 79.46450000000007
10.518697999999988 79.44330000000008
10.478630999999991 79.47160000000004
10.448196999999986 79.46580000000009
10.40067499999999 79.46889999999999
10.410959999999987 79.49030000000003
10.382162999999984 79.4179
10.374589999999985 79.47539999999998
10.366798999999986 79.29819999999992
10.378056999999988 79.24660000000003
10.675556999999998 79.82603999999999
10.773052 79.77490000000013
10.692674000000006 79.44559999999997
10.702447000000017 79.40910000000014
10.646117000000006 79.58940000000003
10.607320000000007 79.42820000000009
11.000749999999988 79.67997000000004
11.148693000000002 79.92965200000003
10.61471599999999 79.60189999999994
10.912954999999991 79.66624000000007
10.520994000000004 79.46480000000003
10.570873 79.63720000000006
10.583785999999993 79.4952
10.827660000000005 79.82120000000012
10.663840000000006 79.60709999999995
10.584420000000003 79.3916000000001
10.527025 79.43410000000011
10.537830999999994 79.41620000000007
10.574126999999999 79.38510000000007
10.51344399999999 79.36870000000008
10.532944999999991 79.4251000000001
10.46306799999999 79.41190000000006
10.433565999999988 79.28210000000009
10.717449999999983 79.74192000000002
10.552806999999989 79.40920000000014
10.685361999999992 79.52020000000007
10.638578999999993 79.38620000000014
10.588584 79.38090000000008
10.545448999999987 79.38880000000003
10.553459000000004 79.36920000000008
10.544861999999998 79.38460000000003
10.532737999999998 79.38820000000011
10.51135499999999 79.36580000000008
10.518404999999985 79.3670000000001
10.478908999999987 79.37270000000008
10.437769999999992 79.33310000000006
10.524531999999988 79.41040000000002
10.554916999999996 79.40700000000001
10.479626999999988 79.36650000000003
10.48709599999999 79.39120000000008
10.560989999999993 79.38230000000009
10.487027999999993 79.34950000000006
10.435547999999995 79.35510000000006
10.394487999999994 79.40290000000016
10.363200999999979 79.20550000000014
10.434100999999982 79.34740000000009
10.452685000000002 79.35159999999998
10.536138999999999 79.5305000000001
10.681235000000001 79.52810000000004
10.633507999999999 79.65800000000004
10.562964999999988 79.35370000000012
10.840624000000004 79.496822
10.698854999999998 79.35150000000013
10.505522999999988 79.17070000000007
10.848309999999984 79.83322700000008
10.824230000000002 80.19900000000004
10.606639999999997 79.44260000000004
10.590211999999994 79.58500000000001
10.550890000000003 79.45410000000008
10.55899100000001 79.41620000000005
10.586860000000001 79.48530000000001
10.564407999999995 79.47950000000004
10.46308499999999 79.41650000000008
10.432327999999986 79.41770000000005
10.464681999999991 79.46930000000009
10.458672999999994 79.46740000000005
10.528350000000005 79.47610000000012
10.613155000000003 79.47080000000003
10.554062999999983 79.45000000000003
10.497862999999994 79.42640000000003
10.533073000000009 79.445
10.467446999999986 79.43110000000003
10.454099000000001 79.47919999999998
10.488128999999994 79.44370000000004
16.404068 87.04754050000008
11.549127999999984 83.71959999999999
10.738334999999987 79.67560000000005
10.899277999999999 79.96355830000002
10.612659999999991 79.80390000000001
10.558454999999999 79.62389999999998
10.590187000000007 79.59720000000002
10.408534999999985 79.58460000000002
10.449620999999992 79.60490000000001
