10.3085 50.67900000000001
10.3543 50.666999999999994
9.638699999999998 50.68899999999999
10.0916 50.682
10.307200000000002 50.744
10.039599999999998 50.651
10.6521 50.669
10.3307 50.669
9.828000000000001 50.714999999999996
10.048399999999997 50.746
10.0399 50.72800000000001
9.9278 50.71600000000001
10.229400000000002 50.73500000000001
9.9466 50.73800000000001
11.259700000000002 50.744
11.2053 50.726000000000006
12.100099999999998 50.76200000000001
12.2604 50.78
11.836899999999998 50.756
12.1845 50.74999999999999
13.539599999999998 50.769
13.044999999999998 50.768
11.885599999999998 50.791999999999994
12.0259 50.86299999999999
12.542800000000002 50.867
13.545599999999999 50.85999999999999
12.301400000000001 50.848000000000006
12.5019 50.865999999999985
12.3605 50.95799999999999
13.126999999999999 50.854
14.463999999999999 50.879
14.901700000000002 51.345
15.038199999999998 50.757999999999996
16.742800000000003 49.75599999999999
15.2565 49.523999999999994
15.4252 49.50299999999999
14.49 49.679
16.075200000000002 49.754999999999995
14.261999999999997 49.842
13.461199999999998 49.88399999999999
14.3107 49.956999999999994
14.413499999999999 49.952999999999996
15.023 49.97800000000001
16.204099999999997 49.982000000000006
14.4008 49.985
15.773499999999999 50.0
16.006999999999998 50.061
14.6126 50.232
13.973800000000002 50.249
14.4396 50.247
14.528099999999998 50.26200000000001
14.8036 50.324000000000005
15.1789 50.452
15.331999999999999 50.333000000000006
14.105399999999998 50.308
13.604199999999999 50.296
16.4521 50.32600000000001
14.468799999999998 50.381
14.9267 50.43599999999999
13.7557 50.43
15.030399999999997 50.442
15.319199999999999 50.43
14.285200000000001 50.41699999999999
15.951800000000002 50.434999999999995
16.2905 50.453999999999986
15.5898 50.585
16.300600000000003 51.108
17.6039 51.054
16.2091 51.074999999999996
16.4692 50.622
16.6125 50.583
15.3912 50.57999999999999
16.35 50.595
15.7633 50.57699999999999
15.2503 50.672
15.790800000000003 50.68699999999999
13.675799999999999 50.791
15.817099999999998 50.669
16.825599999999998 50.65099999999999
17.3058 50.69899999999999
14.453 50.693
16.3914 50.714999999999996
18.8261 50.791999999999994
17.9283 50.812999999999995
17.823999999999998 50.807
18.8141 50.795
18.1058 50.812000000000005
20.5411 50.812999999999995
20.5989 50.824999999999996
19.966199999999997 50.807
21.818999999999996 50.818000000000005
21.639400000000002 50.867000000000004
20.918699999999998 50.891
18.6048 50.90899999999999
20.377799999999997 50.92099999999999
20.3957 50.939
19.7483 50.952
19.847399999999997 50.952
20.171 50.952
21.8147 50.995999999999995
21.727800000000002 51.23399999999999
22.2179 50.99400000000001
22.082400000000003 50.995000000000005
21.245499999999996 51.031000000000006
20.572200000000006 51.025
20.495399999999997 51.025
19.538800000000002 51.019000000000005
20.123400000000004 51.025
21.048599999999997 51.037
20.4877 51.05500000000001
22.087 51.049000000000014
21.282600000000002 51.080000000000005
21.274299999999997 51.208
19.4823 51.097
19.452499999999997 51.13999999999999
21.6546 51.17699999999999
22.238 51.166
22.620900000000002 51.171
22.926999999999996 51.183
20.587199999999996 51.159
19.692 51.15299999999999
22.045100000000005 51.12899999999999
20.7038 51.123
21.226900000000004 51.123
21.6221 51.43399999999999
22.4404 51.135
23.0454 51.178000000000004
20.8205 51.157999999999994
21.6064 51.16499999999999
21.5832 51.16499999999999
23.965799999999998 51.16499999999999
23.079299999999996 51.171
21.5607 51.17699999999999
20.350600000000004 51.15299999999999
21.298200000000005 51.135
21.5726 51.135
21.754199999999997 51.123
22.409100000000002 51.135
19.661600000000007 51.135
19.789099999999994 51.123000000000005
18.6175 51.117000000000004
20.002799999999997 51.129000000000005
17.8976 51.129000000000005
18.654700000000005 51.141000000000005
17.8022 51.123
19.3554 51.129000000000005
23.0393 51.16499999999999
19.705399999999994 51.183
18.7692 51.53899999999999
19.5704 51.147999999999996
18.591200000000004 51.141000000000005
18.2226 51.129000000000005
20.148099999999996 51.141999999999996
19.462600000000002 51.147
20.4422 51.165000000000006
20.5382 51.171
19.146299999999997 51.159
18.6226 51.147
19.944499999999998 51.159
21.4988 51.165000000000006
21.4407 51.153000000000006
20.7815 51.141000000000005
19.594499999999996 51.129000000000005
20.0563 51.14099999999999
19.7856 51.136
18.7804 51.147999999999996
19.177899999999998 51.147000000000006
18.118199999999998 51.141999999999996
17.3331 51.124
17.749299999999998 51.111000000000004
18.1726 51.123000000000005
19.3309 51.117000000000004
19.968700000000002 51.483000000000004
21.016299999999998 51.111000000000004
19.9755 51.117000000000004
19.662300000000002 51.123000000000005
20.912599999999998 51.112
21.6404 51.112
19.459600000000002 51.123
19.338499999999996 51.148
19.303799999999995 51.16700000000001
18.8975 51.154999999999994
20.491999999999997 51.154999999999994
21.663999999999994 51.172000000000004
19.0673 51.153999999999996
19.5003 51.154999999999994
20.928699999999996 51.166999999999994
21.699600000000004 51.178999999999995
21.337 51.161
23.0026 51.16799999999999
23.6853 51.197
21.1089 51.197
20.283 51.178999999999995
21.5731 51.185
21.8694 51.185
21.720699999999997 51.20399999999999
23.2866 51.695999999999984
21.9818 51.22899999999999
22.969800000000003 51.239999999999995
27.777 51.215999999999994
25.841 51.222
25.211699999999997 51.239999999999995
23.8088 51.25299999999999
24.0238 51.25299999999999
22.7612 51.222
23.555 51.227999999999994
23.0641 51.215999999999994
23.3452 51.234
21.4987 51.215999999999994
19.628600000000006 51.196
22.0777 51.196999999999996
20.024 51.20399999999999
19.4797 51.196
20.954900000000002 51.202999999999996
21.7543 51.726000000000006
21.464399999999998 51.757
21.6645 51.76299999999999
21.874499999999998 51.573
21.843200000000003 51.27099999999999
20.0371 51.275999999999996
22.5116 51.690000000000005
22.112499999999997 51.288
22.1116 51.269999999999996
21.807800000000004 51.276999999999994
20.6799 51.28299999999999
20.2715 51.258999999999986
20.8773 51.28299999999999
22.910900000000005 51.258
20.950699999999998 51.258
20.227199999999996 51.263999999999996
19.664300000000004 51.233
22.0803 51.26299999999999
20.889299999999995 51.275999999999996
21.8635 51.25099999999999
21.795599999999997 51.23899999999999
22.253899999999998 51.258999999999986
21.2591 51.22699999999999
20.975000000000005 51.234
21.9473 51.227999999999994
21.3089 51.22699999999999
19.775599999999997 51.208
20.8172 51.22
20.345200000000002 51.208999999999996
19.177 51.239999999999995
20.405600000000003 51.67299999999999
21.506600000000002 51.22699999999999
18.7576 51.22199999999999
18.536299999999997 51.221
16.7866 51.196999999999996
19.595299999999998 51.49400000000001
17.746000000000002 51.672
18.365100000000005 51.636
17.982 51.580999999999996
17.2759 51.20299999999999
18.2093 51.190999999999995
20.4064 51.18999999999999
19.463599999999996 51.257999999999996
20.3183 51.22699999999999
21.7081 51.23899999999999
18.5498 51.221
19.1205 51.239999999999995
18.483400000000003 51.214999999999996
20.9192 51.239999999999995
19.9362 51.227999999999994
18.8147 51.22699999999999
21.0847 51.239999999999995
18.7013 51.22699999999999
19.8108 51.246999999999986
18.548300000000005 51.573
17.8735 51.221
16.664299999999997 51.246999999999986
15.6386 51.208999999999996
17.3887 51.20199999999999
18.0608 51.202999999999996
18.805999999999994 51.202999999999996
19.5657 51.223
17.1638 51.196999999999996
17.7738 51.190999999999995
18.9188 51.208999999999996
18.6766 51.221
16.6215 51.337999999999994
17.5105 51.215999999999994
16.942899999999998 51.245999999999995
17.825299999999995 51.749
17.5609 51.641000000000005
15.654799999999996 51.623
15.6017 51.35599999999999
16.3231 51.190999999999995
