19.1987 19.585599999999996
19.629000000000005 19.626000000000005
19.5717 19.629399999999997
19.661 19.6342
19.8011 19.673000000000005
19.742300000000007 19.679000000000002
19.6191 19.714599999999994
19.8003 19.744100000000003
19.596999999999998 19.732
19.6187 19.710599999999996
20.327599999999997 19.881600000000002
19.640200000000004 19.859099999999998
19.7891 19.744799999999994
19.651000000000003 19.664900000000003
19.8127 19.681800000000006
20.104899999999997 19.780600000000003
20.422400000000003 20.0678
20.0373 19.724500000000003
19.7693 19.7527
19.624500000000005 19.7325
20.169300000000007 19.9226
19.557000000000006 19.730400000000007
19.341099999999997 19.7093
19.469399999999997 19.707600000000003
19.142300000000002 19.633899999999997
19.497800000000005 19.683099999999996
19.537999999999993 19.68980000000001
20.7546 20.1576
20.7625 21.094699999999992
20.313100000000002 20.1401
19.617400000000007 19.7334
19.740299999999998 19.694500000000005
19.913499999999992 19.7296
19.497500000000002 19.650400000000005
19.496299999999998 19.627700000000008
19.6431 19.619200000000003
19.727900000000005 19.638400000000004
19.4586 19.5968
19.847800000000003 19.6419
20.3582 19.697700000000005
19.751199999999997 19.621299999999998
19.679899999999996 19.6199
19.832700000000003 19.7771
18.936800000000005 19.6646
14.758300000000002 18.7594
20.567300000000007 19.939700000000002
20.306999999999995 19.871600000000004
20.1973 19.859799999999996
20.356599999999997 19.922600000000003
19.9713 19.9059
20.492600000000007 20.000599999999995
20.370199999999997 19.988999999999997
20.3118 20.0328
20.1828 20.021799999999992
20.1209 20.049400000000002
20.134099999999997 20.077999999999996
20.3397 20.1656
20.0937 20.1004
20.057699999999993 20.103099999999998
19.976800000000004 20.0812
19.641399999999997 20.0394
20.2559 20.1614
20.2268 20.474999999999994
20.654999999999994 20.5713
20.2158 20.258199999999995
20.3804 20.269499999999997
20.1109 20.272900000000003
20.0437 20.2645
20.063699999999997 20.3347
20.354699999999998 20.3981
20.1751 20.345399999999998
20.255399999999998 20.337199999999996
20.204799999999995 20.350599999999996
20.0029 20.336100000000002
20.1821 20.3691
20.4248 20.396399999999996
19.8502 20.325699999999998
19.816400000000005 20.309599999999993
19.7542 20.301500000000004
20.016399999999994 20.3254
20.390200000000004 20.3858
20.2189 20.3407
20.202599999999997 20.350000000000005
20.163800000000002 20.349100000000007
19.716100000000004 20.291
20.513200000000005 20.354800000000004
20.584100000000003 20.408599999999996
20.6916 20.468199999999996
20.714999999999993 20.3635
20.567799999999995 20.458299999999998
20.076999999999998 20.3427
19.9088 20.314899999999998
20.118599999999997 20.314700000000006
19.6009 20.386499999999998
19.636 20.286600000000004
19.554900000000004 20.2679
19.9577 20.2673
19.8333 20.275
19.8618 20.312499999999996
20.223899999999993 20.327199999999998
19.622099999999996 20.272199999999994
19.7479 20.293999999999997
19.708199999999994 20.267399999999995
20.0569 20.2707
20.3649 20.31329999999999
20.328899999999997 20.273599999999995
20.2477 20.295900000000003
20.043399999999995 20.275299999999994
20.0298 20.276
19.796599999999998 20.2487
20.249 20.3598
19.947499999999998 20.272800000000004
20.137200000000004 20.2798
20.016399999999994 20.2744
19.985799999999998 20.292599999999997
20.097199999999997 20.275200000000005
20.229399999999995 20.287499999999994
20.4826 20.3211
19.908900000000003 20.274299999999997
19.705900000000003 20.245300000000004
19.958599999999997 20.2757
20.1309 20.253099999999996
20.418799999999994 20.312499999999996
20.3697 20.3475
20.0501 20.2978
20.1822 20.296699999999998
20.154000000000003 20.2972
20.2224 20.2928
20.513300000000008 20.3262
19.956899999999997 20.2826
19.8672 20.2843
19.9509 20.2776
19.5459 20.223399999999998
19.922000000000004 20.25519999999999
20.059300000000004 20.303399999999996
20.4703 20.332500000000003
20.085900000000002 20.288
20.094599999999996 20.277399999999993
19.757 20.2621
19.912 20.237000000000002
20.2894 20.342499999999994
19.9553 20.242100000000004
19.7562 20.2345
19.7587 20.2223
19.731299999999997 20.217900000000004
19.9158 20.236300000000007
20.5971 20.3246
20.151599999999995 20.4173
19.867400000000004 20.276099999999996
19.84950000000001 20.244600000000002
19.6929 20.2263
19.808099999999996 20.2324
19.718199999999996 20.2447
19.8586 20.231699999999993
20.2081 20.287700000000005
19.8849 20.250300000000003
19.4986 20.156800000000004
20.3493 20.2579
15.017 19.659199999999995
19.8663 20.0272
20.6063 20.314
20.852700000000002 20.3149
20.236099999999997 20.296400000000002
20.1621 20.294399999999996
19.897399999999998 20.2685
19.894600000000004 20.2583
19.999800000000008 20.298100000000005
20.177500000000002 20.2965
19.869 20.227199999999996
20.549199999999992 20.41390000000001
20.245900000000002 20.340999999999998
20.665700000000005 20.381699999999995
20.162200000000002 20.313999999999997
20.176000000000002 20.3444
20.200300000000002 20.3208
20.2254 20.313199999999995
20.630699999999997 20.377099999999995
20.253900000000005 20.288999999999998
20.1569 20.2846
20.124200000000002 20.276100000000003
19.907300000000003 20.213299999999997
20.523900000000005 20.315400000000004
20.524599999999996 20.3833
21.223300000000002 20.5139
22.0756 22.046
20.63 20.227899999999998
20.565700000000003 20.1931
20.6918 20.236500000000003
21.0444 20.252200000000002
21.0244 20.3433
20.336199999999998 20.243
20.2141 20.231499999999997
19.8662 20.1997
20.0873 20.206300000000002
20.451399999999996 20.2895
20.597399999999997 20.3521
20.204200000000004 20.2606
20.2745 20.2631
20.1974 20.277200000000008
20.450000000000003 20.280200000000004
21.169200000000004 20.346799999999998
20.633700000000005 20.333100000000005
20.520799999999998 20.3196
20.479499999999998 20.311000000000007
19.988500000000002 20.2192
20.492199999999997 20.3238
20.798600000000004 20.4155
21.069999999999997 20.4408
20.455 20.3606
20.302 20.348599999999998
20.037100000000002 20.316199999999995
20.312599999999996 20.312399999999993
20.302699999999998 20.3092
20.758000000000003 20.357400000000002
20.199500000000008 20.289800000000007
20.2676 20.279100000000007
20.436700000000002 20.322599999999998
20.258100000000002 20.314500000000002
20.448299999999993 20.360699999999998
20.647299999999998 20.4011
20.0939 20.3123
20.1179 20.305799999999998
20.022299999999998 20.304900000000004
20.111099999999997 20.292800000000003
20.5725 20.391100000000005
20.117899999999995 20.294800000000002
20.147600000000008 20.283700000000003
20.353800000000003 20.291299999999996
20.5506 20.299300000000002
20.675800000000002 20.309599999999996
20.798399999999997 20.3576
21.0579 20.408699999999996
20.345899999999997 20.3878
20.604799999999997 20.378
20.2739 20.440499999999993
20.407899999999998 20.4467
20.3368 20.357499999999998
20.207 20.320799999999995
20.2441 20.3041
20.188200000000002 20.2879
20.1793 20.3047
20.518500000000003 20.342199999999995
20.2758 20.319500000000005
20.666700000000006 20.413999999999998
20.211699999999997 20.3317
20.089200000000005 20.320999999999998
19.9793 20.2836
20.0372 20.254600000000007
20.4187 20.306299999999993
20.298900000000003 20.240100000000005
19.865800000000004 20.237
19.967400000000005 20.2484
20.033399999999997 20.289399999999997
20.0813 20.282
20.234400000000004 20.307199999999998
20.611500000000003 20.3834
20.0356 20.287699999999997
20.1762 20.280600000000003
20.272299999999998 20.277
20.3092 20.447599999999998
20.3063 20.359799999999996
20.932599999999997 20.361299999999996
20.409299999999998 20.2852
20.342 20.243700000000004
20.346700000000002 20.264499999999995
20.211100000000002 20.265100000000004
20.349800000000005 20.3111
20.181200000000008 20.3212
20.0165 20.277500000000003
20.3378 20.3631
19.856099999999998 20.252800000000008
19.8447 20.232400000000002
20.1172 20.3012
19.893199999999997 20.234799999999993
19.8965 20.247799999999998
19.941399999999998 20.267400000000002
19.979800000000004 20.2567
20.1398 20.262900000000002
20.227799999999995 20.301899999999996
20.5201 20.362000000000002
20.088900000000002 20.294299999999993
20.1919 20.288899999999995
19.991200000000006 20.279900000000005
20.254699999999996 20.2902
20.656100000000002 20.411599999999996
20.261199999999995 20.3111
20.137700000000002 20.290399999999995
20.035 20.255300000000005
