28.575799999999994 26.195900000000005
33.278 26.379500000000007
31.895400000000002 26.4746
31.699200000000005 26.4609
30.8612 26.538799999999995
30.47747 26.576809999999995
29.964880000000004 25.93469000000001
31.630609999999994 25.597900000000006
31.29498 25.711499999999997
30.297389999999996 25.28740000000001
29.018130000000003 25.278219999999997
29.180553999999987 25.35426
27.55833000000001 25.346630000000005
30.378300000000003 25.551260000000003
27.067299999999996 25.508799999999997
25.073099999999997 25.4423
26.382700000000003 25.513
27.5032 25.694499999999987
28.973900000000004 25.7048
28.85009999999999 25.81579999999999
28.5321 25.747199999999992
27.9655 25.7404
27.202399999999987 25.686299999999996
26.6706 25.727299999999996
26.7795 25.7601
28.632400000000004 25.993900000000004
28.442899999999998 25.9362
28.123400000000004 25.9566
29.979200000000006 26.034300000000005
24.504699999999993 25.736199999999997
18.6993 25.2315
21.8058 25.489799999999995
25.575799999999994 25.8389
24.1349 25.740799999999997
24.28119999999999 25.671099999999996
25.556900000000006 25.727200000000007
18.667999999999996 25.342399999999998
18.7218 25.263899999999996
22.9352 25.566900000000004
28.5155 25.93350000000001
29.824900000000003 26.112599999999997
23.57240000000001 25.7125
30.494899999999998 26.1662
29.2148 26.1415
31.316100000000013 26.2984
27.12989999999999 26.099600000000002
29.035000000000004 26.161199999999994
30.14669999999999 26.337000000000003
31.316100000000002 26.317899999999995
30.2409 26.286099999999994
30.45359999999999 26.336800000000004
31.41669999999999 26.415600000000005
27.991800000000005 26.156699999999994
28.468200000000003 26.1212
27.711799999999997 26.094299999999997
30.460599999999992 26.342699999999997
25.42580000000001 25.680499999999995
24.60334 25.603220000000004
27.48527 25.730499999999996
28.020589999999995 25.770029999999995
27.688169999999996 25.7892
26.432499999999997 25.8485
25.273600000000002 25.811700000000005
26.489799999999995 26.315000000000005
29.293379999999996 26.136599999999994
28.808619999999998 25.659399999999994
28.916339999999995 25.687319999999996
28.585549999999998 25.721899999999998
30.846929999999993 25.835460000000005
27.04684 25.59913
31.10483699999999 25.81912
29.26729999999999 25.854499999999998
29.362699999999997 25.933899999999998
29.328499999999995 25.973100000000006
27.686899999999987 25.914999999999992
28.5679 25.972700000000003
30.706899999999994 26.100299999999997
26.70849999999999 25.923999999999996
19.942099999999993 25.510799999999996
24.773800000000005 25.7287
29.150799999999993 26.038999999999994
29.643800000000002 26.09879999999999
29.63160000000001 26.080899999999996
29.3744 26.182599999999994
30.063699999999997 26.128
29.242900000000006 26.162399999999998
28.558100000000003 26.102700000000002
29.191799999999997 26.1442
31.090700000000005 26.233999999999995
31.705900000000003 26.315800000000007
29.675800000000002 26.23330000000001
31.430300000000006 26.250399999999992
31.3981 26.320999999999994
31.283400000000018 26.312299999999993
28.984700000000007 26.290000000000003
29.0259 26.316899999999997
29.726100000000017 26.236200000000004
28.2387 26.152699999999996
28.6277 26.165399999999998
27.1711 26.11049999999999
27.468899999999998 26.1604
27.2094 26.1557
28.509399999999996 26.192999999999994
28.3599 26.272000000000002
30.35920000000001 26.3363
28.831300000000006 26.317300000000003
28.59519999999999 26.2872
27.945999999999998 26.2973
29.206800000000005 26.33479999999999
28.597000000000005 26.403399999999994
28.150299999999994 26.292699999999996
23.672500000000003 25.9837
26.29079999999999 26.142199999999992
28.154 26.2729
21.663 25.8274
20.465600000000002 25.845499999999998
17.9926 25.655100000000004
21.443199999999994 25.8185
23.641500000000004 26.001899999999996
23.335800000000006 25.842399999999998
26.2145 26.1593
26.632699999999993 26.207399999999996
27.52490000000001 26.357400000000013
28.243600000000015 26.3722
28.563700000000004 26.400000000000002
26.9386 26.299800000000005
26.887700000000002 26.34989999999999
26.370299999999997 26.257599999999993
27.611600000000013 26.386000000000003
27.322299999999995 26.357999999999993
26.567200000000003 26.2786
26.8464 26.289299999999987
27.985699999999998 26.378999999999998
26.317800000000002 26.367399999999996
23.92770000000001 26.1378
23.4123 26.097199999999997
24.6869 26.185100000000006
25.147000000000002 26.20289999999999
27.664699999999996 26.431499999999996
27.605699999999995 26.439200000000007
28.107599999999994 26.454300000000003
25.569399999999998 26.365600000000004
26.81559999999999 26.4736
27.910899999999994 26.5121
27.58440000000001 26.3886
27.145300000000006 26.448599999999995
26.7652 26.491700000000012
26.656099999999995 26.4044
26.5178 26.3602
27.640499999999996 26.394399999999997
25.710999999999995 26.36149999999999
21.1484 26.079199999999997
19.129100000000008 25.9222
16.943 25.7353
20.2938 25.892799999999994
27.955199999999998 26.474999999999994
22.846099999999993 26.223900000000004
25.738500000000002 26.3032
28.1325 26.48589999999999
27.627999999999997 26.468899999999994
26.539 26.345800000000004
27.5092 26.42159999999999
26.604700000000005 26.454299999999993
27.003400000000006 26.478399999999997
25.773300000000006 26.4175
26.245299999999993 26.358199999999997
27.230799999999995 27.055932
24.28320000000001 25.876550000000005
24.37262 25.814899999999994
24.862129999999993 25.909110000000002
25.473920000000007 25.956210000000006
26.081789999999994 25.908880000000007
24.261911 25.87579
24.573100000000004 25.918100000000006
24.279000000000007 25.965300000000003
24.375599999999988 26.024199999999986
24.611000000000004 26.079
24.4852 26.00369999999999
23.862699999999997 26.035199999999996
25.158 26.114399999999993
24.334600000000005 26.069300000000002
23.5503 26.038300000000003
25.529699999999995 26.174000000000003
26.779299999999996 26.2704
25.697500000000005 26.2798
23.8136 26.113000000000003
26.810900000000004 26.251
25.943599999999993 26.2764
23.41 26.169900000000002
21.451999999999998 26.018900000000002
17.4035 25.727800000000002
21.165000000000006 25.94789999999999
21.17560000000001 26.004099999999998
26.066500000000005 26.294100000000007
21.910100000000003 26.119200000000003
24.854200000000002 26.183600000000002
25.993000000000006 26.335399999999996
28.51200000000001 26.519499999999987
26.631299999999992 26.433499999999988
24.934599999999993 26.396399999999996
25.717000000000013 26.413700000000006
26.830199999999994 26.4324
26.5315 26.549700000000005
26.512399999999996 26.503700000000002
27.4507 26.514400000000006
24.6322 26.452300000000008
27.4583 26.592599999999994
25.787100000000006 26.505699999999997
26.44209999999999 26.529700000000005
24.068900000000003 26.385900000000007
26.737 26.6322
26.94419999999999 26.711299999999998
26.2419 26.641400000000008
26.111000000000008 26.573299999999993
26.825100000000006 26.616500000000006
24.616599999999995 26.53240000000001
28.455099999999995 26.740599999999997
25.423299999999998 26.519899999999996
25.655100000000008 26.552200000000003
25.74600000000001 26.5359
25.093899999999998 26.533999999999992
26.562599999999993 26.651899999999994
26.653299999999998 26.6019
26.046999999999993 26.615899999999996
28.22729999999999 26.786299999999997
27.5916 26.793100000000003
22.776299999999996 26.397199999999994
20.041099999999997 26.285900000000005
18.6435 26.141599999999993
23.639299999999995 26.50100000000001
28.090499999999995 26.784600000000005
25.4853 26.640400000000007
23.713299999999997 26.537900000000004
30.271700000000003 26.925099999999997
26.677699999999994 26.77789999999999
28.3076 26.7957
27.107999999999997 26.775399999999994
27.663799999999995 26.793899999999997
27.493239999999997 26.891599999999993
26.267899999999994 26.331480000000003
25.150700000000004 26.346899999999994
27.02920000000001 26.4371
27.823900000000005 26.528900000000004
27.657700000000002 26.5785
28.928699999999992 26.659300000000012
29.220699999999994 26.716099999999997
27.96550000000001 26.64879999999999
26.620199999999993 26.621900000000004
27.122400000000003 26.681500000000007
26.9986 26.681699999999992
26.244999999999997 26.6024
27.545099999999994 26.725000000000005
26.4963 26.604999999999997
27.369899999999998 26.7868
28.8991 26.856100000000005
27.88600000000001 26.743899999999996
28.253079999999997 26.820039999999995
27.284929999999992 26.279540000000008
27.24026 26.301789999999997
28.385160000000003 26.389550000000007
25.82281 26.240539999999996
28.71927000000001 26.39586
28.592026999999998 26.40522
26.9371 26.34108
24.01759999999999 26.264300000000002
22.2296 26.049
21.430700000000005 26.054200000000005
19.709600000000005 25.909999999999982
24.3741 26.177400000000002
26.521799999999995 26.386600000000005
21.836 26.0992
27.085099999999997 26.457699999999996
27.57809000000001 26.619680000000002
27.919270000000008 26.148180000000004
26.769900000000003 26.16480000000001
26.489100000000004 26.146499999999996
26.8255 26.219600000000003
25.688900000000004 26.129500000000007
26.1034 26.161399999999997
24.9789 26.157999999999998
23.723100000000006 26.071900000000003
27.296300000000002 26.326
27.7491 26.342900000000007
25.974000000000004 26.207399999999993
26.654 26.389100000000003
27.284599999999998 26.408000000000005
25.4243 26.3812
26.97319999999999 26.42749999999999
