25.2878 26.011900000000004
22.126300000000004 25.76400000000001
23.947400000000002 25.8564
25.414200000000005 26.076500000000006
26.034200000000002 26.1343
23.85870000000001 26.0467
22.666999999999994 25.980700000000002
24.857179999999993 26.051260000000003
23.970309999999998 25.530170000000002
23.55852 25.467819999999993
23.937190000000008 25.526549999999997
24.868890000000007 25.649789999999996
23.177400000000002 25.574300000000004
23.282511 25.633199999999995
22.236027 25.59497999999999
23.638331000000008 25.665589999999998
23.996726999999993 25.845199999999995
24.401335999999997 25.775399999999994
23.745322 25.811920000000004
24.137 25.918099999999995
25.503999999999998 26.043200000000006
25.7875 26.148100000000003
26.64740000000001 26.1789
23.353800000000003 25.9861
20.6235 25.581199999999992
19.984900000000003 25.605999999999995
18.4149 25.503000000000004
15.564800000000004 25.228200000000005
17.593199999999996 25.329399999999996
20.4228 25.574
20.804499999999994 25.579300000000003
22.304299999999998 25.798700000000004
20.247 25.519500000000008
24.0575 25.9181
22.9947 25.912499999999998
23.2029 25.9116
23.31059999999999 25.994899999999998
22.087599999999995 25.822000000000006
25.438119999999998 26.639629999999997
23.95107 25.585509999999996
23.848980000000005 25.61847
20.903699999999994 25.421060000000008
20.0089 24.97319
20.3268 24.99499
20.66100000000001 25.471000000000004
18.737900000000003 25.328900000000004
19.3204 25.339
20.557399999999994 25.5266
21.558199999999996 25.554500000000008
23.424700000000005 25.75289999999999
23.8816 25.896399999999993
21.927299999999995 25.727899999999998
25.175800000000002 26.023100000000003
23.235 25.949500000000004
23.8692 26.063
24.844499999999996 26.158099999999994
22.485500000000002 25.854400000000005
25.588499999999996 26.2637
27.36143 26.353450000000002
24.98081 25.747500000000002
25.06421 25.816759999999995
25.088332 25.856050000000003
24.277336999999992 25.78516
25.490918 25.948869999999996
24.917 25.971799999999988
24.084900000000005 25.972500000000004
24.892800000000005 26.11320000000001
25.4475 26.18230000000001
24.844699999999996 26.0378
24.190400000000007 26.0512
25.025400000000005 26.2234
23.8646 26.009000000000004
23.6175 25.987400000000004
23.089499999999997 26.0416
24.945200000000003 26.165300000000002
25.225999999999992 26.169200000000004
22.261400000000002 26.013600000000007
23.945999999999998 26.1994
24.0458 26.1554
24.002 26.134599999999995
23.5638 26.10549999999999
23.7188 26.155800000000003
24.743600000000004 26.155700000000003
24.559700000000003 26.376099999999997
23.6301 26.2374
24.088199999999997 26.249200000000013
24.048899999999996 26.199799999999996
22.7177 26.152000000000005
23.501499999999997 26.133099999999992
24.478099999999987 26.261400000000002
23.6293 26.1718
24.028600000000015 26.2239
25.0529 26.1652
24.532599999999995 26.319400000000005
21.084 26.04830000000001
20.3208 25.895599999999995
24.954609999999995 26.297182199999998
24.305199999999996 25.845300000000005
25.32870000000001 25.98020000000001
24.32830000000001 25.929699999999993
24.032199999999996 25.977500000000003
23.6804 25.9357
23.513799999999993 25.8861
24.665899999999997 26.0042
23.5664 25.954200000000004
24.178299999999997 26.019299999999994
24.0353 25.99470000000001
24.2058 26.0818
23.903999999999996 26.042599999999993
22.957200000000004 26.073300000000003
22.48289999999999 25.96609999999999
23.5381 26.005399999999995
23.034100000000006 26.018199999999997
22.203799999999994 25.9433
23.156800000000004 26.033400000000007
23.541000000000004 26.004800000000007
22.950599999999998 26.035099999999993
22.896400000000003 26.028799999999997
23.1032 26.066399999999994
22.831000000000003 26.0255
23.538800000000002 26.136100000000006
23.056099999999997 26.016899999999993
22.547100000000004 25.990099999999998
18.766299999999998 25.724600000000002
17.657099999999993 25.606
17.5361 25.545499999999997
20.107200000000006 25.782500000000002
21.951100000000004 25.896499999999996
17.9922 25.572499999999998
18.281000000000002 25.5492
23.239200000000004 25.9751
23.182999999999996 25.9884
23.528399999999998 26.0591
23.7593 26.100599999999996
23.140599999999996 26.144200000000005
23.8237 26.134399999999996
23.008899999999997 26.125500000000002
22.613500000000002 26.0467
23.0031 26.100799999999985
22.804799999999997 26.088299999999997
22.994999999999997 26.114000000000004
22.7609 26.079599999999996
23.248199999999997 26.13157
22.59399999999999 25.731899999999992
23.060000000000006 25.771499999999996
22.8691 25.7417
23.5346 25.845899999999993
22.567599999999995 25.7424
22.4985 25.75090000000001
22.911299999999997 25.834500000000006
23.384499999999996 25.86239999999999
23.076700000000006 25.801299999999994
23.062099999999997 25.7995
22.45350000000001 25.748500000000003
22.463699999999996 25.825200000000002
22.694100000000002 25.8112
22.35789999999999 25.7691
22.2436 25.7464
21.955400000000004 25.76349999999999
22.823800000000002 25.830400000000004
21.444299999999995 25.725099999999994
23.098200000000002 25.928200000000007
22.658600000000007 25.906199999999995
23.184700000000007 25.87420000000001
22.524400000000007 25.79489999999999
18.912200000000002 25.588100000000004
17.860100000000003 25.013799999999996
21.292999999999996 25.6597
22.775999999999996 25.7934
22.09170000000001 25.765099999999997
22.229599999999998 25.807799999999997
21.93319999999999 25.693200000000004
20.494199999999996 24.86780000000001
20.8478 24.888599999999993
20.214770000000005 24.975740000000002
18.913289999999996 24.895159999999997
18.42574 24.769859999999994
19.55289 24.848609999999997
20.926289999999995 25.995230000000003
20.003489999999996 24.69666
19.368850000000002 24.648379999999996
18.145579999999995 24.563049999999997
19.119220000000002 24.645329999999994
19.56246 24.70357999999999
20.710370000000005 24.873630000000006
19.79393 24.7701
20.6227 24.895319999999995
21.054879999999997 24.9297
20.877207999999996 24.964790000000004
20.801979999999993 24.973640000000007
22.507700000000007 25.2171
20.547200000000007 25.1477
21.540699999999998 25.169000000000004
21.6717 25.1384
21.874500000000005 25.282
20.547500000000003 25.1816
21.588399999999996 25.275399999999998
21.187099999999997 25.304
20.479799999999997 25.27810000000001
22.1771 25.45370000000001
22.3655 25.465199999999992
22.4816 25.46770000000001
19.8466 25.301299999999994
16.549400000000006 25.024099999999994
15.896199999999997 24.963300000000007
16.273 24.975
17.0664 25.004699999999993
20.3157 25.253899999999994
20.980100000000007 25.3596
20.6565 25.418499999999998
22.231499999999997 25.522599999999997
23.543199999999995 25.701099999999993
22.7682 25.652100000000004
22.5627 25.646400000000003
22.183600000000002 25.621100000000002
21.9884 25.6718
22.650100000000002 25.7104
24.343600000000006 25.8881
24.104900000000004 25.81560000000001
23.221799999999998 25.729100000000006
23.669800000000002 25.802500000000006
22.7319 25.746799999999993
22.027 25.716399999999993
23.3725 25.836300000000005
18.855499999999996 25.437600000000003
15.966499999999998 25.182399999999994
16.177399999999995 25.212699999999998
16.504300000000004 25.249200000000005
18.861900000000002 25.313399999999998
18.9236 25.38780000000001
18.641999999999996 25.3089
22.2705 25.663800000000002
21.130299999999995 25.604900000000004
20.071100000000005 25.551999999999992
20.727300000000003 25.6374
24.218900000000005 25.884900000000005
23.9197 25.935599999999997
24.074120000000004 26.02031000000001
24.34517 25.566650000000003
23.447280000000003 25.504410000000004
21.41119000000001 25.359270000000002
22.97955 25.5072
23.37219 25.469020000000004
23.35896 25.565410000000004
23.317723 25.544100000000004
21.955306000000004 25.45988999999999
23.042935000000007 25.511400000000002
23.651951 25.5502
23.035769999999996 25.694600000000005
22.97888 25.7226
23.31105999999999 25.730299999999996
24.19683 25.83870000000001
22.937310000000004 25.730899999999995
24.716610000000003 25.88169999999999
22.524939999999997 25.748699999999996
24.060959999999998 25.876699999999996
23.095779999999998 25.890599999999996
20.96764 25.7666
16.112849999999998 25.299299999999995
15.551039999999993 25.249
19.01211 25.58139999999999
22.226559999999996 25.763400000000004
22.857570000000003 25.854900000000004
17.906719999999993 25.052390000000003
15.631930000000002 24.85930000000001
20.766849999999998 25.23264
23.127350000000003 25.445
24.112429999999996 25.270899999999997
20.148000000000003 25.01849000000001
22.332509999999996 25.26447000000001
22.958830000000003 25.365090000000002
23.17273000000001 25.43936
23.322699999999998 25.568660000000005
21.906400000000005 25.41518
24.250937000000008 25.588049999999996
24.943099999999994 25.736949999999997
24.942800000000002 25.8351
25.008100000000006 25.4124
25.367600000000003 25.864900000000006
24.4849 25.923099999999994
25.3562 25.949099999999998
26.140299999999993 26.099400000000006
24.296500000000005 25.971300000000006
25.056700000000003 26.092700000000008
25.564800000000005 26.103200000000005
22.441000000000003 25.8913
25.8192 26.083200000000005
23.9035 25.9772
