13.5411 9.1224
14.375900000000003 8.9185
18.255999999999997 8.8848
13.671199999999997 9.1518
12.3694 8.654499999999999
15.414499999999997 8.766499999999999
13.928099999999999 8.846500000000002
14.524400000000002 8.7513
14.865099999999998 9.244200000000001
14.080300000000001 9.146799999999999
15.326 9.522499999999999
20.032 9.249400000000001
16.778000000000002 9.4932
12.731799999999998 9.2409
14.848 9.1965
13.825099999999999 8.7523
13.629600000000003 8.7081
13.3469 9.001999999999999
16.6319 9.1532
15.437700000000001 9.470400000000001
16.0841 9.313400000000001
16.402299999999997 9.525500000000001
13.607 8.9696
14.909999999999998 8.9856
15.332400000000002 9.2581
13.958900000000002 8.934000000000001
13.492600000000001 9.3508
15.514500000000004 9.048499999999999
15.7463 9.5412
17.388299999999997 9.603
16.4796 9.2807
14.722 9.6806
14.0626 9.6599
14.313899999999997 9.5919
14.927000000000001 9.4181
15.734799999999998 9.803999999999998
17.279600000000002 10.0388
18.788999999999998 9.9941
20.384 10.3662
15.229000000000001 9.6047
14.4128 9.5046
17.772899999999996 9.692500000000003
14.545000000000002 9.5921
13.785000000000004 9.5736
16.889699999999998 9.5918
16.073999999999998 9.4744
16.057100000000002 9.666200000000002
13.819400000000002 9.1412
13.170100000000001 9.0448
12.6902 8.9551
14.145 8.9224
13.6181 8.7513
12.0459 8.942400000000001
11.271099999999999 8.8947
13.471599999999997 8.68
15.1869 9.5113
12.607 8.8147
13.958800000000002 9.202200000000001
11.8807 8.854500000000002
12.403399999999998 8.6662
12.986799999999999 9.117199999999999
11.6258 9.0143
11.5608 8.672
15.468100000000002 8.9225
13.612400000000003 9.4725
12.2015 9.6637
10.3829 8.872100000000001
11.7874 9.1892
12.1832 8.6281
10.4609 8.5178
12.923599999999999 8.5134
12.132899999999998 8.6797
13.992200000000002 8.8802
13.758000000000001 9.1326
13.250600000000002 9.003699999999998
12.8157 8.9324
13.053600000000001 9.0479
12.3289 8.8667
14.354700000000001 8.837100000000001
12.161200000000001 8.9553
13.8185 9.0035
14.2259 8.8254
13.8488 9.3919
13.211 8.9951
15.497900000000001 9.1344
13.3377 8.564200000000001
11.498999999999999 8.3323
13.016199999999998 8.5669
12.511999999999999 8.6966
13.8579 9.081999999999999
16.4514 9.298699999999998
16.326 9.32
14.7006 9.541799999999999
16.1264 9.3918
13.1565 9.646100000000002
14.1457 9.1918
13.065999999999999 9.529999999999998
14.441799999999999 9.688099999999999
15.756199999999998 9.549900000000001
16.7041 9.5024
17.194 9.509300000000003
13.525700000000002 9.0555
19.811999999999998 9.523499999999999
15.174500000000002 9.199399999999999
13.728000000000002 8.9954
14.488999999999999 8.959600000000002
16.181999999999995 8.981
16.4685 9.314400000000001
17.861 9.6926
17.998 9.7381
16.173299999999998 9.463500000000003
20.269000000000002 9.7029
15.4869 9.617400000000002
12.7295 9.111699999999999
14.296999999999999 9.0327
17.180999999999997 9.5608
15.802 9.742500000000001
18.117 9.876700000000001
20.5534 10.1451
16.078 9.8204
18.703 9.6202
17.759 9.768199999999998
17.027 9.613999999999997
15.7232 9.3799
17.511000000000003 9.6154
15.6608 9.3415
16.195999999999998 9.3599
20.3259 9.411999999999999
17.294 9.638700000000002
17.470000000000002 9.750300000000001
16.706000000000003 9.366
14.725500000000002 8.8435
15.766 8.9632
17.454 9.4575
15.251600000000002 9.427600000000002
17.007 9.103499999999999
18.4455 9.6344
17.2595 9.995700000000001
37.385220000000004 19.400000000000002
17.131 9.108999999999998
17.209000000000003 8.8947
14.181999999999997 8.934299999999999
16.835 8.853900000000001
19.435999999999996 9.0694
16.997 9.2658
16.607 9.0414
16.299 8.985
15.534999999999998 8.726099999999999
17.740000000000002 8.867700000000001
20.505000000000003 9.564799999999998
16.825000000000003 9.1965
20.481999999999996 9.2205
18.732999999999997 9.1981
21.014 9.4678
20.998 9.7213
19.478 9.649100000000002
18.759999999999998 9.404899999999998
19.279 9.2137
17.493000000000002 9.2296
15.895000000000001 8.9506
24.524 9.450700000000001
20.902 9.702599999999999
25.277 9.777099999999999
24.295 9.8494
24.08 9.7914
20.344 9.7101
21.041999999999998 9.6301
22.106 9.8828
22.066999999999997 10.2212
20.214000000000006 9.6605
21.931 9.865400000000001
20.144 9.6222
25.17 10.439400000000001
24.401999999999997 10.6933
23.016000000000002 10.3355
24.987 10.199300000000001
24.452 9.697299999999998
24.797000000000004 9.888099999999996
22.972000000000005 9.8516
23.714 10.0463
23.776999999999997 9.996
23.999 10.019499999999999
25.078 9.8126
24.876 9.8589
24.896 10.0354
22.351000000000003 9.6789
23.051 9.626999999999999
23.262 9.687499999999998
22.881 9.4571
25.778000000000002 9.7218
27.48 10.3977
27.679 10.5403
27.215999999999994 10.3666
25.638000000000005 10.4518
24.852 9.998000000000001
22.910999999999998 9.780700000000001
21.776 10.0878
22.677999999999997 10.0315
22.875000000000004 9.825500000000002
25.473000000000003 9.8712
24.442 10.189099999999998
22.546999999999997 9.967299999999998
23.987 9.6406
25.004999999999995 9.982599999999998
23.581000000000003 10.047899999999998
20.874 9.606700000000002
19.958 9.5042
21.048000000000002 9.607499999999998
23.438 9.902300000000002
23.872999999999998 10.0083
46.708 20.1205
23.986 10.0873
22.621999999999996 10.0965
25.244 10.249200000000002
22.250999999999998 10.414499999999999
22.906 10.5153
20.546 10.405000000000003
21.477999999999998 10.2391
23.193 10.1301
22.841 10.215399999999999
20.419999999999998 9.6362
22.193 9.651800000000001
22.403 10.2021
22.077 9.905299999999999
21.114 10.078599999999998
19.946 10.016500000000002
21.403 9.8499
23.432 10.404399999999999
21.371000000000002 9.9863
21.797 9.973799999999999
19.805999999999997 9.9331
22.487000000000002 9.9297
21.038000000000004 10.0765
20.301 9.8809
23.957 10.0899
24.73 10.121400000000001
23.934 10.3797
24.216999999999995 10.795
21.987000000000002 10.475000000000003
20.729000000000003 10.377299999999998
22.773999999999997 10.4448
22.778 10.4312
20.138 9.858099999999999
20.590000000000003 9.825000000000001
22.531 10.030100000000001
22.488000000000003 9.890099999999999
22.698999999999998 10.059099999999999
20.812 10.067700000000002
21.483999999999998 10.209200000000001
22.704 10.3598
20.887 10.4018
19.591 9.864599999999998
20.311 9.6798
24.608 10.5964
21.267000000000003 10.494399999999999
20.451999999999998 10.2312
21.191000000000003 10.316799999999999
22.069 10.1529
21.298000000000002 10.294400000000001
21.918000000000003 10.080400000000001
19.119 9.761500000000002
18.4 9.8552
20.752000000000002 9.9481
19.770000000000003 9.9088
21.811999999999998 10.1582
22.137999999999998 10.147300000000001
20.035 9.975
18.487000000000002 9.969399999999998
19.400000000000002 10.1265
16.999 9.5587
17.3656 9.4554
18.769 9.754299999999999
17.517900000000004 9.550099999999999
19.741 9.8182
18.831999999999997 9.8044
18.548 9.516399999999999
20.26014 9.921159999999999
20.198 9.3817
16.997999999999998 9.5215
16.168999999999997 9.125600000000002
13.960699999999997 8.5441
13.7851 8.289699999999998
16.790999999999997 8.7411
19.152 9.111799999999999
22.154 9.3494
19.004 9.2438
16.642 9.0508
17.607 9.001000000000001
