17.142 9.979
17.554 9.668000000000001
13.47 9.855
13.723999999999997 9.478
23.779 10.071
12.467 9.638
18.438 9.64
25.122 9.823
24.474999999999998 10.113
18.694 9.828999999999999
18.676 9.656
18.128 9.753
24.03 9.878
23.609 10.023000000000001
24.322 9.952
17.075000000000003 9.885
16.897000000000002 9.53
15.917 9.653
22.345000000000002 9.82
18.226 9.768
17.488999999999997 9.661999999999999
11.463000000000001 9.714
22.546999999999997 9.994
18.285 10.049
23.768 10.221
16.718000000000004 9.680000000000001
18.218999999999998 9.927999999999997
15.003 9.388
14.008000000000001 9.283
12.842 9.377999999999998
16.702 9.783999999999999
13.897 9.475
13.613 9.552
9.531 9.277
14.108 9.42
9.927 9.308
12.444999999999999 9.291000000000002
11.866999999999999 9.228
10.974 9.209
9.641 9.116
11.254999999999999 9.189
8.730000000000002 9.051
11.408 9.161
13.229000000000003 9.207
12.253 9.305
13.165000000000001 9.186
14.154 9.306000000000001
12.818 9.120999999999999
16.494999999999997 9.674000000000001
12.24 9.354999999999999
13.028 9.406
11.884 9.326
13.821 9.299
12.6 9.164000000000001
13.032 9.391
12.519 9.39
11.503 9.209999999999999
10.764000000000001 9.284
11.447 9.3
11.627 9.119
10.672 9.081
10.589 9.201
10.016 9.493000000000002
12.317 9.21
11.746 9.219
11.149000000000001 9.158999999999997
13.751 9.333
11.758000000000001 9.257000000000001
15.581999999999999 9.53
12.280999999999999 9.17
14.862 9.802
10.07 9.507
17.016 9.665000000000001
11.664000000000001 9.502999999999998
10.474000000000002 9.241000000000001
10.676 9.198
10.730999999999998 9.149000000000001
11.694 9.216
10.449 9.231
9.969999999999999 9.125
11.341999999999999 9.097999999999999
10.894 9.023
11.567 9.039
11.27 9.128
10.233 9.314
11.296999999999999 9.097
11.386000000000001 9.290000000000001
12.104000000000001 9.116
12.38 9.192
12.93 9.184000000000001
16.275 9.482000000000001
14.313 9.149
16.87 9.487000000000002
14.325 9.208
19.549 9.713
14.356 9.341999999999999
14.109000000000002 9.347
11.579 9.055
19.189 9.518
17.707 9.450999999999999
31.111 9.946
18.121 9.482
20.246 9.767999999999999
16.979999999999997 9.656999999999998
22.094 9.966
14.989999999999998 9.521
18.988 9.808
13.599 9.329
13.543 9.462
14.028000000000002 9.414
13.215 9.65
14.315999999999999 9.316
13.677999999999999 9.3
13.844999999999999 9.176
18.183 9.54
13.425 9.549
17.112 9.594
14.215 9.342
20.348000000000003 9.817
18.474 9.922
17.797 9.717
13.077 9.505999999999998
14.149000000000001 9.341999999999999
13.377 9.321000000000002
14.235999999999999 9.357
12.797999999999998 9.241
12.918 9.287
13.716999999999999 9.232999999999999
15.248999999999999 9.35
14.573 9.259
19.026 9.546
14.209 9.51
13.956000000000001 9.497000000000002
12.956999999999999 9.277999999999999
13.158999999999999 9.258
14.899 9.305
11.265 9.226
12.225000000000001 9.195
14.344000000000001 9.453
15.118 9.315
17.593 9.502999999999998
15.055 9.271
22.113 9.805000000000001
18.481 9.536999999999999
25.727 10.088999999999999
15.225 9.533
17.658 9.781
14.777000000000001 9.381
14.37 9.206
15.631 9.307
20.538999999999998 9.551
15.418999999999999 9.33
18.377 9.58
14.709 9.386999999999999
15.927999999999997 9.328
13.819 9.259
14.71 9.382000000000001
14.636000000000001 9.326
15.289 9.458000000000002
16.565 9.520000000000001
15.938999999999998 9.424000000000001
16.323999999999998 9.239999999999998
17.358999999999998 9.219000000000001
15.576 9.1
19.269 9.434
17.236 9.412
20.971999999999998 9.746999999999998
20.996000000000002 9.703999999999999
19.544 10.076
14.965 9.397
16.221 9.386999999999999
16.470999999999997 9.358
14.898 9.171
16.105 9.238
18.311 9.436
16.645 9.303
18.897 9.555
17.907 9.317999999999998
16.163000000000004 9.334000000000001
15.118 9.366000000000001
15.982 9.541
15.504000000000001 9.362
15.639999999999999 9.342
16.083 9.452
16.296 9.620999999999999
16.233 9.373
17.444 9.491
16.872999999999998 9.475
18.072 9.674
20.942 9.8
22.761 10.105
19.323999999999998 9.674000000000001
22.68 9.916
20.105999999999998 9.497
17.880999999999997 9.64
18.860000000000003 9.535999999999998
18.395 9.51
17.631999999999998 9.531
19.398 9.722999999999999
18.365000000000002 9.713999999999997
19.256999999999998 9.698
17.273 9.708000000000002
18.730999999999998 9.562
17.286 9.46
17.251 9.463
16.926 9.421
17.135 9.491
18.157999999999998 9.475999999999999
16.540000000000003 9.625
18.651999999999997 9.502999999999998
25.147 10.13
18.506 9.818
23.430999999999997 10.028
22.224 9.864
20.415999999999997 10.062999999999999
17.719 9.628
15.835000000000003 9.718
16.326 9.521
17.44 9.418
18.218999999999998 9.678
17.164 9.625
17.613999999999997 9.594
20.427999999999997 9.887
17.95 9.594999999999999
20.759 9.894
17.724999999999998 9.54
16.961 9.504000000000001
16.474 9.489
15.203 9.585
14.035 9.344
12.860000000000001 9.383999999999999
13.023000000000001 9.354999999999999
17.341 9.55
21.607 9.748000000000001
21.410999999999998 9.835
21.912000000000003 9.722999999999999
21.381 9.683
22.913 9.802
20.020000000000003 9.936000000000002
17.642 9.594999999999999
16.500999999999998 9.628
16.205 9.508999999999999
15.366 9.489
10.416 9.308
14.940999999999999 9.434
16.238000000000003 9.266
16.681 9.573
18.792 9.524000000000001
23.742 9.799
18.633 9.473
21.667 9.751
15.491 9.293
19.281 9.705
15.333 9.332
21.198 9.667
15.229000000000001 9.433
17.657 9.4
19.677 9.472999999999999
21.722 9.806
17.349 9.472999999999999
21.227999999999998 9.631
17.889 9.674
25.513 9.998999999999999
19.311 9.687000000000001
22.625999999999998 10.061
15.755999999999998 9.469000000000001
16.785 9.375
16.546 9.314
17.166 9.341
16.175 9.179
13.474 9.329
14.901 9.112
16.512999999999998 9.253
14.62 9.112
15.126999999999999 9.326
13.852 9.082
13.104000000000001 9.018
13.953 8.872
16.433999999999997 9.094000000000001
17.617 9.120000000000001
15.912 9.151
16.560999999999996 9.139999999999999
19.69 9.485
13.544 9.338999999999999
14.219999999999999 9.323
13.126000000000001 9.067
19.233 9.467
15.750000000000004 9.358
