14.67 12.94
13.11 12.959999999999999
16.6 12.959999999999999
13.600000000000001 12.94
13.43 12.94
16.669999999999998 12.989999999999998
13.700000000000001 12.94
13.309999999999999 12.94
17.24 12.989999999999998
13.089999999999998 12.920000000000002
13.700000000000001 12.94
16.919999999999998 12.989999999999998
14.01 12.94
13.669999999999998 12.94
16.650000000000002 12.959999999999999
12.870000000000001 12.94
13.819999999999999 12.94
16.06 12.959999999999999
13.01 12.920000000000002
14.360000000000001 12.959999999999999
16.16 12.959999999999999
13.33 12.94
14.04 12.959999999999999
15.67 12.959999999999999
12.889999999999999 12.920000000000002
14.77 12.94
15.67 13.01
13.13 12.94
14.99 12.94
15.5 12.989999999999998
12.740000000000002 12.920000000000002
15.409999999999998 12.959999999999999
15.53 13.04
12.94 12.94
14.11 12.959999999999999
13.38 12.989999999999998
13.04 12.94
15.5 12.959999999999999
16.11 13.01
14.82 12.959999999999999
13.77 12.959999999999999
15.379999999999999 12.989999999999998
14.649999999999999 12.959999999999999
13.77 12.959999999999999
15.65 12.989999999999998
14.14 12.94
13.65 12.959999999999999
16.28 12.989999999999998
13.99 12.959999999999999
13.79 12.959999999999999
16.259999999999998 13.01
13.79 13.01
13.669999999999998 13.01
13.919999999999998 13.01
16.82 12.989999999999998
13.94 12.989999999999998
16.16 12.989999999999998
13.99 12.959999999999999
13.5 12.920000000000002
16.33 12.870000000000001
13.5 12.889999999999999
13.600000000000001 12.870000000000001
16.06 12.870000000000001
13.669999999999998 12.920000000000002
13.700000000000001 12.989999999999998
15.65 12.94
13.819999999999999 12.959999999999999
13.350000000000001 12.959999999999999
15.8 12.94
13.569999999999999 12.920000000000002
13.5 12.959999999999999
15.7 12.94
13.87 12.94
13.79 12.989999999999998
15.010000000000002 12.94
14.430000000000001 12.94
13.87 12.989999999999998
14.45 12.959999999999999
15.329999999999998 12.94
13.700000000000001 12.959999999999999
13.77 12.959999999999999
16.09 12.959999999999999
13.65 12.959999999999999
13.450000000000001 12.94
15.770000000000001 12.94
14.04 12.989999999999998
14.01 12.959999999999999
15.06 12.94
15.010000000000002 12.989999999999998
13.919999999999998 12.989999999999998
14.360000000000001 12.94
15.6 12.989999999999998
14.21 12.959999999999999
13.84 12.959999999999999
15.67 12.989999999999998
14.06 12.959999999999999
13.79 12.989999999999998
15.8 13.01
14.67 12.989999999999998
13.26 12.94
15.160000000000002 12.989999999999998
15.75 13.01
13.13 12.94
13.99 12.959999999999999
15.82 12.989999999999998
14.84 12.959999999999999
13.350000000000001 12.959999999999999
15.939999999999998 12.989999999999998
14.99 12.959999999999999
12.959999999999999 12.94
13.569999999999999 12.959999999999999
15.09 12.989999999999998
14.84 12.959999999999999
13.87 12.94
17.09 13.01
13.350000000000001 12.94
13.209999999999999 12.959999999999999
15.920000000000002 12.959999999999999
14.549999999999999 12.959999999999999
13.13 12.959999999999999
14.11 12.94
14.719999999999999 12.989999999999998
16.14 12.989999999999998
13.62 12.959999999999999
16.85 12.989999999999998
14.180000000000001 13.01
13.26 12.959999999999999
15.7 12.959999999999999
15.329999999999998 12.959999999999999
13.23 12.959999999999999
13.87 12.94
16.77 13.01
13.350000000000001 12.989999999999998
13.309999999999999 12.989999999999998
16.09 13.01
14.77 12.989999999999998
13.089999999999998 12.94
15.43 12.989999999999998
15.939999999999998 12.989999999999998
13.309999999999999 12.94
14.16 12.989999999999998
17.07 13.01
13.38 12.94
13.530000000000001 12.959999999999999
16.46 12.989999999999998
14.77 12.959999999999999
13.4 12.959999999999999
15.67 12.989999999999998
14.16 12.959999999999999
14.549999999999999 12.959999999999999
14.790000000000001 12.989999999999998
16.97 13.18
13.48 13.059999999999999
13.5 12.989999999999998
17.36 13.01
14.09 12.959999999999999
13.209999999999999 12.989999999999998
16.16 13.01
15.43 12.989999999999998
13.38 12.959999999999999
15.09 12.989999999999998
15.939999999999998 12.989999999999998
13.450000000000001 12.959999999999999
14.87 12.989999999999998
17.549999999999997 13.01
13.889999999999999 13.04
13.48 12.989999999999998
17.53 13.04
14.23 13.04
13.79 13.01
16.72 13.11
15.329999999999998 13.089999999999998
13.5 13.01
15.870000000000001 13.01
16.43 13.33
13.889999999999999 13.38
14.99 13.23
16.82 13.089999999999998
13.530000000000001 12.989999999999998
14.45 12.989999999999998
16.939999999999998 13.01
14.580000000000002 13.04
14.04 12.989999999999998
16.8 13.04
14.280000000000001 12.959999999999999
13.4 12.959999999999999
16.8 13.04
15.36 12.989999999999998
13.48 12.959999999999999
16.24 13.01
15.55 12.989999999999998
13.350000000000001 12.959999999999999
15.97 12.989999999999998
15.939999999999998 13.04
13.450000000000001 12.989999999999998
15.110000000000001 12.989999999999998
16.8 13.4
13.55 13.5
14.6 13.350000000000001
17.04 13.26
13.55 13.11
13.79 12.989999999999998
17.09 13.01
13.99 12.959999999999999
13.62 12.989999999999998
17.19 13.04
13.99 12.959999999999999
13.669999999999998 12.989999999999998
16.7 13.450000000000001
15.010000000000002 13.569999999999999
13.43 13.450000000000001
17.04 13.33
14.75 13.23
13.569999999999999 13.089999999999998
16.16 13.01
15.329999999999998 13.28
13.530000000000001 13.350000000000001
16.31 13.28
15.160000000000002 13.16
13.750000000000002 13.04
16.06 13.01
15.89 13.01
13.669999999999998 12.959999999999999
15.8 13.01
16.41 13.089999999999998
13.669999999999998 12.959999999999999
15.110000000000001 12.959999999999999
16.41 12.989999999999998
13.62 12.989999999999998
15.09 12.989999999999998
16.48 13.23
13.84 13.530000000000001
14.87 13.43
15.010000000000002 13.28
15.09 13.11
14.530000000000001 13.01
16.5 13.01
13.919999999999998 12.959999999999999
14.360000000000001 12.989999999999998
16.77 13.04
13.87 12.989999999999998
14.280000000000001 12.959999999999999
17.53 13.04
13.5 12.989999999999998
13.94 12.959999999999999
16.7 12.989999999999998
14.01 12.989999999999998
13.819999999999999 12.989999999999998
16.72 13.01
13.819999999999999 12.989999999999998
14.04 12.989999999999998
16.77 13.04
14.719999999999999 12.989999999999998
13.96 12.989999999999998
17.29 13.059999999999999
13.700000000000001 12.989999999999998
13.919999999999998 12.959999999999999
15.55 13.01
15.989999999999998 13.01
14.14 12.959999999999999
16.72 13.01
14.38 12.989999999999998
13.77 12.94
16.48 13.01
13.84 12.989999999999998
13.79 12.959999999999999
16.75 13.01
14.06 12.989999999999998
13.79 12.989999999999998
16.89 13.01
14.14 12.989999999999998
13.65 12.989999999999998
16.89 13.04
13.62 12.959999999999999
13.669999999999998 12.959999999999999
16.53 13.01
13.87 12.959999999999999
13.84 12.94
16.580000000000002 12.920000000000002
13.600000000000001 12.870000000000001
13.700000000000001 12.889999999999999
16.77 13.01
13.5 12.959999999999999
13.94 12.920000000000002
16.85 12.920000000000002
13.28 12.870000000000001
14.04 12.889999999999999
16.85 13.01
