10.223500000000001 34.663000000000004
8.9772 34.648
9.085899999999997 34.650999999999996
8.825099999999999 34.642
9.315800000000001 34.651
10.399600000000001 34.67000000000001
9.5694 34.666
10.603899999999998 34.676
11.4264 34.70599999999999
12.1391 34.715999999999994
11.974400000000001 34.71200000000001
12.304599999999999 34.718999999999994
10.581999999999999 34.702999999999996
10.5189 34.690000000000005
9.4565 34.679
9.7459 34.669
9.1568 34.669
9.525299999999998 34.657000000000004
8.8479 34.657000000000004
8.6544 34.638999999999996
8.3807 34.65400000000001
8.788699999999999 35.095000000000006
8.643299999999998 34.638000000000005
9.200199999999999 34.654
8.5149 34.64999999999999
8.7302 34.644999999999996
8.4022 34.641
8.750399999999999 34.653999999999996
9.4964 34.65399999999999
9.060199999999998 34.657
8.722600000000002 34.647999999999996
9.1099 34.657
8.758000000000003 34.657
9.0759 34.719
8.577000000000002 34.65399999999999
8.791000000000002 34.65399999999999
8.7057 34.66
9.1149 34.660999999999994
9.085899999999999 34.660999999999994
9.965500000000004 34.687999999999995
9.108200000000002 34.67199999999999
8.6106 34.66
8.6975 34.65999999999999
8.571699999999998 34.654
9.612099999999998 34.678
9.420399999999999 35.039
8.6014 34.693
8.7976 34.669999999999995
8.7901 34.65999999999999
8.101700000000001 34.648999999999994
8.583900000000002 34.65599999999999
8.601199999999999 34.641999999999996
8.590200000000001 34.642999999999994
9.110399999999998 34.652
9.2159 34.64999999999999
8.707099999999999 34.632999999999996
9.595899999999999 34.656
9.3437 34.68299999999999
9.847999999999999 34.65399999999999
9.139 34.66
9.27 34.663999999999994
9.099300000000001 34.657
9.085699999999997 34.648999999999994
8.660300000000001 34.648999999999994
9.228800000000001 34.66199999999999
9.175299999999998 34.671
10.0025 34.69799999999999
10.3895 34.725
11.0428 34.725
12.1217 35.181
11.6845 34.752
10.9704 34.719
11.3305 34.746
9.792200000000001 34.69199999999999
8.9493 34.658
9.816600000000001 34.667
10.1399 34.683
9.2419 34.655
10.807000000000002 34.701
10.061 34.687
11.3144 34.711000000000006
10.1761 34.813
10.2879 34.698
9.3809 34.701
9.982 34.702000000000005
10.268099999999999 34.708
9.773500000000004 34.693000000000005
10.1076 34.701
9.840200000000001 34.695
9.267299999999999 34.65899999999999
9.520699999999998 34.656
9.2039 34.659
9.728100000000001 34.671
10.0293 35.16199999999999
10.651 34.713
10.793299999999999 34.72500000000001
10.9182 34.733999999999995
11.033900000000001 34.68900000000001
11.9301 34.713
10.5431 34.68600000000001
11.586500000000001 34.71
11.1213 34.693000000000005
11.540899999999999 34.717
10.9344 34.71399999999999
10.999100000000004 34.71
10.8754 34.718999999999994
11.114799999999999 34.732
11.525099999999998 34.738
11.735000000000001 34.748000000000005
11.6925 34.76599999999999
11.3128 34.75099999999999
10.938 34.736
12.3261 34.766000000000005
11.3439 34.754
12.0187 34.760000000000005
12.120800000000001 34.772
12.640400000000001 34.80799999999999
11.195000000000002 35.266
11.812600000000002 34.799
11.842100000000002 34.778
11.758299999999998 34.778
12.8092 34.805
12.1216 34.799
12.876199999999999 34.81099999999999
12.7852 34.811
12.529900000000001 34.824
12.126300000000002 34.815
11.9529 34.82399999999999
12.520699999999998 34.83599999999999
13.857800000000001 35.017
14.366100000000001 34.884
15.179900000000002 34.909
15.3218 34.921
14.285899999999998 34.878
13.690999999999997 34.848
13.3262 34.881
13.904599999999997 34.83599999999999
12.901399999999999 34.833
12.5826 34.83
13.314000000000004 34.844999999999985
12.865500000000003 34.842
12.191799999999999 35.09299999999999
12.564199999999998 35.282000000000004
12.3512 34.82699999999999
12.6944 34.836
12.6273 34.845
12.055100000000001 34.81799999999999
12.288 34.84199999999999
12.670900000000001 34.824
12.441099999999999 34.85099999999999
11.5998 34.827000000000005
13.555900000000001 34.86
13.666500000000001 34.879
13.8985 34.872
12.3695 34.83599999999999
13.226200000000002 34.85099999999999
12.472399999999997 34.851000000000006
12.5808 34.86300000000001
13.0657 34.875
13.733399999999998 34.88700000000001
13.148500000000002 34.884
13.1224 34.863
12.758799999999997 34.863
12.917300000000001 34.85399999999999
11.568499999999998 34.82699999999999
13.324200000000003 35.24
13.1453 35.055
13.3104 34.854
13.4964 34.86
12.9052 34.84499999999999
13.180399999999997 34.857000000000006
13.3468 34.863
12.1406 34.845
12.687399999999998 34.833
13.437500000000002 34.863
12.866900000000001 34.848
12.274 34.839
12.367799999999999 34.83599999999999
12.309299999999999 34.833
13.5932 34.86
13.975399999999999 34.857
13.770299999999999 34.848
15.224600000000002 34.907999999999994
13.397099999999998 34.86
13.880899999999999 34.854
14.7372 34.887
16.8706 34.955000000000005
16.9571 34.967
16.491500000000002 34.95799999999999
15.625599999999999 35.415
14.1784 35.052
14.4451 34.878
15.2757 34.89600000000001
13.389100000000001 34.857
13.165199999999999 34.854
15.019700000000002 34.89000000000001
13.0159 34.83299999999999
12.9837 34.83299999999999
13.2461 34.83
12.831700000000001 34.842
13.028699999999999 34.833
13.503400000000001 34.866
12.836400000000001 34.878
13.381400000000001 34.857
13.169799999999999 34.839000000000006
14.329399999999998 34.845
14.0697 34.85699999999999
14.0795 34.848
15.786600000000004 34.91199999999999
13.6101 34.851
15.537 34.884
15.059799999999997 34.891
13.638900000000001 34.863
13.790099999999997 35.175
15.365900000000005 35.19199999999999
12.5288 34.87
13.221700000000002 34.82399999999999
13.609499999999999 34.842
12.9608 34.842
12.811299999999997 34.848
12.430000000000003 34.82999999999999
11.8302 34.818
12.5276 34.833
14.263400000000004 34.872
13.522400000000001 34.88700000000001
12.9257 34.857000000000006
11.8729 34.854
11.940699999999998 34.82999999999999
11.8208 34.821
12.3375 34.821
11.5464 34.806
13.165199999999999 34.82999999999999
13.6283 34.875
12.885299999999997 34.86
12.400799999999998 34.821
11.649899999999999 34.791
11.6775 34.797000000000004
11.637900000000002 35.195
10.578700000000001 35.02499999999999
10.838299999999998 34.812000000000005
11.889500000000004 34.809
12.479199999999999 34.824000000000005
12.3953 34.84499999999999
11.0771 34.815000000000005
12.541200000000002 34.83599999999999
11.657699999999998 34.830000000000005
12.3124 34.836
12.294600000000003 34.821000000000005
12.391900000000001 34.842
12.716099999999999 34.98700000000001
13.4073 34.851
12.4918 34.842
12.632800000000003 34.845
11.7844 34.812000000000005
12.2651 34.82999999999999
11.527099999999999 34.791
12.399999999999997 34.815
12.287299999999997 34.82699999999999
12.237499999999999 34.824
11.532499999999999 34.809
12.225200000000001 34.82399999999999
11.740699999999999 35.24
11.3069 34.83899999999999
12.724999999999998 34.824
12.231499999999999 34.824
12.169599999999999 34.81199999999999
11.343199999999998 34.806
11.395999999999997 34.806
11.0933 34.8
11.824300000000001 34.833
10.935 34.806
11.357099999999999 34.812
11.9392 34.824000000000005
11.3601 34.815000000000005
12.285 34.8
12.509099999999998 34.857
11.8562 34.885
12.226900000000002 34.849000000000004
13.608399999999998 34.91799999999999
12.0392 34.851
12.3129 34.87899999999999
11.381700000000002 34.82999999999999
11.5251 34.854
11.881400000000003 34.851
11.7928 34.858
11.9309 35.01499999999999
11.513600000000002 34.827
11.570900000000002 34.83
