20.238200000000003 26.352899999999995
19.536399999999993 26.243599999999994
19.097500000000004 26.260499999999997
17.9943 26.146899999999995
22.200799999999994 26.503499999999995
26.556899999999995 26.850499999999993
27.879100000000008 27.0591
29.166199999999996 27.196799999999993
26.2392 26.952100000000005
27.7153 27.113800000000012
24.334 26.880499999999984
22.9823 26.752599999999997
19.787300000000005 26.545
19.240700000000004 26.35949999999999
22.137399999999992 26.652299999999997
26.442299999999992 26.541000000000004
26.664499999999997 26.627500000000005
26.39561 27.655067999999982
23.727610000000002 26.066689999999994
25.767680000000006 26.328189999999996
25.78337 25.92056000000001
25.99226 26.034260000000003
24.565279999999994 26.044027999999987
25.550253000000005 25.006850000000004
26.046549999999996 25.148849999999996
24.074194000000002 25.074530000000006
23.989926000000004 25.15924
21.889467999999997 25.024310000000007
20.652470999999995 25.05355
20.08553600000001 25.129749999999994
21.652124999999998 25.278299999999998
17.434200000000004 25.007800000000007
21.231700000000007 25.370600000000003
22.3357 25.541600000000003
21.90509999999999 25.6067
24.1573 25.829299999999993
22.529500000000002 25.737699999999997
24.8824 26.009
25.7019 26.053700000000006
24.507899999999996 26.081100000000003
25.813979999999997 26.2436
23.51979999999999 25.62682
26.921599999999994 26.0966
26.875300000000003 26.1612
26.601800000000008 26.153499999999998
25.2935 26.141499999999994
24.58149999999999 26.195899999999998
25.6011 26.236200000000004
24.88750000000001 26.233800000000002
24.222600000000003 26.206499999999995
25.36230000000001 26.2658
25.061600000000002 26.3002
26.811200000000003 26.486500000000003
26.671899999999997 26.5245
28.038500000000006 26.588700000000003
26.739399999999996 26.65489999999999
25.669600000000003 26.608299999999996
25.989700000000006 26.607299999999988
25.1451 26.483499999999992
25.8793 26.573
24.316399999999998 26.438200000000002
23.3192 26.41239999999999
23.257000000000005 26.370499999999996
23.2842 26.491700000000012
23.0198 26.532599999999995
22.593099999999993 26.39250000000001
23.7038 26.48690000000001
24.937 26.542500000000008
23.950700000000005 26.498699999999996
23.748200000000004 26.435100000000006
23.207400000000003 26.3565
22.851399999999998 26.27940000000001
22.5329 26.275499999999997
22.671900000000004 26.279899999999994
22.997599999999995 26.305899999999998
21.601599999999994 26.220900000000007
20.2247 26.04120000000001
22.310899999999997 26.261000000000003
22.161500000000004 26.220899999999997
25.256599999999995 26.5166
24.062100000000004 26.397499999999997
22.7662 26.2767
23.328600000000005 26.311699999999995
22.838579999999997 26.357899999999994
22.39295 25.785889999999995
23.204850000000004 25.786329999999996
22.86877 25.77613000000001
22.32487 25.68867
22.704129999999996 25.75465
21.976393999999992 25.727089999999997
22.684440999999996 25.788739999999997
22.764027000000002 25.7421
22.971799999999998 25.801799999999997
22.4598 25.8212
22.704 25.887999999999998
23.529799999999998 25.974899999999995
21.940400000000004 25.8062
22.8704 25.8929
22.211500000000015 25.8368
22.336000000000002 25.899100000000004
22.34580000000001 25.875100000000007
22.6112 25.873
22.295 25.778700000000004
22.944600000000012 25.859700000000004
22.161800000000003 25.8189
21.924000000000003 25.7171
22.448 25.780900000000003
21.375300000000003 25.709300000000002
21.669599999999996 25.7488
21.562599999999996 25.736700000000003
20.657499999999995 25.709499999999995
19.066800000000004 25.538999999999994
18.498500000000003 25.4415
16.39070000000001 25.326699999999995
21.16830000000001 25.72050000000001
22.275499999999997 25.8133
21.293499999999998 25.73040000000001
21.613900000000008 25.702
21.8527 25.820699999999995
23.042299999999997 25.8728
22.353900000000003 25.795499999999993
21.620399999999997 25.811099999999996
20.662800000000008 25.726099999999995
20.9051 25.66549999999999
21.017499999999995 25.703299999999995
20.7552 25.683500000000002
21.027799999999996 25.681899999999995
20.93489999999999 25.708600000000008
20.4556 25.67480000000001
20.541299999999996 25.737199999999994
20.435100000000006 25.681199999999997
20.8941 25.730600000000003
20.74770000000001 25.697
20.573800000000006 25.713599999999985
20.363199999999996 25.660600000000006
19.620099999999997 25.61360000000001
19.913400000000003 25.652800000000003
18.161600000000004 25.528300000000005
18.40309999999999 25.544800000000006
19.397 25.60620000000001
20.695899999999998 25.682199999999998
20.628400000000003 25.668100000000006
18.771 25.627599999999994
18.7713 25.549500000000002
21.462699999999998 25.724200000000003
20.798699999999997 25.656199999999995
18.07479999999999 25.5548
16.211600000000004 25.411900000000003
17.458500000000004 25.419600000000003
14.9187 25.2642
20.297700000000003 25.636600000000005
20.6004 25.6857
20.038500000000003 25.6168
20.757199999999994 25.6871
20.801999999999996 25.717399999999994
22.242899999999995 25.8372
21.205699999999997 25.759400000000017
20.525100000000005 25.788399999999996
21.325599999999998 25.78869999999999
21.0705 25.77830000000001
20.0069 25.685499999999994
19.3855 25.58000000000001
20.4038 25.65950000000001
20.093000000000007 25.717000000000002
20.012499999999996 25.663199999999996
19.808899999999998 25.677900000000005
20.27499999999999 25.70650000000001
19.496000000000006 25.6612
19.371699999999993 25.6181
14.473699999999997 25.31459999999999
13.3906 25.232
14.345799999999997 25.219499999999996
17.9455 25.484299999999994
18.639599999999994 25.567900000000005
13.958600000000002 25.172799999999988
17.861699999999995 25.471899999999998
19.953400000000006 25.623099999999997
19.3807 25.57549999999999
19.263199999999998 25.577700000000004
19.895099999999996 25.647400000000005
19.836300000000005 25.6598
19.913800000000002 25.688800000000008
19.428 25.6638
18.351200000000002 25.6179
19.07 25.611700000000003
19.561899999999994 25.664199999999997
19.192699999999995 25.5901
19.325000000000003 25.6833
19.093000000000004 25.623
19.933800000000005 25.7386
18.801500000000008 25.643299999999996
20.208699999999997 25.7554
18.8731 25.639800000000008
19.965000000000003 25.721599999999995
19.914800000000003 25.744700000000005
19.130699999999997 25.678799999999995
19.804600000000004 25.77519999999999
19.222599999999996 25.671299999999995
18.974300000000003 25.676399999999994
19.204600000000006 25.657400000000003
20.210600000000007 25.8069
20.481499999999993 25.830799999999996
21.437900000000003 25.891099999999994
20.4747 25.866899999999998
16.7876 25.53099999999999
14.491400000000004 25.40609999999999
18.30860000000001 25.732799999999994
19.820999999999998 25.815000000000005
20.080099999999998 25.799900000000008
18.237700000000004 25.7219
14.112599999999997 25.352400000000003
16.076300000000003 25.516
19.3259 25.724199999999996
20.562200000000008 25.837299999999995
21.7622 25.9328
21.130800000000004 25.987699999999997
21.764900000000008 26.009399999999992
20.853600000000007 25.997999999999994
21.241100000000003 25.97630000000001
20.0559 25.928799999999995
19.538399999999996 25.9046
21.241899999999998 26.004799999999996
21.580000000000002 26.059300000000007
22.605199999999996 26.111900000000006
22.1636 26.1231
22.647800000000004 26.115800000000007
21.830099999999998 26.139500000000005
23.4041 26.226799999999994
21.653699999999994 26.104099999999995
21.875999999999994 26.105099999999997
21.931200000000004 26.1598
22.189800000000005 26.144599999999997
21.544700000000006 26.136100000000003
22.0031 26.170300000000008
22.85440000000001 26.275699999999997
22.350299999999994 26.234
21.5842 26.11549999999999
21.948399999999996 26.19819999999999
22.078999999999997 26.266300000000005
22.0683 26.20249999999999
22.3467 26.225700000000003
21.762300000000003 26.190599999999996
21.4447 26.1742
22.428999999999995 26.251299999999993
21.17789999999999 26.217999999999993
16.6329 25.856499999999993
18.7849 26.0043
21.276999999999997 25.803000000000004
20.792529999999996 25.751109999999994
19.27843 25.686740000000004
18.478279999999998 25.61914999999999
18.44352 25.602510000000002
20.24664 25.75025
20.278849999999995 25.831649999999996
18.50036 26.048659999999995
20.136594000000002 25.75182
20.561716999999994 25.87066
21.615004000000003 25.857840000000003
20.88233599999999 25.87811000000001
21.339199999999998 26.019099999999995
21.572700000000005 26.18210000000001
22.86569999999999 26.14950000000001
22.903999999999993 26.23489999999999
22.028499999999994 26.246499999999994
22.819899999999997 26.260499999999997
23.104699999999994 26.378199999999996
24.234800000000003 26.4167
23.215700000000002 26.362199999999998
22.9162 26.3869
23.363100000000003 26.4232
25.18489999999999 26.61000000000001
23.723899999999993 26.501400000000004
23.8618 26.53910000000001
25.6052 26.712199999999992
23.3947 26.544800000000002
25.370260000000005 26.66983
24.468970000000002 26.179559999999995
23.670120000000004 26.125680000000006
24.210429999999995 26.190650000000005
23.845989999999997 26.19923999999999
21.30163 25.92913
18.599650000000004 25.67194000000001
15.028122 25.36193
15.215221999999997 25.417199999999994
19.427812999999997 25.71504999999999
21.793000000000003 25.96672
21.981600000000007 26.027999999999995
20.643499999999996 26.02070000000001
