17.739 8.126800000000001
15.101500000000001 7.928400000000001
14.1809 7.8818
14.0456 8.298399999999999
13.3873 8.0598
14.544599999999999 7.836799999999999
15.483000000000002 8.185599999999999
14.2783 7.869000000000001
15.213400000000002 7.884999999999999
15.5304 8.0093
16.439700000000002 8.2856
13.754 8.382799999999998
14.5953 8.1651
13.484399999999999 7.699599999999999
12.1997 7.645500000000001
13.1439 7.305199999999999
13.520500000000002 7.316700000000001
14.620300000000002 7.773199999999999
13.9556 7.694999999999999
14.499999999999998 7.785900000000002
13.428899999999999 8.072799999999999
13.715800000000003 8.063800000000002
14.143599999999998 7.872100000000001
13.0625 7.865900000000001
12.4702 7.4011
14.556999999999999 7.8744
14.9183 8.477
13.6954 8.321399999999999
13.223800000000002 8.0108
15.381800000000002 8.278
15.6577 8.736400000000001
14.6442 8.681700000000001
13.5242 8.0701
16.084 8.581999999999999
16.0982 9.2714
17.422 9.1722
14.141699999999998 8.7202
13.948900000000004 8.3781
16.1795 8.525400000000001
14.013799999999998 8.562799999999998
14.808600000000002 8.0715
12.9974 8.1593
12.155199999999999 7.830500000000002
14.474 7.752299999999999
17.5867 8.7435
14.219000000000001 8.458499999999999
15.846499999999999 8.755799999999999
14.183000000000002 8.5634
14.5739 8.672500000000001
13.730599999999999 8.2253
13.653699999999999 8.5897
13.2535 8.008600000000001
14.674900000000001 7.7886999999999995
16.337300000000003 8.1917
14.123 8.329600000000001
12.4056 7.6408000000000005
13.095600000000001 8.2462
11.7617 8.2159
11.288299999999998 8.137799999999999
11.318999999999999 7.5829
10.8257 7.9246
13.8425 8.1303
15.466099999999999 8.3724
12.829799999999999 8.534799999999997
12.7776 7.5927999999999995
13.2809 7.867300000000001
11.3083 7.577600000000001
14.302599999999998 7.746900000000001
13.7934 8.2226
11.6393 8.1193
14.327100000000002 8.242099999999999
14.214000000000002 8.0345
14.4035 8.135300000000003
13.5329 7.9536999999999995
12.7118 7.872699999999999
11.127900000000002 7.6889
13.277899999999999 7.7912
10.590000000000002 7.5682
11.428099999999999 7.4777
13.2211 7.7278
15.0916 8.0779
13.729999999999997 7.937899999999999
14.9752 7.8986
16.156000000000002 8.642900000000001
14.1999 8.598699999999997
13.9883 8.636000000000001
12.5331 8.1267
13.981299999999997 8.117600000000001
17.4736 8.6967
14.444799999999999 8.3189
14.701 8.1406
16.247 8.465400000000002
16.855999999999998 8.568299999999999
16.933999999999997 8.776399999999999
17.482000000000003 8.7731
14.357000000000001 8.309000000000001
15.086100000000002 7.8439
16.201999999999998 8.2368
15.259500000000001 8.438
14.930299999999999 7.858900000000002
13.427700000000002 7.901
12.2918 7.5416
22.518000000000004 8.2671
18.351 8.8766
15.352000000000002 8.6723
17.027 8.6348
15.5562 8.5217
15.827000000000002 8.2952
17.96 8.144
15.012999999999998 7.9910000000000005
12.3643 7.8591999999999995
19.719 8.129900000000001
19.028 8.876100000000001
17.579 8.7529
18.135 8.539000000000001
15.985 9.009300000000001
15.632000000000001 8.2894
19.03 8.709700000000002
15.546 8.5259
13.623 8.167300000000001
21.842000000000002 8.810200000000002
16.317 9.343300000000001
19.192999999999998 8.7871
17.317 8.6455
15.434999999999999 8.058399999999999
15.754999999999999 7.9804
19.605 8.3576
16.074 8.440900000000001
16.0036 8.561
19.737000000000002 8.5158
18.653000000000002 9.296700000000001
19.752 8.654
18.154999999999998 8.5649
18.012999999999998 8.4366
15.725999999999999 8.1429
17.36 8.0308
17.813 8.596
15.194000000000003 8.219899999999999
17.900000000000002 8.3625
20.685000000000002 8.5604
18.666 8.7643
20.743000000000002 8.6746
18.149 8.583999999999998
16.691 8.490599999999999
17.291099999999997 8.456000000000001
17.1996 8.360999999999999
20.489 8.8082
17.4943 8.9378
17.810000000000002 8.6738
22.637999999999998 9.259500000000001
19.273999999999997 9.165400000000002
16.910999999999998 8.4469
16.451999999999998 8.372499999999999
16.2263 8.194600000000001
16.913999999999998 8.322100000000002
17.238 8.3091
17.031000000000002 8.0604
20.511 8.574000000000002
23.897 9.4947
21.219 9.7029
18.214 8.7587
18.424 8.568900000000001
20.0 8.639899999999999
19.924 8.866399999999999
18.610000000000003 8.6699
18.687 8.6323
19.657 8.7657
26.712000000000003 9.584100000000001
24.458 9.5814
20.358999999999998 8.6864
18.476 8.197000000000001
21.555999999999997 8.509800000000002
20.676 8.8035
21.46 8.6791
24.873 9.0454
23.042999999999996 9.2504
26.392 8.8686
25.991000000000003 9.5133
20.921 8.5335
22.191999999999997 8.245099999999999
22.647000000000002 8.487300000000001
20.401 8.731800000000002
18.727 8.3476
21.129 8.2169
23.688 8.6242
26.244 9.168099999999999
30.556000000000004 10.6542
24.737000000000002 10.0207
21.131000000000004 9.391600000000002
22.116 8.9367
23.729999999999997 8.9988
20.480999999999998 8.915099999999999
21.278 8.7078
24.831999999999997 9.140300000000002
24.279 9.5731
35.838 10.5317
27.668 10.573800000000002
23.376 10.002899999999999
21.123 9.5779
21.559 8.958399999999997
20.14 8.7264
21.706999999999997 8.6532
19.331 8.6061
21.284000000000002 9.0864
24.913 10.139
23.885 10.073400000000001
23.491999999999997 9.7087
22.893 9.5223
20.621 9.323300000000001
20.651000000000003 8.835300000000002
20.297 8.7829
17.284 8.7015
23.846 9.0176
21.817 9.041999999999998
25.704999999999995 9.563600000000001
22.735 9.885
21.005000000000003 9.045399999999999
20.426000000000002 8.7508
20.427 8.624200000000002
20.282 8.911100000000003
18.854 8.663000000000002
23.187 9.117200000000002
22.139000000000003 9.0193
22.959 9.0174
25.802000000000003 9.5907
20.534 9.0024
18.869999999999997 8.7796
19.855 8.9923
22.729000000000003 8.9201
17.685000000000002 8.9339
20.309 9.0726
20.548999999999996 9.1954
22.434 9.0717
23.462 9.328199999999999
20.417 8.924100000000001
20.621000000000002 8.8994
19.921000000000003 8.8634
24.176000000000002 9.495800000000001
18.745 9.312899999999999
23.39 9.2352
22.579000000000004 9.709399999999999
23.008 9.538499999999999
21.913 9.681999999999999
23.164999999999996 9.653099999999998
20.038999999999998 9.6508
20.369 9.2177
19.922 9.575
18.312 8.900500000000001
18.111 8.641099999999998
24.180999999999997 9.182000000000002
23.812 9.2888
23.779000000000003 9.624099999999999
23.029 9.6156
19.392 8.673
20.903 9.1447
20.639 9.323300000000001
22.249 9.5184
21.014 9.2104
20.854999999999997 9.2993
20.755 9.413400000000001
23.564 10.1451
19.5188 10.3592
20.089000000000002 9.3737
19.293 8.677700000000002
20.612000000000002 9.0783
21.413 9.1741
20.576000000000004 9.094000000000001
20.774 9.3817
16.996 9.071700000000002
18.113 8.696000000000002
23.59 9.4768
18.667 9.460899999999999
15.676000000000002 9.192400000000003
15.9131 8.796700000000001
17.61 8.8857
17.468 9.1692
18.438 9.6982
17.571000000000005 9.0084
15.104800000000001 8.7513
20.618 9.1434
15.746200000000002 9.028100000000002
16.1713 8.0871
14.4678 7.974999999999999
14.694799999999999 8.2365
14.247400000000003 8.2034
17.1512 8.3078
17.073300000000003 8.6486
13.953399999999998 8.2521
