47.36426 8.12592
46.954449999999994 8.153419999999999
47.22426 8.276920000000002
46.97373 8.130519999999999
47.224160000000005 8.23141
46.523019999999995 8.41281
45.37483 8.42081
45.71764 8.173309999999999
45.296730000000004 8.1643
46.79021 8.137
45.90554 8.0791
45.67402 8.112700000000002
47.36444999999999 8.080400000000001
46.722829999999995 8.0469
47.15125999999999 8.12601
47.13073000000001 8.11251
46.975730000000006 8.074209999999999
48.054919999999996 8.11861
49.31154 8.14141
47.23816000000001 8.12001
46.797160000000005 8.055900000000001
46.70564 8.112410000000002
47.05345 8.13831
46.45335 8.094109999999999
46.71364 8.092600000000001
46.64435 8.0607
46.81416 8.2972
47.08826 8.114299999999998
47.31435 8.1827
46.668730000000004 8.1158
46.210449999999994 8.211799999999998
44.95207 8.1551
45.12916 8.0711
46.03316000000001 8.1736
46.58326 8.164399999999999
46.48435 8.201
45.68568 8.081
46.31996999999999 7.988200000000001
45.7094 8.0699
45.76497 8.069799999999999
45.605869999999996 8.094299999999999
45.11778 8.078999999999999
45.00068 8.0439
45.0333 8.127900000000002
44.63416 8.1124
44.84268 8.21
44.213919999999995 8.039200000000001
44.1644 8.10031
43.96949 8.132399999999999
45.006299999999996 8.430209999999999
45.04302 8.20871
44.329629999999995 8.185800000000002
43.524539999999995 8.104899999999999
43.334830000000004 8.044
42.627629999999996 8.08059
43.80511 7.998190000000001
43.73121 8.04329
44.396629999999995 8.03879
44.88592 8.11429
44.19511000000001 8.10668
44.64754 8.09309
44.37925 8.06719
43.81711 8.05339
44.09192000000001 8.025889999999999
43.61492 8.09009
42.816629999999996 8.12209
42.37025 8.143479999999998
41.71902 8.082579999999998
41.45344000000001 8.02749
41.59516 8.07779
41.75306 8.079389999999998
42.01106 8.13869
42.44354 8.11279
42.10883 8.02429
41.687439999999995 8.109989999999998
41.83992 8.073089999999999
41.88611 8.112790000000002
41.77225000000001 8.10069
42.07635 8.02139
41.589439999999996 8.12209
41.44734999999999 8.106890000000002
41.753350000000005 8.053289999999999
41.63078 8.04099
40.941970000000005 8.07919
41.12967999999999 8.05799
42.332969999999996 8.12649
41.972970000000004 8.097589999999999
42.02687 8.07159
42.582969999999996 8.12509
42.29083000000001 8.057789999999999
42.514970000000005 8.089789999999999
42.1784 8.146389999999998
42.63216 8.086789999999999
42.760540000000006 8.03949
41.36878000000001 8.10049
40.65416 8.03489
41.25925 8.083789999999999
41.60097 8.15539
42.18606000000001 8.09159
42.23002 8.13278
42.20525 8.070089999999999
41.98387 8.13588
42.0014 8.09468
42.70478000000001 8.077779999999999
42.803779999999996 8.123479999999999
42.29668 8.146579999999998
41.72797 8.02448
42.076679999999996 8.07038
41.95968 8.043079999999998
42.82040000000001 8.01548
41.793400000000005 7.973480000000001
40.99078 8.02298
40.72740000000001 8.08858
40.831869999999995 8.136080000000002
41.12359000000001 8.064370000000002
41.0744 8.08267
40.46368 8.15287
40.811870000000006 8.09337
40.78911 8.03847
40.8732 8.05087
41.08106 8.00497
40.09444 7.994169999999999
39.6883 8.08887
40.722539999999995 8.08277
40.618159999999996 8.090470000000002
40.11659 8.12857
40.63606 8.097969999999998
41.25297 8.08306
41.10068 7.98286
42.223870000000005 8.06466
42.167680000000004 8.04476
40.97835 8.12726
40.50963 8.12256
41.16235 8.078360000000002
40.23916 8.13767
38.817159999999994 8.08427
40.46483 8.01116
39.35435 8.102559999999999
39.83697000000001 7.988260000000001
40.227250000000005 8.04326
40.00754 8.14676
39.67292 8.01276
40.02583 8.052360000000002
39.36754 8.11796
38.98878 8.075059999999999
40.0274 8.06907
40.032830000000004 7.94927
39.781439999999996 8.02796
39.45163 8.07536
39.57954 8.01276
39.23854 8.038659999999998
39.17116000000001 8.04486
41.06916 7.95926
41.991060000000004 8.00346
41.931630000000006 8.024860000000002
42.803920000000005 8.024760000000002
41.858729999999994 8.023459999999998
41.74821 8.01576
42.42483 8.06005
40.75311000000001 8.16225
41.63868 8.08925
42.15654 8.05575
43.01106 8.100050000000001
42.547019999999996 8.125950000000001
41.71910999999999 8.127250000000002
42.01625 8.274049999999999
42.284440000000004 8.402250000000002
42.13654 8.19155
42.60235000000001 8.147350000000001
42.21154 8.086149999999998
42.339209999999994 8.15935
42.54711 8.10295
42.85773 8.05415
43.175019999999996 8.183850000000001
42.31492 8.21585
42.10802 8.15945
41.68082999999999 8.18395
42.132020000000004 8.13495
41.78344 8.18225
42.29563 8.13645
42.51044 8.186850000000002
42.8733 8.11835
43.303110000000004 8.15645
42.71359 8.07555
43.908489999999986 8.18994
43.92778 8.15044
43.31187 8.121539999999998
42.431400000000004 8.09244
42.5474 8.115430000000002
44.01277999999999 8.11713
44.07872999999999 8.083520000000002
44.37854000000001 8.131020000000001
43.865629999999996 8.013420000000002
43.61663000000001 7.95092
43.554539999999996 8.09282
44.40782999999999 8.120420000000001
44.977109999999996 8.15232
44.868399999999994 8.135720000000001
44.4834 8.02712
45.28949000000001 8.06542
45.136489999999995 8.03032
44.9334 8.09752
44.754920000000006 8.10512
44.659490000000005 8.094420000000001
44.64159 8.16762
44.79478 8.14942
45.300019999999996 8.137020000000001
46.381299999999996 8.134120000000001
46.06987 8.17372
46.00859 8.09732
46.02202 8.13552
45.899210000000004 8.13402
46.32168 8.265220000000001
46.08078 8.19052
45.3804 8.18272
44.46502 8.219420000000001
44.54378 8.12782
44.73277999999999 8.18282
45.227109999999996 8.10192
45.5694 8.02862
45.66711 8.312320000000001
45.60516 8.27482
43.761869999999995 8.234520000000002
43.59816 8.170520000000002
43.55539999999999 8.21182
44.67087 8.14372
44.866589999999995 8.103419999999998
44.94707 8.11722
45.26416 8.081119999999999
45.70986999999999 8.18082
44.913540000000005 8.16602
45.831109999999995 8.167919999999999
46.667489999999994 8.20112
47.11426 8.19042
47.32207 8.146419999999999
47.535160000000005 8.01962
47.41349 8.18292
46.04497 8.205720000000001
45.01330000000001 8.30952
45.557590000000005 8.123520000000001
45.57668 8.10052
46.24007 8.258910000000002
45.948640000000005 8.20741
45.11749 8.189110000000001
44.313300000000005 8.166120000000001
44.48239999999999 8.08691
44.572919999999996 8.134010000000002
44.56368 8.23351
44.16068 8.14631
44.50659 8.22431
44.8244 8.13721
46.12116 8.17701
46.138450000000006 8.166310000000001
45.33158999999999 8.16621
44.475210000000004 8.20751
44.98897 8.147710000000002
45.47168 8.14181
44.566680000000005 8.07171
44.110299999999995 8.178409999999998
44.051210000000005 8.18151
44.28002 8.15861
44.84316 8.164609999999998
44.873780000000004 8.169310000000001
44.612069999999996 8.18291
44.75278 8.22101
45.67229999999999 8.29581
46.53859 8.180010000000001
46.90097 8.172509999999999
46.582679999999996 8.17241
46.33149 8.18471
46.49220999999999 8.160309999999999
46.03977999999999 8.13731
45.99559000000001 8.199910000000001
45.28759 8.13121
45.34320999999999 8.218210000000001
45.61878 8.158809999999999
46.26659 8.12821
47.51078000000001 8.20141
46.24149 8.13871
46.405210000000004 8.16651
46.063489999999994 8.1237
45.66659 8.172600000000001
45.32487 8.137599999999999
45.47668 8.1223
45.84959 8.336
45.28768 8.2231
44.73277999999999 8.17551
45.40278 8.120609999999997
