6.262 41.55
6.262 41.55
6.262 41.55
6.262 41.55
6.262 41.55
6.262 41.55
6.262 41.6
6.2379999999999995 41.6
6.274 41.6
6.262 41.6
6.262 41.6
6.262 41.6
6.262 41.65
6.262 41.65
6.262 41.65
6.262 41.699999999999996
6.262 41.699999999999996
6.262 41.699999999999996
6.262 41.699999999999996
6.25 41.699999999999996
6.274 41.699999999999996
6.262 41.699999999999996
6.262 41.699999999999996
6.262 41.75
6.262 41.75
6.262 41.75
6.262 41.75
6.262 41.75
6.262 41.75
6.262 41.8
6.262 41.8
6.262 41.8
6.262 41.8
6.262 41.8
6.262 41.8
6.262 41.85
6.262 41.85
6.262 41.85
6.262 41.85
6.262 41.85
6.262 41.85
6.262 41.89
6.262 41.89
6.262 41.89
6.262 41.89
6.262 41.89
6.262 41.89
6.262 41.89
6.262 41.94
6.262 41.94
6.262 41.94
6.262 41.94
6.262 41.94
6.262 41.94
6.262 41.99
6.262 41.99
6.262 41.99
6.262 41.99
6.262 41.99
6.262 42.04
6.262 42.04
6.262 42.04
6.262 42.04
6.262 42.04
6.262 42.04
6.262 42.04
6.262 42.04
6.25 42.089999999999996
6.262 42.089999999999996
6.262 42.089999999999996
6.262 42.089999999999996
6.262 42.089999999999996
6.262 42.089999999999996
6.262 42.089999999999996
6.262 42.14
6.262 42.14
6.262 42.14
6.262 42.14
6.262 42.14
6.262 42.14
6.262 42.14
6.262 42.19
6.262 42.19
6.262 42.19
6.262 42.19
6.262 42.19
6.262 42.19
6.262 42.24
6.262 42.24
6.262 42.24
6.262 42.24
6.262 42.24
6.262 42.24
6.2379999999999995 42.24
6.274 42.29
6.262 42.29
6.262 42.29
6.262 42.29
6.262 42.29
6.262 42.29
6.262 42.33
6.262 42.33
6.262 42.33
6.262 42.33
6.262 42.33
6.262 42.33
6.262 42.33
6.262 42.38
6.262 42.38
6.262 42.38
6.262 42.38
6.262 42.38
6.262 42.38
6.262 42.38
6.25 42.43
6.262 42.43
6.262 42.43
6.262 42.43
6.262 42.43
6.262 42.43
6.262 42.43
6.262 42.43
6.262 42.480000000000004
6.262 42.480000000000004
6.262 42.480000000000004
6.262 42.480000000000004
6.262 42.480000000000004
6.262 42.480000000000004
6.262 42.480000000000004
6.262 42.53
6.262 42.53
6.262 42.53
6.262 42.53
6.262 42.53
6.262 42.53
6.262 42.53
6.262 42.58
6.262 42.58
6.262 42.58
6.262 42.58
6.262 42.58
6.262 42.58
6.262 42.58
6.262 42.58
6.262 42.63
6.262 42.63
6.262 42.63
6.262 42.63
6.2379999999999995 42.63
6.287 42.63
6.262 42.63
6.262 42.68
6.2379999999999995 42.68
6.274 42.68
6.262 42.68
6.262 42.68
6.262 42.68
6.262 42.68
6.262 42.68
6.262 42.68
6.262 42.72
6.262 42.72
6.262 42.72
6.262 42.72
6.25 42.72
6.262 42.72
6.262 42.72
6.25 42.77
6.262 42.77
6.262 42.77
6.262 42.77
6.262 42.77
6.262 42.77
6.262 42.77
6.262 42.82
6.262 42.82
6.262 42.82
6.262 42.82
6.262 42.82
6.262 42.82
6.262 42.82
6.262 42.870000000000005
6.262 42.870000000000005
6.262 42.870000000000005
6.262 42.870000000000005
6.262 42.870000000000005
6.262 42.870000000000005
6.262 42.870000000000005
6.262 42.92
6.262 42.92
6.262 42.92
6.232 42.92
6.287 42.92
6.262 42.92
6.262 42.92
6.262 42.970000000000006
6.262 42.970000000000006
6.262 42.970000000000006
6.2379999999999995 42.970000000000006
6.274 42.970000000000006
6.262 42.970000000000006
6.262 42.970000000000006
6.262 43.02
6.262 43.02
6.262 43.02
6.262 43.02
6.262 43.02
6.262 43.02
6.262 43.02
6.25 43.07
6.262 43.120000000000005
6.262 43.120000000000005
6.262 43.120000000000005
6.262 43.120000000000005
6.262 43.120000000000005
6.262 43.120000000000005
6.262 43.16
6.262 43.16
6.262 43.16
6.262 43.16
6.262 43.16
6.262 43.16
6.262 43.16
6.262 43.16
6.262 43.16
6.262 43.21
6.262 43.21
6.262 43.21
6.262 43.21
6.262 43.21
6.262 43.21
6.262 43.21
6.262 43.21
6.262 43.21
6.262 43.26
6.262 43.26
6.262 43.26
6.262 43.26
6.262 43.26
6.262 43.26
6.262 43.26
6.262 43.26
6.262 43.26
6.262 43.26
6.262 43.309999999999995
6.262 43.309999999999995
6.25 43.309999999999995
6.262 43.309999999999995
6.262 43.309999999999995
6.262 43.309999999999995
6.262 43.309999999999995
6.25 43.309999999999995
6.25 43.309999999999995
6.262 43.309999999999995
6.262 43.36
6.262 43.36
6.262 43.36
6.262 43.36
6.262 43.36
6.25 43.36
6.262 43.36
6.262 43.36
6.262 43.36
6.262 43.36
6.262 43.41
6.262 43.41
6.262 43.41
6.262 43.41
6.262 43.41
6.262 43.41
6.262 43.41
6.262 43.41
6.262 43.41
6.262 43.41
6.262 43.46
6.262 43.46
6.262 43.46
6.262 43.46
6.262 43.46
6.262 43.46
6.262 43.46
6.262 43.46
6.262 43.46
6.262 43.46
6.262 43.51
6.262 43.51
6.262 43.51
6.262 43.51
