8.6971 10.29563
8.623099999999997 10.289639999999999
8.277099999999999 10.266669999999998
8.2714 10.268449999999998
8.538500000000003 10.276299999999997
8.5291 10.274949999999999
8.506299999999998 10.283190000000001
8.4552 10.285120000000001
8.466300000000002 10.291789999999999
8.090899999999998 10.335379999999997
7.902200000000001 10.32237
8.164199999999997 10.338589999999998
8.279800000000002 10.341369999999998
8.417499999999997 10.35304
8.7014 10.357009999999999
8.5946 10.35265
9.063999999999997 10.372090000000004
9.0339 10.371310000000003
9.139199999999997 10.38222
9.3015 10.392350000000002
9.371500000000001 10.399409999999998
9.3881 10.4132
9.644000000000002 10.41659
8.522 10.36921
8.462 10.37199
8.8119 10.376650000000001
9.4686 10.40921
9.1558 10.390910000000002
8.871199999999998 10.379790000000003
8.8755 10.385499999999999
9.116 10.346419999999998
9.068100000000001 10.326630000000002
9.264199999999999 10.330329999999998
8.9242 10.32954
8.990100000000002 10.319519999999997
8.826600000000001 10.318960000000002
9.4065 10.339559999999999
9.719600000000003 10.359489999999996
9.618199999999998 10.357610000000003
9.1879 10.33078
8.692000000000002 10.327509999999998
8.207000000000003 10.293330000000003
9.830240000000002 10.905392999999997
9.309100000000003 9.956809999999999
9.0935 9.895420000000001
8.900000000000002 9.886489999999998
9.240199999999998 9.89655
9.388499999999999 9.903720000000002
8.1759 9.867119999999998
7.6972999999999985 9.837480000000001
7.4967999999999995 9.84158
8.2662 9.870560000000001
8.9271 9.8957
9.0623 9.898470000000001
8.8737 9.88741
8.760699999999998 9.884829999999996
8.698500000000001 9.87624
8.8378 9.892850000000001
9.0701 9.893899999999995
8.759500000000003 9.894120000000001
8.720899999999999 9.89306
8.370700000000001 9.87909
8.2409 9.878029999999997
8.209599999999998 9.881979999999999
8.2856 9.870149999999997
8.255899999999999 9.874579999999998
8.225699999999998 9.871279999999997
8.691300000000002 9.88933
8.909600000000001 9.883099999999995
9.178799999999999 9.8993
9.2372 9.900059999999998
9.155899999999997 9.90151
9.4387 9.919579999999998
9.524600000000003 9.920989999999998
9.439400000000001 9.928609999999999
9.6209 9.920010000000001
9.463999999999999 9.92554
9.4056 9.925669999999998
9.640699999999997 9.92934
9.651700000000005 9.9291
9.7261 9.945210000000005
9.7067 9.935070000000001
9.2797 9.920810000000001
9.443200000000001 9.929409999999999
9.6372 9.940180000000003
9.480899999999998 9.533760000000001
9.7576 9.54045
9.316200000000002 9.485140000000001
9.437600000000002 9.485489999999997
9.447300000000002 9.494629999999999
9.1529 9.49305
9.340300000000001 9.489279999999999
9.182899999999998 9.494339999999998
9.363900000000005 9.489819999999998
9.506800000000004 9.499200000000002
9.497500000000002 9.486559999999999
9.608799999999999 9.499500000000003
9.523600000000004 9.501400000000002
9.1753 9.482399999999998
9.1187 9.483559999999997
8.6303 9.461920000000003
9.334100000000001 9.480129999999997
9.520299999999997 9.49668
9.404899999999996 9.49414
9.335199999999997 9.49304
9.1858 9.49194
9.2062 9.482760000000003
9.528599999999999 9.495239999999999
9.628799999999998 9.49793
9.694600000000001 9.499549999999997
9.749300000000002 9.50538
9.6261 9.492799999999999
9.516100000000002 9.498
9.411300000000002 9.478729999999999
9.220999999999997 9.487939999999998
9.3242 9.494689999999997
9.5695 9.512839999999997
9.520800000000001 9.507700000000002
9.5255 9.509819999999998
9.650800000000004 9.510589999999999
9.7031 9.524009999999999
9.673399999999999 9.52318
9.555299999999997 9.510229999999998
9.5378 9.51316
9.553199999999997 9.516309999999999
9.1931 9.485209999999999
9.643 9.505510000000001
9.252299999999996 9.504179999999998
8.8794 9.48399
9.2237 9.494570000000001
9.584000000000001 9.514539999999998
9.626999999999999 9.516179999999999
9.769100000000002 9.520139999999998
9.2929 9.505279999999999
9.6493 9.514179999999998
10.135999999999997 9.50793
10.168499999999996 9.51344
10.118999999999998 9.51778
9.663700000000002 9.516430000000001
9.6017 9.50411
9.4087 9.50997
9.871599999999999 9.52024
9.704699999999999 9.507930000000002
9.594899999999997 9.513490000000001
9.790899999999999 9.51669
9.758699999999997 9.54295
9.609100000000002 9.522440000000001
9.544699999999999 9.515220000000001
9.3538 9.496009999999998
9.4033 9.49723
9.195499999999997 9.4964
9.3113 9.500519999999998
9.2615 9.500560000000002
9.3759 9.52016
9.6386 9.52002
9.472299999999999 9.50736
9.173099999999998 9.492189999999997
9.5325 9.504639999999998
9.792299999999997 9.51197
9.488000000000001 9.508580000000002
9.539800000000001 9.499379999999999
9.4943 9.498789999999998
8.931499999999998 9.482389999999997
8.5209 9.44658
8.977799999999997 9.47039
9.2448 9.490870000000001
9.375300000000001 9.483429999999997
9.404300000000001 9.479629999999997
9.7467 9.501479999999999
9.968 9.49486
9.851800000000003 9.513770000000001
9.6233 9.51676
9.5021 9.508109999999999
9.5655 9.49344
9.594000000000001 9.503680000000001
9.221500000000002 9.481449999999997
9.0865 9.479199999999999
9.0333 9.469319999999998
9.054100000000002 9.477849999999998
9.330700000000002 9.490439999999998
9.550800000000002 9.4923
9.399699999999998 9.505350000000002
9.6233 9.50562
9.600900000000001 9.508740000000003
9.5444 9.49293
9.4146 9.503309999999999
8.8079 9.465450000000002
8.9936 9.47302
9.175299999999998 9.49622
9.434700000000001 9.5136
9.017700000000001 9.48133
9.3513 9.49011
9.310199999999998 9.483860000000002
9.378400000000001 9.49623
9.5992 9.504399999999997
9.707699999999999 9.511579999999999
9.6388 9.503179999999999
9.680100000000001 9.51466
9.577499999999999 9.505300000000002
9.292400000000002 9.51126
9.238000000000001 9.50371
9.578599999999998 9.51419
9.4482 9.508060000000002
9.6255 9.514419999999998
9.3895 9.499149999999998
9.5817 9.519260000000001
9.2353 9.494629999999999
9.274000000000001 9.488069999999997
9.173200000000001 9.49656
9.350399999999999 9.50672
9.4333 9.503540000000001
9.587600000000002 9.511750000000001
9.3225 9.507189999999998
9.460399999999996 9.50932
9.398699999999998 9.50484
9.1285 9.515819999999998
9.418099999999997 9.496749999999999
9.5697 9.510819999999999
9.297199999999998 9.491370000000002
9.6038 9.511319999999996
9.505 9.52058
9.365299999999998 9.51757
9.255199999999997 9.510129999999997
9.5472 9.5179
9.344000000000001 9.51095
9.550600000000003 9.5169
9.644699999999998 9.519820000000001
9.770900000000001 9.525079999999999
9.7849 9.52833
9.720399999999998 9.52646
9.7551 9.527609999999997
9.7541 9.53159
9.540600000000001 9.526060000000001
9.462899999999996 9.520059999999999
9.606699999999998 9.52203
9.745900000000002 9.530249999999995
9.824100000000001 9.53403
9.679299999999996 9.543779999999998
9.731299999999997 9.53277
9.661999999999999 9.5283
8.961899999999998 9.500829999999999
8.7092 9.492439999999998
9.337300000000003 9.510169999999997
9.7467 9.519870000000001
9.711300000000001 9.51761
9.595400000000003 9.518559999999999
9.625000000000002 9.52942
9.631400000000001 9.52975
9.552900000000001 9.530980000000001
9.388900000000001 9.533679999999997
9.273699999999998 9.51394
9.4409 9.525839999999999
9.401499999999999 9.530499999999996
9.355500000000005 9.524479999999999
9.7543 9.53842
9.7025 9.53082
9.7815 9.524669999999999
9.564999999999998 9.532289999999998
9.6406 9.5333
9.4155 9.52859
9.448699999999999 9.517880000000002
8.901399999999999 9.48972
9.1429 9.496809999999998
9.1244 9.50593
9.2418 9.506019999999998
9.0132 9.50066
9.301200000000003 9.506919999999997
9.4387 9.518660000000004
9.449600000000002 9.51988
9.534300000000002 9.529570000000001
9.5658 9.51658
9.418000000000001 9.505669999999999
9.219700000000001 9.496459999999999
9.455900000000002 9.50419
9.540900000000002 9.52563
9.613600000000003 9.527729999999998
9.3575 9.52872
9.4319 9.528369999999999
9.2229 9.52084
9.4227 9.51129
9.458699999999999 9.51495
9.3923 9.510659999999998
9.715899999999996 9.51605
9.784799999999999 9.53447
9.601500000000001 9.525590000000001
9.4493 9.506709999999998
9.397500000000003 9.517039999999998
9.517500000000002 9.519779999999999
