21.87269999999999 24.961199999999995
27.883599999999998 25.2641
32.73910000000001 25.599620000000005
30.454099999999997 25.121339999999996
30.217251000000005 25.119249999999997
32.000851000000004 25.240589999999997
32.515467 25.367499999999986
31.440980999999997 24.742420000000003
31.017836999999997 24.71396
31.033232999999992 24.792879999999997
29.542415 24.651529999999994
28.083409999999997 24.639650000000003
29.345021000000003 24.700680000000006
29.846200000000007 24.890099999999997
26.985300000000013 24.917199999999998
19.671600000000005 24.409999999999997
23.0621 24.549200000000006
27.813000000000006 24.916100000000004
30.0835 25.052100000000006
27.82239999999999 25.0255
24.67839999999999 24.7605
26.733800000000002 24.990700000000007
27.3493 25.030399999999993
28.292200000000012 25.111900000000002
28.290600000000005 25.0365
27.834699999999994 25.14959999999999
27.145999999999997 25.075700000000005
27.07969999999999 25.122899999999998
27.78750000000001 25.1328
28.420700000000004 25.263099999999994
26.7134 25.14039999999999
27.112199999999998 25.1797
27.381 25.21070000000001
26.89669999999999 25.165200000000006
30.4327 25.41709999999999
29.629099999999998 25.3821
27.437799999999996 25.2533
26.1674 25.167700000000004
26.6588 25.180000000000003
27.1492 25.2229
27.68839999999999 25.310599999999994
27.7839 25.3045
28.473399999999987 25.259300000000007
28.430100000000007 25.291200000000007
27.57179999999999 25.289300000000008
27.406399999999998 25.249100000000002
28.299499999999995 25.38329999999999
30.45920000000001 25.46280000000001
28.172399999999996 25.3351
27.70710000000001 25.393000000000004
30.783600000000007 25.5219
29.0831 25.4628
29.0271 25.5248
28.150900000000007 25.50840000000001
30.921400000000006 25.5637
30.222599999999982 25.54539999999999
22.0287 25.0326
15.833899999999998 24.58279999999999
19.883800000000004 24.8048
24.307499999999994 25.1633
24.422299999999996 25.170299999999994
20.9162 24.9482
15.407000000000002 24.5303
16.2835 24.629099999999994
19.546099999999996 24.798000000000005
28.5468 25.477800000000002
28.403200000000012 25.4323
29.4822 25.57999999999999
30.2166 25.6754
21.6422 25.147599999999997
29.241699999999998 25.55190000000001
30.22336000000001 25.63070999999999
29.895829999999997 25.231350000000003
29.971880000000002 25.22764
24.480690000000003 24.954439999999998
28.06249 25.06954
31.149499999999993 25.363950000000003
29.510350000000006 25.269130000000008
27.464207999999996 25.14324
29.701613 25.20743
30.231317 25.37123
29.478203999999998 25.27962999999999
29.31969900000001 25.298339999999996
27.336700000000015 25.259710000000002
28.591699999999992 25.382899999999996
29.970900000000007 25.478999999999996
28.502600000000005 25.5092
29.982400000000002 25.5315
29.599000000000004 25.5241
28.854200000000002 25.494399999999995
30.5423 25.6376
29.956300000000002 25.5586
28.725299999999994 25.530899999999995
27.924 25.511200000000002
28.177199999999992 25.549400000000006
27.319 25.490400000000008
31.046100000000003 25.728499999999997
30.225399999999997 25.67250000000001
29.1615 25.669500000000014
29.9005 25.698500000000003
28.457999999999995 25.622600000000006
28.645400000000006 25.6216
26.465899999999998 25.506200000000007
27.4048 25.53599999999999
28.868900000000014 25.64960000000001
29.65959999999999 25.667200000000012
29.9066 25.7689
29.068599999999993 25.669499999999996
29.8031 25.747700000000002
29.7925 25.7166
29.24179999999999 25.725399999999997
21.543100000000003 25.34
22.64920000000001 25.242900000000002
24.6325 25.362499999999997
25.7791 25.5141
26.752400000000005 25.5709
24.932800000000004 25.457099999999993
28.223599999999998 25.762800000000002
28.0186 25.734299999999998
26.605300000000003 25.587499999999995
27.556100000000004 25.646
25.00219999999999 25.539299999999997
24.525700000000008 25.513899999999996
25.5039 25.495000000000008
27.029599999999988 25.5994
25.731399999999997 25.636200000000002
24.876400000000004 25.601399999999998
27.721100000000003 25.7214
27.884499999999996 25.751099999999997
27.0563 25.713599999999996
28.155899999999995 25.7743
27.5405 25.748500000000007
24.631399999999996 25.5324
21.723399999999998 25.364900000000006
15.198300000000003 24.889900000000008
15.7685 24.8888
15.727000000000002 24.873600000000007
17.4058 24.892199999999995
25.104699999999998 25.457900000000006
20.205400000000004 25.166799999999988
26.233099999999997 25.630599999999998
26.2471 25.691399999999998
27.847499999999993 25.751599999999996
28.0205 25.796800000000008
24.021099999999997 25.4409
27.7328 25.786199999999997
28.971000000000007 25.877900000000004
27.809200000000008 25.820200000000003
26.585100000000004 25.804499999999997
27.498100000000004 25.830499999999994
28.07360000000001 25.836199999999998
26.885599999999986 25.75889999999999
26.180299999999995 25.7434
23.394499999999997 25.551500000000004
26.758399999999998 25.725200000000005
27.083000000000002 25.751499999999993
25.060599999999994 25.62440000000001
28.190999999999995 25.8546
27.122699999999988 25.787099999999995
24.4884 25.663699999999995
25.32419999999999 25.610899999999997
25.305899999999994 25.686100000000007
27.166599999999995 25.792200000000005
25.938 25.702599999999993
27.7565 25.832999999999995
25.796400000000002 25.7469
24.0067 25.607599999999998
24.400900000000004 25.65829999999999
24.1667 25.5471
22.675199999999997 25.533499999999997
25.458700000000007 25.7796
25.5942 25.743000000000016
23.717599999999997 25.5378
24.4761 25.68349999999999
25.759000000000004 25.7731
25.386899999999997 25.752200000000002
25.25400000000001 25.734099999999994
27.4386 25.834899999999994
28.14680000000001 25.913000000000004
25.763600000000004 25.862500000000004
23.494699999999998 25.71789999999999
19.192700000000002 25.40670000000001
22.5804 25.556800000000003
24.012 25.6333
25.774299999999993 25.8428
25.8022 25.816000000000006
27.801800000000004 25.9715
27.980500000000003 25.966500000000003
26.556800000000003 25.961000000000002
25.728299999999997 25.889499999999998
23.418399999999988 25.775999999999993
25.468499999999995 25.8776
24.531599999999997 25.79920000000001
26.882099999999998 25.994400000000002
24.963300000000004 25.933699999999998
25.707699999999996 25.883399999999995
25.803299999999997 25.901400000000002
26.1268 26.05599999999999
25.6929 25.994799999999994
25.299299999999995 26.0572
25.953199999999992 26.049399999999995
27.306899999999985 26.0754
26.689900000000005 26.075399999999995
26.1802 26.029400000000013
28.87159999999999 26.172200000000007
24.5148 26.00229999999999
26.966799999999996 26.098799999999994
27.088299999999997 26.127399999999994
25.074800000000003 26.000699999999995
26.6772 26.1693
25.878 26.0853
25.6192 26.0666
25.95969999999999 26.06949999999999
26.127299999999998 26.057000000000002
26.140299999999993 26.1004
24.596399999999996 26.005000000000006
26.768900000000002 26.16030000000001
22.130300000000005 25.903200000000005
19.760300000000004 25.6857
16.572400000000005 25.452900000000007
17.528400000000005 25.508000000000003
24.182499999999997 25.934099999999997
25.286499999999997 26.1127
26.85090000000001 26.320700000000002
28.0746 26.400000000000002
28.210899999999995 26.374399999999998
21.370300000000004 25.975099999999994
16.933400000000002 25.583299999999998
19.884100000000004 25.7402
25.462999999999997 26.161199999999994
27.229400000000005 26.3401
24.3172 26.239899999999995
27.133799999999997 26.2481
27.696699999999996 26.406100000000006
26.791899999999995 26.348699999999997
26.401500000000006 26.223399999999998
27.183400000000002 26.359299999999998
26.984800000000003 26.378499999999995
28.034800000000004 26.4965
29.530000000000005 26.4903
28.5215 26.510300000000004
27.395899999999994 26.331300000000002
27.999599999999997 26.46599999999999
28.672400000000003 26.590099999999993
27.4891 26.513299999999994
27.04400000000001 26.413699999999995
28.8393 26.528399999999998
28.087699999999998 26.554700000000004
26.0976 26.429000000000002
26.151699999999995 26.40539999999999
28.591199999999994 26.604399999999995
27.661099999999987 26.564700000000002
27.270000000000007 26.48470000000001
27.156800000000004 26.413700000000002
27.705599999999997 26.481499999999997
27.293500000000005 26.50119999999999
26.908299999999997 26.449400000000008
27.2785 26.5237
26.8543 26.475400000000004
27.894100000000005 26.5666
26.507399999999997 26.522200000000005
28.370100000000004 26.58239999999999
28.655399999999993 26.679499999999994
28.550000000000004 26.7393
26.092499999999998 26.50780000000001
26.546200000000002 26.544000000000008
25.8233 26.468400000000003
26.53610000000001 26.497999999999998
23.480900000000002 26.335799999999992
23.5572 26.20349999999999
23.331800000000005 26.26380000000001
24.0572 26.294100000000007
25.63719999999999 26.427399999999995
26.165700000000008 26.502800000000004
25.8978 26.466300000000015
26.170500000000008 26.525999999999993
24.066900000000008 26.330599999999993
20.9034 26.156200000000005
22.975600000000004 26.243299999999998
18.30699999999999 25.984100000000005
16.396000000000008 25.867800000000006
18.781 25.94579999999999
21.715399999999995 26.0961
25.360800000000005 26.345600000000008
26.43039000000001 26.467510000000004
24.847989999999996 25.891219999999986
27.692019999999996 26.1185
25.682620000000007 26.116919999999993
