63.586 10.227799999999998
62.64099999999999 10.1794
63.517 10.1774
62.29100000000001 10.136099999999999
59.214999999999996 10.1506
58.386 10.0865
58.73500000000001 10.140699999999999
59.569 10.083400000000001
58.02 10.1622
61.48000000000001 10.125900000000001
62.29999999999999 10.134099999999998
62.222 10.132199999999997
64.564 10.167200000000001
63.93099999999999 10.1599
63.155000000000015 10.1601
64.163 10.297300000000002
62.753 10.2257
61.938 10.1708
61.718 10.1846
62.279999999999994 10.173799999999996
61.67199999999998 10.1813
63.444 10.175099999999999
62.197999999999986 10.1506
62.617 10.1498
63.25400000000001 10.1814
61.81000000000001 10.143799999999999
64.155 10.175699999999999
64.557 10.168
63.733000000000004 10.1785
62.79000000000001 10.1693
63.42699999999999 10.186100000000001
64.74799999999999 10.2071
65.44800000000001 10.259200000000002
64.88000000000001 10.3173
63.681 10.2432
61.06800000000001 10.150299999999998
61.212 10.1398
59.884 10.1131
59.56400000000001 10.103900000000001
59.396 10.1464
58.81000000000001 10.1235
58.752 10.164099999999998
58.416000000000004 10.1441
59.102 10.124899999999998
57.450999999999986 10.0735
58.85300000000001 10.134699999999999
62.17499999999999 10.176599999999999
61.918000000000006 10.164700000000002
59.599999999999994 10.248600000000001
57.963 10.1176
57.513999999999996 10.094899999999999
57.813999999999986 10.1015
56.591000000000015 10.0901
55.493 10.064499999999999
54.958 10.032
55.253 10.0184
55.946 10.049200000000003
54.96000000000001 10.0347
56.593 10.057400000000001
56.41800000000001 10.058100000000001
56.401999999999994 10.0339
56.66099999999999 10.0356
56.003 10.035400000000001
56.459 10.0802
55.36299999999999 10.0442
55.75300000000002 10.035300000000001
55.749 10.046199999999999
56.668 10.093699999999998
55.620999999999995 10.095300000000002
55.82799999999999 10.0792
55.522000000000006 10.131599999999999
53.543000000000006 10.1188
54.37800000000001 10.064400000000001
53.073000000000015 10.0242
54.051 10.048900000000001
53.583000000000006 10.1463
53.794 10.089200000000002
54.294 10.109600000000002
54.467 10.1103
55.764 10.143400000000002
54.17599999999998 10.143899999999999
54.53100000000002 10.1029
53.64300000000001 10.091
53.688 10.0366
53.384 10.076900000000002
53.169 10.026799999999998
53.24100000000001 10.0167
53.678000000000004 10.014699999999998
54.522999999999996 10.0285
54.983000000000004 10.0612
54.812 10.051099999999998
54.580000000000005 10.047800000000002
54.513 10.0968
54.67200000000002 10.1755
53.748000000000005 10.1373
54.864000000000004 10.148600000000002
55.72200000000001 10.173100000000002
55.056 10.149999999999999
53.916999999999994 10.114
53.578 10.0611
53.179 10.032799999999998
53.139 10.063400000000001
54.342 10.012799999999999
55.111 10.042600000000002
55.229000000000006 10.071700000000002
55.510000000000005 10.132599999999998
54.20799999999999 10.1464
54.398 10.0385
54.656000000000006 10.1023
53.742000000000004 10.0739
54.039 10.1212
53.88800000000001 10.055799999999996
53.38499999999999 10.027099999999999
53.00800000000001 10.0224
52.92800000000001 10.0211
53.015000000000015 10.017600000000002
53.759 10.011300000000002
53.083999999999996 9.993500000000003
53.45000000000001 9.9865
54.079 10.008000000000001
55.66899999999999 10.078800000000001
53.894000000000005 10.023500000000002
53.422000000000004 10.0447
54.518 10.1488
54.464 10.102500000000001
54.078 10.058700000000002
55.607000000000006 10.053300000000002
54.04699999999999 10.0075
53.78799999999999 9.968399999999999
52.55700000000001 9.9688
54.24 10.0123
52.775000000000006 9.986899999999999
52.329999999999984 9.9748
51.639 9.966099999999996
52.76299999999999 9.977800000000002
53.173999999999985 9.9848
53.925 10.0091
53.70399999999999 9.999
53.488 10.006799999999998
54.038 9.978800000000001
54.411999999999985 9.991999999999999
54.04 10.024899999999999
54.506 10.015900000000002
54.193999999999996 10.040199999999999
55.81299999999999 10.0847
54.52600000000001 10.077100000000002
54.269999999999996 10.0678
53.31100000000001 10.0525
53.930000000000014 10.0649
54.125 10.040600000000001
53.318 10.027999999999999
53.675 10.016599999999999
53.691 10.009800000000002
55.14600000000001 10.047100000000002
54.283000000000015 10.0868
54.47500000000001 10.055499999999999
55.05799999999999 10.0654
54.355 10.055700000000002
54.435 10.0531
54.915000000000006 10.0999
54.486000000000004 10.077800000000002
54.36200000000001 10.087499999999999
55.15399999999999 10.072700000000003
55.76000000000001 10.078399999999998
55.39000000000001 10.064100000000002
56.07000000000002 10.150200000000002
56.52900000000001 10.0837
55.896 10.028000000000002
57.572999999999986 10.067799999999998
57.766000000000005 10.1416
56.113000000000014 10.196699999999998
55.69600000000001 10.0968
55.905 10.0998
56.515 10.0886
57.08599999999999 10.140400000000001
55.75500000000001 10.0853
60.089999999999996 10.191200000000002
59.468999999999994 10.1663
58.550000000000004 10.160700000000002
58.72999999999999 10.151599999999998
60.133 10.156200000000002
59.45399999999999 10.176700000000002
59.624 10.1449
58.56699999999998 10.1188
59.553999999999995 10.137999999999998
60.35 10.1448
61.024000000000015 10.2065
61.707 10.287399999999998
61.143 10.2294
60.789 10.205900000000002
61.034 10.2369
61.403 10.2254
61.636 10.211599999999997
60.65200000000001 10.141099999999998
60.582 10.183
60.031 10.259900000000002
60.46499999999999 10.1952
60.961999999999996 10.307300000000001
61.58600000000002 10.2349
62.463 10.347699999999998
61.56999999999999 10.244799999999998
62.437999999999995 10.2244
61.165000000000006 10.175499999999998
60.978 10.1708
62.666999999999994 10.260000000000002
62.33 10.362099999999998
61.269 10.224100000000002
61.736999999999995 10.2195
61.665000000000006 10.216299999999999
62.303999999999995 10.256100000000002
61.788 10.238700000000001
61.785999999999994 10.226299999999998
62.278999999999996 10.214200000000002
63.02800000000002 10.257
61.93200000000001 10.226400000000002
62.097 10.2294
62.697999999999986 10.358300000000002
62.35999999999999 10.3277
61.692 10.235600000000003
61.509 10.2379
61.06399999999999 10.207300000000002
61.04900000000001 10.2286
60.93599999999998 10.2088
60.85800000000001 10.1905
61.62699999999999 10.2249
61.83200000000001 10.216699999999998
61.841 10.2423
60.75900000000001 10.192100000000002
60.632000000000005 10.2109
60.146 10.1921
59.95399999999999 10.196000000000002
59.834999999999994 10.1982
60.04200000000001 10.1821
61.217 10.216600000000001
61.009000000000015 10.2319
62.13700000000001 10.1981
61.117 10.283699999999998
60.763999999999996 10.245000000000001
61.14099999999999 10.2135
60.224999999999994 10.1786
60.939 10.1929
59.874999999999986 10.1629
60.70999999999999 10.2988
60.55300000000001 10.374600000000003
61.059 10.320899999999998
61.36399999999998 10.321000000000002
61.185 10.3231
62.01899999999999 10.352499999999997
60.849 10.248600000000001
61.06200000000002 10.1815
60.85599999999999 10.159999999999998
60.51599999999999 10.179299999999998
60.882999999999996 10.198999999999998
60.33700000000001 10.1661
59.99499999999999 10.160900000000002
60.843 10.188199999999998
60.305 10.202900000000001
60.285 10.2564
59.948 10.2165
60.826 10.290500000000002
61.03200000000001 10.208800000000002
62.13899999999999 10.222000000000001
61.88299999999999 10.287499999999998
60.08799999999999 10.214199999999996
61.035 10.179200000000002
60.77199999999999 10.2052
61.217999999999996 10.200500000000003
61.238000000000014 10.232399999999998
61.71199999999999 10.288900000000002
62.62799999999999 10.2975
61.458999999999996 10.3234
60.97000000000001 10.2953
61.772000000000006 10.311
62.16400000000001 10.286599999999998
61.01700000000001 10.212500000000002
61.56999999999999 10.209200000000001
61.307 10.214299999999998
60.32399999999999 10.195000000000002
58.687 10.1532
58.288000000000004 10.1783
58.035000000000004 10.1624
57.30500000000001 10.127199999999997
58.716 10.146500000000001
58.43999999999999 10.136400000000002
58.462 10.139399999999998
58.82400000000001 10.147699999999999
59.179 10.1304
58.218 10.091500000000002
