12.111100000000002 89.11899999999996
10.9964 88.311
11.531 88.49699999999999
11.616699999999996 88.46399999999997
13.0572 88.926
14.2424 90.009
13.830099999999995 89.71500000000002
13.820200000000002 89.76000000000002
13.120200000000004 89.52799999999999
13.583899999999998 89.51499999999996
15.898500000000007 90.35400000000001
13.147199999999998 89.24099999999999
13.1764 89.35099999999998
15.655600000000003 89.85499999999999
15.5214 90.50399999999999
14.444199999999999 90.35700000000003
13.782599999999997 89.97299999999998
14.424800000000001 88.40199999999999
14.440700000000001 88.42599999999999
12.9043 88.07900000000001
13.288499999999997 87.65799999999997
13.656099999999999 88.13200000000005
13.4104 89.48999999999998
13.8265 89.67799999999998
14.105700000000002 89.77199999999998
15.4421 90.24899999999998
15.3417 90.386
14.715700000000002 90.25899999999997
12.974800000000004 89.83800000000001
13.412200000000002 89.867
12.127599999999997 89.26999999999997
12.091299999999999 89.288
13.857800000000001 90.01599999999999
13.516900000000001 90.05500000000002
11.516500000000002 88.79899999999998
11.714700000000002 88.88699999999999
13.778300000000002 89.728
13.030100000000001 89.858
13.1768 89.66499999999998
12.876499999999998 89.69
13.181600000000001 89.73299999999999
14.747999999999998 90.24100000000001
13.805499999999999 90.202
13.216899999999995 89.47999999999998
13.994299999999999 89.598
14.513599999999999 90.15800000000002
13.407299999999998 89.71200000000002
12.120699999999996 89.24299999999998
13.192800000000002 89.77599999999998
12.379799999999998 89.27599999999998
12.545799999999998 89.02699999999999
14.074800000000002 89.946
12.066699999999999 89.36299999999999
12.571399999999999 89.13899999999997
12.9534 89.68999999999997
13.033100000000006 89.225
12.515199999999998 88.97499999999998
11.5147 88.066
9.6944 87.66299999999994
9.274599999999998 87.63299999999998
9.027200000000002 87.59599999999999
9.791899999999998 88.23199999999999
10.9924 88.77099999999997
11.106 88.77499999999999
10.572399999999996 88.337
10.896600000000003 88.34899999999999
11.795599999999999 89.33200000000001
10.451800000000002 87.88600000000001
10.736600000000001 87.726
11.676299999999998 87.847
10.457899999999999 88.02300000000001
9.3291 87.065
10.491499999999998 87.90499999999999
10.615200000000002 88.11500000000001
9.1021 87.44599999999996
9.647499999999999 87.32199999999997
9.9267 87.53000000000002
9.553299999999998 87.19699999999997
10.449599999999998 88.12499999999999
9.749600000000001 87.34100000000002
9.918999999999997 87.35800000000002
11.620300000000002 88.329
9.457500000000001 87.14600000000002
9.667 87.20700000000001
11.657899999999998 88.10599999999997
12.490000000000002 89.14600000000002
10.192100000000002 87.791
10.135999999999997 87.54699999999998
10.449599999999998 87.65999999999998
10.521799999999997 87.71200000000002
9.726600000000001 87.33099999999997
10.173399999999999 87.43200000000002
9.672 87.43299999999999
9.4547 87.06799999999997
11.100700000000002 87.96499999999997
10.125600000000002 87.48200000000003
10.3102 87.53299999999999
12.2627 88.85799999999996
10.7501 88.565
11.680299999999999 88.92399999999998
9.8087 87.67499999999995
10.113999999999997 88.012
11.641399999999999 88.849
9.646099999999999 87.80899999999998
10.750000000000004 88.215
10.144900000000003 87.66300000000003
10.5769 87.96300000000002
10.5224 88.07600000000001
11.035500000000003 88.46399999999997
10.830900000000002 88.21199999999999
11.778200000000002 88.82799999999997
10.521600000000001 87.58200000000001
11.268299999999998 87.80300000000001
10.381200000000005 87.53699999999999
9.9913 87.41499999999996
9.249 86.95600000000002
10.842900000000002 87.62999999999998
9.9225 87.01199999999997
9.669 87.34899999999999
8.6948 86.654
10.9091 87.97400000000002
9.9573 88.07
10.176899999999996 87.935
9.382600000000002 87.86499999999998
9.106899999999996 87.443
9.5075 87.36399999999996
9.308599999999998 87.49000000000001
8.7819 87.42800000000001
8.879900000000001 86.85199999999999
8.8971 87.532
9.1703 87.05799999999999
8.9072 87.184
10.885100000000001 88.27999999999997
9.778500000000001 87.75099999999999
10.188699999999997 87.814
9.4223 87.379
11.017999999999997 87.91799999999998
9.8604 87.49299999999997
11.075600000000001 88.313
9.823100000000002 87.34600000000002
10.407100000000002 87.51599999999999
8.9478 87.11400000000003
10.2435 87.456
10.027199999999999 87.29999999999997
11.342199999999997 87.79999999999998
10.696800000000001 88.00199999999995
10.171299999999999 87.90800000000002
9.9624 87.59400000000004
11.6743 88.19999999999999
10.824900000000001 87.81099999999999
11.4504 88.32
9.857499999999998 87.598
11.951099999999999 88.10599999999998
10.7872 87.993
10.7261 88.222
10.5609 87.91100000000002
12.262900000000002 89.17200000000001
12.561800000000003 89.21
11.175000000000002 88.31499999999998
11.633799999999999 88.27899999999998
12.837000000000002 88.99899999999998
11.562000000000003 88.50899999999999
11.802200000000004 88.53699999999998
14.319299999999998 88.87299999999999
13.473799999999997 89.21099999999998
12.260699999999998 88.364
12.6297 88.61999999999998
13.0065 88.49499999999996
15.522799999999998 90.02
13.5187 89.458
12.5286 88.817
12.2696 88.55099999999997
16.409399999999998 89.938
12.647699999999999 88.24
13.571000000000003 88.86999999999999
16.940099999999997 90.81000000000003
18.8109 91.087
20.755499999999998 91.563
18.1104 91.095
17.9799 90.867
19.09 91.30699999999999
19.4408 91.56099999999998
20.804599999999994 92.1
18.9226 91.575
20.303799999999995 91.625
20.409699999999997 91.69500000000002
23.164999999999996 92.15900000000002
19.773399999999995 91.814
19.230399999999996 91.60399999999998
19.057900000000004 91.647
20.185900000000004 91.709
21.639400000000002 92.04499999999997
20.605499999999996 91.80500000000002
19.3131 91.65500000000003
19.1541 91.75800000000002
20.086 91.80100000000002
19.7152 91.831
19.4825 91.80399999999999
17.8971 91.55400000000002
17.729899999999997 91.55600000000001
18.777299999999997 91.67899999999997
19.446700000000003 91.846
18.9964 91.92399999999998
17.313000000000002 91.37200000000001
17.269899999999996 91.30100000000002
19.7125 91.92899999999999
19.6844 91.713
18.469599999999993 91.49000000000002
17.90349999999999 91.355
19.74159999999999 91.75
19.126100000000008 91.794
18.97 91.572
18.370200000000008 91.47700000000003
18.988599999999998 91.605
19.633300000000002 91.818
19.239299999999997 91.501
17.9871 91.481
17.950699999999998 91.44100000000003
19.200100000000003 91.63199999999999
18.90619999999999 91.756
19.3906 91.65199999999999
17.898300000000003 91.65399999999998
16.962500000000002 91.33900000000001
19.730800000000002 92.02399999999999
18.279000000000003 91.737
18.8408 91.74000000000004
18.6745 91.92799999999998
18.816399999999998 91.865
19.275299999999994 92.01800000000001
18.280599999999993 91.771
20.436899999999998 92.00099999999998
20.039799999999996 91.91899999999998
20.2683 91.92799999999998
19.0028 91.875
18.7908 91.81400000000002
18.861299999999996 91.91100000000002
20.815800000000007 92.139
19.876400000000004 92.10700000000001
18.537799999999997 91.67899999999997
18.427399999999995 91.72700000000002
18.276700000000005 91.75999999999999
20.7894 92.013
19.968500000000006 91.876
17.5452 91.635
18.7726 91.78200000000001
22.137699999999995 92.08000000000001
18.9609 91.91100000000002
18.4278 91.86599999999999
18.102899999999998 91.899
20.425299999999996 92.23199999999999
18.945400000000003 91.92299999999999
18.4156 91.613
18.512600000000003 91.654
20.976100000000002 91.99000000000001
19.255900000000004 92.06599999999997
19.182299999999998 91.92699999999998
19.268399999999996 91.76899999999998
19.671400000000002 91.857
18.85750000000001 91.86900000000003
17.473600000000005 91.46400000000001
18.570300000000003 91.41600000000003
20.92500000000001 91.60400000000001
19.659699999999994 91.64899999999999
18.557000000000002 91.36600000000001
19.370899999999992 91.489
19.693800000000007 91.48399999999998
19.8243 91.976
16.672400000000003 91.54199999999999
15.5645 91.25000000000001
16.121299999999998 91.152
18.0227 91.66300000000001
16.232100000000003 90.899
16.9404 90.905
14.714199999999996 90.69500000000002
11.030999999999999 88.65799999999997
11.707 89.10999999999996
10.426300000000001 88.43699999999998
9.842100000000004 88.675
10.0063 88.595
12.266100000000003 89.70200000000001
11.623 89.52199999999998
10.1637 88.58399999999996
10.395400000000002 88.265
11.878799999999998 89.09899999999998
14.086399999999996 90.91299999999997
11.076600000000004 88.94799999999998
9.242100000000002 87.592
10.239700000000001 88.01199999999999
