11.714200000000002 8.0841
12.1634 8.171100000000001
10.6275 7.963999999999999
11.805900000000001 7.993100000000002
11.576 7.9384
10.135500000000002 7.546200000000002
9.481 7.6268
8.9936 7.8988000000000005
10.9493 8.034
10.1453 7.888599999999999
9.3525 7.7489
9.5766 8.037700000000001
8.7939 7.823099999999999
9.534500000000001 7.447000000000001
9.1074 8.0138
9.401 7.516399999999999
9.353799999999998 7.9488
10.7167 8.065000000000001
9.608500000000001 8.0025
8.684 8.0537
9.4339 7.685899999999999
9.5286 7.8331
9.1279 7.6378
9.949100000000001 7.7553
10.5556 7.9883999999999995
10.943 7.8904000000000005
10.7056 7.900199999999999
8.3613 7.8651
8.7667 7.668699999999999
9.4048 7.729800000000001
10.252600000000001 7.9679
8.595 8.0654
11.5706 8.115499999999999
9.445200000000002 7.8499
9.0265 7.4797
12.5472 8.1863
10.375 8.0232
9.2731 7.5267
9.338699999999998 7.7903
9.4295 8.2654
7.535200000000001 7.7931
9.043900000000002 7.7568
11.582400000000002 8.1885
10.006799999999998 8.3944
10.482 8.249
11.5231 8.2192
9.037099999999999 8.0184
9.3785 8.4063
8.6425 8.030000000000001
7.5547 7.6973
8.935 7.747500000000001
7.885000000000001 7.5874999999999995
8.2124 7.488
7.9933000000000005 7.2907
8.8313 7.598300000000001
7.584400000000002 8.0159
7.6835 7.766699999999998
8.398800000000001 8.157499999999999
8.630600000000001 7.8645000000000005
9.9552 8.2574
9.9976 8.482000000000001
8.866399999999999 7.9567
8.808 7.9529000000000005
8.8121 8.077299999999997
7.565999999999999 7.9565
8.7661 8.096200000000001
8.617 8.058200000000001
8.741299999999999 7.808699999999999
8.1881 7.811000000000002
8.754499999999998 7.7905
7.8311 7.7261
8.993 7.908599999999999
7.6564000000000005 7.5514
7.3771 7.262300000000001
8.2044 7.617099999999999
7.579 7.491199999999999
7.917300000000001 7.538499999999999
8.437700000000001 7.5721
8.9872 7.705000000000001
8.2578 7.669
8.8013 7.417999999999999
7.9461 7.678099999999999
8.2959 7.5752000000000015
8.277000000000001 7.592300000000001
9.018699999999999 7.501
8.723300000000002 7.861
9.054599999999999 7.931700000000001
7.6196 7.839099999999998
8.5018 8.089500000000001
7.412500000000001 7.3089
7.295200000000001 7.1814
8.8618 7.5058
7.745399999999999 7.3089
8.4769 7.260200000000001
9.1406 7.6891
7.540000000000001 7.841200000000001
8.6579 7.928100000000001
8.3495 7.8651
8.012900000000002 7.411
9.1042 7.836800000000001
8.9987 7.611699999999999
8.9921 7.964200000000001
9.1852 7.7761
9.464099999999998 7.985600000000001
8.6165 7.7589999999999995
9.6926 7.716200000000001
9.9742 8.1962
14.858300000000002 8.8266
9.927699999999998 7.6878
10.2024 7.7789
9.2902 7.4739
9.3704 7.9728
11.118100000000002 7.806099999999999
9.251800000000001 8.063300000000002
9.062 7.5798000000000005
9.8016 7.9937
10.4076 7.989300000000001
9.029300000000001 7.969499999999999
8.731599999999998 7.5542
10.528999999999998 8.0631
10.3092 7.716200000000001
11.014899999999999 8.067700000000002
11.215800000000002 8.246800000000002
10.317599999999999 8.0934
9.5097 8.0452
9.2123 7.643999999999999
10.6603 7.7858
10.665299999999998 7.9566
10.145900000000001 7.930299999999998
11.8996 7.700300000000001
9.5615 7.471599999999999
11.489900000000002 7.874200000000001
10.571399999999999 7.993100000000002
9.452399999999999 7.7964
9.3779 7.8104
8.9949 7.4857
10.638699999999998 7.693600000000002
9.823299999999998 7.6224
9.747899999999998 7.860800000000001
9.4944 7.7736
10.845199999999998 7.916199999999998
10.658199999999999 7.940699999999999
10.5497 7.962899999999999
10.3685 8.0002
11.1819 7.6447
12.645500000000002 8.010100000000001
10.8871 7.893399999999999
11.8722 8.235999999999999
9.7148 7.749999999999998
10.7544 7.6934000000000005
13.0025 8.445500000000001
10.9128 7.8269
10.5613 7.9734
13.254000000000001 8.566099999999999
12.619300000000003 8.4235
12.557599999999999 8.4184
11.587999999999997 8.5024
12.475200000000001 8.449700000000002
11.754600000000002 8.8657
13.776900000000003 8.6802
11.1194 8.6645
12.197299999999998 8.2389
11.5153 8.382100000000001
11.837 8.386000000000001
13.314199999999998 8.591899999999999
11.1393 8.3651
12.222499999999998 8.4088
12.312599999999998 8.262599999999997
12.324699999999998 8.198300000000001
13.306000000000001 8.282499999999999
10.851500000000001 8.0345
12.657200000000001 8.4991
13.514100000000001 8.707699999999999
11.922 8.612899999999998
12.3354 8.4531
13.265699999999997 8.2911
12.4772 8.0893
13.551999999999998 8.352300000000001
13.79 8.417699999999998
13.688 8.5319
11.744799999999998 8.0688
10.9361 7.689699999999999
13.208800000000002 8.473899999999999
13.289399999999999 8.517100000000001
13.1247 8.399799999999999
13.955 8.6451
13.9969 8.5674
14.301999999999998 8.485899999999999
13.831000000000001 8.471100000000002
13.905000000000001 8.9538
13.547900000000002 8.765799999999999
13.630999999999998 9.168800000000001
14.590200000000001 9.0294
14.802500000000002 8.502200000000002
15.3589 9.1295
15.471000000000002 9.3828
15.273000000000003 9.218399999999999
15.114700000000003 9.0723
12.770099999999998 8.8106
14.070300000000003 8.669999999999998
13.683300000000001 8.603699999999998
13.8403 8.6634
15.475200000000001 9.4402
13.8533 9.9231
13.7336 9.4121
13.980999999999998 8.8063
15.207999999999998 9.0029
14.0908 8.776
16.337699999999998 9.205
13.8118 9.232299999999999
16.4295 9.260200000000001
16.39 9.2729
15.017 9.5216
15.543 9.315700000000001
14.054300000000003 9.314700000000002
15.556799999999999 9.0462
15.7631 9.2151
15.237 9.2586
14.224200000000002 9.2926
16.411 8.943900000000001
15.822000000000003 9.431399999999998
15.394499999999997 9.1398
15.604 9.1807
13.0937 9.032699999999998
15.506999999999998 9.1412
14.794199999999998 9.082399999999998
14.595899999999999 8.7818
14.0382 8.847900000000001
17.365 9.3033
14.812599999999998 9.3782
14.727 9.296600000000002
15.0157 9.0876
13.674500000000004 8.533699999999998
14.56 8.752699999999999
14.910699999999997 8.4692
14.318200000000001 8.7535
15.2524 8.730699999999999
16.6137 9.1445
14.571900000000001 8.643300000000002
13.5688 8.6201
14.981 8.782399999999999
16.2324 9.032
13.947899999999999 8.8264
15.901299999999999 8.5908
16.320999999999998 9.167800000000002
16.2747 9.0662
14.490300000000001 9.103
13.156800000000002 8.8424
14.3825 8.4975
16.520000000000003 8.988699999999998
16.858999999999998 8.9773
16.1038 9.0582
18.095 9.183100000000001
15.241 9.2463
15.207999999999998 9.168000000000001
14.987 8.811299999999997
15.016399999999999 8.9331
15.718000000000002 9.2439
14.397000000000002 8.8586
14.967 8.6545
14.41 8.8609
15.473 8.813500000000001
17.223 9.447700000000001
16.703 9.9196
16.825000000000003 9.4826
15.982000000000001 9.2631
15.845 9.030199999999999
15.616000000000001 8.9207
14.452900000000001 9.5026
14.2236 9.0723
13.867299999999998 8.985199999999999
12.7546 8.6198
13.2108 8.4773
13.7242 8.842500000000001
13.58 8.5494
11.5912 8.5025
11.341000000000001 8.418499999999998
13.777700000000001 8.5872
14.011999999999999 8.924400000000002
12.0568 8.624299999999998
13.225100000000001 8.8237
12.3435 8.9092
14.0554 9.0549
13.394 8.9811
12.368300000000001 9.0873
12.578999999999999 8.9011
11.8113 8.8614
14.950099999999999 8.841000000000001
