6.1378 34.741
6.111599999999999 34.744
6.1648000000000005 34.737
6.1673 34.737
5.8877999999999995 34.738
5.9436 34.767999999999994
6.293499999999999 34.762
6.183800000000001 34.76499999999999
6.0737000000000005 34.76899999999999
5.936400000000001 34.76499999999999
5.5305 34.762
5.81 34.76199999999999
5.6168 34.75899999999999
6.044300000000001 34.76499999999999
6.035500000000001 34.762
6.0739 34.772999999999996
5.8915 34.769
5.9782 34.762
5.800800000000001 34.76099999999999
5.8787 34.778999999999996
5.8622 34.757999999999996
5.9228 34.76099999999999
5.945300000000001 34.751999999999995
5.902900000000001 34.759
6.0287 34.757999999999996
6.1046 34.762
5.9989 34.766
6.0253 34.762
6.087600000000001 34.763
5.6809 34.772
5.2377 34.801
5.1082 34.766
5.8693 34.76299999999999
6.0391 34.759
5.9407000000000005 34.756
7.196099999999999 38.370599999999996
6.069299999999999 33.9791
5.7698 34.617
5.8568999999999996 34.742
5.8928 34.73
5.8726 34.727000000000004
5.894299999999999 34.737
5.7997 34.742
5.737000000000002 34.746
5.7789 34.739
5.770099999999999 34.746
5.7914 34.739
6.1108 34.739
6.060900000000001 34.739
6.042800000000001 34.739
6.183000000000001 34.742999999999995
6.1774000000000004 34.739
6.0209 34.736
6.133099999999999 34.739
6.0094 34.74
6.3237000000000005 34.736
6.135199999999999 34.742999999999995
5.768599999999998 34.736
5.701700000000001 34.742999999999995
5.489999999999999 34.74
5.6258 34.733999999999995
5.623 34.736
5.549200000000001 34.736
5.744700000000001 34.736
5.683500000000001 34.739
5.8106 34.736
5.9269 34.74
6.017799999999999 34.74
6.1593 34.74
6.3137 34.736
6.172699999999999 34.73899999999999
5.894100000000001 34.736
5.8347999999999995 34.74
5.7824 34.74
6.0408 34.736
5.8807 34.736
5.7708 34.74
5.682600000000002 34.736
5.951199999999999 34.736
6.117800000000001 34.736
5.923499999999999 34.74699999999999
5.9140999999999995 34.742
5.8798 34.74
5.720199999999999 34.736
5.6259999999999994 34.743
5.4872 34.74
5.612299999999999 34.736
5.506899999999999 34.736
5.5863000000000005 34.739
5.474299999999999 34.74
5.295599999999999 34.74
5.5456 34.74
5.764000000000001 34.736
6.0171 34.736
6.0914 34.736
5.818 34.743
5.89456 34.74
5.8598 34.733999999999995
5.767200000000002 34.737
5.721799999999999 34.737
5.5318 34.743
5.450300000000001 34.736
5.2967 34.739
5.200699999999999 34.736
5.7433 34.751000000000005
5.9974 34.743
6.299500000000001 34.74
6.173500000000001 34.74
6.073300000000001 34.743
6.017299999999999 34.74
6.188400000000001 34.739
6.2444 34.739
5.965699999999999 34.739
5.592700000000001 32.995999999999995
6.5539 34.086
5.8487 34.964999999999996
5.7456 34.746
5.935399999999999 34.739
6.0052 34.739
6.219999999999999 34.74
7.54982 38.25
6.7108 34.609
6.674160000000001 34.733000000000004
6.771979999999999 34.711000000000006
6.7556 34.714
6.456099999999999 34.711000000000006
6.235399999999999 34.71399999999999
5.72377 34.717999999999996
5.724000000000001 34.721
5.827400000000001 34.727000000000004
5.774000000000001 34.724
5.8951 34.717
5.9712000000000005 34.717
6.0495 34.717
5.9484 34.717
6.0847999999999995 34.715999999999994
5.8394 34.717
5.818599999999999 34.714
6.0351 34.717
6.1072 34.73
6.297699999999999 34.724
6.227200000000001 34.727000000000004
6.126899999999999 34.727000000000004
6.2748 34.72
6.2445 34.721
6.1097 34.724
6.1647 34.717
6.2233 34.721000000000004
6.0747 34.717999999999996
6.1244 34.723
6.0276 34.721
5.9588 34.73
6.028 34.73
6.199100000000001 34.72
6.1884 34.73
6.2002999999999995 34.724000000000004
6.2021 34.724000000000004
6.305300000000001 34.725
6.0884 34.721000000000004
5.965199999999999 34.724000000000004
6.105099999999999 34.737
6.2044999999999995 34.738
6.2555999999999985 34.730000000000004
6.325399999999999 34.733
6.298799999999999 34.733000000000004
6.3603 34.74
6.364700000000001 34.723
6.069999999999999 34.734
6.0331 34.731
6.290900000000001 34.734
6.352969999999999 34.731
6.553000000000001 34.73
6.2137 34.73
5.9291 34.734
5.784599999999999 34.721000000000004
5.7325 34.724
5.781619999999999 34.724
5.89143 34.724
5.9289000000000005 34.727
5.962999999999999 34.727
6.062500000000001 34.724
6.1 34.724
6.2691 34.731
6.3281 34.724
6.521599999999999 34.724
6.118 34.723
6.302600000000001 34.723
6.287400000000002 34.723
6.1916 34.726
6.084 34.723
5.9033 34.728
5.9551 34.737
6.1401 34.727999999999994
6.1213999999999995 34.717999999999996
6.171600000000001 34.724
6.109299999999999 34.724
6.282999999999999 34.724
6.2366 34.724
6.0634999999999994 34.724
6.216000000000001 34.724
6.4305 34.73
6.2629 34.721
5.9013 34.717999999999996
5.8932 34.711999999999996
6.0619 34.714999999999996
5.872599999999999 34.714999999999996
5.773000000000001 34.719
5.6359 34.708999999999996
5.5685 34.711999999999996
5.6959 34.715
5.758000000000001 34.714999999999996
5.9067 34.708999999999996
5.895299999999999 34.718
5.8814 34.714999999999996
5.848300000000001 34.721
5.925700000000001 34.714999999999996
5.823100000000001 34.711999999999996
5.7504 34.711999999999996
5.686400000000001 34.714999999999996
5.723000000000001 34.70799999999999
5.716600000000001 34.711
5.7449 34.70799999999999
5.830800000000001 34.70799999999999
6.010300000000001 34.711999999999996
5.8931 34.708
5.9251 34.711999999999996
6.0630999999999995 34.714
6.2348 34.711999999999996
6.021799999999999 34.707
5.9171 34.713
5.836200000000001 34.717
5.753699999999999 34.71
5.8708 34.707
5.9094 34.709999999999994
5.911999999999999 34.707
5.649300000000001 34.711
5.6078 34.714
5.7965 34.713
6.014 34.72500000000001
6.219900000000001 34.718
6.128400000000001 34.72500000000001
6.171 34.721000000000004
6.1049999999999995 34.724
6.044600000000002 34.714
6.1373 34.721000000000004
6.177899999999999 34.717
6.1099 34.714
5.863900000000001 34.713
5.832299999999999 34.713
5.993600000000001 34.71300000000001
6.1492 34.723
6.257 34.714000000000006
6.331499999999999 34.707
6.2151 34.704
6.2867999999999995 34.707
6.1251 34.71
5.919880000000001 34.71
9.208909999999998 47.425119
6.4964 32.9131
6.5154000000000005 34.799
6.270800000000001 34.71
6.246500000000002 34.712
6.055000000000001 34.705000000000005
6.2524999999999995 34.695
5.9977 34.701
5.9171 34.69800000000001
6.005200000000001 34.696000000000005
6.2066 34.683
6.4069 34.705
6.531200000000001 34.715
6.1016 34.714000000000006
6.250400000000001 34.712
6.348900000000002 34.70800000000001
6.2246999999999995 34.705000000000005
6.1143 34.708000000000006
6.273 34.705000000000005
5.948499999999999 34.705000000000005
6.0683 34.711000000000006
6.176900000000001 34.723
6.2832 34.708000000000006
6.3684 34.706
6.317999999999999 34.709
6.3942 34.715
6.4806 34.70300000000001
6.426500000000002 34.711
6.434100000000001 34.705000000000005
6.447200000000001 34.695
6.1031 34.69200000000001
