10.777199999999997 7.941599999999998
12.612599999999999 7.764500000000001
11.950800000000001 7.933800000000001
14.082700000000003 8.3506
12.100799999999998 7.9871
9.6342 7.7141
12.976500000000001 7.6331999999999995
12.8102 8.417000000000002
10.479400000000002 7.891900000000001
11.5678 7.8705
10.680399999999999 7.8872
11.2123 7.899400000000001
12.7693 8.444700000000001
14.0979 8.7444
13.137500000000003 8.4286
11.250800000000002 8.0382
14.164200000000001 8.3338
11.376800000000001 8.2974
12.447699999999998 8.3821
14.953200000000002 8.9366
10.9742 8.8649
12.925299999999998 8.6938
12.7443 9.047999999999998
13.070700000000002 8.293299999999999
13.4585 8.3763
13.778000000000002 8.719199999999999
12.165099999999999 8.3051
10.5574 8.1437
12.937999999999999 8.2939
12.662600000000001 8.3358
11.3215 8.351
13.300799999999999 8.4567
13.0734 8.7345
13.0101 9.2261
11.5611 8.7536
13.3748 8.5384
11.368200000000002 8.532899999999998
12.2228 8.1146
12.854199999999999 8.145900000000001
11.349899999999998 7.9057
14.713099999999999 8.1
12.5126 8.6743
13.1609 9.015399999999998
12.590399999999999 8.4925
12.7332 8.407
11.820900000000002 8.4428
11.5714 8.206199999999999
12.7092 8.2761
11.9157 8.308300000000001
12.837099999999998 8.4759
10.6647 8.363800000000001
11.1381 8.1992
12.042999999999997 8.391499999999999
11.5916 8.203199999999999
11.051999999999998 7.991799999999999
9.4535 7.3837
9.868599999999999 7.4782
10.270899999999997 7.5592999999999995
11.7082 7.7266
11.3649 7.8515
11.701699999999999 8.0734
11.480799999999999 8.223700000000001
13.4722 8.546100000000001
10.225 8.4185
9.5237 7.579199999999998
11.225100000000001 7.5379000000000005
12.126900000000001 8.177100000000001
12.929499999999999 8.9679
10.8322 8.5143
11.6949 8.123000000000001
11.78 7.9545
11.2248 8.199
10.909899999999997 7.945999999999999
11.275400000000001 7.692900000000001
12.786799999999998 8.516
10.073 7.901799999999999
11.564700000000002 7.7172
11.8015 7.926900000000001
14.150599999999999 8.901700000000002
13.013899999999998 8.8765
12.954699999999999 8.748800000000001
13.3103 8.3945
11.689400000000001 8.130400000000002
11.5588 8.389800000000003
12.360199999999999 7.9857
10.5624 7.9902
12.7147 8.1749
10.786500000000002 8.0246
10.7005 7.849200000000001
11.7323 7.8332
13.0722 8.2818
12.22 8.148800000000001
12.658999999999999 8.018500000000001
12.3665 7.8561000000000005
10.25 8.100200000000001
12.9743 7.8651
11.6785 7.964300000000001
11.2124 8.014800000000001
12.1904 7.994599999999999
14.0237 8.365499999999999
12.624000000000002 8.305
14.702500000000002 8.4104
15.4157 8.4474
12.992600000000001 8.120800000000001
13.6356 8.201600000000001
13.650300000000001 8.1757
12.590699999999998 7.8932
12.390600000000001 7.604799999999999
13.885 8.0749
16.9359 8.581900000000001
17.507 8.4537
16.09 8.5924
15.556299999999998 8.4969
14.3619 8.2457
16.7274 8.713999999999999
14.3063 8.4846
12.622 8.182400000000001
13.7498 8.127099999999999
16.590500000000002 8.472100000000001
16.061899999999998 8.6466
17.722 8.5465
16.4243 8.5699
13.151299999999999 8.0105
13.419900000000002 7.8415
14.882600000000002 8.4579
14.719000000000001 8.4189
13.2656 8.4286
14.639500000000002 8.2824
17.144999999999992 8.3746
16.2242 8.549999999999999
16.582 8.740400000000001
14.706999999999997 8.146599999999998
13.388900000000001 8.197
13.517300000000002 7.881200000000001
16.082 8.2183
13.194500000000001 8.2809
15.354000000000001 8.0877
15.506400000000003 8.223600000000001
18.605 8.5691
15.788999999999998 8.6005
15.496699999999999 8.3259
15.297000000000002 8.3792
13.0465 8.311300000000001
15.492999999999999 8.041200000000002
16.668000000000003 8.651700000000002
14.8045 8.4106
20.575 8.8281
17.94 9.5273
16.412 9.243000000000002
14.8578 9.045399999999997
16.011 8.8367
15.152000000000001 8.835700000000001
16.6441 8.5061
17.827899999999996 8.580099999999998
15.145 8.7557
15.1555 8.5346
23.817 9.56
19.668000000000003 9.6033
17.906 9.1009
16.256999999999998 8.6073
18.977 8.9567
20.034000000000002 9.3558
18.083 9.2986
18.397 8.5145
15.729000000000001 8.6729
19.012999999999998 8.6158
21.86 9.412299999999998
21.67 9.6497
19.103 9.5814
21.034999999999997 8.8563
24.793000000000003 9.4326
20.329 9.170400000000003
19.953000000000003 9.0531
19.363 9.0827
22.151 9.3547
22.488000000000003 9.4446
19.634999999999998 8.9598
21.236 8.7299
19.186 8.892999999999999
26.012 9.3686
24.002000000000002 9.998700000000001
22.911000000000005 9.6019
21.569 9.140500000000001
22.293 9.0849
22.154 8.929399999999998
19.13 8.635099999999998
23.419999999999998 8.971599999999999
21.354 9.124799999999999
23.093 8.834999999999999
28.682999999999996 9.4495
46.271300000000004 18.055000000000003
21.603 8.6562
19.695 8.5898
22.375000000000004 8.881400000000001
26.840000000000003 9.4254
21.928 9.9924
26.229000000000003 9.8024
21.578999999999997 8.8833
23.893000000000004 8.673300000000001
25.128 9.223400000000002
19.851000000000003 8.5916
21.348 8.869900000000001
21.994999999999997 8.5403
27.048 9.026399999999999
25.079 9.252500000000001
27.15500000000001 9.3399
22.124 8.930900000000001
22.500999999999998 8.7844
23.144000000000002 8.8646
19.684 8.4688
19.339000000000002 8.407
21.095999999999997 8.5783
21.122999999999998 8.7173
24.831000000000003 8.934099999999997
28.117000000000004 9.7
25.377 9.654900000000001
23.844999999999995 9.2101
20.814 8.6747
22.457 8.848600000000001
20.332 8.6288
21.008000000000003 8.8137
22.372000000000003 9.1245
28.291000000000004 9.366999999999999
25.568 9.2716
26.052354999999995 10.437899999999999
27.943999999999996 8.9267
22.418 8.956800000000001
22.797999999999995 8.997799999999998
23.213 8.902600000000001
22.7 8.9969
20.142 8.7516
21.587 8.7784
27.451999999999998 8.917399999999999
25.961000000000002 9.2807
27.212000000000003 9.236600000000001
25.266999999999996 9.082900000000002
25.33 9.2853
24.401999999999997 9.1905
24.497000000000003 9.1396
21.881 8.818900000000001
22.286 8.8952
23.749 8.9528
23.025 8.7126
25.102000000000004 8.9083
26.279000000000003 9.3966
21.476999999999997 9.315999999999999
23.393000000000004 9.1091
21.343 8.741299999999999
23.486 9.1317
20.595000000000002 9.0063
21.163 8.8482
20.537 8.6638
25.267 8.9551
24.570999999999998 9.0372
20.732999999999997 8.774600000000001
21.512 8.8756
21.384999999999998 8.5747
24.051000000000002 9.162600000000001
22.823999999999998 8.9886
20.447 8.7336
21.484 9.0839
23.994 9.1325
51.209 20.071800000000003
21.952 10.020299999999999
23.334000000000003 9.0864
23.395000000000003 9.321700000000002
23.699000000000005 9.4062
22.234000000000005 9.218699999999998
19.375999999999998 8.5772
19.541999999999998 8.6474
18.6383 8.2176
19.801000000000002 8.4114
22.29 9.2183
21.267999999999997 9.2143
21.65 8.912500000000001
20.605 8.8976
20.161 8.8592
17.116999999999997 8.4618
15.799999999999997 8.0437
16.0021 8.484699999999998
14.648599999999998 8.3421
22.046 8.765600000000001
17.671 8.9662
17.468700000000002 9.1318
17.366999999999997 9.1366
16.790999999999997 8.9991
14.937000000000001 8.5787
20.6971 8.7187
