13.767999999999999 10.2264
13.757 10.1977
15.771 10.2176
14.490999999999998 10.5921
14.104 10.7816
13.5565 10.082600000000001
12.7417 10.068299999999999
12.506 9.8172
14.1176 9.8556
14.4101 9.9551
14.467099999999999 10.543899999999999
12.6056 9.853399999999999
15.4063 10.3435
13.683499999999999 10.762599999999999
14.051799999999998 10.797899999999998
13.407 10.304300000000001
13.508000000000001 10.174000000000001
14.148999999999997 10.0675
13.043 10.226999999999999
11.852500000000003 9.9273
12.3667 9.6543
12.3203 10.1223
11.5756 9.770000000000001
13.941599999999998 9.8358
15.677999999999997 10.529399999999999
14.349899999999998 10.488900000000001
13.886999999999999 10.220500000000001
13.1556 9.6838
12.970299999999998 10.3199
13.2126 10.4855
14.574900000000001 10.1514
13.4198 10.1244
12.8343 10.0124
14.123099999999999 10.0566
12.9897 10.3047
13.5373 9.697
12.058100000000001 9.7734
14.565 9.844399999999998
13.3991 9.3701
14.840000000000003 9.8155
13.7778 9.765500000000001
15.207 10.3934
13.409 10.2559
13.320400000000001 10.2033
10.4576 9.7119
12.1375 9.3949
16.518 10.3641
13.165400000000002 10.3149
11.943999999999999 9.4907
14.4368 10.1521
11.572200000000002 10.9114
12.024899999999999 10.168800000000001
13.161000000000001 9.719700000000001
12.972900000000001 9.997499999999999
11.782199999999998 9.5945
14.2563 9.757299999999999
13.79 10.2972
12.939199999999998 10.6715
13.027700000000001 10.0823
13.394900000000002 9.8467
14.196200000000001 10.1883
12.0307 9.911900000000001
16.392 9.775500000000001
11.8683 9.7393
11.8112 9.138800000000003
10.874400000000001 9.1282
10.157399999999999 8.700599999999998
9.787600000000001 8.556700000000001
10.2137 9.693200000000001
9.896600000000003 9.522599999999997
9.6334 9.109200000000001
12.910000000000002 9.2254
10.2397 8.8675
11.2595 9.284699999999999
11.3317 9.4672
9.9662 8.983500000000001
11.447 8.7406
11.536700000000002 9.0078
10.5829 8.6898
10.8931 8.7061
14.126 9.249400000000001
14.458500000000003 9.6586
13.3277 9.909099999999999
12.2813 9.392999999999999
12.1905 9.197700000000001
12.8091 9.1758
13.819300000000002 9.9419
13.3989 9.7154
13.3999 9.7325
14.988999999999999 10.1115
15.324500000000002 9.9032
12.959999999999999 9.327200000000001
14.169299999999998 9.5454
14.149500000000002 10.155
15.0245 10.0891
14.680699999999996 9.6709
14.121999999999998 10.0249
13.858 10.201000000000002
15.418 9.970699999999999
15.322999999999997 10.0075
14.497000000000002 10.04
14.425000000000002 9.7907
14.8287 9.629900000000001
16.463 9.7745
14.7316 10.4304
14.003800000000002 9.8505
14.3982 10.0438
15.8266 9.7485
18.657000000000004 10.7771
16.996 10.629
16.067 10.0865
15.824 9.953499999999998
15.952 9.7756
15.283000000000001 10.050699999999999
17.238999999999997 10.596
18.359 10.909900000000002
16.954 10.7462
17.749 10.267
17.381 10.3047
16.949 10.261700000000001
16.726 10.091
15.981000000000002 10.313
17.140000000000004 10.491999999999999
13.275399999999998 9.7043
14.885100000000001 9.759400000000001
18.053 9.995300000000002
15.705 10.2727
16.888 10.0485
19.538 10.456999999999999
17.196700000000003 10.371699999999999
19.022 11.1791
16.578 10.739299999999998
17.44 10.106599999999998
14.768 10.0047
16.380999999999997 9.6759
19.468 10.7347
17.607 10.223799999999999
16.01 9.8709
17.305 10.081
16.854000000000003 10.053700000000001
18.376 10.101799999999999
16.288 10.355899999999998
15.885299999999999 9.541199999999998
17.879099999999998 9.8585
20.857999999999997 11.0473
18.14 10.665600000000001
16.274 10.1522
17.785999999999998 10.1827
17.994000000000003 10.101700000000001
17.385 9.836400000000001
16.182 9.741100000000003
15.244000000000002 9.379499999999998
17.720999999999997 9.5673
18.9029 9.9439
20.761 10.1734
18.876 10.1506
19.581 10.152099999999999
19.966 9.903399999999998
18.282999999999998 9.8885
14.594999999999997 9.6007
16.954 9.3986
17.915 9.1522
17.437 9.486099999999999
21.098 9.7369
18.817999999999998 9.894900000000002
18.325 10.073500000000003
19.715 10.3657
19.354 9.9483
17.804000000000002 9.8223
18.271000000000004 10.1394
18.008 9.956700000000001
21.401000000000003 9.8124
20.941999999999997 10.077200000000001
21.239 10.1182
20.785999999999998 10.004199999999999
20.292 10.334200000000001
22.156 9.994700000000002
20.718999999999998 10.2421
19.079 9.9014
20.056 10.0381
22.637 10.2434
20.027 10.0114
23.472 10.3469
23.491999999999997 10.5434
19.778000000000002 10.703
19.538999999999998 10.1223
22.177999999999997 9.953999999999999
19.905 10.1796
19.008999999999997 10.136099999999999
21.444 10.043199999999999
20.397 10.5078
19.610999999999997 10.4507
21.474 11.132
21.163999999999998 10.861700000000003
20.712999999999997 10.438799999999999
20.464 10.0843
21.299 10.550600000000001
21.375999999999998 10.969800000000001
22.512 11.109699999999998
26.639000000000003 11.3425
21.701 11.2487
21.798000000000002 11.3584
17.314 10.688500000000001
20.115 10.630900000000002
16.958000000000002 10.115800000000002
20.023 10.302200000000001
16.759 10.2383
20.466 10.327
24.918999999999997 11.431300000000002
20.255000000000003 11.1897
20.583000000000002 10.769599999999999
19.016 10.155800000000001
19.432000000000002 10.2299
19.289 9.7068
20.4 9.813600000000001
16.196 10.0756
18.869 10.065800000000001
18.795 10.132399999999999
20.296999999999997 10.2947
20.977 10.746
17.318 10.425899999999999
17.994999999999997 9.918800000000001
19.964 10.183399999999999
17.905999999999995 10.195899999999998
16.838 9.752999999999998
17.529999999999998 9.267900000000001
20.423000000000002 9.7816
19.521 9.9215
19.272 10.0413
17.738 10.297899999999998
16.259 9.777099999999999
15.904000000000002 9.8215
19.342 10.3035
15.307 9.9524
17.150000000000002 9.8883
17.276999999999997 9.6746
19.159 9.8682
20.421 10.165899999999999
18.040000000000003 10.001
17.723 9.8329
18.583 9.9542
20.525 10.416
15.571000000000002 9.8316
15.953999999999999 9.8512
15.473000000000003 9.979200000000002
20.247 9.8675
22.753 10.426899999999998
19.055000000000003 10.3742
18.555 9.9237
25.36 10.4861
22.895999999999997 10.750600000000002
20.632 10.742
18.923 10.651100000000001
19.695 10.3324
21.754 10.203599999999998
24.429000000000002 11.226799999999999
21.084999999999997 11.2437
18.016000000000002 11.0754
18.494999999999997 10.4648
16.738000000000003 10.266399999999999
16.389899999999997 10.7748
16.868999999999996 11.4869
16.1092 10.641900000000003
14.099699999999999 9.5987
19.708000000000002 10.3225
16.692 10.477900000000002
15.342 10.3927
14.265 10.101500000000001
17.7303 10.225199999999997
15.326999999999998 10.2994
14.9769 10.2569
13.144999999999998 9.5436
13.2469 9.375399999999999
16.059600000000003 9.6798
18.062 10.0219
14.213599999999998 9.942
13.452800000000002 9.6575
12.388900000000001 9.5452
11.308000000000002 9.453899999999999
13.181799999999999 9.1036
13.724799999999998 9.4924
11.5801 9.160300000000001
14.252400000000002 9.0259
15.1599 8.960600000000001
13.217699999999999 9.500499999999999
12.3279 9.4562
13.531099999999999 9.4941
16.4243 9.8444
