60.67999999999999 39.077
60.827 39.074999999999996
60.522 39.142
60.88099999999999 39.018
60.461999999999996 39.033
60.284000000000006 39.036
60.589000000000006 39.045
60.394999999999996 39.041000000000004
59.875 39.065
60.204 39.07
60.456999999999994 39.096999999999994
60.58 39.127
61.663000000000004 39.102999999999994
61.153 39.129999999999995
61.665000000000006 39.082
61.92100000000001 39.017
60.67600000000001 39.02499999999999
60.547 39.022
60.010000000000005 39.038999999999994
59.86899999999999 39.068999999999996
59.81899999999999 39.06100000000001
59.472999999999985 39.023
59.184000000000005 39.031
59.413000000000004 39.076
59.937000000000005 39.116
60.321000000000005 39.138
60.38299999999999 39.135
59.717 39.048
59.33400000000001 39.066
59.02799999999999 39.062999999999995
59.22299999999999 39.093
59.301 39.062
59.290000000000006 39.071
59.001999999999995 39.036
59.61500000000001 39.06099999999999
59.79 39.132999999999996
59.509 39.12599999999999
59.785 39.159000000000006
60.065999999999995 39.098
59.772000000000006 39.068000000000005
59.57199999999999 39.065
59.30800000000001 39.056000000000004
60.00299999999999 39.012
60.153 39.059000000000005
60.742 39.111000000000004
59.716 39.074000000000005
59.675 39.09
59.839999999999996 39.135999999999996
58.19499999999999 39.126000000000005
59.063 39.136
59.706 39.099000000000004
59.44199999999999 39.032
59.538999999999994 39.037
59.08899999999999 39.039
59.243 39.034
59.284000000000006 39.053
59.68600000000001 39.099000000000004
59.168 39.047
59.045 39.23699999999999
58.894000000000005 39.163000000000004
59.418000000000006 39.202999999999996
59.394999999999996 39.201
59.05199999999999 39.129000000000005
58.885999999999996 39.083
58.78300000000001 39.068
59.13599999999999 39.016
59.766999999999996 39.025000000000006
59.571 39.084
59.872 39.09
59.855999999999995 39.055
59.789 39.08
59.692999999999984 39.12599999999999
59.839 39.139
60.156 39.133
60.01 39.129000000000005
59.75999999999999 39.086000000000006
59.917 39.092000000000006
59.86899999999999 39.071
59.337999999999994 39.061
59.648 39.080999999999996
59.763999999999996 39.116
59.657000000000004 39.053
59.973 39.111999999999995
60.058 39.160000000000004
60.138999999999996 39.178
59.843999999999994 39.239999999999995
59.717 39.20199999999999
59.29599999999999 39.105000000000004
59.620000000000005 39.111000000000004
59.60099999999999 39.084
59.41 39.086999999999996
59.821000000000005 39.115
59.979000000000006 39.126
60.087999999999994 39.084
59.79699999999999 39.062999999999995
59.458999999999996 39.105
59.167 39.111
59.282999999999994 39.124
59.52 39.095
59.443999999999996 39.056999999999995
59.486 39.066
59.497 38.989
59.998 39.019
60.138999999999996 39.041
60.333999999999996 39.108
60.053 39.08
60.11399999999999 39.123999999999995
60.47899999999999 39.169999999999995
59.331999999999994 39.153
60.791 39.239000000000004
61.462 39.151
61.70100000000001 39.076
61.036 39.107
60.33900000000001 39.117000000000004
60.328999999999986 39.147
60.25600000000001 39.114
60.865 39.11900000000001
60.638000000000005 39.09000000000001
60.29 39.114999999999995
60.730000000000004 39.156
61.543000000000006 39.174
60.864000000000004 39.203
60.52799999999999 39.14900000000001
60.90800000000001 39.106
60.687000000000005 39.097
60.60099999999999 39.1
60.412 39.09
61.333000000000006 39.086
61.93300000000001 39.089
61.895999999999994 39.086999999999996
61.927 39.109
62.38499999999999 39.166
62.34299999999998 39.17400000000001
61.663999999999994 39.17
60.62700000000001 39.208
60.548000000000016 39.051
61.456 39.099000000000004
62.492999999999995 39.074999999999996
61.834999999999994 39.181000000000004
61.40899999999999 39.108
61.705999999999996 39.116
61.297000000000004 39.102000000000004
61.35999999999999 39.113
61.462 39.135
59.925 39.17700000000001
61.78699999999999 39.19
60.951 39.185
60.83200000000001 39.119
60.589999999999996 39.096
61.151999999999994 39.065
61.194 39.067
61.388 39.058
60.99300000000001 39.117000000000004
60.888000000000005 39.108000000000004
60.870999999999995 39.12
61.193 39.162
60.22099999999999 39.11900000000001
62.23799999999999 39.109
62.64000000000001 39.04600000000001
62.670000000000016 39.035
62.182 39.013999999999996
62.071999999999996 39.038999999999994
61.669999999999995 39.053999999999995
60.931999999999995 39.026999999999994
62.82299999999999 39.056999999999995
61.718999999999994 39.036
61.72 39.078
61.272999999999996 39.132999999999996
62.11599999999999 39.171
62.036 39.157000000000004
62.059 39.119
62.084999999999994 39.053
61.694 39.062999999999995
61.29799999999999 39.056
61.5 39.038000000000004
61.724999999999994 39.06699999999999
61.82300000000001 39.103
61.38400000000001 39.06
61.46999999999999 39.062000000000005
61.547999999999995 39.083999999999996
62.139 39.11300000000001
61.93700000000001 39.142
62.129 39.089
61.861999999999995 39.018
62.22599999999999 39.018
61.675999999999995 39.042
61.50699999999999 39.042
61.35499999999999 39.035999999999994
61.614000000000004 39.077999999999996
61.217999999999996 39.010999999999996
61.32299999999999 39.056
61.479000000000006 39.083
59.709999999999994 39.083
61.82200000000001 39.182
61.596999999999994 39.157000000000004
61.903 39.035
61.41399999999999 39.018
60.846999999999994 38.992999999999995
61.077999999999996 39.01199999999999
61.16799999999999 39.032
61.726000000000006 39.093
61.547 39.05
61.778999999999996 39.076
61.51000000000001 39.1
62.151 39.50699999999999
63.105 39.32
63.233 39.043
62.15200000000001 38.989000000000004
62.024 39.013999999999996
61.31000000000001 39.022999999999996
61.598 39.013000000000005
61.91199999999999 39.038000000000004
61.712999999999994 39.062000000000005
61.670000000000016 39.041
61.890000000000015 39.059999999999995
62.122 39.12699999999999
59.54999999999999 39.104
61.260999999999996 39.138999999999996
61.48199999999999 39.101
61.192999999999984 39.05
62.23800000000001 39.025
61.92500000000001 39.01
61.092 39.027
61.304 39.06099999999999
61.231000000000016 39.104
61.03399999999999 39.038
60.97999999999999 39.059999999999995
61.767 39.108999999999995
62.072999999999986 39.141
62.084999999999994 39.13399999999999
62.53000000000001 39.11699999999999
61.658 39.04099999999999
61.73599999999999 39.028999999999996
61.69999999999999 39.010999999999996
62.053999999999995 39.032999999999994
62.24999999999999 39.035999999999994
62.46999999999999 39.032
61.632999999999996 38.998999999999995
61.456 39.04
61.12 39.056
61.656 39.099000000000004
61.51 39.127
61.364 39.113
61.25999999999999 38.992
60.97899999999999 38.992
60.754999999999995 39.02099999999999
60.67700000000001 39.01
60.256 39.00399999999999
60.83900000000001 39.034
60.807 38.991
61.407999999999994 39.025999999999996
61.30500000000001 39.038
61.79899999999999 39.068999999999996
61.975 39.07799999999999
61.833000000000006 39.053999999999995
61.890000000000015 39.004999999999995
61.284000000000006 38.989
61.390000000000015 39.00300000000001
61.925999999999995 38.982
61.76699999999998 39.031
61.236999999999995 39.043
61.365000000000016 39.013999999999996
61.456 39.041
61.42700000000001 39.092999999999996
61.81700000000001 39.071
61.329 39.07899999999999
61.38900000000002 39.034
61.634 38.988
60.925 38.946
60.864000000000004 38.931
60.772000000000006 38.955999999999996
60.663999999999994 38.968999999999994
60.687000000000005 38.99999999999999
60.93200000000001 38.971
61.230999999999995 39.016
61.280000000000015 39.05899999999999
61.31100000000001 39.071
61.193 39.096
60.742999999999995 39.07
60.65600000000001 39.023
60.55300000000001 39.028
60.254 38.989
59.79199999999999 38.977
60.504000000000005 38.991
60.596 39.027
60.315 38.987
60.821999999999996 39.012
61.13799999999999 39.07899999999999
