14.441299999999998 11.3543
13.4759 11.0061
13.1399 10.6662
11.975299999999999 10.513699999999998
14.976299999999998 10.371
13.7515 10.539900000000001
14.3174 10.6771
13.8414 10.8791
13.566499999999998 11.0073
13.0418 10.802
13.602099999999998 11.9089
13.622700000000002 11.890899999999998
15.970999999999998 12.275099999999998
14.019199999999998 12.0693
12.8717 11.563899999999999
14.503000000000002 12.108300000000002
15.5671 13.0249
14.350300000000002 13.435999999999998
14.5588 12.4912
13.233600000000001 11.969999999999999
13.576300000000002 11.9014
14.1493 11.580400000000001
15.051 11.2848
12.3419 8.8351
12.3834 9.019
15.566999999999997 9.5294
15.826300000000003 10.079699999999999
13.978000000000002 9.601899999999999
13.769 9.465999999999998
12.569700000000001 11.1724
13.017000000000001 9.041999999999998
14.533000000000001 9.7034
14.479700000000001 9.8116
13.534799999999997 9.661999999999999
12.891999999999998 9.149700000000001
17.279 9.7463
14.445 9.8802
13.914100000000001 9.446299999999999
12.368799999999998 8.8961
13.454799999999997 9.275
15.3307 9.493900000000002
16.6104 9.8382
13.7513 9.902800000000001
12.956600000000002 9.436800000000002
14.9614 9.820899999999998
18.269000000000002 10.4967
14.962 9.8833
15.103799999999998 10.0987
15.709000000000001 10.155000000000001
13.782799999999998 9.8259
13.806900000000002 9.699100000000001
12.051799999999998 9.2037
12.584699999999998 9.1394
12.8581 9.468000000000002
14.216700000000001 9.674800000000001
13.408600000000002 10.0752
12.288400000000001 9.289200000000001
15.461699999999997 9.6554
15.195900000000002 7.639
14.327099999999998 7.6141
15.300199999999997 7.945100000000001
12.817300000000001 7.811400000000002
13.2749 7.9363
14.041 8.016000000000002
16.265 8.3067
13.549800000000001 7.944799999999999
11.9668 8.165800000000003
12.8283 7.756000000000002
12.3443 7.893800000000001
11.684800000000001 7.650299999999999
11.514599999999998 7.196
14.4346 8.497
13.208400000000001 9.7064
15.2442 9.8753
14.103000000000002 9.4663
14.779799999999998 9.6481
12.4589 9.782300000000001
12.6518 9.6352
12.627999999999998 9.4401
11.919599999999999 9.3139
10.759799999999998 9.2119
12.2459 9.014500000000002
16.3151 9.9205
14.496299999999998 10.575800000000001
13.6133 9.691100000000002
13.093100000000002 9.696
13.5243 9.4918
15.289 10.0908
13.478000000000002 9.5647
13.156 9.6016
15.158399999999997 9.8761
13.973799999999997 9.4488
19.704399999999996 10.2476
14.979899999999999 9.8439
15.527 9.8865
14.631 9.8435
16.973999999999997 9.948099999999998
14.932899999999998 9.738199999999999
13.879199999999999 9.5854
13.883999999999999 9.418800000000001
13.1523 9.2312
13.6962 9.1301
23.819000000000003 9.9006
20.401 10.9922
18.683000000000003 10.6779
18.829 10.7248
16.156000000000002 10.4738
15.412999999999998 10.3361
16.684 10.0741
13.489999999999998 9.733899999999998
13.966000000000001 9.492100000000002
18.985 9.973200000000002
24.442 10.8688
17.434 10.289700000000002
17.865000000000002 10.0983
19.361000000000004 10.069
15.340000000000002 9.798599999999999
17.637 10.136400000000002
16.628999999999998 10.500699999999998
14.274999999999999 9.948399999999998
17.093 9.3747
25.728 10.177800000000001
22.694 11.300400000000002
18.339999999999996 11.091400000000002
16.253 10.636800000000001
19.240000000000002 10.160400000000003
17.508300000000002 10.3026
16.8916 9.8797
17.0768 9.8089
16.264499999999998 9.6541
19.519000000000002 10.1988
24.647 11.113600000000002
20.448 10.9433
18.609 10.4164
18.485999999999997 10.0017
18.194 10.1221
16.16 9.781400000000001
14.778999999999998 9.524899999999999
18.802000000000003 9.5739
22.945 10.4365
21.998099999999997 11.1949
19.456 10.7689
17.915 10.319899999999999
20.265000000000004 10.3884
19.706000000000003 10.914
17.084 10.205300000000001
15.708999999999998 9.698799999999999
15.154 9.4118
19.903 9.7124
25.119000000000003 10.8632
19.014999999999997 10.5565
17.467000000000002 10.044
20.345000000000002 10.1638
16.352 10.0994
17.959 10.386899999999999
16.652 10.348
14.802000000000001 9.6324
19.491000000000003 9.8011
26.55 10.9626
24.478 11.2287
19.610000000000003 11.0522
20.544999999999998 10.838799999999999
20.724999999999998 11.018699999999999
17.698000000000004 10.1455
17.205000000000002 10.0847
15.254000000000001 9.5632
21.484 10.0239
26.729999999999997 11.083699999999999
27.374 11.631200000000002
21.323999999999998 11.0539
20.664999999999996 10.281600000000001
22.925 10.6765
20.624000000000002 10.633
18.028999999999996 10.3826
17.647 9.7806
19.312 10.0877
28.668 10.962900000000001
31.359 12.3256
25.327999999999996 12.0083
24.636000000000003 11.0483
21.548 10.7093
24.997999999999998 10.6738
22.121999999999996 10.7495
20.858999999999998 10.841
18.298000000000002 10.008299999999998
23.993 10.3893
26.624 11.0887
24.459 10.7971
22.602 10.581100000000001
21.344 10.480400000000001
23.175 11.0533
20.568 10.211
17.831 9.9185
21.896 10.3644
25.675000000000004 10.6307
27.003 11.185
23.82 11.285900000000002
24.603 10.777099999999999
25.619999999999997 10.9708
22.278 10.870699999999998
20.471 10.3409
18.17 10.004600000000002
19.325 10.1547
19.347 10.3
25.604000000000006 11.3248
26.318 11.1012
26.597000000000005 11.1786
23.078000000000003 11.2017
22.527 11.0073
19.032 10.7422
20.491 10.694900000000002
19.041999999999998 10.595300000000002
19.3 10.733900000000002
21.89 10.4694
20.408 10.3749
31.003000000000004 11.2066
21.905 11.8242
23.705000000000002 11.2707
18.645999999999997 10.426300000000001
18.804 10.9164
17.155 10.7731
19.417 10.626700000000001
19.493 10.6723
20.085 10.460600000000001
25.907000000000004 10.541400000000001
25.255 11.4981
23.205000000000002 12.2245
20.233999999999998 11.761999999999999
21.339 10.9117
18.082 10.448599999999999
24.070099999999996 12.1892
18.985999999999997 10.4494
19.753999999999998 9.865600000000002
21.612999999999996 9.831999999999999
24.276999999999997 11.106399999999999
23.817 10.6504
21.986 10.708699999999999
21.829 10.680299999999999
20.988 10.5404
19.36 10.385
21.800000000000004 10.466000000000001
22.496999999999996 10.740700000000002
20.798000000000002 10.502500000000001
22.817000000000004 10.478900000000001
23.037 10.318900000000001
23.697000000000003 10.940800000000001
20.764000000000003 10.9133
18.385000000000005 10.687999999999999
21.002 10.626
22.012999999999998 11.2381
19.238999999999997 10.3672
22.943 10.6338
22.673 10.951700000000002
21.240000000000002 10.8304
23.352 10.931500000000002
21.677000000000003 10.9369
17.666999999999998 10.559399999999998
17.459000000000003 10.191299999999998
19.857999999999997 10.0603
19.646 10.3434
23.29 10.520499999999998
20.478999999999996 10.247200000000001
22.516 10.6573
19.674 11.2218
16.729000000000003 10.0878
21.055 10.2906
16.536 9.7512
16.514 9.8461
16.977 9.728100000000001
20.623 10.032899999999998
20.144000000000002 10.697300000000002
15.450999999999999 9.965499999999999
15.120000000000001 9.873999999999999
15.645000000000003 9.867999999999999
15.465000000000002 9.6362
18.473 9.9812
16.941000000000003 10.1522
14.970600000000003 9.6774
15.564 9.5432
17.810000000000002 9.8818
16.151500000000002 10.166400000000001
14.5109 9.873999999999999
15.756800000000002 9.745
14.498299999999997 9.5414
17.884099999999997 9.9134
16.120800000000003 10.008000000000001
15.853200000000001 9.7494
13.2653 9.4036
