25.718639999999994 63.855500000000006
24.48113999999999 62.61080000000005
24.07527 62.294200000000046
24.37132999999999 63.18630000000005
24.942799999999988 62.903700000000015
24.234449999999985 62.730399999999996
24.68762000000001 63.05090000000002
24.82397 62.74420000000004
23.81762999999999 62.675100000000015
24.34350000000001 62.90250000000006
24.64130999999999 62.924000000000014
24.45936999999998 62.72030000000001
24.05599 62.539000000000044
24.46468999999999 63.01280000000007
25.233969999999978 62.75450000000007
24.99948999999999 62.45560000000005
24.8768 62.258800000000036
23.603279999999994 61.509400000000014
23.664479999999983 61.72150000000004
23.568669999999987 62.2084
24.710449999999977 62.35590000000006
25.23642 62.04580000000005
24.19276999999999 62.215500000000056
24.458849999999988 62.386800000000044
24.93469999999999 62.22460000000002
25.103470000000012 62.46960000000003
26.252229999999994 62.98020000000001
26.64629 62.73050000000006
24.57108999999998 61.42580000000005
24.77795000000001 62.60250000000001
24.052270000000007 62.19330000000003
25.329879999999992 61.32790000000008
26.251029999999997 63.008700000000005
25.21967999999999 62.95849999999999
25.647979999999997 63.05590000000003
26.298619999999996 63.02550000000004
26.085760000000008 62.8315
25.422829999999998 63.02140000000003
25.685799999999986 62.51500000000001
25.21795999999999 61.78550000000003
24.96654999999998 62.04610000000004
23.78907 61.708700000000064
22.97343 60.81860000000001
22.890210000000003 60.72380000000004
22.686599999999977 60.85680000000008
24.69179999999999 60.976000000000056
24.540549999999996 61.00840000000005
23.456709999999983 60.88510000000006
23.007509999999993 60.93070000000003
21.768049999999988 60.72060000000003
20.089070000000003 58.703499999999956
20.83717999999999 58.67229999999998
20.877149999999997 58.670099999999984
20.55383999999999 58.64079999999995
19.89953999999999 58.39810000000001
20.224819999999983 58.440999999999946
19.50268 58.094499999999925
19.65701 57.92059999999994
19.715170000000004 57.896599999999985
18.915960000000005 57.5102999999999
18.313279999999995 57.13319999999996
17.499340000000018 56.964699999999965
17.378689999999995 57.063399999999945
17.246319999999997 56.79479999999997
17.270170000000007 56.68779999999999
18.190090000000005 56.320100000000004
17.52185000000001 56.17209999999998
16.874710000000004 56.04000000000001
16.617970000000007 55.80410000000001
15.893830000000001 55.61840000000008
16.55438000000001 55.25050000000002
16.54845 54.77450000000002
15.781279999999997 54.92920000000002
15.417549999999999 54.58630000000003
15.054509999999995 54.631200000000035
14.028720000000003 54.29060000000001
13.871160000000007 54.252900000000025
13.733740000000004 54.223900000000015
13.597220000000002 54.0864
14.17196000000001 54.295399999999994
13.777480000000006 54.317400000000006
13.29959999999999 53.444400000000016
13.323430000000002 52.904799999999994
13.53194000000001 52.75097999999999
12.933149999999996 52.86310000000005
13.221570000000002 52.3626
12.161669999999992 52.47780000000001
11.419070000000003 51.77480000000001
12.671650000000003 51.880799999999994
12.356289999999994 51.710599999999985
11.356399999999997 51.444400000000016
11.906820000000002 51.88150000000002
12.556249999999999 52.9881
12.043470000000003 52.35070000000004
12.135950000000003 52.66640000000004
11.740169999999999 52.223
12.387140000000004 52.26360000000001
12.07291 52.19919999999999
11.613000000000005 51.93700000000001
10.785559999999993 51.22779999999999
11.069280000000003 51.411199999999994
10.018240000000004 50.709700000000005
9.728230000000003 50.32870000000001
10.104670000000002 50.109899999999975
10.158149999999997 50.14860000000001
10.688630000000002 50.03639999999998
10.305309999999997 49.84899999999997
9.46204 49.5348
9.329349999999996 49.38379999999998
9.108299999999998 49.111
9.372780000000004 49.03831999999996
8.943349999999995 49.1534
10.012710000000006 49.188499999999955
9.496760000000002 49.24600000000001
8.82655 49.00970000000001
8.852170000000001 48.92310000000002
8.736349999999998 48.75970000000001
8.828980000000007 48.69649999999999
8.818539999999992 48.831599999999945
8.810450000000003 48.700700000000005
8.706800000000001 48.3595
9.631070000000005 48.43289999999997
9.830549999999999 48.54109999999998
9.315479999999999 48.7067
9.901559999999996 49.024499999999975
10.089669999999995 48.906499999999966
10.069550000000005 48.99099999999997
10.161619999999994 49.037499999999966
9.81341 48.99369999999996
9.296460000000009 49.00929999999999
9.09282 48.962399999999974
8.932809999999993 48.82239999999999
8.993169999999994 48.83879999999997
9.138410000000006 49.11749999999998
9.391379999999998 49.26499999999999
9.271220000000007 49.293199999999956
9.66496 49.57439999999996
9.82687 49.9459
9.553989999999999 49.73689999999999
9.661680000000002 49.54869999999998
10.171299999999995 49.833499999999965
10.07591 49.68619999999994
10.498709999999992 50.44649999999997
10.237779999999992 49.86969999999999
10.825460000000001 50.014599999999966
11.413660000000002 50.100599999999964
11.907250000000001 50.22979999999998
11.805959999999995 50.19509999999995
11.278669999999995 49.8382
11.18632 50.1143
10.340879999999995 49.37019999999997
10.687070000000004 49.473199999999984
11.007859999999994 49.53089999999997
11.550779999999996 49.767399999999974
11.889029999999998 49.96409999999999
11.579810000000004 50.07069999999999
11.782309999999997 50.44369999999998
12.269229999999991 50.769900000000014
12.251809999999995 51.0355
12.553139999999999 51.23659999999997
13.06576 51.55360000000003
13.157879999999993 51.6913
12.6547 51.88080000000001
14.029730000000004 53.11790000000003
13.34861999999999 52.72640000000003
13.559180000000005 52.737299999999976
13.96676 53.17820000000002
14.991069999999992 53.699200000000026
15.25442 53.64130000000004
15.234740000000016 54.023200000000045
15.137350000000001 53.80950000000002
15.715549999999997 54.375100000000046
15.046810000000004 53.57780000000007
15.191049999999997 53.780900000000045
15.860990000000008 53.88289999999999
16.62667999999999 54.36540000000003
16.495530000000002 54.182300000000026
16.233350000000005 54.16320000000003
16.246439999999993 54.05260000000003
16.29793 54.16370000000003
17.133629999999993 54.064800000000005
16.898979999999998 53.90877999999999
17.073330000000002 54.35700000000002
18.070170000000008 54.5589
17.52072 54.77340000000004
16.960530000000016 54.76430000000002
17.10268 54.80189999999998
17.419569999999997 54.83590000000004
18.574810000000003 55.095500000000044
17.542830000000002 55.35820000000001
17.267269999999996 54.99940000000001
17.405730000000002 55.315799999999946
17.223599999999994 55.27980000000006
17.60152 55.491200000000006
17.806679999999997 55.60089999999999
19.415100000000002 57.211299999999945
18.11600000000001 56.14419999999998
18.233109999999996 55.81739999999999
18.11161000000001 55.838999999999984
18.163089999999997 55.77339999999995
19.261549999999986 55.914499999999975
18.998510000000003 56.22820000000001
18.634519999999988 56.314799999999984
18.436300000000003 56.291699999999956
18.507819999999995 56.34909999999997
18.29730999999998 56.30469999999998
19.16913999999998 56.33729999999994
19.053639999999998 56.31609999999999
19.058300000000013 56.530199999999965
19.135450000000002 56.76559999999999
18.926430000000003 56.59379999999998
19.33142000000001 56.65639999999996
20.260870000000004 56.63559999999996
20.14405 56.82459999999995
19.77358000000002 56.83029999999998
20.052120000000002 56.9269
19.966479999999983 56.75930000000001
19.57006 56.778199999999956
20.00708 57.16119999999996
20.48988999999999 57.36709999999994
19.87888999999999 57.239099999999965
19.80396000000001 57.249099999999984
19.71680999999999 57.24779999999997
20.059120000000004 57.425699999999956
20.163910000000005 57.33319999999994
20.541079999999994 57.36719999999994
20.97585000000001 57.552599999999956
21.405229999999996 57.659299999999966
22.466209999999972 57.63079999999997
21.67692999999999 57.58049999999994
21.05942 57.49720000000001
20.879100000000015 57.66319999999995
20.37429000000001 57.65849999999997
20.87229 57.839599999999955
20.891830000000013 57.76749999999996
21.653129999999994 57.89819999999997
22.78332 58.416100000000014
22.45838 58.39219999999998
22.492360000000016 58.31990000000001
22.507679999999993 58.21099999999999
21.458389999999998 58.151799999999945
21.424930000000003 58.147499999999965
21.467839999999992 58.236299999999986
22.17421999999998 58.33559999999998
22.1185 58.348999999999975
21.611829999999998 58.332199999999986
21.804940000000016 58.49510000000001
22.1352 58.704700000000024
22.741049999999998 58.91960000000004
24.345809999999986 58.88509999999998
22.58742999999999 58.82049999999995
22.465560000000007 59.094199999999994
22.610159999999986 59.11450000000003
22.79657 59.22639999999999
22.683880000000006 59.240499999999976
22.89662999999999 58.965299999999985
23.02932999999999 59.0018
23.028169999999992 59.245000000000026
23.42224999999998 59.55119999999995
22.469379999999983 58.99149999999999
22.58138 58.9288
24.687659999999994 59.03309999999996
25.07735999999998 59.2789
24.693709999999992 59.13370000000001
23.50106000000001 58.74770000000004
22.706059999999997 59.0807
22.189709999999994 58.91189999999996
22.131879999999985 58.99370000000008
22.048350000000006 59.05819999999999
22.232269999999982 59.479199999999985
21.769579999999998 59.229900000000015
21.900500000000008 59.24209999999995
21.845869999999998 59.18999999999996
22.197680000000005 59.33839999999997
22.066560000000003 59.25199999999998
22.362439999999985 59.37259999999998
22.12829999999999 59.25220000000001
22.336409999999994 59.206199999999995
22.303079999999998 59.49540000000003
22.02883999999999 59.45830000000003
22.397029999999983 59.76039999999996
22.75054 59.52370000000003
22.949849999999977 59.74590000000002
23.715959999999992 60.014099999999985
23.59219999999999 59.99670000000006
24.039440000000003 60.119700000000066
23.817619999999987 59.606400000000015
23.890409999999992 59.94240000000003
