26.8038 62.28350000000007
27.640549999999976 62.880900000000054
27.71701 63.08230000000007
28.248330000000006 62.87220000000011
28.33140999999999 62.97570000000009
29.45418 62.78660000000007
29.763530000000003 63.11640000000003
28.611450000000005 63.02660000000003
28.14494999999999 62.550300000000036
29.103890000000003 63.198400000000035
30.775850000000005 62.785700000000055
29.93099000000002 62.22800000000005
29.64469999999999 62.402580000000064
28.432550000000006 61.90310000000008
28.475059999999992 62.0581000000001
28.382739999999995 62.168100000000024
28.319959999999995 62.28640000000003
28.127840000000003 62.419300000000035
27.710589999999996 62.27520000000006
27.64458999999999 62.48630000000009
28.37864000000001 62.77830000000005
28.484669999999994 62.603300000000026
29.08467999999999 63.033300000000025
28.401989999999987 62.55890000000007
27.632419999999964 62.411900000000074
27.646809999999995 62.31370000000006
27.85668000000001 62.68510000000009
27.827290000000005 62.93490000000006
27.810189999999995 63.093700000000055
27.854969999999994 62.93930000000002
27.915069999999993 62.843200000000046
29.026909999999983 63.00480000000005
27.89030000000001 62.711500000000086
31.178599999999978 62.89780000000009
28.313590000000012 62.524700000000045
27.104769999999984 62.39920000000008
27.93302999999998 62.46160000000005
27.955949999999994 62.34712000000009
29.018579999999982 62.41100000000005
29.739539999999998 62.02050000000008
29.445420000000013 62.046500000000094
29.28077000000002 62.16390000000005
28.19296 62.159200000000034
27.37722999999999 61.78130000000009
26.025530000000007 60.96330000000004
25.364959999999996 60.612000000000045
24.546309999999988 60.39130000000002
23.767699999999977 60.09220000000002
24.716569999999997 59.524899999999946
24.436679999999996 58.92349999999998
22.814419999999995 59.04780000000001
23.26594999999999 58.74869999999996
22.52930000000001 58.24249999999998
22.638219999999986 58.02299999999997
21.944399999999998 57.522899999999936
20.802059999999994 56.519999999999996
19.951939999999997 56.54790000000002
19.192110000000014 56.092600000000004
19.270969999999995 55.85140000000004
19.807029999999987 55.97110000000001
20.224779999999985 55.91159999999999
20.451260000000005 56.0095
20.255480000000002 55.65800000000001
18.88044000000001 55.423000000000044
18.781329999999993 55.57720000000004
18.32102 55.112200000000065
17.843899999999998 54.654400000000095
17.720739999999996 54.366800000000026
18.352640000000005 54.390300000000046
17.0406 54.05200000000002
16.300830000000005 53.79750000000006
16.037079999999992 53.334799999999994
16.059339999999995 53.3929
15.359680000000008 52.91109999999999
15.286890000000009 53.02039999999999
15.056239999999994 52.900959999999976
14.690980000000003 52.72939999999997
15.60861 52.48369999999999
14.792370000000002 52.0555
14.034229999999996 52.06569999999999
13.681500000000002 51.873400000000004
13.724770000000003 51.89659999999996
15.299820000000008 52.44219999999999
16.14053999999999 52.780800000000006
15.414310000000006 52.02009999999999
15.45362999999999 52.2071
15.11726999999999 51.511099999999985
14.445419999999999 51.226699999999994
13.423010000000005 50.86400000000001
12.508150000000004 50.280400000000014
12.828040000000005 50.18929999999996
12.390100000000011 50.34750000000001
12.23778 50.3054
12.649279999999994 50.28250000000003
11.724070000000003 49.57839999999998
11.721480000000007 49.42733999999997
11.339939999999995 49.30959999999994
10.72594 49.16829999999995
11.40969999999999 49.13459999999992
10.861769999999998 48.97459999999996
10.572010000000006 48.90429999999997
10.508539999999995 48.85479999999994
10.820409999999997 48.95619999999996
10.495379999999994 49.17799999999994
10.849510000000002 48.80509999999997
11.789779999999993 49.60269999999996
11.534839999999997 49.194699999999955
11.562309999999993 49.04549999999999
11.182720000000002 48.76469999999997
11.375749999999995 48.77649999999998
11.676629999999989 49.246499999999976
11.259609999999999 48.90439999999996
11.358269999999996 49.30679999999995
11.17183 49.005599999999966
11.589699999999997 48.42729999999999
10.656910000000002 47.70520000000002
10.722710000000001 48.313099999999984
10.642970000000004 48.426799999999965
10.224059999999996 48.45739999999997
10.491020000000002 48.16309999999997
10.554219999999995 48.211599999999976
10.60758 48.41729999999994
11.423179999999999 48.543599999999955
10.885590000000004 48.54459999999995
10.464109999999994 48.763399999999955
10.748619999999995 48.92569999999996
11.043019999999995 48.59179999999996
11.286739999999988 48.12729999999996
23.94960999999999 48.16309999999998
12.387009999999995 48.922709999999974
12.255719999999998 49.24989999999997
11.760660000000007 48.304999999999986
11.17868 48.20269999999999
11.550419999999995 48.71099999999994
11.859740000000002 49.27939999999997
12.107599999999993 49.56911999999998
12.331650000000002 49.84879999999998
12.459909999999999 49.99400000000003
12.46095 50.29319999999996
12.455709999999995 50.0145
13.215399999999994 50.38819999999997
12.521959999999998 50.14510000000002
12.81915 50.53100000000005
13.401220000000002 50.98900000000004
13.564320000000004 51.064100000000025
13.951870000000003 51.44209999999997
14.111909999999991 51.687799999999974
14.72882000000001 52.0529
14.64518999999999 52.144099999999995
15.143989999999995 52.634029999999996
14.892159999999999 52.25439999999999
15.532490000000006 52.783300000000025
17.060910000000007 53.33330000000004
17.121570000000002 53.78880000000004
17.144019999999998 54.15360000000005
17.608600000000013 54.441900000000054
17.42196000000002 54.29630000000007
18.28003000000001 54.803000000000054
19.23672000000001 54.950800000000044
19.66715 55.16160000000002
18.941319999999994 55.37910000000005
19.633659999999985 55.98549999999995
20.239139999999985 55.77580000000001
21.23529 55.96229999999998
21.352140000000002 56.1464
22.010789999999993 56.81769999999992
22.63131 57.247599999999956
22.577569999999998 57.33589999999994
23.140939999999993 57.4414999999999
23.33764999999999 57.44589999999998
23.79495999999999 57.96809999999998
23.754669999999987 58.240499999999926
24.342059999999993 58.709099999999935
24.353770000000022 58.91229999999994
23.459479999999992 58.57759999999994
23.514669999999988 58.66399999999995
23.84997999999999 58.91139999999997
24.984629999999992 58.57389999999996
25.667589999999983 59.3982
25.467259999999975 59.79799999999997
24.7282 59.22089999999998
25.455289999999998 59.945300000000046
26.018789999999996 60.74950000000007
26.248089999999998 61.026800000000094
26.708339999999986 61.258000000000024
27.203810000000004 61.44570000000004
26.79019999999999 61.73140000000007
24.69436999999999 60.08759999999999
25.967510000000015 60.50630000000001
26.35751999999998 61.179800000000064
26.61311999999998 61.529300000000035
26.98336999999999 61.27370000000006
27.201439999999984 61.22940000000009
27.66833000000001 61.07480000000006
27.948100000000004 61.23340000000004
27.89951 61.38740000000005
26.931110000000007 60.861600000000024
27.134570000000004 61.21860000000001
27.124799999999983 61.24820000000004
27.579350000000012 61.92650000000015
28.085620000000013 62.118700000000096
27.63869999999998 61.77400000000007
29.54813000000001 61.9818000000001
29.03897000000001 62.00880000000004
27.381339999999987 61.634700000000066
27.425939999999986 61.67860000000003
27.963059999999995 61.65860000000005
28.213659999999983 61.990600000000065
29.565800000000014 62.283800000000056
30.343840000000004 62.11560000000006
29.744440000000004 61.998900000000035
29.908110000000004 62.2042000000001
30.37973 62.45310000000007
30.15805000000001 62.808700000000094
29.716059999999988 63.046200000000056
29.511179999999985 62.84430000000009
29.31139999999998 62.76130000000008
29.84916000000001 62.90620000000011
30.835069999999977 63.13460000000005
32.20346 63.07350000000005
32.608709999999995 63.51320000000001
32.343140000000005 63.33160000000002
32.22783000000002 63.367300000000014
32.14501 63.322
31.82162 63.46080000000003
31.775790000000004 63.25420000000005
31.63444 63.189300000000074
31.23037 63.074900000000056
31.64820000000002 63.40280000000001
31.15423 63.00210000000005
30.73473000000001 62.887200000000064
30.67429000000002 62.773400000000045
31.149729999999998 63.27900000000003
32.37949999999998 64.30249999999995
32.82082 64.55589999999994
33.27280000000001 64.44539999999995
33.465559999999996 64.57519999999995
34.047999999999995 64.81139999999994
34.39800000000001 65.40949999999992
34.199699999999986 64.84799999999994
33.93286000000002 64.77069999999993
33.75965999999998 64.99429999999994
34.1173 65.16099999999987
34.643900000000016 65.24379999999988
34.37568000000002 65.25579999999994
33.935580000000016 64.45209999999993
33.389220000000016 63.51460000000001
32.63620000000002 64.51829999999998
32.53703 64.73769999999993
32.358599999999996 64.53589999999994
32.33968000000001 64.27529999999994
33.23889000000001 64.23979999999995
31.75102 64.29849999999998
30.884500000000003 64.1154
30.964549999999992 64.02279999999998
31.189239999999995 63.90239999999998
31.228679999999997 63.80620000000003
31.77487 63.971900000000026
32.16855 63.795500000000004
33.396799999999985 63.6998
32.97330000000001 63.9115
32.565059999999995 64.27039999999998
31.161299999999997 64.1978
31.14872 64.28219999999999
31.35385999999999 64.94479999999992
31.625350000000008 65.08219999999993
31.31678 65.10909999999993
31.16095 64.97519999999992
31.109659999999987 64.97709999999992
31.335779999999996 65.00659999999992
30.590760000000007 64.3802
30.60156 64.04959999999998
30.47065000000001 64.01391999999997
31.77218000000001 64.60059999999993
32.57071000000003 63.93859999999998
31.364320000000024 63.895
31.379710000000017 64.29409999999993
30.12047000000001 63.6945
29.57296000000002 63.41199999999997
28.495299999999972 63.186200000000014
30.35313999999999 63.19110000000004
30.450959999999988 63.920800000000014
30.387900000000005 63.36500000000006
29.85421999999999 62.88290000000003
30.017140000000005 63.24270000000005
29.563059999999986 63.064400000000035
29.344920000000013 62.95430000000006
30.387199999999996 63.55070000000001
