67.634 10.584999999999999
67.88400000000001 10.5707
66.96799999999999 10.5491
65.94000000000001 10.5774
63.76199999999999 10.5334
64.57000000000001 10.5501
65.24799999999999 10.527600000000001
67.596 10.5048
68.45000000000002 10.5935
67.12200000000001 10.528699999999999
68.422 10.5131
67.77 10.5462
67.43299999999999 10.578200000000002
67.41 10.533200000000003
66.914 10.5369
68.00899999999999 10.615499999999999
66.83200000000001 10.5895
65.23499999999999 10.5447
66.936 10.546
65.949 10.484200000000001
65.938 10.5078
66.75099999999999 10.533000000000001
66.796 10.524899999999999
67.68900000000002 10.543799999999997
68.689 10.5959
68.279 10.5591
67.93599999999999 10.5902
66.646 10.588099999999999
66.77099999999999 10.642399999999999
67.12800000000001 10.5966
67.461 10.621599999999997
66.905 10.570999999999998
66.70400000000001 10.521499999999996
67.229 10.520800000000001
68.391 10.588699999999998
68.90300000000002 10.646799999999999
69.82499999999999 10.649799999999999
68.26 10.648800000000003
68.896 10.723199999999999
67.51899999999999 10.894100000000002
66.357 10.7765
65.91999999999999 10.7621
66.739 10.793999999999999
67.52600000000001 10.799800000000001
66.654 10.792499999999999
65.973 10.6613
65.15199999999999 10.5546
63.805 10.5011
63.551999999999985 10.5172
65.43299999999999 10.546000000000003
64.213 10.5134
64.55 10.5477
64.485 10.5323
64.431 10.5492
64.14599999999999 10.602400000000001
63.70500000000001 10.718399999999997
62.323000000000015 10.597000000000001
62.959999999999994 10.536900000000001
61.87600000000001 10.543000000000001
62.525999999999996 10.529900000000001
62.766999999999996 10.533199999999999
61.417 10.5216
62.960000000000015 10.498
62.678 10.5177
62.009 10.5041
62.29599999999999 10.478900000000003
62.916000000000004 10.4797
62.142999999999994 10.462900000000003
62.02999999999999 10.4689
62.91200000000001 10.472100000000003
62.526 10.4783
61.68899999999999 10.4583
61.485000000000014 10.4802
62.353000000000016 10.4432
63.25599999999998 10.470500000000001
62.08 10.4905
59.558000000000014 10.462
58.589999999999996 10.4112
59.00300000000001 10.4049
57.99500000000002 10.4567
57.667 10.424099999999997
59.689 10.446100000000001
59.938 10.4264
59.644000000000005 10.4026
59.96800000000001 10.4737
60.162000000000006 10.472599999999998
60.019 10.4346
59.38100000000001 10.4271
59.387 10.417099999999998
59.595 10.4685
60.324 10.4544
59.94199999999999 10.4284
59.694 10.4512
60.004999999999995 10.4157
59.117999999999995 10.4471
58.15899999999999 10.35
58.762 10.3042
59.23400000000001 10.3457
59.19500000000001 10.4332
59.009 10.5254
58.019 10.530699999999998
57.56500000000001 10.445899999999996
58.47599999999999 10.394099999999998
59.196000000000005 10.353299999999996
60.866 10.395199999999999
59.821999999999996 10.443
59.629999999999995 10.398100000000001
59.34400000000002 10.4485
60.37300000000001 10.4163
58.355999999999995 10.368500000000001
57.963 10.350000000000001
58.62499999999999 10.405600000000002
59.46800000000001 10.378900000000002
59.73599999999999 10.3996
59.753000000000014 10.431299999999997
59.46600000000001 10.460600000000001
60.144000000000005 10.3941
59.66499999999999 10.443299999999999
59.377 10.458900000000002
59.938999999999986 10.431
60.46699999999999 10.5474
59.70700000000001 10.448599999999999
59.985 10.5742
59.165 10.481000000000002
60.306000000000004 10.5566
59.56 10.6142
59.57300000000001 10.558199999999998
61.791 10.576
60.89300000000001 10.4606
60.227999999999994 10.408000000000001
59.46600000000001 10.3765
60.90900000000001 10.3928
60.858000000000004 10.437199999999999
61.084 10.5268
58.211 10.467600000000001
59.02 10.402000000000001
58.10900000000001 10.372099999999998
58.046 10.3265
59.091000000000015 10.4164
57.992 10.4064
58.40299999999999 10.314799999999998
59.309 10.3523
58.364000000000004 10.405600000000002
59.89700000000001 10.5071
58.910000000000004 10.413300000000001
59.29599999999999 10.437599999999998
59.108 10.491099999999998
60.846999999999994 10.495899999999999
59.389 10.4606
59.937000000000005 10.424300000000002
58.975 10.375
59.28600000000001 10.3797
59.252 10.391200000000001
60.50699999999999 10.409600000000001
60.435 10.452400000000003
61.01999999999998 10.482900000000003
62.163999999999994 10.4878
65.36300000000001 10.543099999999999
64.30799999999999 10.5919
63.64500000000001 10.6583
62.9 10.638300000000001
63.56300000000002 10.694299999999998
63.523999999999994 10.582800000000002
64.359 10.5867
64.375 10.6566
64.617 10.623700000000001
64.12400000000001 10.607100000000003
64.647 10.6065
66.78900000000002 10.665700000000001
67.37699999999998 10.693999999999997
66.53799999999998 10.688100000000002
68.05000000000001 10.651399999999999
67.062 10.762599999999999
69.022 10.668199999999999
69.714 10.7176
70.27600000000001 10.6695
70.02900000000001 10.627
71.15399999999998 10.6415
70.338 10.8413
67.891 10.7565
69.038 10.7133
68.803 10.6528
69.25699999999999 10.720099999999999
69.288 10.650499999999997
69.58899999999998 10.714799999999999
70.801 10.8987
68.85699999999999 10.7636
70.00699999999999 10.82
67.21 10.7698
72.28900000000002 10.879299999999999
71.59999999999998 10.9154
71.84899999999998 10.984099999999998
68.259 10.960500000000001
70.928 11.045799999999998
68.999 10.884699999999999
69.015 10.82
69.42099999999998 10.8598
70.83700000000002 10.909199999999998
70.488 10.898399999999999
69.788 10.856800000000002
69.08200000000001 10.863800000000001
68.878 10.9069
70.063 10.9239
70.254 10.9392
71.696 11.097800000000003
71.59800000000001 10.9939
71.82000000000001 10.8589
71.991 10.771899999999999
72.07500000000002 10.8421
70.72699999999999 10.888800000000002
71.89900000000002 10.871999999999996
70.384 10.888899999999998
74.87000000000002 11.0336
71.197 10.907499999999997
72.66899999999998 10.954999999999995
70.337 10.9374
72.38199999999999 10.9481
70.138 10.9472
71.425 10.9628
70.76700000000002 10.8795
72.96199999999999 10.924699999999998
71.60399999999998 10.9498
71.02199999999999 10.906099999999999
72.076 10.8467
71.363 10.7764
69.758 10.734399999999999
71.15799999999999 10.8709
68.422 10.348299999999998
70.00199999999998 10.5583
69.836 10.689699999999998
69.90000000000002 10.635400000000002
69.09 10.598
68.73400000000001 10.5919
72.24600000000001 10.722199999999999
70.57600000000001 10.687899999999997
72.05200000000002 10.715099999999998
69.44500000000001 10.6476
67.334 10.6475
66.974 10.601199999999999
68.138 10.6196
69.367 10.631499999999999
68.457 10.602000000000002
68.32899999999998 10.612099999999996
66.82000000000001 10.5382
66.84000000000002 10.5071
67.45400000000001 10.4878
67.76099999999998 10.541499999999997
67.841 10.496199999999998
67.85799999999999 10.5118
67.57300000000001 10.565699999999998
67.76499999999999 10.635799999999998
65.46399999999998 10.5458
66.814 10.6051
67.957 10.6365
66.96499999999999 10.4659
66.49000000000002 10.560400000000001
65.77699999999999 10.623499999999998
66.25399999999998 10.555200000000001
65.914 10.520499999999998
66.01400000000001 10.5369
67.67 10.5564
68.005 10.5374
68.547 10.540899999999999
66.79 10.528599999999999
65.25599999999999 10.562999999999999
66.34100000000001 10.5912
66.40799999999999 10.5766
66.171 10.617600000000001
66.00200000000001 10.6001
67.597 10.7026
67.304 10.6095
67.433 10.659600000000003
65.243 10.447700000000001
67.158 10.432500000000001
65.94999999999999 10.384
65.79899999999999 10.441399999999998
65.35300000000001 10.4389
64.50999999999999 10.350999999999999
61.914 10.272699999999999
60.472 10.2628
62.060999999999986 10.288599999999999
64.634 10.3701
64.919 10.3984
63.95299999999998 10.4163
64.49000000000001 10.3306
64.417 10.335899999999999
62.57699999999999 10.3301
64.723 10.387099999999998
