15.427899999999998 19.407500000000006
15.4791 19.3361
16.054589999999997 20.0946
15.687899999999999 19.372669999999996
15.348499999999992 19.085130000000007
15.289300000000003 19.071939999999994
15.340200000000006 19.118299999999998
15.281999999999996 19.17517000000001
15.4216 19.101309999999994
15.108799999999995 19.121000000000006
14.9751 19.1175
15.176099999999995 19.047200000000007
15.218799999999996 19.102099999999993
15.151099999999998 19.030700000000007
15.497200000000005 19.0562
15.3511 19.0993
15.166999999999991 19.1461
15.227000000000002 19.080799999999996
15.3527 19.133000000000006
15.403400000000001 19.097199999999994
15.391800000000003 19.137499999999996
15.231399999999997 19.17709999999999
15.086799999999997 19.208
15.060399999999996 19.234599999999997
15.073200000000003 19.2395
15.242099999999992 19.206100000000003
15.243999999999994 19.30239999999999
15.298899999999993 19.186700000000002
15.1288 19.2038
14.921700000000005 19.178999999999995
14.948999999999996 19.204500000000007
14.840900000000001 19.206899999999997
14.807799999999993 19.12449999999999
14.807600000000004 19.18350000000001
14.590599999999998 19.115299999999998
14.590300000000006 19.171900000000004
14.565700000000003 19.192500000000003
14.662599999999998 19.197700000000005
14.6933 19.183600000000002
14.654099999999998 19.220800000000004
14.607499999999998 19.2747
14.671199999999992 19.35550000000001
14.7564 19.2394
14.852199999999998 19.178399999999996
14.817399999999997 19.277699999999996
14.783299999999999 19.2814
14.659599999999994 19.378999999999998
14.571100000000001 19.436799999999998
14.860500000000007 19.28830000000001
14.9266 19.341300000000004
14.934499999999995 19.43300000000001
14.831099999999998 19.3476
14.858699999999999 19.319599999999994
14.823099999999997 19.279100000000014
14.9122 19.2985
15.029000000000009 19.3802
14.883100000000004 19.346300000000006
14.815900000000006 19.295999999999992
14.9667 19.354300000000002
14.964399999999998 19.270200000000003
14.864099999999999 19.326899999999995
14.890799999999995 19.223900000000004
14.577100000000003 19.2725
14.726800000000004 19.336199999999995
14.844299999999993 19.348100000000006
14.696199999999997 19.233300000000003
14.758799999999994 19.210400000000007
14.712979999999998 19.285500000000003
14.668599999999996 19.320700000000006
14.758139999999992 19.288800000000013
14.6718 19.3202
14.771580000000004 19.418400000000002
14.6975 19.3995
14.911439999999992 19.351200000000006
14.975200000000008 19.421100000000003
14.84049999999999 19.360600000000012
14.700860000000004 19.43389999999999
14.729529999999997 19.3525
14.710109999999995 19.4048
14.851099999999997 19.38729999999999
14.780300000000002 19.3744
14.871300000000002 19.300299999999993
14.688099999999995 19.364800000000006
14.795900000000001 19.3272
14.886500000000005 19.31909999999999
14.577459999999995 19.143599999999992
14.6147 19.237899999999996
14.621900000000002 19.259600000000002
14.661199999999997 19.402300000000004
14.662550000000001 19.45819999999999
14.575899999999994 19.4216
14.693199999999997 19.414200000000005
14.843500000000006 19.4049
15.016699999999997 19.477099999999997
14.799659999999992 19.372399999999995
14.817700000000004 19.377800000000008
14.722549999999998 19.3823
14.805390000000004 19.32640000000001
14.673599999999995 19.386200000000006
14.598399999999998 19.5098
14.7407 19.4384
14.937350000000007 19.4364
14.978089999999996 19.463199999999997
14.904899999999992 19.4184
14.684300000000002 19.41979999999999
14.6365 19.3984
14.395799999999998 19.368299999999998
14.66785 19.435499999999994
14.663379999999995 19.37290000000001
14.736440000000004 19.4065
14.782800000000002 19.3671
14.819799999999994 19.424699999999998
14.582600000000006 19.3962
14.571549999999997 19.40199999999999
14.57937999999999 19.397999999999993
14.686619999999994 19.3467
14.57595 19.470499999999998
14.643299999999995 19.4639
14.5445 19.449499999999997
14.631700000000006 19.518000000000004
14.603999999999997 19.462699999999987
14.808209999999999 19.438100000000006
14.884409999999997 19.416199999999996
14.957800000000004 19.505500000000005
14.826599999999996 19.3417
14.916599999999994 19.4655
14.815199999999995 19.4793
15.102900000000005 19.40240000000001
15.042899999999998 19.3243
15.067100000000003 19.367899999999995
15.011799999999994 19.494600000000005
14.793600000000001 19.467299999999994
14.733299999999993 19.413700000000002
14.943200000000004 19.483099999999993
14.808399999999999 19.352500000000003
14.808 19.462099999999996
14.826 19.556700000000003
15.151500000000004 19.438300000000005
14.708099999999996 19.476699999999997
15.126399999999993 19.404999999999998
14.940599999999998 19.433099999999996
14.713000000000001 19.390099999999993
14.733600000000004 19.372299999999996
14.718999999999996 19.4254
14.789799999999998 19.4411
14.83629999999999 19.542900000000003
14.884799999999995 19.535800000000002
14.862199999999994 19.57859999999999
14.734499999999995 19.414599999999997
14.956999999999997 19.380699999999987
14.978499999999995 19.484499999999986
15.2381 19.501
15.010100000000001 19.471899999999994
14.990899999999998 19.446299999999997
14.9486 19.412900000000004
14.923900000000003 19.382300000000004
15.218699999999998 19.450000000000003
15.775400000000001 19.412200000000002
16.062999999999995 19.394099999999998
15.939900000000007 19.376300000000004
15.8265 19.428999999999995
15.4122 19.398
15.278500000000003 19.427099999999992
15.35150000000001 19.463299999999997
15.3056 19.426599999999993
15.026099999999998 19.255400000000005
15.050899999999992 19.468400000000003
15.0717 19.494999999999997
15.214500000000001 19.421599999999998
15.1728 19.3848
14.976899999999999 19.1863
15.015800000000002 19.473600000000005
14.926300000000003 19.399399999999996
14.947200000000002 19.458699999999997
14.859299999999994 19.353000000000005
15.024299999999997 19.354400000000002
14.961100000000002 19.357999999999997
14.956499999999998 19.469199999999997
14.969000000000007 19.576000000000004
15.115400000000005 19.48269999999999
15.169600000000003 19.47330000000001
15.126900000000004 19.4678
15.174 19.4329
14.892400000000002 19.404699999999995
14.901100000000003 19.492399999999996
14.914300000000003 19.507799999999996
14.857199999999995 19.489300000000004
14.940800000000005 19.5515
15.010900000000005 19.411500000000004
15.063500000000001 19.414900000000003
15.0085 19.3939
14.964199999999991 19.44000000000001
14.986399999999996 19.413
14.9671 19.48430000000001
14.907600000000002 19.5041
15.086300000000005 19.5102
15.110000000000007 19.3742
14.978699999999995 19.480800000000002
14.796000000000001 19.487000000000002
14.915599999999998 19.504400000000004
14.777399999999997 19.45359999999999
14.963000000000006 19.463599999999996
14.9618 19.447599999999994
15.029 19.510700000000007
15.096299999999992 19.461300000000005
15.682600000000003 19.429399999999994
15.785800000000009 19.42769999999999
15.273599999999995 19.46679999999999
15.0843 19.5311
15.263000000000005 19.545600000000007
15.2809 19.4703
15.3866 19.45019999999999
15.321299999999994 19.446699999999993
15.155100000000004 19.5326
14.999899999999997 19.518900000000013
15.246000000000004 19.5189
15.1318 19.495700000000006
14.989300000000002 19.479999999999997
14.9497 19.4178
15.022499999999994 19.523300000000003
15.003599999999995 19.5328
15.1071 19.518399999999993
15.022699999999997 19.477600000000002
15.153300000000003 19.5729
15.1245 19.485400000000006
15.110699999999996 19.495900000000006
14.922700000000003 19.399199999999997
15.071799999999996 19.443300000000004
15.1506 19.54789999999999
15.421300000000004 19.5192
15.1412 19.468199999999996
15.313199999999998 19.53799999999999
15.342400000000007 19.458600000000004
15.360499999999998 19.5371
15.273000000000003 19.55159999999999
15.357099999999999 19.44629999999999
15.4737 19.4836
15.348999999999997 19.4879
15.270799999999992 19.408100000000008
15.297199999999991 19.554299999999998
15.193999999999996 19.4444
15.291100000000005 19.54630000000001
15.270499999999998 19.518500000000007
15.338199999999999 19.417600000000014
15.2273 19.45699999999999
15.262800000000007 19.45180000000001
15.2896 19.399500000000003
15.2535 19.390399999999996
15.2481 19.378699999999995
15.210200000000002 19.424600000000005
15.251299999999999 19.502199999999995
15.500599999999991 19.60350000000001
15.357199999999995 19.63629999999999
15.4397 19.530100000000004
15.318199999999994 19.567400000000003
15.5047 19.5244
15.401700000000003 19.6056
15.318500000000004 19.591999999999995
15.427 19.564500000000013
15.354000000000001 19.570500000000003
15.284899999999995 19.563
15.3384 19.531000000000002
15.28950000000001 19.5733
15.226200000000006 19.589799999999986
15.272600000000002 19.653700000000004
15.456999999999999 19.612399999999994
15.328 19.570899999999995
15.270199999999996 19.72620000000001
15.246099999999995 19.647300000000005
15.286600000000005 19.567899999999998
15.170300000000003 19.537
15.298600000000004 19.565900000000003
15.292000000000003 19.6068
15.263300000000005 19.644600000000008
15.2592 19.738400000000002
15.3368 19.608500000000003
15.394699999999997 19.62020000000001
15.399799999999994 19.632999999999996
15.454000000000004 19.58799999999999
15.368299999999996 19.625300000000014
15.259899999999998 19.678000000000004
15.454399999999998 19.691299999999995
15.334999999999996 19.64019999999999
15.362199999999993 19.61929999999999
15.156500000000003 19.597699999999996
15.198999999999996 19.6435
15.2286 19.634800000000006
15.056600000000003 19.613699999999998
