9.728069999999995 16.542150000000003
9.765469999999997 16.541519999999995
9.776860000000001 16.52158
9.811759999999996 16.494690000000002
9.840119999999997 16.562510000000007
9.784630000000005 16.57143
9.685759999999997 16.624460000000003
9.768230000000003 16.55697
9.748039999999998 16.531550000000003
9.827300000000001 16.581940000000003
9.78672 16.632350000000002
9.793339999999997 16.64576000000001
9.84962 16.51565999999999
9.868970000000003 16.47376
9.83196 16.52385
9.853190000000001 16.53665
9.87695 16.563349999999993
9.86878 16.491860000000003
9.940149999999996 16.424550000000004
9.899869999999998 16.48105
10.02013 16.830629999999992
9.91941 16.459549999999997
9.774669999999997 16.533880000000003
9.84333 16.422359999999998
9.817669999999998 16.480219999999996
9.79902 16.517460000000007
9.809649999999994 16.625500000000006
9.7537 16.565519999999996
9.717870000000001 16.53863000000001
9.81386 16.417320000000004
9.824380000000007 16.59957
9.871260000000003 16.53856000000001
9.886349999999998 16.528679999999994
9.91671 16.487110000000005
9.897989999999998 16.40109
9.944429999999997 16.50477
9.838099999999999 16.480720000000005
9.837739999999998 16.51872999999999
9.792919999999999 16.443919999999995
9.908369999999998 16.442369999999997
9.8161 16.53486
9.839119999999998 16.464760000000002
9.790519999999995 16.497250000000008
9.910330000000004 16.47706000000001
9.940099999999996 16.405640000000005
9.976170000000005 16.49228
9.930449999999997 16.428449999999994
9.986229999999999 16.439550000000008
9.987440000000005 16.45444
10.027379999999999 16.46342
9.853309999999997 16.511709999999994
9.915170000000002 16.51180000000001
9.934430000000004 16.567009999999996
10.00543 16.573180000000004
9.878410000000002 16.53427
9.979489999999997 16.543870000000002
9.933390000000001 16.532460000000007
9.955409999999999 16.53465000000001
9.831579999999999 16.512469999999997
9.863450000000004 16.426109999999998
9.843119999999995 16.452009999999998
9.930889999999998 16.485530000000004
9.91076 16.53941
9.974810000000003 16.506619999999998
9.857870000000004 16.475220000000007
9.858319999999999 16.45262
9.835479999999999 16.4826
9.9048 16.49560000000001
9.772499999999997 16.472100000000005
9.748669999999999 16.48086
9.732219999999996 16.457239999999995
9.84611 16.51681
9.73937 16.477619999999995
9.887750000000004 16.518749999999997
9.81579 16.553229999999996
9.861310000000003 16.558980000000005
9.838369999999996 16.564379999999996
9.931519999999997 16.50378000000001
9.996439999999996 16.47575999999999
9.97608 16.51115
9.864430000000002 16.490150000000003
9.85408 16.50574
9.796359999999998 16.535719999999998
9.72738 16.50594000000001
9.696630000000003 16.494239999999998
9.96792 16.466440000000002
9.90858 16.46241
9.857889999999998 16.49851
9.682369999999995 16.503
9.69402 16.51858
9.69087 16.48241
9.674880000000002 16.411109999999994
9.72344 16.4721
9.71151 16.518890000000006
9.67459 16.537770000000002
9.716239999999999 16.511629999999997
9.70697 16.539439999999995
9.804359999999999 16.514799999999997
9.795690000000002 16.529009999999996
10.11196 16.60843
10.098169999999998 16.53489
10.180240000000001 16.53080000000001
9.968649999999998 16.51424
9.911599999999996 16.56135
9.789569999999996 16.50506
9.747660000000003 16.54775
9.684140000000001 16.487029999999997
9.848900000000002 16.477549999999997
9.88146 16.493420000000008
9.877830000000001 16.51279000000001
9.859880000000002 16.501739999999998
9.89972 16.478559999999995
9.898179999999995 16.464139999999993
9.934319999999994 16.485659999999996
9.8736 16.489129999999996
9.796960000000002 16.488210000000006
9.72538 16.459219999999995
9.853049999999996 16.425899999999995
9.898390000000003 16.555849999999992
9.859729999999999 16.53442
9.818999999999999 16.50228
9.8485 16.483859999999993
9.863669999999999 16.497950000000003
9.999649999999997 16.5218
9.86906 16.626490000000004
9.80394 16.563439999999993
9.749770000000003 16.497120000000002
9.772299999999998 16.48164
9.806750000000003 16.640440000000005
9.890159999999995 16.66204
9.859050000000003 16.554030000000004
9.877050000000002 16.623520000000003
9.77231 16.6459
9.808940000000003 16.526020000000003
9.806539999999996 16.610010000000006
9.94057 16.57822
10.15939 16.50046999999999
10.074290000000003 16.51986
9.85352 16.548999999999996
9.946090000000005 16.531260000000003
9.78386 16.566969999999998
9.76746 16.58736
9.713829999999996 16.51946
9.79466 16.577040000000004
9.818579999999997 16.534439999999996
9.869140000000002 16.53771
9.993910000000001 16.529959999999996
10.000579999999996 16.557260000000003
9.820790000000002 16.575070000000007
9.883909999999998 16.622660000000007
9.840989999999996 16.67576
9.77713 16.636460000000003
9.809310000000002 16.53736
9.857220000000002 16.571160000000003
9.839480000000004 16.639730000000004
9.81196 16.633199999999995
9.765179999999996 16.56348
9.84327 16.552920000000007
9.861440000000004 16.54494
9.88753 16.580540000000006
9.838629999999998 16.59853000000001
9.895229999999994 16.61161999999999
9.885919999999999 16.490509999999997
9.93609 16.492330000000006
9.853839999999998 16.534230000000008
9.959069999999995 16.530530000000002
9.853380000000001 16.553139999999996
9.741600000000002 16.57242
9.691329999999999 16.522000000000002
9.763290000000001 16.512869999999996
9.737699999999998 16.568049999999996
9.763699999999998 16.528470000000002
9.737529999999998 16.552970000000002
9.824789999999997 16.485350000000004
9.754689999999995 16.44304
9.772869999999994 16.553550000000005
9.746109999999996 16.609339999999996
9.707640000000003 16.624310000000005
9.6216 16.524020000000007
9.658470000000001 16.501919999999995
9.63987 16.575010000000013
9.638410000000002 16.574029999999997
9.70897 16.604239999999997
9.728420000000003 16.643119999999996
9.629419999999996 16.498559999999994
9.684970000000002 16.569469999999992
9.664169999999995 16.580450000000006
9.747890000000003 16.65574
9.686860000000001 16.587449999999993
9.746110000000002 16.587339999999994
9.74305 16.521010000000008
9.789689999999997 16.54209000000001
9.710970000000003 16.560879999999997
9.719129999999996 16.555020000000006
9.781260000000003 16.51904000000001
9.85678 16.535719999999994
9.80919 16.554520000000007
9.841869999999997 16.587810000000005
9.834529999999997 16.566030000000005
9.887600000000003 16.522700000000015
9.844650000000001 16.51583000000001
9.91725 16.55724
9.897620000000003 16.594329999999992
9.920489999999997 16.59639
9.906400000000003 16.64195
9.89168 16.623200000000008
9.869200000000001 16.59832
9.798060000000005 16.623430000000006
9.763270000000002 16.585399999999993
9.73735 16.539419999999993
9.678829999999996 16.554910000000003
9.747219999999999 16.539290000000005
9.649249999999997 16.51151
9.7718 16.552710000000005
9.773329999999994 16.582729999999994
9.766149999999998 16.573999999999998
9.762660000000004 16.582580000000004
9.862810000000001 16.589330000000007
9.85426 16.63833
9.867369999999998 16.608300000000003
9.81348 16.55854
9.837449999999999 16.541250000000012
9.817620000000003 16.554650000000006
9.735220000000002 16.724370000000004
9.642269999999996 16.58457
9.748770000000004 16.557859999999998
9.821190000000001 16.596669999999992
9.797389999999998 16.606260000000002
9.72844 16.646759999999997
9.728789999999998 16.624350000000003
9.532480000000005 16.561750000000004
9.574829999999997 16.493160000000003
9.539990000000003 16.60134
9.573829999999997 16.622719999999997
9.52552 16.642720000000004
9.630829999999996 16.59203
9.594950000000003 16.477819999999998
9.615720000000001 16.59822
9.664989999999998 16.589089999999995
9.707339999999999 16.55858999999999
9.591099999999999 16.54195
9.626479999999999 16.52163
9.591140000000001 16.619539999999997
9.626459999999998 16.607819999999997
9.604689999999998 16.609289999999998
9.641850000000002 16.591499999999996
9.582559999999999 16.563980000000004
9.619079999999999 16.53467
9.563429999999995 16.56919
9.7044 16.53388000000001
9.691009999999999 16.552569999999996
9.729119999999998 16.558679999999995
9.71593 16.62688
9.6598 16.54778999999999
9.67098 16.574179999999995
9.71489 16.565789999999982
9.644829999999997 16.629189999999998
9.738589999999999 16.639809999999997
9.76972 16.551409999999997
9.826070000000005 16.550709999999995
9.77853 16.54439999999999
9.76514 16.65469
9.735129999999998 16.658499999999997
9.832979999999996 16.62559
9.811189999999998 16.58729
9.832299999999996 16.597389999999997
9.788390000000007 16.60519
9.767320000000002 16.63467999999999
9.741610000000005 16.57677
9.816279999999999 16.600270000000005
9.78591 16.487559999999995
9.81274 16.60667999999999
9.797969999999998 16.63445999999999
9.825339999999997 16.59316
9.748780000000002 16.648949999999996
9.76491 16.557799999999997
9.638959999999999 16.538869999999996
9.661439999999995 16.56045
9.657940000000002 16.629350000000002
9.802720000000004 16.617600000000007
9.835140000000004 16.6239
9.824699999999995 16.5473
9.781450000000001 16.609999999999996
9.785480000000002 16.593500000000002
9.822349999999997 16.6409
9.948360000000001 16.585
9.930630000000003 16.5658
9.97609 16.5661
