13.513 11.835999999999999
14.52 11.856
13.534000000000002 11.854000000000001
13.940999999999997 11.832999999999998
14.27 11.881
15.667000000000003 11.912
15.130999999999997 11.901
15.228999999999997 11.962000000000002
14.510000000000002 11.917
14.875 11.907
15.686 11.933
14.179 11.872
14.358 11.899999999999999
15.055000000000001 11.93
14.44 11.902
15.03 11.921
15.095999999999998 11.93
15.125000000000002 11.964
16.345 12.028
15.952000000000002 11.986
15.133 11.944000000000003
15.588000000000001 11.982999999999999
14.583999999999996 11.942
14.504 11.939
13.583 11.896
15.052 11.929
14.646 11.9
15.055000000000001 11.931
14.481 11.906
14.718 11.912
14.255 11.894999999999998
14.371 11.907
13.306000000000001 11.888
13.274999999999999 11.904
12.847 11.901
13.191999999999998 11.907
13.245000000000001 11.934000000000001
14.238999999999999 11.949
13.44 11.928999999999998
13.825999999999999 11.940000000000001
12.647 11.927999999999999
13.399 11.939000000000002
16.116 12.057
13.272 11.984000000000002
13.129 11.942
13.333 11.942
13.611 11.956999999999999
13.711 11.963
13.766 11.978000000000002
13.241999999999997 11.923
13.427999999999999 11.93
14.091999999999999 11.963000000000001
14.628 12.003
14.057 12.015999999999998
13.652999999999999 11.977
12.985999999999997 11.933
13.120999999999999 11.921
13.968 11.911000000000001
13.951999999999998 11.968
15.113 11.991
13.637999999999998 11.972999999999999
16.787 12.127
13.139999999999999 12.023
14.906999999999998 12.040000000000001
13.69 12.013
13.113000000000003 11.988
14.539 12.034
13.585999999999999 12.004000000000001
13.532 12.004000000000001
13.049 11.977
13.816 11.999
14.418999999999999 12.021999999999998
13.904 12.010000000000002
14.052999999999999 12.041
13.389000000000001 12.002
14.725 12.057
13.132 11.99
13.294 11.975
14.697 12.035
15.026 12.074000000000002
13.831 12.089
14.056 12.069
13.274999999999999 12.048
12.902 12.007
13.253 12.021999999999998
13.702 12.034
13.416 12.058
13.532 12.061
12.732 12.041
13.686000000000002 12.049
13.694 12.029
13.636000000000001 12.016000000000002
13.446 12.032
13.033999999999999 12.034
13.769 12.086
12.967 12.047
13.944 12.055
15.259 12.066000000000003
14.806999999999999 12.056000000000001
15.286 12.081999999999999
13.634000000000002 12.044000000000002
14.110999999999999 12.041000000000002
14.355 12.059000000000001
13.581 12.041000000000002
13.315 12.059000000000001
12.588 12.030999999999997
13.376 12.055
12.909 12.047
12.958 12.045
14.249 12.069000000000003
13.126000000000001 12.010000000000002
13.66 12.023
12.448 12.014
13.38 12.028
12.656 12.005
14.596 12.059
13.446 12.047
12.620999999999999 12.013
13.807 12.097
13.509000000000002 12.067
12.958 12.052
12.326999999999998 12.012
13.211 12.024
13.600999999999999 12.045000000000002
13.423999999999998 12.030000000000001
13.55 12.044
13.218 12.033000000000001
13.061 12.017
14.434000000000003 12.059000000000001
13.415 12.101
13.757 12.106999999999998
13.168999999999997 12.079
13.074 12.072
14.434 12.100999999999999
11.982999999999999 12.020000000000001
11.982999999999999 12.031
11.558 12.008000000000001
12.452 12.034000000000002
12.604 12.063
11.183 12.030000000000001
11.356 12.019
12.497000000000002 12.081
11.453 12.074000000000002
12.570999999999998 12.116
12.961 12.109
14.270999999999997 12.158
12.392999999999999 12.112
13.055 12.126999999999999
15.753 12.222999999999999
11.971000000000002 12.133999999999999
11.773 12.078000000000001
12.979 12.100999999999997
12.265999999999998 12.094
12.225 12.081999999999999
11.87 12.074
12.228 12.063
13.190000000000001 12.103
13.918000000000003 12.127
12.723999999999998 12.091
14.857000000000001 12.145
13.733999999999998 12.213000000000001
13.541 12.139
14.466000000000001 12.158
13.886000000000001 12.151
13.218 12.14
13.23 12.151
13.246999999999998 12.162
13.294 12.137
12.885000000000002 12.142
12.477999999999998 12.113
12.534 12.136000000000001
13.322000000000001 12.151
13.156 12.153999999999998
14.89 12.226
13.693 12.214
14.204 12.219
12.512 12.165
13.327 12.153
12.622 12.151
12.769 12.145999999999999
13.422 12.159
15.161 12.174
14.291 12.183
13.354 12.165
13.084999999999999 12.15
13.406 12.152000000000001
14.051 12.17
12.990000000000002 12.146
12.91 12.149000000000001
12.31 12.135
12.200000000000001 12.133
12.464 12.129999999999999
12.33 12.128
13.15 12.142
13.971 12.176
13.158999999999999 12.184000000000001
13.117 12.182
12.821 12.190000000000001
13.678 12.225999999999999
14.923 12.255
14.672000000000002 12.277000000000001
14.940999999999999 12.290000000000001
13.835 12.258000000000001
13.896999999999998 12.242999999999999
14.259 12.247
14.596 12.282
14.121 12.265
15.806999999999999 12.321000000000002
14.043 12.283000000000001
14.096000000000004 12.273
14.969000000000001 12.33
14.962 12.287
13.777000000000001 12.273
15.261999999999997 12.318000000000001
14.578000000000003 12.322999999999999
14.258 12.321000000000002
15.198000000000004 12.378
14.470000000000002 12.323
13.620000000000001 12.312000000000001
14.179 12.33
12.936999999999998 12.31
13.425 12.326
12.261000000000003 12.290999999999999
13.01 12.299000000000001
12.845 12.302000000000001
13.630999999999998 12.332999999999998
13.916 12.365
13.77 12.348
13.967000000000002 12.339
14.404999999999998 12.31
13.757999999999997 12.31
13.766 12.31
13.397 12.298
16.028000000000002 12.41
15.059999999999999 12.389
14.545 12.347
13.956000000000001 12.33
14.923 12.354000000000001
13.757999999999997 12.351
14.41 12.356
13.635 12.345
13.834000000000001 12.329
13.593 12.35
13.834000000000001 12.354999999999999
13.266 12.342000000000002
12.869999999999997 12.306000000000001
13.608 12.333
14.802999999999999 12.372
12.48 12.31
12.492999999999999 12.317
12.484 12.354999999999999
12.636 12.341
13.120999999999999 12.343
13.136000000000001 12.317
14.038 12.37
15.506999999999998 12.398000000000001
14.746 12.392000000000001
14.633000000000001 12.37
14.736999999999997 12.37
14.582 12.347
15.466 12.376
14.788 12.385000000000002
14.133000000000001 12.354999999999999
14.636 12.365
13.507 12.347000000000001
13.633000000000001 12.341000000000001
14.304 12.360999999999999
14.892 12.395
13.707999999999998 12.37
14.258000000000001 12.379
13.66 12.353
13.517000000000001 12.338000000000001
11.721 12.293
14.661 12.392
14.544 12.391
16.025 12.424
15.39 12.444999999999999
14.541 12.365
14.823 12.395
15.084999999999999 12.403
14.687 12.386
14.517000000000003 12.379000000000001
15.975999999999999 12.422
16.787 12.492999999999999
16.779 12.478
16.021 12.442
15.977000000000002 12.442
15.055 12.43
