24.092809999999997 24.44046
24.510339999999996 24.713970000000003
25.336890000000007 24.807370000000002
25.580220000000004 24.856219999999997
25.452230000000004 24.984379999999994
23.954279000000003 24.61375
18.212204999999994 23.61944
16.486545000000003 23.435359999999996
17.798447999999997 23.64384
18.407946999999997 23.96608
25.2805 24.684140000000006
25.935966000000004 24.966660000000008
25.398590000000006 25.003830000000004
24.733016999999997 25.02685
27.795078000000007 25.36133000000001
25.550740000000005 24.788320000000006
25.609689999999997 24.853770000000004
24.82827 24.85311
25.397209999999998 24.923479999999998
25.591710000000006 24.98094
25.05133 25.0291
26.107450000000004 25.168660000000003
26.9806 25.141899999999996
25.70680000000001 25.187600000000003
25.24373 25.0903
26.8898 25.2937
25.999599999999994 25.3252
26.421499999999998 25.459099999999996
27.514400000000006 25.539499999999997
27.477899999999995 25.5313
26.845300000000005 25.531200000000005
27.683799999999998 25.687800000000006
27.1059 25.670900000000003
26.871899999999993 25.69430000000001
25.375500000000002 25.651699999999995
25.512699999999995 25.67660000000001
25.604300000000002 25.755599999999994
26.525400000000012 25.7577
25.359899999999996 25.679000000000002
25.6172 25.7251
23.5405 25.575599999999987
24.772799999999993 25.58410000000001
24.03949999999999 25.6096
23.6347 25.537599999999998
23.1473 25.5008
24.4024 25.6047
24.016000000000005 25.66090000000001
22.064799999999998 25.4388
18.010400000000004 25.1088
18.082199999999997 25.084099999999992
18.026300000000003 25.174499999999995
18.242600000000003 25.0942
22.088400000000007 25.453999999999994
23.484200000000005 25.537999999999993
22.770400000000002 25.5241
23.383499999999998 25.6104
23.7569 25.647400000000008
23.881200000000003 25.6389
23.8592 25.663199999999993
23.295800000000003 25.648299999999995
24.720100000000002 25.787599999999994
24.103300000000004 25.752599999999997
24.915399999999998 25.681099999999997
23.467700000000008 25.6756
22.585599999999996 25.5723
23.015400000000003 25.592400000000005
23.5922 25.7157
23.54 25.6021
23.315599999999993 25.6638
24.046699999999994 25.722899999999992
24.1385 25.72479999999999
23.9733 25.7354
24.180599999999995 25.69090000000001
24.606999999999992 25.754899999999996
24.774099999999997 25.7662
24.224799999999995 25.75480000000001
24.552200000000006 25.804500000000015
23.8163 25.709300000000002
24.210600000000003 25.7471
24.617200000000008 25.742000000000004
24.1638 25.71859999999999
22.800800000000006 25.621900000000007
22.4317 25.575799999999997
23.256000000000004 25.680999999999997
23.602400000000006 25.64529999999999
23.269500000000008 25.62879999999999
23.341799999999996 25.64139999999999
23.87186 25.75764
18.238769999999995 24.8067
20.68738 24.90387000000001
19.896400000000007 24.945599999999995
19.228299999999997 24.9944
15.753599999999995 24.708
18.928399999999996 24.850499999999993
22.130899999999993 25.2594
21.897200000000005 25.2771
22.487899999999996 25.264299999999995
21.88829999999999 25.2298
22.7044 25.3006
21.8436 25.237200000000005
22.116400000000002 25.264299999999995
22.06109999999999 25.295100000000005
22.5846 25.3174
21.35770000000001 25.255300000000002
21.87730000000001 25.345699999999997
21.953999999999997 25.35489999999999
21.7417 25.360000000000007
22.071099999999994 25.380999999999997
22.798599999999997 25.47
22.473200000000002 25.394200000000005
23.592099999999995 25.522599999999997
22.951399999999996 25.492100000000008
22.52657 25.474542900000003
22.131789999999995 25.042229999999993
22.289220000000004 24.925640000000005
22.942410000000006 25.026470000000007
21.21558 24.890189999999997
20.063720000000007 24.852920000000005
20.386399999999995 24.892429999999997
21.384900000000002 25.080099999999995
21.459100000000007 25.105700000000002
21.496600000000008 25.040000000000003
20.995 25.052100000000006
21.252100000000006 25.042699999999996
22.607499999999998 25.185999999999993
22.29220000000001 25.1785
23.7904 25.3264
22.0032 25.240899999999993
17.380700000000004 24.8777
22.003999999999998 25.220300000000005
20.003800000000005 25.10009999999999
18.936999999999998 24.958699999999993
15.971600000000002 24.78430000000001
17.9997 24.9123
21.2408 25.2114
21.962699999999998 25.262699999999995
22.0493 25.253399999999992
21.898699999999995 25.2879
22.595200000000002 25.3261
23.36439999999999 25.3941
22.663400000000003 25.379799999999996
20.153799999999997 25.202300000000005
18.7004 25.0689
18.65039999999999 25.07069999999999
18.358900000000006 25.031399999999998
13.880900000000002 24.720499999999998
13.630299999999998 24.6972
14.537500000000007 24.7513
16.1766 24.816299999999995
20.882399999999997 25.12269999999999
18.873199999999997 25.0537
19.064399999999996 25.0017
21.22300000000001 25.2664
21.9046 25.300199999999997
21.3632 25.292199999999994
18.1253 25.023400000000002
16.1442 24.870299999999997
18.0679 24.99890000000001
18.054 25.0007
18.086600000000004 25.054200000000005
17.5982 24.99010000000001
15.782800000000002 24.840200000000003
18.514700000000005 25.001099999999997
20.05 25.133300000000002
21.899199999999997 25.36850000000001
21.485099999999992 25.3864
21.119300000000006 25.308899999999994
18.728399999999993 25.159100000000002
21.498100000000004 25.3519
21.5076 25.349700000000002
21.084800000000005 25.366600000000005
21.882999999999996 25.4525
20.5913 25.3026
21.1682 25.368669999999995
20.8362 25.068299999999994
20.24839999999999 24.111699999999995
21.212300000000003 25.18589999999999
20.924399999999995 25.1749
21.128000000000004 25.23410000000001
21.102679999999992 25.284199999999995
21.372690000000006 25.2738
20.536709999999996 25.22319999999999
21.6506 25.339699999999997
20.57627 25.2567
21.583599999999997 25.379599999999996
20.523059999999997 25.258099999999995
20.626219999999993 25.736180000000004
20.45443 24.905149999999995
20.18985 24.91666
20.3007 24.868499999999997
20.762770000000007 24.852480000000003
21.342300000000005 24.948680000000003
19.96001 24.838089999999998
21.62200000000001 25.026519999999998
21.827300000000005 25.056199999999997
21.608399999999993 25.084500000000006
20.9582 25.122600000000006
21.970100000000002 25.169900000000002
21.761099999999995 25.1832
21.4143 25.166800000000002
22.056499999999996 25.22410000000001
21.273000000000003 25.2298
22.167900000000003 25.281100000000006
22.5901 25.291999999999998
21.7742 25.235799999999998
21.232199999999995 25.263499999999993
20.195800000000002 25.181399999999996
19.533199999999997 25.108699999999995
19.97309999999999 25.1311
21.158899999999992 25.235799999999998
21.613899999999997 25.288499999999996
20.1283 25.183099999999996
19.555600000000002 25.173600000000008
19.818700000000003 25.1945
22.063699999999997 25.348599999999998
22.220900000000004 25.389400000000002
22.023500000000002 25.431000000000004
20.4982 25.321099999999998
20.5499 25.3106
21.384400000000003 25.351200000000002
21.5246 25.350300000000004
21.66099999999999 25.4707
22.15870000000001 25.546499999999998
22.050900000000002 25.505899999999993
22.267530000000004 25.50714
21.396690000000003 25.0536
20.58678 24.98787999999999
22.35341999999999 25.168829999999996
21.72542 25.10582
21.670219999999997 25.112989999999996
21.33472999999999 25.115419999999993
22.51627999999999 25.20226
22.20980000000001 25.181760000000004
18.5386 24.97160000000001
16.529700000000002 24.801799999999993
16.450400000000002 24.7327
16.921099999999996 24.687899999999992
19.6116 24.91999999999999
20.633700000000005 25.0706
16.7523 24.6943
20.211000000000006 25.025499999999994
22.5313 25.258599999999998
22.1487 25.207099999999993
22.6077 25.365399999999998
23.400199999999995 25.4178
21.8104 25.378600000000002
22.558999999999997 25.414599999999993
23.253800000000002 25.496199999999998
21.902 25.360799999999994
22.6019 25.452400000000004
22.420299999999997 25.488599999999995
22.47590000000001 25.4621
22.111899999999995 25.4402
21.845700000000004 25.4349
22.411600000000004 25.483399999999996
21.8952 25.521700000000003
22.696699999999986 25.5367
22.38619999999999 25.56300000000001
21.9446 25.5135
23.920299999999994 25.73419999999999
23.8446 25.749999999999996
23.352900000000005 25.703300000000002
23.165899999999997 25.706399999999995
23.239800000000006 25.712400000000002
22.712899999999998 25.687899999999996
23.17919999999999 25.73810000000001
22.92 25.723800000000008
18.796400000000002 25.30590000000001
21.054100000000002 25.502999999999997
21.3511 25.5963
22.928400000000003 25.7632
24.4221 25.955280000000002
22.602710000000002 25.38872
22.411860000000004 25.359570000000005
22.89018 25.35974
23.020420000000012 25.373029999999996
22.218920000000004 25.350669999999997
15.688350000000002 24.755080000000003
16.559348 24.820809999999998
18.436055 25.032889999999995
19.308441000000006 25.085610000000003
19.335822999999998 24.9989
15.206 24.748719999999995
13.947000000000001 24.70739999999999
16.1542 24.931299999999997
22.923500000000004 25.517799999999998
22.737600000000008 25.6408
23.7262 25.680000000000003
