55.13 6.067900000000001
55.74400000000001 6.0882
57.25200000000002 6.098700000000001
58.229 6.1158
57.65800000000001 6.128800000000001
56.967 6.127799999999999
56.423 6.119
56.577 6.1296
56.010000000000005 6.094099999999999
54.15599999999999 6.080300000000001
56.082 6.0876
54.410000000000004 6.0809999999999995
56.333 6.096299999999999
55.848000000000006 6.0907
55.238 6.0859
58.96000000000002 6.133100000000001
66.40599999999999 6.1828
61.443000000000005 6.1419
58.462 6.1165
55.67100000000001 6.086199999999999
55.852000000000004 6.104900000000001
57.386 6.107300000000001
57.33799999999999 6.1248
58.339000000000006 6.117999999999999
56.721999999999994 6.098299999999999
56.881 6.0852
56.884 6.110000000000001
57.077999999999996 6.1000000000000005
56.583000000000006 6.097099999999999
55.945 6.097499999999999
56.535000000000004 6.115800000000001
57.508 6.102199999999999
56.910000000000004 6.1190999999999995
56.688 6.120100000000001
55.611999999999995 6.1118
57.35699999999999 6.1347
56.88900000000001 6.155500000000001
56.914 6.166099999999998
55.40099999999999 6.1562
55.56199999999999 6.147
55.107000000000006 6.1368
55.236999999999995 6.140500000000001
54.693999999999996 6.1244000000000005
55.98 6.1249
56.421 6.1136
57.584999999999994 6.1136
57.886 6.1121
56.474999999999994 6.098299999999999
55.63400000000001 6.111300000000001
56.24800000000001 6.112699999999999
53.927 6.0786999999999995
55.32 6.0819
56.105 6.096800000000002
54.25300000000001 6.0885
54.111 6.0977
54.637 6.087199999999999
53.957999999999984 6.081700000000001
53.444 6.080200000000001
53.91300000000001 6.073599999999999
52.86299999999999 6.077099999999999
51.225 6.056700000000001
51.047 6.0561
52.371 6.0586
52.59700000000001 6.0741000000000005
51.864999999999995 6.0600000000000005
51.75799999999998 6.051200000000001
50.226000000000006 6.050899999999999
50.908999999999985 6.0440000000000005
54.083000000000006 6.0485999999999995
57.111999999999995 6.111699999999999
57.455999999999996 6.127799999999999
57.48800000000001 6.122300000000001
56.416 6.113600000000001
54.59100000000001 6.1036
49.135 6.0311
49.50600000000001 6.037299999999999
48.437000000000005 6.0341
48.419000000000004 6.0249999999999995
49.415000000000006 6.034800000000001
49.767999999999994 6.0418
49.581999999999994 6.043699999999999
50.992000000000004 6.074399999999999
51.306000000000004 6.074399999999999
48.79599999999999 6.042699999999999
48.834 6.0365
50.75200000000001 6.0698
50.22500000000001 6.068800000000001
49.64699999999999 6.071500000000001
48.85 6.0746
47.900000000000006 6.0387
48.522 6.045400000000001
50.071 6.073500000000001
49.312 6.0652
47.394999999999996 6.041300000000001
45.524 6.0307
46.53799999999999 6.0307
47.492000000000004 6.044900000000002
47.535 6.0499
48.197 6.034599999999999
47.439 6.032600000000001
48.643 6.0363999999999995
48.193000000000005 6.034199999999999
48.913 6.064399999999999
46.842 6.042300000000001
47.023999999999994 6.041399999999999
44.864999999999995 6.040900000000001
45.147999999999996 6.0398
45.595000000000006 6.0374
46.112 6.051100000000001
45.68399999999999 6.0775
45.807 6.059200000000001
46.938 6.107599999999999
47.605 6.082600000000001
47.062 6.062
46.337 6.0669
46.748 6.0602
46.87099999999999 6.066300000000001
46.987 6.0605
46.395 6.078200000000001
46.509 6.0585
45.869 6.0518
47.067 6.0572
47.654 6.0738
47.065000000000005 6.062500000000001
47.62099999999999 6.052
48.709 6.050700000000001
47.432 6.055200000000002
47.114 6.0588999999999995
45.973000000000006 6.0592
45.99199999999999 6.051999999999999
45.636 6.032500000000001
46.053000000000004 6.0642000000000005
45.184999999999995 6.0626000000000015
47.302 6.0501000000000005
44.69700000000001 6.0481
45.38300000000001 6.033200000000001
46.128 6.047899999999999
47.719 6.064
47.062 6.054200000000001
47.547999999999995 6.0589
47.775 6.0872
47.179 6.0767999999999995
46.94800000000001 6.0882
46.001000000000005 6.0799
47.01099999999999 6.072700000000001
47.543 6.0623
48.840999999999994 6.064099999999999
48.52700000000001 6.0794
50.048 6.086
52.17699999999999 6.1178
52.22399999999999 6.1126999999999985
52.30200000000001 6.099399999999999
51.0 6.091
53.19599999999999 6.1147
54.278000000000006 6.1093
53.669 6.126800000000001
54.91399999999999 6.106199999999999
57.14100000000002 6.153800000000001
54.337999999999994 6.129900000000001
53.331999999999994 6.1185
53.785 6.130599999999999
54.708 6.117200000000001
54.555 6.1369
54.510999999999996 6.1088000000000005
55.04699999999999 6.1254
54.06599999999999 6.131500000000001
55.221999999999994 6.1336
54.16799999999999 6.1534
54.260999999999996 6.1545000000000005
55.252 6.173700000000001
54.588 6.157500000000001
54.659 6.1684
55.56500000000001 6.176300000000001
55.266999999999996 6.1792
55.915000000000006 6.1819
56.190000000000005 6.196300000000001
57.43000000000001 6.1962
59.80000000000001 6.2494999999999985
60.654999999999994 6.246600000000001
62.438999999999986 6.2703
66.21000000000001 6.299200000000001
65.89600000000002 6.289300000000001
65.95200000000001 6.2874
64.08500000000001 6.280099999999999
65.27700000000002 6.2933
66.38199999999999 6.307500000000001
63.263999999999996 6.251899999999999
61.64399999999999 6.233799999999999
62.95799999999999 6.269199999999999
61.50800000000002 6.2408
62.361999999999995 6.2569
65.499 6.278300000000001
63.866 6.266100000000001
64.11099999999999 6.2703999999999995
64.944 6.282799999999998
65.054 6.2799000000000005
65.21599999999998 6.2728
66.74600000000001 6.286
66.36399999999999 6.303600000000001
66.646 6.3054
67.881 6.323600000000002
67.63 6.329999999999999
67.508 6.336099999999998
67.86500000000001 6.3195
68.80900000000003 6.334
61.65600000000001 6.2826
68.08099999999999 6.3264000000000005
66.789 6.311499999999999
65.93400000000001 6.3122
68.77900000000001 6.334400000000001
71.88700000000001 6.3717
71.099 6.370300000000001
70.454 6.351199999999999
70.24999999999999 6.346
71.696 6.3313
71.943 6.362900000000001
66.25999999999999 6.3278
60.77999999999999 6.2868
61.973 6.2894000000000005
60.961 6.275399999999999
61.513 6.293199999999999
61.097 6.3016000000000005
62.107 6.3012
60.62200000000001 6.287899999999999
60.436 6.283499999999999
58.662000000000006 6.248100000000002
62.178 6.272600000000001
61.29799999999999 6.268999999999999
60.633 6.285900000000002
56.212 6.2611
59.69599999999999 6.300800000000001
60.44500000000001 6.3025
59.14799999999999 6.2686
58.948999999999984 6.2799000000000005
57.682 6.2625
51.59 6.254899999999999
29.572 6.0816
32.81600000000001 6.0863000000000005
42.97399999999999 6.1188
57.213 6.2555
57.355999999999995 6.261399999999999
57.31400000000001 6.2646
56.481 6.2375
57.497 6.251799999999999
58.67399999999999 6.256
58.528000000000006 6.263000000000001
56.191999999999986 6.242100000000001
58.03699999999999 6.245400000000001
57.13999999999999 6.230099999999998
57.19300000000002 6.2453
56.996 6.237200000000001
57.093 6.233600000000001
57.36599999999999 6.258299999999998
56.97600000000001 6.256600000000001
56.763 6.247800000000002
58.370999999999995 6.2569
58.96399999999999 6.2551
57.57199999999999 6.2484
59.387000000000015 6.250500000000001
57.324 6.2604999999999995
57.884999999999984 6.2484
57.98699999999999 6.2447
55.686 6.2476
57.291000000000004 6.2592
57.147000000000006 6.285200000000001
58.952000000000005 6.3546
58.00399999999999 6.3191
56.645999999999994 6.2302
57.17 6.2338
57.294 6.2075999999999985
55.736 6.233700000000001
55.82799999999999 6.2185000000000015
56.298 6.2164
54.71999999999999 6.2066
55.660999999999994 6.2174
54.374 6.224
56.05500000000001 6.2223
56.432 6.2170000000000005
56.082 6.212
57.277999999999984 6.211400000000002
58.225 6.237300000000001
57.348 6.2065
56.894999999999996 6.1956
58.667999999999985 6.2163
57.365 6.204700000000001
57.644 6.203799999999999
56.690000000000005 6.205000000000001
57.452999999999996 6.205299999999999
