28.248099999999997 26.803400000000003
25.541700000000006 26.635800000000003
26.440800000000003 26.660599999999988
25.878899999999998 26.695399999999992
24.918599999999998 26.63449999999999
26.093999999999994 26.74439999999999
25.698900000000002 26.672600000000006
25.835900000000002 26.6909
27.8781 26.869099999999996
27.391699999999997 26.352999999999998
28.522799999999997 26.9851
25.308999999999987 26.801199999999998
25.3907 26.765699999999992
26.365799999999993 26.8403
20.9809 26.538900000000005
19.1421 26.325100000000003
23.360699999999994 26.619000000000003
21.459899999999998 26.385200000000005
26.559399999999993 26.800300000000004
24.323900000000002 26.665
25.302699999999994 26.654199999999996
25.6153 26.774099999999983
26.267900000000004 26.781900000000007
24.308899999999998 26.66770000000001
26.976899999999993 26.7959
23.0049 26.566199999999995
24.067299999999996 26.605199999999996
26.544039999999995 26.848539999999993
25.74015000000001 26.465140000000005
25.068859999999994 26.357980000000005
24.067679999999996 26.347270000000005
23.809559999999998 26.28434
25.199900000000003 26.43335
25.2944 26.53869999999999
24.570600000000002 26.58669999999999
23.881639999999997 26.555899999999994
24.719999999999995 26.638500000000008
25.600999999999996 26.6355
24.589310000000005 26.653709999999997
25.010499999999997 26.50414
24.81506 26.45257
25.228240000000003 26.493560000000006
24.440759999999997 26.413429999999995
24.943750000000005 26.44518
23.997160000000008 26.47372
24.252536 26.429920000000003
24.385830000000002 26.593290000000003
23.666199999999996 26.430899999999998
23.964189999999995 26.509100000000004
23.105580000000003 26.5248
25.38139 26.69616999999999
20.442079999999997 25.96141
22.752299999999998 26.037329999999997
20.998259999999995 26.088209999999997
22.2464 26.06872
24.17033 26.19119000000001
23.073079999999997 26.056190000000008
22.553599999999992 26.060200000000005
24.034799999999997 26.273199999999996
24.1971 26.3603
22.990999999999996 26.241899999999994
24.372099999999996 26.4185
25.4421 26.446700000000007
25.479759999999995 26.508730000000014
23.21989000000001 26.20016000000001
24.025100000000002 26.304699999999986
25.172199999999993 26.460900000000002
23.691600000000008 26.4457
23.174600000000005 26.356100000000005
23.921700000000005 26.40489999999999
24.007300000000004 26.449299999999997
23.585 26.430799999999994
23.73179999999999 26.4393
24.082769999999996 26.561300000000003
23.31322999999999 26.232509999999987
23.671039999999998 26.31737
23.47244000000001 26.276769999999992
24.84082 26.369709999999998
21.95849 25.734809999999992
20.350841000000003 25.677290000000006
15.108660999999998 25.336889999999997
14.743586 25.28442
15.963971999999998 25.249290000000002
19.484735999999998 25.626579999999993
20.035931 25.73493
15.5779 25.4842
19.186700000000005 25.767599999999995
21.7664 25.8773
21.80270000000001 26.028000000000002
25.446100000000005 26.259699999999995
24.4562 26.2095
23.480999999999995 26.15079999999999
24.211400000000005 26.217200000000002
24.073800000000002 26.270000000000003
25.4474 26.365999999999996
24.486400000000007 26.388499999999997
23.317200000000003 26.262999999999987
22.9352 26.208199999999998
25.579399999999996 26.361700000000006
25.0222 26.364199999999993
27.7221 26.543400000000002
25.291200000000003 26.3893
25.053899999999995 26.367300000000004
26.482999999999997 26.493699999999993
22.96349999999999 26.313299999999995
23.5312 26.3445
22.769199999999994 26.329
22.931800000000003 26.3034
25.400900000000014 26.455100000000005
25.95188 26.466480000000004
23.22661000000001 26.010949999999994
23.64295 26.10249
22.378849999999996 25.980239999999995
23.663999999999998 26.114000000000004
23.3582 26.21349999999999
23.2863 26.198300000000003
23.581960000000006 26.328879999999995
23.832450000000005 26.04798
21.543259999999997 25.92891
15.90095 25.55788
17.00705 25.56984
18.842359999999996 25.665920000000003
20.227634000000002 25.81249
20.134844999999995 25.832219999999996
14.247944999999998 25.40565
16.212449999999997 25.525800000000004
20.016831 25.806989999999995
21.23579 25.88550000000001
23.350150000000003 26.033819999999995
23.67894 26.14599999999999
24.09687 26.148599999999995
25.117600000000007 26.17069999999999
22.364000000000004 26.052300000000006
24.075100000000006 26.183500000000002
23.317700000000002 26.17170000000001
22.019699999999993 26.1222
24.5243 26.345830000000003
25.115289999999995 26.230919999999998
23.149450000000005 26.064039999999995
23.259939999999997 26.077299999999994
21.550449999999998 26.004299999999997
20.591469999999997 25.892319999999998
21.815849999999998 25.929749999999995
21.451450000000005 25.950829999999996
21.716699999999996 25.976459999999996
24.661939999999998 26.191800000000004
21.65196 26.029949999999992
22.6194 25.999580000000005
22.827799999999996 26.18569999999999
23.308199999999996 26.225899999999996
22.3532 26.098799999999994
23.240399999999994 26.20289999999999
21.6563 26.01159999999999
20.478600000000007 26.0413
20.031200000000002 25.986299999999996
20.41157 26.089739999999995
20.230179999999994 25.83271000000001
20.6353 25.936799999999998
18.5386 25.83940000000001
23.166100000000007 26.1583
19.914400000000008 25.981000000000005
19.422999999999995 25.893099999999997
19.9009 25.951500000000006
19.4557 25.9599
19.233100000000004 25.937600000000003
18.058699999999998 25.7965
18.164599999999997 25.802200000000003
16.6913 25.706999999999997
13.574300000000003 25.5297
13.068600000000002 25.511200000000002
14.999 25.640000000000008
17.0529 25.776
18.680600000000002 25.891099999999994
18.2466 25.857800000000005
20.153599999999997 26.0247
20.7723 26.114700000000013
20.070700000000002 26.024
19.453100000000003 26.03240000000001
20.440699999999996 26.156399999999998
22.461799999999993 26.4293
24.98847 26.87885
24.299470000000003 26.653580000000005
23.164409999999993 26.564359999999994
18.05523 25.721620000000005
22.259269999999994 25.957290000000004
21.272550000000003 25.96221999999998
18.297219999999996 25.561329999999995
16.18533 25.238859999999995
16.095579999999998 25.246059999999996
15.88848 25.73258
17.203150000000004 25.344759999999987
17.94956 25.330299999999994
20.44345 25.661419999999996
18.555945 25.554620000000007
18.145749999999996 25.484080000000002
20.881209999999996 25.711509999999997
21.382909999999995 25.884800000000002
20.037720000000007 25.795800000000007
21.282459999999993 25.905499999999986
21.521649999999998 25.934200000000008
20.970120000000005 25.926
21.452049999999996 25.9631
23.448590000000003 26.240600000000004
20.643610000000002 26.013150000000003
22.318510000000007 25.688579999999998
22.399878 25.750260000000008
23.80501 25.12028
22.18088999999999 25.13116
21.460550000000005 25.042770000000004
22.651229999999995 25.226030000000005
23.30489 25.341939999999997
23.52799999999999 25.453499999999995
24.4977 25.62269999999999
24.499999999999996 25.627399999999987
23.6847 25.574599999999993
23.816730000000003 25.73769
24.357020000000006 25.493349999999992
22.958439999999996 25.394019999999994
23.604730000000004 25.404800000000005
25.23103999999999 25.635790000000004
23.974370000000004 25.59694
23.825927 25.53227
25.780556999999998 25.73571
24.431929 25.65658
25.176577999999992 25.71948999999999
25.18438999999999 25.672280000000008
26.1664 25.852000000000004
25.100299999999997 25.80559999999999
18.257299999999997 25.309600000000003
14.422400000000005 25.042200000000005
18.5633 25.367400000000007
20.129499999999993 25.42920000000001
18.793400000000002 25.905180000000005
14.43653 24.6616
12.908319999999998 24.51426
14.725009999999994 24.71597
18.894100000000005 25.036459999999998
22.283600000000003 25.4245
21.498299999999997 25.42920000000001
21.49749999999999 25.336199999999998
17.947199999999995 25.199299999999997
19.542500000000004 25.3222
19.7526 25.362600000000008
21.365400000000005 25.567599999999995
21.041600000000006 25.580400000000004
18.9225 25.3626
24.4611 25.71709999999999
26.6328 25.947400000000005
24.767299999999995 25.881600000000006
25.88100000000001 26.007799999999992
22.894499999999994 25.849300000000003
24.820500000000003 25.923299999999998
25.158200000000004 25.992999999999995
25.8595 26.124099999999988
25.192800000000005 26.1278
26.8135 26.141499999999994
26.667799999999996 26.14249999999999
26.0044 26.13960000000001
26.318600000000004 26.1228
25.449399999999994 26.078799999999998
26.828999999999997 26.260000000000005
27.311300000000006 26.329199999999997
26.203500000000002 26.244699999999998
27.35169999999999 26.36659999999999
23.016500000000004 26.095100000000006
23.685500000000008 26.078499999999995
21.044299999999996 25.9071
16.823800000000006 25.4716
18.865399999999998 25.577600000000007
20.56069999999999 25.8329
21.6908 25.871600000000004
23.766699999999997 26.1508
17.278700000000008 25.634900000000005
21.951899999999995 26.054200000000005
23.4114 26.1028
25.237699999999997 26.290200000000002
27.4761 26.510900000000003
28.7847 26.537700000000008
26.309200000000004 26.542299999999997
25.833699999999997 26.4629
28.688200000000002 26.5796
27.261309999999995 26.644059999999993
27.139300000000006 26.13605
26.8983 26.2515
25.9056 26.216700000000003
29.277099999999994 26.50780000000001
28.236100000000004 26.531399999999998
28.297299999999996 26.5003
