9.495099999999997 9.08968
9.265399999999998 9.104870000000002
8.7863 9.074929999999998
9.076299999999996 9.077850000000002
9.2704 9.089580000000002
9.4839 9.093789999999998
9.839199999999998 9.101050000000003
9.6636 9.087779999999999
9.317999999999998 9.107050000000001
9.567700000000002 9.12558
9.476200000000002 9.11259
9.5218 9.1037
9.720799999999999 9.10928
9.698 9.11013
9.712600000000002 9.1189
9.3354 9.0975
9.119 9.086400000000003
8.897499999999999 9.09461
8.8471 9.096729999999999
8.7464 9.07658
9.324700000000002 9.11309
9.303499999999996 9.107859999999999
8.851400000000002 9.083070000000001
9.0334 9.084679999999997
9.2255 9.101590000000002
8.814999999999998 9.080239999999998
8.923199999999998 9.069659999999997
8.9335 9.07021
8.965 9.066479999999997
9.329299999999998 9.09057
9.546899999999999 9.106169999999999
9.367 9.090369999999998
9.061499999999999 9.08119
9.094100000000003 9.09157
9.1303 9.090729999999999
9.1934 9.09545
9.0083 9.07348
9.2805 9.09266
9.3338 9.085899999999999
9.344399999999998 9.093150000000003
9.2956 9.100800000000001
9.225200000000001 9.101280000000001
9.360599999999998 9.10061
9.550900000000004 9.1164
9.326099999999997 9.12149
8.932400000000001 9.085959999999998
9.034999999999998 9.088840000000001
9.054999999999998 9.117519999999999
9.391200000000003 9.11244
9.135200000000001 9.086980000000002
9.492999999999999 9.119220000000002
9.655700000000001 9.111150000000002
9.4613 9.104880000000001
9.042500000000004 9.082180000000003
9.378699999999998 9.10565
9.408999999999999 9.110299999999997
9.167400000000002 9.095270000000001
9.184000000000003 9.097830000000002
9.371600000000004 9.1061
9.324900000000001 9.113460000000002
9.230699999999999 9.105370000000002
9.069199999999999 9.11898
9.408000000000001 9.116620000000001
9.429200000000002 9.119930000000002
9.354399999999998 9.10903
9.0735 9.101040000000001
9.056000000000001 9.1113
9.1622 9.10256
9.240900000000002 9.1106
9.2184 9.12278
8.815100000000001 9.10705
9.1052 9.087449999999999
9.2332 9.12166
9.1843 9.124510000000003
9.272199999999998 9.12283
9.4336 9.122860000000001
8.5203 9.09715
8.024500000000002 9.069579999999998
8.459499999999998 9.096309999999995
8.7456 9.084169999999997
8.8436 9.085329999999999
9.426799999999998 9.123500000000002
9.284500000000001 9.13236
9.272100000000002 9.11818
9.107700000000001 9.117739999999996
8.7875 9.09313
8.081500000000002 9.06035
8.4474 9.07565
8.669900000000002 9.073839999999999
8.913699999999999 9.07731
8.165899999999999 9.060129999999997
7.935999999999998 9.051800000000002
7.263600000000002 9.030619999999995
7.303300000000002 9.024130000000003
8.6334 9.076789999999999
8.2216 9.055390000000003
8.5898 9.07695
9.069899999999999 9.10117
9.2919 9.115920000000001
8.977400000000003 9.097710000000001
8.807099999999998 9.08168
8.886899999999999 9.102030000000001
8.978799999999998 9.0984
8.601099999999999 9.088709999999997
9.568800000000003 9.08146
9.263200000000001 9.08855
8.5527 9.07413
8.7675 9.080629999999998
8.819499999999996 9.103589999999999
8.846200000000003 9.134289999999998
9.408800000000001 9.12689
9.0585 9.107689999999998
8.5785 9.07174
8.639000000000003 9.07572
8.84 9.085599999999996
8.631300000000001 9.07893
8.756300000000001 9.08688
9.157799999999998 9.110630000000002
8.798000000000002 9.0906
8.3866 9.09144
8.319300000000002 9.091519999999997
8.508099999999999 9.0837
8.948300000000001 9.10307
8.815400000000002 9.08587
8.423800000000005 9.07301
8.517800000000001 9.08003
8.602799999999998 9.08148
8.536600000000002 9.08161
8.832800000000002 9.104859999999999
8.7356 9.09089
9.1406 9.103109999999997
8.753200000000001 9.083839999999999
8.2644 9.07534
8.321000000000002 9.074189999999998
8.2205 9.068139999999998
8.5361 9.072930000000001
8.4344 9.070739999999999
7.1431000000000004 9.046259999999998
7.724600000000002 9.039549999999997
7.874499999999999 9.06323
7.823800000000003 9.02891
8.7367 9.079699999999999
8.6734 9.08042
8.038399999999998 9.04661
8.315900000000001 9.049789999999998
8.045399999999999 9.039639999999999
8.1686 9.04379
7.9966 9.04987
8.215699999999998 9.057499999999997
8.3262 9.06409
8.123899999999999 9.06598
7.764399999999999 9.054829999999999
8.590399999999999 9.058399999999999
8.627199999999998 9.07503
9.025300000000001 9.06536
9.098199999999999 9.085310000000002
9.081199999999997 9.088359999999998
9.2 9.08712
8.994900000000001 9.085269999999998
8.505100000000002 9.070730000000001
8.284200000000002 9.06068
8.2427 9.065120000000002
8.2613 9.072059999999999
8.162000000000003 9.060670000000002
8.7501 9.085730000000002
9.137899999999997 9.09857
9.0366 9.112260000000003
9.234400000000003 9.113449999999998
9.642200000000003 9.128760000000002
9.325000000000001 9.13438
9.462600000000004 9.119570000000001
9.258599999999998 9.12187
9.309100000000004 9.118459999999999
9.402499999999998 9.122790000000002
9.256300000000003 9.111609999999999
8.664100000000003 9.09002
8.6115 9.07467
8.653800000000002 9.080689999999999
8.8904 9.092110000000002
8.489499999999998 9.091820000000002
8.8952 9.081080000000002
8.928600000000001 9.093350000000001
8.5916 8.99813
8.9736 9.08381
9.1749 9.09637
9.175399999999996 9.098930000000001
9.222500000000002 9.10354
9.147300000000003 9.100870000000002
8.752199999999997 9.082909999999998
9.1316 9.098759999999999
9.073799999999999 9.12197
9.355400000000003 9.13118
9.335800000000004 9.12793
9.297899999999998 9.116129999999998
9.4129 9.113960000000002
9.509800000000002 9.13413
9.4448 9.1269
9.559100000000003 9.130169999999998
9.4317 9.130049999999997
9.548199999999998 9.12657
9.626800000000001 9.120449999999998
9.520599999999998 9.128529999999998
9.497900000000001 9.121679999999998
9.3704 9.111539999999998
9.401199999999998 9.115230000000004
9.1292 9.114870000000002
9.311399999999999 9.11974
9.403100000000004 9.11965
9.443000000000001 9.121820000000001
9.455 9.130649999999997
9.5806 9.127369999999997
9.5795 9.122459999999997
9.566000000000003 9.11467
8.992600000000001 9.111189999999999
9.210900000000002 9.126989999999997
9.284300000000002 9.114610000000003
9.406500000000003 9.114799999999997
9.537300000000002 9.119749999999998
9.568499999999998 9.12059
9.395500000000002 8.684459999999998
9.5677 8.711709999999998
9.1051 8.625770000000003
9.315600000000005 8.638409999999999
9.1545 8.647609999999997
9.1366 8.64654
9.276900000000001 8.64597
9.3654 8.65359
9.1489 8.633840000000003
9.288400000000003 8.640570000000004
9.2577 8.643729999999996
9.4225 8.659469999999999
9.099200000000003 8.65246
9.1362 8.650779999999997
9.326700000000002 8.663739999999997
9.4487 8.66379
9.857600000000001 8.67956
9.552699999999998 8.671920000000002
9.315200000000003 8.6532
9.178400000000003 8.66652
8.7905 8.642070000000002
8.887500000000001 8.657290000000001
9.0734 8.649980000000001
9.3398 8.669730000000001
9.266 8.664449999999999
9.2578 8.68199
9.1608 8.668420000000001
9.127700000000003 8.678379999999999
9.222900000000001 8.670069999999997
9.139500000000004 8.669329999999999
9.363299999999999 8.674140000000001
9.153299999999998 8.676019999999998
9.311500000000002 8.684729999999998
9.491300000000003 8.68864
9.586300000000001 8.685669999999998
9.577799999999998 8.67553
9.620199999999999 8.683700000000002
9.4289 8.68329
9.272899999999998 8.67919
9.502199999999997 8.6842
9.6593 8.68281
9.573900000000004 8.68017
9.399199999999999 8.680990000000001
9.0824 8.665389999999999
8.6617 8.6266
8.723500000000001 8.651779999999999
9.150899999999998 8.682409999999999
9.4129 8.684150000000002
9.3945 8.695640000000001
9.341500000000002 8.68886
9.2678 8.686989999999998
8.907 8.671489999999999
8.324399999999999 8.646079999999998
9.127099999999997 8.654390000000001
9.200099999999999 8.68743
9.239799999999999 8.69077
9.341099999999997 8.690280000000001
9.520099999999998 8.68335
9.5301 8.6894
9.4336 8.678320000000001
9.2887 8.679009999999998
9.249500000000003 8.680270000000004
9.262699999999999 8.684779999999998
9.100099999999998 8.67621
9.082399999999998 8.67019
8.309800000000001 8.63337
8.348100000000002 8.637939999999999
8.464300000000001 8.633340000000004
8.6522 8.407459999999999
