15.067 28.223
14.44 28.223000000000003
14.399000000000001 28.211000000000002
12.228 28.211000000000002
14.621 28.211000000000002
13.782 28.217000000000002
14.013 28.223000000000003
14.542 28.211000000000002
12.797 28.211000000000002
12.944999999999999 28.211000000000002
12.564999999999998 28.211000000000002
11.761000000000001 28.205000000000002
12.98 28.205000000000002
12.595 28.205000000000002
11.245 28.205000000000002
12.259000000000002 28.211000000000002
11.849 28.211000000000002
11.636000000000001 28.205000000000002
10.040000000000001 28.193
10.8 28.193
10.639000000000001 28.186
10.641 28.199
11.796999999999999 28.211
10.148000000000001 28.199
9.867 28.186
10.962 28.211000000000002
10.363999999999999 28.199
9.748999999999999 28.186
9.534 28.186
9.016 28.186
8.688 28.193
9.641 28.199
10.535 28.198
8.649999999999999 28.180000000000007
8.812 28.187
8.790000000000001 28.186
8.846 28.186
9.102 28.193
9.066 28.192
8.955 28.180000000000007
8.094999999999999 28.180000000000007
7.906000000000001 28.174
8.677999999999999 28.180000000000007
7.941999999999999 28.180000000000007
8.436 28.174
7.851 28.174
8.09 28.174
8.193999999999999 28.174
8.796999999999999 28.174
7.8759999999999994 28.174
8.853 28.174
7.76 28.180000000000007
8.623 28.180000000000007
7.928 28.174
7.878000000000002 28.174
8.589 28.174
8.285 28.174
8.890999999999998 28.174
8.639999999999999 28.174
10.041000000000002 28.180000000000007
8.927999999999999 28.180000000000007
9.565 28.180000000000007
8.271 28.174
8.639 28.180000000000007
9.306 28.180000000000007
9.468 28.180000000000007
9.848 28.180000000000007
9.314 28.174
9.748 28.180000000000007
8.575000000000001 28.180000000000007
8.684 28.174
8.334 28.186
9.138 28.174
9.437999999999999 28.174
7.995000000000001 28.174
8.429 28.174
8.963 28.174
8.544 28.174
9.182 28.174
8.997000000000002 28.180000000000007
9.124 28.181
8.488 28.181
8.013 28.174
8.025 28.174
8.5 28.174
8.401 28.180000000000007
8.555 28.174
7.925 28.174
8.503 28.174
8.751000000000001 28.180000000000007
8.227 28.174
8.18 28.174
8.767999999999999 28.18
9.040000000000001 28.180000000000007
8.623 28.180000000000007
9.811 28.193
9.012 28.180000000000007
9.606 28.180000000000007
9.304000000000002 28.180000000000007
8.588 28.180000000000007
8.319 28.186
8.095 28.174
8.598 28.18
10.578999999999999 28.192
9.367 28.180000000000007
8.93 28.198
8.572000000000001 28.186
8.003 28.180000000000007
10.626 28.193
10.0 28.199
9.55 28.192000000000007
9.628 28.186
10.721000000000002 28.192
9.036999999999999 28.198
9.366000000000001 28.204
10.19 28.204
9.719 28.198
10.627 28.198
10.110999999999999 28.198
10.26 28.198
10.159 28.198
9.849 28.198
9.371 28.186
9.893999999999998 28.211000000000002
9.479 28.192000000000007
10.495000000000001 28.198
9.934999999999999 28.198
10.427999999999999 28.198
9.667 28.199
9.86 28.192
9.704 28.192
9.649999999999999 28.198
9.889999999999999 28.192
10.587 28.192
11.355 28.192
9.427999999999999 28.192
10.294 28.192
9.256 28.192
9.042 28.192
10.524000000000001 28.204
10.22 28.198
10.828 28.198
9.287 28.198
8.533 28.186
9.584 28.192
9.139 28.192000000000007
9.748 28.192
9.118 28.198
9.417000000000002 28.199
8.828 28.192
9.857000000000001 28.192
9.58 28.198
9.678 28.198
9.527999999999999 28.192
9.986 28.192
10.025 28.186
9.089 28.186
8.921000000000001 28.186
9.015 28.192
9.268 28.186
9.836 28.186
9.531 28.192
9.561 28.187
9.02 28.193
9.670000000000002 28.205000000000002
10.013000000000002 28.205000000000002
10.485999999999999 28.205000000000002
10.115 28.211000000000002
10.231 28.199
10.846 28.205000000000002
11.758000000000003 28.199
10.868 28.205
11.313 28.205
12.466000000000001 28.205
11.449000000000002 28.205
11.191 28.217
11.659 28.217
11.084000000000001 28.205
11.23 28.217
11.948 28.211
11.156999999999998 28.205
11.709999999999999 28.211
13.584999999999999 28.205000000000002
12.455 28.211
12.499999999999998 28.205000000000002
13.468000000000002 28.217
13.642999999999999 28.223
13.850000000000001 28.223
12.872 28.229
12.597 28.229
13.397 28.217
13.755 28.217
12.438 28.223
13.653 28.223
12.411 28.217
13.819 28.217
13.77 28.223
13.572999999999999 28.229
15.299 28.235
16.086 28.242
14.124 28.242
15.238 28.254
15.872 28.235
14.271999999999998 28.223
14.422 28.229
16.079 28.247
16.567 28.253
15.936 28.241
16.378999999999998 28.241
16.003999999999998 28.253
18.213 28.259
17.285 28.253
16.351 28.253
17.157 28.253
18.9 28.253
19.307999999999996 28.253
18.112000000000002 28.253
17.615 28.247
16.525 28.241
19.079 28.266000000000002
18.724999999999998 28.247
24.847 30.205
20.05 27.069
17.322 16.0346
9.577 12.891
11.173 12.677
10.054999999999998 13.257000000000001
10.696 14.193
7.034299999999999 14.639
7.826000000000001 14.959
7.176 15.289
7.5882000000000005 15.887
8.72 16.567
9.439000000000002 17.548
19.446 19.572
25.47 23.469
19.41 24.329000000000004
21.869 24.518
27.307 24.695000000000004
35.303000000000004 24.78
34.827000000000005 25.056
28.931 25.177
22.436 24.767
28.492 22.134
22.531 22.613
19.47 22.72
17.549999999999997 22.715000000000003
17.644 22.741
15.47 22.775
14.843 22.789
15.379000000000001 22.809
15.176399999999997 22.811999999999998
15.817300000000001 22.808999999999997
16.028799999999997 22.87
15.510400000000002 22.875
15.027899999999999 22.872
15.528499999999998 22.868999999999996
14.385499999999999 22.903000000000002
15.223999999999998 22.952
17.706 22.997999999999998
16.400699999999997 23.028000000000002
19.3358 23.063
15.6782 23.084
15.8333 23.093
15.354600000000001 23.129
16.1982 23.145000000000003
15.7034 23.136000000000003
15.193099999999998 23.157000000000004
15.4026 23.16
15.720999999999998 23.166
19.0476 23.184
28.3302 23.386000000000003
24.1701 23.548
19.5816 23.593999999999998
16.197 23.608999999999998
17.366300000000003 23.615
17.260399999999997 23.627
16.974600000000002 23.622
14.379900000000001 23.616
18.5747 23.654999999999998
15.7496 23.746000000000002
15.221000000000002 23.773
14.179999999999998 23.768
13.6791 23.755
13.997499999999999 23.758
14.446600000000002 23.779999999999998
13.7385 23.801
13.0741 23.785
