10.1261 10.6454
10.9574 10.392999999999999
9.9716 11.181399999999998
10.5706 10.666599999999999
11.417000000000002 10.4958
11.625300000000001 10.604800000000001
10.4997 10.461699999999999
9.874500000000001 10.0571
11.014600000000002 10.308
9.7136 9.8238
9.0747 9.636
8.4937 9.4537
9.493400000000001 9.0867
10.4017 9.7432
9.475399999999999 9.349599999999999
9.0253 9.091000000000001
9.3196 9.2944
10.4876 9.3939
10.381699999999999 9.2742
9.488600000000002 9.2015
9.2971 8.8106
10.4462 9.2488
10.293800000000001 9.3001
9.480899999999998 9.271100000000002
10.351200000000002 9.8556
10.952900000000001 10.092900000000002
10.351199999999999 10.2345
10.146500000000001 10.114700000000001
10.5398 9.858
10.7713 9.7733
11.0783 9.9307
10.3616 9.7674
10.198599999999999 9.8884
10.369600000000002 9.7324
10.854099999999999 9.8264
14.0746 10.0831
10.5065 9.863099999999998
10.197599999999998 9.485899999999999
11.4579 9.858500000000001
9.356300000000001 9.4738
9.7655 9.0771
10.3016 10.148300000000003
10.4114 10.1588
10.6644 9.8759
11.8029 10.1652
10.9152 10.253100000000002
10.0909 11.248499999999998
9.0906 10.690900000000001
10.1077 10.7677
8.2959 9.9905
7.998300000000001 9.4678
11.096 9.796000000000001
10.845200000000002 10.0733
8.705599999999999 9.873700000000001
8.305 9.4124
7.8151 9.5619
7.585800000000001 9.2891
10.1763 9.3888
8.443000000000001 9.0153
12.039399999999997 10.3798
11.356699999999998 10.7316
9.3261 10.1939
8.2528 9.589300000000001
8.8974 9.723299999999998
9.182699999999999 9.9522
9.761899999999999 9.940800000000001
7.8857 9.3868
8.784600000000001 9.1358
8.7286 9.0155
7.5489000000000015 8.672300000000002
7.0884 9.429699999999999
7.6597 9.0645
8.939900000000002 9.807599999999999
7.2241 9.041
8.6396 9.3149
8.832999999999998 9.168099999999999
8.770700000000001 8.9714
8.085 8.963700000000001
8.0646 8.5181
8.365799999999998 8.645999999999999
8.496400000000001 8.5689
7.9607 8.660400000000001
10.0907 8.9062
9.402099999999999 8.9026
8.697 9.258700000000001
9.406899999999998 9.170499999999999
9.618500000000001 8.737000000000002
8.5006 8.4979
7.732900000000001 8.364099999999999
8.644099999999998 8.1945
8.4006 8.666199999999998
9.5927 8.7544
10.1378 9.1098
7.960100000000001 8.6855
8.6865 8.455499999999999
8.9683 8.9004
10.177999999999999 9.117099999999999
10.382900000000001 9.557199999999998
8.3987 9.1267
8.2008 8.6045
9.3607 9.464899999999998
8.0091 9.648200000000001
10.0689 9.4334
10.0913 9.3609
10.0442 9.2649
9.573 10.439200000000001
8.481900000000001 10.057899999999998
10.7594 10.2969
9.395499999999998 9.683399999999999
10.5298 10.7036
10.1434 10.4829
9.116399999999999 10.247199999999998
10.553400000000002 9.8443
9.718599999999999 9.9164
12.6502 11.1192
11.3837 11.276
12.922 11.2375
10.3085 10.817499999999999
11.3097 10.3652
10.5482 10.4238
10.393299999999998 9.763699999999998
10.395100000000001 9.528099999999998
10.9329 9.3901
10.473600000000001 8.9491
12.3432 9.767299999999999
10.6652 10.750599999999999
10.159100000000002 10.522899999999998
11.2669 10.3141
11.6669 10.0944
10.999600000000001 9.9773
10.4642 9.6832
10.200400000000002 9.381699999999999
11.780900000000003 9.471800000000002
10.608999999999998 9.8734
10.8279 10.2314
10.1441 10.1905
10.37 9.8887
11.103299999999999 10.535200000000001
10.787099999999999 10.6216
11.1276 11.5723
11.192 11.585399999999998
9.7381 10.9461
10.010199999999998 10.466600000000001
11.083000000000002 10.6229
10.369 10.817300000000001
11.1409 10.5928
11.479099999999999 10.4419
10.206999999999999 10.4697
10.856800000000003 10.3358
10.613900000000001 10.0969
10.6505 9.850399999999999
14.4697 12.283900000000001
12.3254 11.561700000000002
12.1195 11.495
14.863600000000002 11.991299999999999
13.0243 12.255799999999999
11.4313 11.6315
12.5908 10.9237
12.504999999999999 10.6561
10.6637 10.7338
9.937 10.0441
10.5894 9.873999999999999
12.673699999999998 10.3115
11.751199999999999 10.4638
11.804499999999999 11.247499999999999
11.607099999999999 11.2699
12.0461 11.0597
12.1754 10.691
12.6531 10.9069
11.516 10.8374
12.980999999999998 10.87
12.339500000000001 11.027299999999999
13.3292 10.7966
13.3259 10.5492
12.092 10.6692
13.651099999999996 10.999100000000002
28.612399999999997 21.2655
12.6823 10.2547
12.7421 10.263300000000001
14.233400000000001 11.6158
13.386500000000002 11.1328
13.0914 11.0719
13.630700000000001 10.8207
12.493 10.708799999999998
13.401800000000003 10.7134
13.584000000000001 10.8648
13.686599999999999 11.0593
12.295 10.5386
13.264499999999998 9.785499999999999
13.471699999999998 10.1125
14.518400000000002 10.3208
14.051 9.9612
14.771499999999998 10.614800000000002
12.78 10.2736
14.421999999999999 10.293
14.2246 10.188699999999999
15.0448 10.610999999999999
13.4933 10.3119
13.691400000000002 10.0476
14.615399999999998 10.403400000000001
13.281700000000003 10.189900000000002
13.9235 10.0608
13.4964 9.793299999999999
11.6478 9.6556
14.6227 10.2028
16.465 10.6911
13.1201 10.637400000000001
12.3422 10.1722
14.435500000000001 10.284600000000001
12.6198 10.152700000000001
13.594800000000001 9.861800000000002
13.0297 10.4917
12.8445 10.282200000000001
13.985 10.3125
14.184099999999999 10.742199999999999
15.554000000000004 10.5657
15.349100000000002 12.274099999999999
13.517900000000003 12.0238
13.6901 11.8155
14.169099999999998 11.4465
16.274300000000004 11.7641
13.107900000000003 11.024700000000001
13.3508 10.773399999999999
13.844199999999999 10.360800000000001
15.5778 10.587799999999998
13.974600000000004 10.6266
13.5913 10.846999999999998
14.975 10.732999999999999
14.4785 11.1164
15.476 10.8257
15.783599999999998 10.5576
13.008000000000001 10.289299999999999
13.4662 10.453500000000002
12.945899999999998 9.9839
12.483699999999997 9.8899
11.412799999999999 9.5722
13.9383 9.8644
12.5088 9.8022
16.848000000000003 10.111099999999999
18.626000000000005 11.7461
16.485 12.1617
14.8897 11.862
16.119999999999997 11.9859
13.742 11.318
15.252000000000002 11.1928
13.3563 11.295900000000001
12.876000000000001 11.0249
13.902700000000001 11.069700000000001
26.7308 21.916100000000004
14.882000000000001 10.6114
16.729 10.5224
14.885000000000002 10.5877
13.98 10.2165
13.263 10.196100000000001
13.197899999999999 10.5038
14.581199999999999 10.4995
14.841099999999999 11.9828
15.412899999999999 11.7839
13.431000000000001 11.734500000000002
12.990000000000002 11.267000000000001
14.293999999999999 11.2537
15.058999999999997 11.3902
16.568 11.7022
14.561500000000002 12.3091
14.245000000000003 11.8784
15.325000000000003 11.636600000000001
13.244900000000001 11.434399999999998
13.697999999999999 11.3616
12.4663 10.7236
13.4687 10.579400000000001
12.765 10.301300000000001
12.3505 9.837499999999999
13.004 10.005099999999999
12.4712 9.9531
10.834000000000001 9.8461
11.6395 9.8548
10.998200000000002 9.968899999999998
12.5731 10.0646
11.759600000000002 9.8936
12.330599999999999 9.948300000000001
12.132800000000001 9.9814
12.0847 9.6928
11.120099999999999 9.5563
10.600000000000001 9.438099999999999
12.571300000000003 9.447
12.083499999999999 9.6123
12.0817 10.108
12.829400000000001 9.7863
