6.087089999999999 14.7619
6.254080000000002 14.791400000000007
5.416240000000001 14.802300000000002
7.974959999999999 14.876800000000001
9.63118 14.947000000000003
11.567799999999998 15.971159999999992
11.307280000000002 15.0258
11.863319999999995 14.894999999999998
11.538760000000007 14.800099999999993
10.713610000000005 15.176100000000003
10.783479999999999 14.828999999999997
12.599845000000002 15.221400000000004
11.437669999999999 14.899600000000001
12.480089000000005 15.422949999999997
11.477259999999996 14.911300000000002
13.835492000000006 16.9873718
15.217999999999995 14.789542000000003
13.395599999999996 15.095499999999994
18.805564699999998 16.65562099999999
13.267550000000004 15.854316999999995
14.28838 15.008400000000007
15.174279000000002 15.627237000000004
13.178142999999995 15.255593000000001
12.923979999999998 15.138633000000004
13.276390000000001 14.663800000000002
12.525119999999998 15.244509999999995
13.81849999999999 14.894499999999997
11.777200000000002 14.992815000000004
11.339619999999998 15.034500000000001
12.559989999999999 14.946399999999995
12.436059999999998 14.868999999999991
13.48945 15.130199999999991
10.327250000000001 14.89959999999999
9.802539999999999 14.799100000000001
7.713330000000002 14.7195
7.54236 14.735500000000002
7.528819999999999 14.705699999999997
7.804650000000002 14.680599999999998
8.774380000000003 14.677100000000001
7.17971 14.638099999999998
7.742990000000001 14.665799999999999
6.021830000000001 14.591800000000003
6.37434 14.4858
7.544799999999998 14.534100000000002
7.081389999999997 14.499399999999996
7.576370000000001 14.495899999999995
6.924249999999999 14.466599999999993
6.450439999999998 14.4553
6.48295 14.485600000000002
6.3407599999999995 14.474900000000002
6.792810000000003 14.502599999999996
6.87683 14.526099999999992
8.180130000000002 14.552599999999993
7.150370000000003 14.504699999999993
7.317389999999997 14.500399999999997
7.25991 14.532499999999995
7.2863999999999995 14.564499999999992
6.965649999999999 14.52489999999999
7.242690000000001 14.522299999999994
7.88919 14.513099999999996
6.959600000000001 14.458599999999993
8.386880000000001 14.484299999999994
10.156410000000003 14.52149999999999
8.69609 14.447199999999988
8.92334 14.471199999999993
9.297109999999998 14.560099999999998
8.39053 14.513999999999996
7.957420000000003 14.529499999999995
7.621230000000001 14.549600000000002
7.871100000000002 14.537900000000006
8.85353 14.534200000000002
8.619020000000004 14.519699999999997
9.752600000000005 14.545
9.82695 14.512299999999998
10.178360000000003 14.547500000000003
9.25518 14.544799999999999
10.687830000000002 14.598900000000006
11.517719999999999 14.647800000000002
10.451590000000003 14.637700000000004
12.160910000000005 14.666600000000003
10.735430000000006 14.611099999999997
12.440140000000003 14.6682
9.967910000000007 14.678899999999997
11.26689 14.689299999999998
10.6405 14.702699999999998
11.462489999999997 15.099499999999994
12.992349999999997 14.795099999999994
13.03617 14.821999999999996
11.217730000000001 14.7614
10.632979999999998 14.696700000000002
10.035029999999999 14.7336
12.493709999999998 14.737399999999992
11.470160000000003 14.752699999999999
9.848543000000001 14.876370000000003
12.765440000000003 14.825000000000003
13.768510000000001 14.766499999999999
12.531820000000005 14.668200000000004
13.981050000000003 14.879400000000006
13.138975 14.869149000000004
15.410779999999994 15.472900000000003
13.974419999999999 14.661200000000008
13.91018 15.040300000000009
11.848869999999996 14.87317
13.68927 15.053100000000006
12.506539999999996 14.6156
12.881959999999998 14.602200000000003
12.312299999999999 14.5533
13.17633 14.573299999999993
12.595520000000002 14.542499999999992
12.776729999999997 14.951267599999996
18.24072599999999 16.058873999999996
13.27803 14.524299999999995
13.251080000000004 14.517799999999994
15.530819999999995 15.71853
14.504789999999998 14.458899999999996
13.927407000000006 15.512016999999997
14.679340000000005 14.371100000000006
12.288980000000002 14.3327
13.551260000000005 14.372199999999996
19.073475 15.700734999999996
11.902889999999996 14.466099999999996
13.279290000000001 14.364199999999999
11.779410000000002 14.330900000000002
14.045870000000004 14.335799999999995
15.14588 14.376
13.05444 14.2747
14.090069999999999 14.310700000000004
12.245669999999995 14.286599999999993
15.09837 15.095599999999992
11.446190000000001 14.268999999999995
12.970209999999996 14.931304
12.509519999999997 14.2438
13.991679999999999 14.81605
13.810730000000005 14.372500000000004
13.015389999999998 14.534156000000001
11.477490000000005 14.149900000000004
11.77251 14.209500000000002
13.332010000000006 14.245999999999997
11.670330000000002 14.361098
12.225959999999995 14.294700000000002
12.103189999999994 14.250800000000002
11.878969999999999 14.2258
12.189509999999993 14.297600000000008
13.204110000000007 14.5976
13.267170000000004 14.933610000000014
16.143670000000004 14.331999999999992
14.736130000000003 14.3885
14.591140000000005 14.660300000000001
14.379379999999998 14.352899999999998
13.860029999999993 14.328000000000001
14.890740000000005 14.356999999999994
13.39614 14.265500000000001
13.619889999999996 14.603641999999997
14.517339999999997 14.3406
13.695809999999998 14.303799999999999
13.321769999999999 14.264799999999997
11.503920000000004 14.245199999999993
12.550790000000003 14.260999999999994
14.165540000000002 14.346399999999997
12.404520000000002 14.338700000000005
14.51753 14.384
14.59287 14.399100000000006
13.985649999999996 14.352400000000001
15.554140000000002 14.387100000000002
14.714450000000006 14.343000000000004
13.651889999999996 14.342000000000004
11.957760000000004 14.274600000000007
12.539729999999997 14.272199999999998
11.982249999999995 14.285999999999996
15.369249999999997 14.4158
12.232090000000003 14.4023
12.672699999999997 14.392899999999992
12.962289999999992 14.418899999999999
15.235989999999994 14.510000000000002
15.30612 14.481700000000004
13.054780000000003 14.450799999999994
14.711290000000005 14.480799999999999
16.230660000000004 14.516099999999998
13.594800000000005 14.403800000000002
12.647489999999998 14.379300000000002
13.784260000000002 14.392700000000003
13.749020000000003 14.418199999999997
13.361050000000002 14.468400000000006
13.99973 14.444400000000002
13.02885 14.444600000000001
11.2882 14.4092
13.783209999999995 14.463399999999998
12.893700000000004 14.450399999999993
13.676359999999999 14.508299999999997
13.978250000000001 14.477699999999999
16.32727999999999 14.512199999999995
14.083569999999993 14.487599999999995
12.116599999999998 14.426499999999997
13.035609999999995 14.429299999999994
12.534709999999997 14.442500000000003
11.883780000000003 14.404400000000003
14.686109999999996 14.483800000000008
14.543320000000001 14.493100000000005
14.609459999999997 14.459399999999997
15.04286 14.4818
14.929919999999996 14.444300000000002
14.00456 14.455099999999998
14.058509999999998 14.4319
12.8966 14.4403
13.61091 14.532999999999996
11.26592 14.466900000000003
12.85605 14.4627
11.55677 14.4346
12.82653 14.440399999999995
10.673479999999998 14.436999999999994
12.107750000000003 14.461599999999997
12.254619999999992 14.471600000000004
13.326279999999995 14.519600000000002
12.090740000000004 14.5098
12.26931 14.512399999999994
10.778779999999998 14.4523
11.489379999999999 14.493299999999998
10.900419999999995 14.4535
11.995550000000001 14.472699999999996
12.390139999999992 14.5039
12.498560000000003 14.524299999999995
14.600449999999999 14.538599999999999
14.0175 14.557599999999999
14.702119999999997 14.5453
13.984040000000006 14.547699999999997
15.936300000000001 14.554099999999991
15.683730000000008 14.632200000000003
15.899970000000005 14.62
16.131400000000003 14.586900000000004
13.694400000000002 14.544799999999999
13.344499999999998 14.571700000000007
10.787859999999998 14.515500000000001
11.601069999999995 14.823220000000001
17.33992299999999 14.665999999999999
13.981379999999998 14.521399999999996
12.912590000000002 14.521400000000002
13.419239999999997 14.663099999999996
14.250939999999995 14.603000000000002
10.22261 14.4065
12.488040000000005 14.285899999999998
13.87585 14.381599999999995
12.530170000000004 14.568499999999998
13.578709999999997 14.865209999999998
12.65932 14.485500000000002
10.172610000000004 14.477199999999996
10.560750000000004 14.485999999999995
10.739540000000003 14.511199999999993
9.749100000000002 14.511499999999995
10.850460000000002 14.5302
13.29022 14.544499999999994
12.44146 14.497599999999997
11.842410000000001 14.510300000000004
9.886100000000003 14.430599999999993
11.133969999999996 14.451499999999998
12.0441 14.466299999999995
11.712029999999999 14.440099999999997
14.71548 14.539699999999996
11.897119999999997 14.5031
14.811969999999993 14.542200000000005
11.59436 14.504399999999999
12.005149999999999 14.4878
12.889389999999995 14.5419
12.966289999999999 14.524399999999998
14.067600000000006 14.8974
11.53126 14.464300000000009
13.302739999999996 14.452399999999999
12.286249999999994 14.472199999999996
13.20822 14.459799999999992
12.476950000000004 14.412299999999997
12.611159999999996 14.433900000000005
11.37071 14.420899999999998
12.392460000000002 14.395199999999994
12.973039999999994 14.438099999999995
11.64369 14.4066
11.854810000000004 14.351799999999997
10.288539999999998 14.3344
10.705170000000003 14.3456
12.19455 14.744299999999994
14.306579999999997 14.860400000000002
11.362179999999999 14.433800000000009
10.77321 14.397699999999992
11.841479999999999 14.470199999999991
10.972739999999998 14.439999999999994
10.143830000000003 14.587700000000003
14.305347 15.905860599999992
14.025649999999997 14.389599999999996
13.234960000000001 14.733699999999997
12.794190000000002 14.3398
