11.257200000000001 6.0066
11.3357 5.890699999999999
11.3613 5.8847999999999985
11.378199999999996 5.8898
11.2645 5.887499999999999
11.110100000000001 5.887599999999999
11.442000000000002 5.882799999999999
11.576200000000004 5.878099999999999
11.1378 5.8775
11.2281 5.871799999999999
11.237800000000002 5.8816
11.4823 5.907599999999999
11.374799999999999 5.904800000000001
11.339700000000002 6.0844
11.4902 5.934399999999999
11.439100000000002 6.0482999999999985
11.424499999999998 5.959899999999999
11.275299999999998 5.8961
11.2984 5.892
11.241400000000002 5.925000000000001
11.240699999999999 5.9383
11.312400000000002 5.8999
11.309400000000004 5.898100000000001
11.382699999999998 5.9011999999999984
11.4348 5.9016
11.364500000000003 5.897599999999999
11.269999999999996 5.8955
11.293000000000001 5.898299999999999
11.263499999999997 5.8911999999999995
11.173900000000003 5.8935
11.096299999999998 5.895699999999999
10.956800000000001 5.9011000000000005
11.76657 6.147670000000001
11.152900000000002 5.8855900000000005
11.168299999999999 5.87888
11.247100000000001 5.884440000000001
11.537600000000001 5.9718800000000005
11.137100000000002 6.07035
11.1112 5.890400000000001
11.191399999999998 5.885879999999999
11.184099999999997 5.890770000000001
11.166300000000001 5.89255
11.146899999999999 5.890900000000001
11.038399999999998 5.896580000000001
10.898700000000002 5.89336
10.990599999999997 5.888579999999999
10.993600000000004 5.89127
10.975000000000005 5.887069999999999
11.1808 5.893440000000002
11.041799999999999 5.895849999999999
11.005399999999996 5.90094
11.237500000000002 5.89673
11.202000000000004 5.88942
11.0513 5.8902100000000015
11.013499999999997 5.893
10.9824 5.890099999999999
10.843900000000001 5.961589999999999
10.8883 6.013199999999999
10.9745 5.92299
10.921799999999998 5.902590000000001
10.9045 5.904579999999999
10.989900000000004 6.1323
11.022000000000002 6.057589999999999
11.0373 6.02109
10.9264 5.916689999999998
10.9716 5.89121
10.997300000000001 5.8795899999999985
11.027999999999997 5.88901
10.953200000000002 5.886909999999998
10.8885 5.975440000000002
10.991099999999996 5.8885299999999985
11.027 5.887940000000001
10.9447 5.8896299999999995
11.099899999999998 5.89282
11.035800000000002 5.95041
10.991300000000003 5.893810000000001
10.805799999999998 5.889389999999999
10.859100000000002 5.902300000000001
10.895599999999998 5.884689999999999
10.9984 5.8832
10.9871 5.8884099999999995
11.012300000000002 5.891019999999999
11.054400000000001 5.892399999999999
11.0179 5.894399999999999
10.9341 5.892900000000001
10.848999999999997 5.939209999999999
10.819500000000001 6.035679999999999
10.711199999999998 5.885199999999998
11.145199999999996 5.885790000000001
10.973500000000003 5.886389999999999
10.9773 5.888179999999999
10.766299999999998 5.88027
10.6509 5.88555
10.722999999999999 5.889769999999999
10.853200000000001 5.884270000000001
10.909 5.887379999999999
10.9153 5.88428
10.99 5.889389999999999
10.906600000000003 5.889670000000001
10.884400000000003 5.8916699999999995
10.885799999999996 5.88706
10.728200000000001 5.89837
10.898200000000001 5.890959999999998
11.315800000000001 5.88837
11.386899999999999 5.8840699999999995
11.323899999999998 5.891570000000001
11.063299999999998 5.881360000000002
10.9582 5.88816
10.916899999999998 5.89145
10.8737 5.898750000000001
10.7742 6.080699999999999
10.802 5.98859
11.017000000000001 5.95529
10.9261 5.9160900000000005
10.946200000000001 5.8948800000000015
10.945800000000002 5.888389999999999
10.925599999999998 5.88459
10.8649 5.881299999999999
10.871899999999997 5.870780000000001
10.8099 5.883499999999999
10.868300000000001 5.87438
11.0236 5.89059
11.0553 5.88448
10.995299999999999 5.88548
10.941799999999999 5.87869
10.933900000000005 5.886819999999998
10.939300000000001 5.881300000000001
10.988499999999998 5.886760000000001
10.926599999999999 5.876170000000001
10.834000000000001 5.88617
11.0649 5.880559999999999
11.002200000000002 5.89607
11.020900000000001 5.910870000000001
11.020499999999998 5.94027
10.8806 6.201070000000001
10.9595 6.036479999999998
10.9333 6.01038
10.930699999999998 5.92749
10.848599999999996 5.901179999999999
10.912499999999998 5.96539
10.917000000000002 5.86959
10.874600000000001 5.86951
10.981200000000001 5.873899999999999
11.007299999999999 5.8798900000000005
11.563300000000002 5.92348
11.590200000000001 5.883190000000001
11.089600000000004 5.880970000000001
11.129800000000001 5.881980000000001
11.0834 5.87178
10.787999999999998 5.872680000000001
10.643799999999999 5.8790700000000005
10.732899999999997 5.88239
10.9241 5.88047
11.0096 5.91742
11.232199999999997 5.8666599999999995
11.022799999999995 5.856770000000003
11.056199999999999 5.859169999999999
11.205400000000001 5.884580000000001
11.367099999999999 5.94257
11.251900000000001 6.00667
11.238400000000002 5.881470000000001
11.246900000000005 5.876270000000001
11.188099999999999 5.867379999999998
11.174700000000001 5.873379999999999
11.018799999999999 5.873579999999999
10.960500000000001 5.87538
11.007999999999997 5.87046
11.0461 5.871580000000001
11.025699999999997 5.87198
11.0921 5.88678
11.153100000000002 5.885460000000001
11.1315 5.894659999999999
11.135599999999998 5.886360000000001
11.1075 5.8789700000000025
11.156899999999997 5.87426
11.160700000000002 5.88617
11.1583 5.87425
11.244600000000005 5.882870000000001
11.203200000000002 5.88386
11.282200000000001 5.88875
11.239300000000004 5.978259999999999
11.1803 5.98104
11.223299999999997 5.916129999999999
11.293000000000001 6.071529999999998
11.356 5.92797
11.162800000000002 5.902199999999999
11.0988 5.882199999999999
11.222600000000003 5.89108
11.222899999999997 5.890709999999999
11.163300000000001 5.886419999999999
11.027800000000001 5.88492
11.006099999999998 5.8864399999999995
10.930100000000003 5.8789299999999995
11.1376 5.8855299999999975
11.141100000000002 5.887709999999999
11.222300000000002 5.88943
11.029499999999997 5.88551
11.0013 5.898819999999998
10.983500000000001 5.8921100000000015
11.1708 5.890019999999999
11.339799999999997 5.89352
11.2538 5.891929999999999
11.3103 5.891329999999999
11.2093 5.889829999999999
11.230900000000002 5.890629999999998
11.090800000000002 5.8902100000000015
11.15 5.8943
11.187799999999998 6.074710000000002
11.220299999999996 5.89269
11.181399999999996 5.8891100000000005
11.093 5.886000000000001
11.139799999999997 5.886710000000001
11.2142 5.892100000000001
11.199800000000002 5.895199999999999
11.2906 5.89269
11.260599999999998 5.885209999999999
11.272900000000002 5.87819
11.155700000000001 5.919099999999998
11.116100000000003 5.94889
11.072799999999999 6.02368
11.074300000000004 5.96157
11.0848 5.891080000000001
11.090800000000002 5.8853800000000005
11.040399999999998 5.886499999999999
11.108400000000003 5.88048
11.059599999999996 5.89298
11.176600000000004 5.9567999999999985
11.186799999999998 6.009089999999998
11.239299999999998 5.9203800000000015
11.113199999999997 5.890089999999999
11.0911 5.897080000000001
11.0839 6.0905999999999985
11.029699999999998 5.912510000000001
10.956900000000003 5.8846099999999995
11.040900000000002 5.889310000000001
11.147699999999999 5.89271
11.0887 5.89178
11.0886 5.895399999999998
11.0369 5.886399999999998
11.087299999999997 5.897079999999999
10.974900000000002 5.895170000000002
11.0235 5.896599999999999
10.996900000000004 5.887289999999998
10.9269 5.89558
10.9265 5.892669999999999
10.938999999999998 5.8975800000000005
10.929000000000002 5.89748
10.9594 5.89497
10.950300000000002 5.89157
10.9911 5.89527
10.852 5.88987
10.9975 5.891369999999998
11.097400000000002 5.887169999999999
11.122099999999998 5.885959999999999
11.167700000000002 5.876949999999999
11.147700000000004 5.930759999999999
11.251499999999998 6.020369999999999
11.157299999999998 5.8939699999999995
11.1774 5.886549999999998
11.163699999999999 5.88977
11.171200000000002 5.893449999999999
11.242899999999999 5.89887
11.168999999999997 5.890159999999999
11.132799999999998 5.8939699999999995
11.011000000000003 5.89055
11.0776 5.89937
11.080100000000002 5.901070000000002
11.0993 5.909159999999999
10.923800000000004 5.9365499999999995
10.9083 5.950659999999999
10.9663 5.924949999999999
10.895299999999999 5.926359999999999
10.9559 5.8992499999999986
11.073899999999997 5.897149999999998
10.963200000000002 5.894850000000001
10.9663 5.899999999999998
10.9765 5.900999999999999
11.017699999999998 5.90605
10.990699999999999 5.909750000000001
10.9323 5.996200000000001
10.936900000000001 6.191000000000001
10.9483 5.9382
11.0575 5.9110999999999985
11.3121 5.911400000000001
11.159199999999998 5.928400000000001
11.0988 5.920949999999999
11.094700000000001 5.9043
10.881799999999998 5.9021
