51.24179999999999 21.136699999999998
51.07329999999999 21.01739999999999
50.4703 21.127899999999997
49.93670000000001 20.9801
51.2364 21.027199999999993
50.3132 21.041800000000002
49.982600000000005 21.003000000000004
50.96809999999999 21.080000000000002
49.486 20.992499999999996
49.5241 21.005600000000005
50.24110000000002 21.016399999999997
49.6386 20.951199999999996
50.3166 21.017300000000002
50.06660000000001 20.9857
51.206399999999995 20.936300000000003
49.482500000000016 20.8878
48.38930000000001 20.8692
48.03869999999999 20.86050000000001
48.009499999999996 20.896
47.7848 20.9065
47.269499999999994 20.884499999999996
47.8847 20.8566
47.71120000000001 20.9055
47.274399999999986 20.871300000000005
48.354200000000006 20.893200000000007
48.8894 20.922
48.0757 20.831900000000005
47.26960000000002 20.7309
46.63549999999999 20.7839
47.433099999999996 20.819200000000006
47.234799999999986 20.877200000000006
47.267500000000005 20.870600000000003
48.5089 20.8548
48.39440000000001 20.8611
47.1396 20.867999999999995
48.0228 20.820899999999995
47.75820000000001 20.8293
46.7572 20.779500000000002
46.3598 20.715600000000006
46.7658 20.6893
45.36399999999999 20.573300000000003
44.6234 20.535100000000003
44.636399999999995 20.5263
43.679300000000005 20.507200000000005
42.7206 20.423600000000004
42.3358 20.3849
41.996299999999984 20.3037
41.269299999999994 20.27330000000001
40.610099999999996 20.161199999999997
40.08619999999999 20.191799999999994
38.765400000000014 20.0611
39.0443 20.0267
38.36730000000001 20.007
37.8398 19.942400000000003
36.3763 19.9024
35.6947 19.8582
34.593999999999994 19.746500000000005
34.3585 19.6946
33.94779999999999 19.706999999999994
32.5717 19.604400000000002
31.186699999999995 19.5144
30.129999999999995 19.422299999999996
29.411399999999993 19.427100000000003
28.972399999999997 19.339100000000002
28.179399999999998 19.270099999999996
27.522399999999998 19.1933
26.449200000000005 19.113000000000003
25.877799999999993 19.042400000000004
24.924200000000003 18.944899999999997
23.356900000000003 18.859899999999993
22.975300000000008 18.8036
22.86369999999999 18.7878
21.7604 18.7611
21.5006 18.70500000000001
20.6405 18.666200000000003
19.58240000000001 18.5797
18.602500000000003 18.5096
18.4216 18.491700000000005
17.076299999999996 18.430200000000003
17.008200000000002 18.370300000000004
16.5966 18.327800000000003
16.445500000000006 18.2899
16.1788 18.313399999999998
15.588200000000004 18.253
14.863599999999998 18.215700000000002
14.3015 18.182899999999997
13.761700000000001 18.1414
13.1275 18.108699999999995
13.295600000000002 18.073
12.765700000000002 18.0568
12.445800000000002 18.0311
12.021599999999998 18.0095
11.768700000000003 17.999100000000006
11.478299999999997 17.958399999999997
11.285 17.940800000000003
10.986800000000002 17.929000000000002
10.877100000000004 17.910900000000005
10.166 17.872
9.633 17.843199999999992
9.794299999999998 17.8329
9.537300000000004 17.823999999999995
9.5177 17.8203
9.1671 17.795300000000005
9.4168 17.784200000000002
9.578100000000001 17.790800000000004
9.136000000000001 17.776199999999996
9.024669999999993 17.7837
8.890099999999999 17.788299999999996
8.599469999999995 17.7791
8.306349999999997 17.744599999999995
7.92774 17.731699999999996
7.8555899999999985 17.7344
8.1231 17.733499999999996
8.197150000000002 17.729499999999998
7.920820000000001 17.715899999999998
8.036209999999999 17.710999999999995
7.865439999999997 17.724599999999995
8.05465 17.711
7.98204 17.710499999999996
8.29078 17.720399999999998
8.224719999999998 17.709000000000003
8.15934 17.712000000000003
8.209290000000001 17.715699999999995
8.1386 17.723599999999998
8.212599999999998 17.723999999999997
8.4474 17.735200000000003
8.367399999999996 17.719999999999995
8.5295 17.730700000000002
8.6085 17.743000000000002
8.605099999999998 17.7491
8.642200000000003 17.778399999999998
8.8646 17.7703
9.196799999999998 17.786699999999996
9.384299999999998 17.8059
9.633800000000004 17.8301
9.902900000000002 17.8571
10.0971 17.873199999999994
10.576599999999997 17.888199999999998
10.6716 17.8921
10.954999999999998 17.931299999999997
11.304699999999997 17.9594
11.643699999999999 17.959700000000005
11.715200000000001 17.988399999999995
12.209100000000001 18.008499999999998
13.7008 18.040599999999994
14.232200000000002 18.0725
14.629000000000007 18.1266
15.0635 18.1701
15.5945 18.1983
15.826100000000004 18.2595
16.071699999999996 18.2784
16.817899999999998 18.3168
17.871399999999994 18.367800000000003
18.711499999999997 18.411399999999993
19.2605 18.456600000000005
19.579500000000007 18.482499999999998
20.271599999999992 18.5044
22.0369 18.5903
22.44580000000001 18.624100000000002
23.3925 18.671499999999995
23.9563 18.713700000000003
24.4661 18.769799999999996
25.186199999999996 18.8428
25.798499999999997 18.871799999999997
26.80329999999999 18.9916
27.532300000000003 19.02050000000001
28.6618 19.0836
29.875500000000017 19.1352
30.73229999999999 19.25800000000001
31.595399999999984 19.343000000000004
33.154199999999996 19.404399999999995
33.9902 19.467699999999994
34.2478 19.558699999999995
34.59570000000001 19.609000000000005
35.704 19.63919999999999
37.085100000000004 19.741500000000002
37.770700000000005 19.847699999999996
38.945100000000004 19.932799999999997
39.073100000000004 19.973000000000006
40.3443 20.024899999999995
41.38990000000001 20.0507
41.73060000000001 20.131499999999996
42.310900000000004 20.156899999999993
43.327099999999994 20.225600000000004
43.179300000000005 20.304100000000012
44.14570000000001 20.386100000000003
44.044200000000004 20.440399999999997
44.95459999999999 20.503
45.686899999999994 20.593500000000002
45.0285 20.561299999999992
44.8295 20.6096
44.957200000000014 20.6462
44.453900000000004 20.6188
45.5241 20.582800000000002
45.9734 20.645699999999998
45.19639999999999 20.6263
46.348299999999995 20.673099999999998
46.1102 20.656500000000005
46.5826 20.733900000000002
46.724699999999984 20.678700000000003
47.73559999999999 20.755
47.59580000000002 20.729899999999997
47.2691 20.7428
46.27280000000001 20.692400000000006
46.520900000000005 20.7196
46.5686 20.730400000000003
46.969699999999996 20.729799999999994
46.85259999999999 20.724800000000002
47.0836 20.736299999999996
47.0415 20.765399999999996
47.11490000000001 20.795699999999997
47.970699999999994 20.80220000000001
48.29760000000001 20.834000000000003
48.133700000000005 20.7804
48.466799999999985 20.793499999999995
48.479499999999994 20.823900000000002
48.765100000000004 20.842399999999987
47.62850000000002 20.8307
47.92009999999999 20.857699999999994
48.5174 20.825200000000002
48.25860000000001 20.8918
47.7654 20.861300000000004
47.7547 20.856599999999993
47.96460000000002 20.877299999999998
48.128899999999994 20.880300000000002
47.866900000000015 20.932300000000005
48.41879999999999 20.9145
48.624500000000005 20.960899999999995
48.94700000000001 20.913299999999996
47.27490000000002 20.905499999999996
46.903099999999995 20.858999999999998
47.33670000000001 20.885199999999994
46.973899999999986 20.908099999999997
46.946099999999994 20.884200000000003
46.56550000000001 20.867799999999992
47.1066 20.883599999999998
46.546099999999996 20.8288
46.68739999999998 20.792899999999996
46.1064 20.7675
45.92590000000001 20.730999999999995
45.1099 20.693200000000004
43.79419999999999 20.592500000000005
44.314099999999996 20.598700000000004
44.5755 20.6735
43.91620000000002 20.5857
43.8582 20.595600000000005
44.02210000000001 20.650399999999998
44.4008 20.6563
44.50809999999999 20.749799999999993
45.3012 20.7201
46.93199999999999 20.9123
49.6444 21.135000000000005
49.6241 21.176599999999997
49.3459 21.162200000000002
47.4082 21.030700000000003
46.51890000000001 20.8353
46.228 20.765800000000006
45.6208 20.831500000000002
45.988800000000005 20.840199999999992
45.77690000000001 20.821499999999997
45.559999999999995 20.831799999999998
47.226299999999995 20.8341
46.811899999999994 20.791500000000003
47.6558 20.8275
50.92160000000001 21.20230000000001
51.93129999999999 21.099200000000003
52.097899999999996 21.448299999999996
52.303999999999995 21.325400000000002
52.20619999999999 21.305799999999994
53.127100000000006 21.422200000000004
54.967999999999996 21.5363
54.39200000000001 21.5569
55.13819999999999 21.569100000000002
53.86749999999999 21.454600000000003
54.374999999999986 21.544100000000004
54.03389999999999 21.534999999999997
54.3819 21.547399999999996
54.897400000000005 21.615999999999996
55.14889999999999 21.658499999999997
54.414300000000004 21.572900000000004
55.031299999999995 21.6968
56.02369999999999 21.734800000000007
56.3867 21.6218
57.45150000000001 21.6436
55.34300000000001 21.589499999999994
57.09150000000002 21.728700000000003
55.96550000000001 21.628700000000002
57.053099999999986 21.640600000000003
