8.7559 7.4491999999999985
10.0016 7.618800000000002
10.0288 7.994699999999999
10.108400000000001 7.807500000000001
11.6286 7.7875
11.1767 8.145900000000001
9.5483 7.875700000000002
9.043 7.7399
9.7788 7.8831
7.931099999999999 7.463100000000001
8.0238 7.696899999999999
10.1809 7.8863
9.6371 8.1254
8.6014 7.3219
9.1807 7.500500000000001
8.6119 7.3416999999999994
9.2267 7.363199999999999
8.462299999999999 7.306
8.9423 7.4502000000000015
8.6321 7.270900000000001
10.529800000000002 7.7197000000000005
9.2751 7.838100000000001
7.4659 7.0731
8.536100000000001 7.1858
8.9521 7.7440999999999995
10.064799999999998 7.623100000000001
8.9561 7.467
8.960099999999999 7.2898000000000005
9.747 7.525600000000001
8.609300000000001 7.5527999999999995
8.1692 7.4376
8.270199999999999 7.665900000000001
9.443 7.226500000000001
9.2272 7.3218000000000005
10.6287 7.574399999999999
10.3931 7.9632000000000005
9.925699999999999 7.9814
9.7753 7.9082
9.1851 7.714800000000001
8.7373 7.4128
9.7808 7.9087000000000005
9.2657 7.913400000000001
11.1303 8.122300000000001
9.4964 8.0051
8.934000000000001 8.071700000000002
8.191600000000001 7.451499999999999
8.8864 8.019400000000001
10.923399999999999 7.9506
10.344000000000001 7.784999999999999
12.2098 8.7097
9.7553 8.1759
11.0092 8.0093
9.778099999999998 7.743900000000001
8.8919 7.6693999999999996
8.222100000000001 7.611800000000001
8.251100000000001 7.5039
8.508299999999998 7.5335
8.0816 7.695099999999999
8.741999999999999 7.763800000000002
7.815499999999999 7.661599999999999
8.531 7.2671
8.798499999999999 7.469999999999999
9.0077 7.4812
7.893400000000001 7.570600000000001
7.6211 7.5406
8.3565 7.852299999999998
8.7596 7.7715000000000005
7.3043 7.3502
7.2408 7.1305
7.8812 7.265499999999999
7.6038 7.489700000000001
7.442199999999999 7.2877
8.6731 7.472899999999999
9.051300000000001 7.866099999999999
9.130199999999999 8.2194
7.2121 7.7996
8.485700000000001 7.546299999999999
7.9322 7.5127000000000015
7.5559 7.391500000000001
8.561300000000001 7.594300000000001
8.512000000000002 8.0178
7.9991 7.771999999999999
8.0116 7.6400999999999994
8.2261 7.5927999999999995
9.056299999999998 7.9133
9.2713 8.2546
8.5772 7.642200000000001
8.3336 7.524
8.1045 7.7650999999999994
8.077200000000001 7.476100000000001
8.154800000000002 7.4349000000000025
10.069099999999999 8.077699999999998
8.235500000000002 7.843800000000001
7.562399999999999 7.503200000000001
9.189 7.837699999999999
8.17 7.717799999999999
9.5094 7.4838000000000005
11.056799999999999 7.880400000000002
11.0381 8.440100000000001
8.6816 8.2714
8.8124 7.904999999999999
8.646499999999998 7.813300000000001
9.1081 7.957199999999999
11.6079 8.755
11.6691 8.562
10.3658 8.480799999999999
10.911499999999998 8.221200000000001
8.692799999999998 7.929099999999998
9.375599999999999 7.7117
11.0567 8.1439
9.7899 7.9625
9.823799999999999 8.551500000000003
10.7444 9.1782
12.2232 8.7826
10.7388 8.899799999999999
12.167499999999999 8.9658
10.8681 8.605099999999998
9.78 8.274
10.594700000000001 8.206
9.0497 7.794099999999999
11.192200000000001 8.0718
10.920200000000001 8.5115
10.462799999999998 8.539499999999999
9.736 8.627
9.328100000000001 8.0889
9.786200000000001 7.731600000000001
11.0465 8.4848
8.92 8.2501
9.9108 7.7970999999999995
9.136399999999998 7.6232
10.438799999999999 7.9184
10.5027 7.9746
10.2687 8.459000000000001
9.6925 8.2041
10.4907 8.3238
10.5439 8.5555
10.542599999999998 8.087
9.836 8.0706
9.8498 7.7833
10.0228 8.0511
9.464700000000002 8.138000000000002
10.6457 8.434999999999999
9.299900000000001 8.1764
10.9464 8.04
11.333499999999997 8.665099999999999
10.736500000000001 9.0779
9.813399999999998 8.578
9.891199999999998 8.0303
10.1659 8.2429
9.9474 8.2165
9.9785 8.422099999999999
11.6589 8.541799999999999
11.917 8.559800000000001
11.218899999999998 8.6511
10.9633 8.700099999999999
12.5305 8.7786
11.0077 8.7653
10.5708 8.990100000000002
10.8527 8.7537
10.7813 8.661000000000001
10.7402 8.822099999999999
12.122300000000001 8.421100000000001
11.300500000000001 8.7956
10.276700000000002 8.5846
11.631700000000002 8.784799999999999
10.5975 8.197000000000001
11.404499999999999 8.215200000000001
11.5643 8.751100000000001
10.8827 8.6632
11.7987 8.383
11.401900000000001 8.0704
8.867999999999999 7.993000000000001
10.1854 7.9804
11.480500000000001 8.0463
13.514900000000003 8.8041
12.707300000000002 8.5449
11.6504 8.5701
12.3518 8.614300000000002
12.9407 8.910699999999999
13.1019 9.096499999999999
10.8145 8.8839
12.203199999999999 8.6839
10.955700000000002 8.5297
14.191499999999998 8.5068
14.254899999999997 8.863700000000001
14.291400000000001 8.7745
14.761000000000003 8.742200000000002
13.5373 8.8513
13.791799999999999 8.8794
11.9157 8.5252
13.832699999999997 8.765500000000001
13.916699999999999 8.8338
13.780800000000001 8.9341
13.4656 8.7307
13.4273 8.585899999999999
14.154900000000001 8.927700000000002
14.636199999999999 8.801400000000001
12.458 9.015999999999998
13.203999999999999 8.8303
13.331000000000001 9.0505
14.264 8.8356
12.3181 9.296199999999999
13.9538 8.987
12.3193 8.616299999999999
15.07 8.995800000000001
14.934600000000001 8.989300000000002
13.828000000000001 9.1084
13.0719 9.0323
11.719399999999998 8.756099999999998
13.3526 8.3895
14.673299999999998 8.938
14.130799999999999 8.933100000000001
13.129299999999999 8.9753
15.1609 8.968
15.188700000000003 9.1603
13.141 9.141200000000001
14.446000000000003 9.242500000000001
12.5247 9.2597
11.7219 9.024600000000001
13.049 8.917300000000001
12.2948 8.7112
15.5586 9.494299999999999
13.955 9.1078
14.833400000000003 9.013200000000001
14.7512 9.042300000000001
12.6782 8.5044
13.777899999999999 9.002699999999999
14.4074 9.142999999999999
15.332 9.3988
16.1998 9.9023
14.1169 9.254999999999999
14.716 9.3101
13.0614 9.239899999999999
13.933000000000002 9.046
13.4404 8.9289
14.7341 9.228
14.542800000000003 9.1062
12.760300000000003 9.2946
15.917600000000002 9.096699999999998
14.251 9.7645
13.0055 9.262900000000002
14.421999999999999 9.0821
14.582 9.7343
17.192 10.05
15.204500000000001 10.1713
14.794000000000002 9.818399999999999
15.3483 9.7303
14.512 9.654
16.004999999999995 9.681000000000001
17.709 9.827
16.808999999999997 9.6995
16.181 9.593
17.375 9.5949
14.836999999999998 9.6082
14.240000000000002 9.6754
14.2102 9.5054
13.556000000000001 9.184099999999999
13.777999999999999 8.994700000000002
14.081999999999997 9.855
14.650999999999998 9.6479
14.586400000000003 9.2473
12.8348 9.117099999999999
12.3975 9.069999999999999
14.762 9.3166
15.085999999999999 9.128900000000002
14.762 9.4013
14.948 9.594199999999999
14.447399999999998 9.777099999999999
12.2715 9.2832
13.466000000000001 9.4419
11.8249 9.0929
12.873999999999999 9.1428
11.928200000000002 9.052199999999997
11.770900000000001 8.7143
11.3829 8.702100000000002
12.279200000000001 8.7485
12.267800000000001 9.154899999999998
11.5592 8.8884
13.340399999999999 8.9266
12.4813 8.9351
12.283000000000003 9.334900000000001
10.9587 9.3421
11.7024 9.100200000000001
12.0476 8.957
12.252600000000001 9.106300000000001
11.574100000000001 9.462599999999998
11.428799999999999 9.509500000000001
12.4061 8.7983
