15.08339999999999 7.032950000000003
15.413500000000003 7.035750000000002
15.4083 7.045250000000001
15.6996 7.039550000000001
16.036899999999996 7.045750000000001
15.670100000000007 7.044050000000003
16.255300000000002 7.046960000000002
16.130999999999997 7.02877
15.204499999999992 7.022269999999999
15.6473 7.017679999999997
15.257600000000002 7.017179999999998
14.964999999999998 7.014379999999997
15.002200000000002 7.0167699999999975
15.679499999999996 7.0133600000000005
15.613100000000003 7.008170000000001
15.435100000000002 7.008270000000001
14.817999999999993 7.005769999999997
14.625700000000002 7.0110600000000005
14.079199999999997 7.0189699999999995
13.975800000000005 7.030160000000002
14.113999999999995 7.027359999999999
13.741600000000004 7.02696
13.905000000000001 7.012269999999998
13.855 7.009169999999999
13.9823 7.008469999999998
14.168399999999998 7.013679999999998
14.336599999999999 7.018559999999999
14.477300000000003 7.01906
14.2418 7.012569999999998
14.234899999999994 7.013069999999999
14.2353 7.031379999999999
14.432900000000002 7.035979999999999
14.4814 7.038479999999998
14.197400000000002 7.034269999999997
14.232099999999996 7.056380000000001
13.900200000000003 7.037779999999998
14.370200000000006 7.01758
13.9763 7.017679999999999
13.954700000000003 7.014979999999999
13.872000000000002 7.009879999999997
13.7893 7.015879999999998
13.8015 7.018479999999999
13.958 7.02617
14.510699999999996 7.02558
14.1954 7.025369999999997
14.117600000000003 7.027469999999999
13.888599999999995 7.02577
13.570300000000005 7.038169999999999
13.795399999999999 7.04115
14.825800000000001 7.047549999999998
14.13319999999999 7.046549999999999
14.201700000000002 7.047250000000002
13.6691 7.051750000000001
13.9295 7.050050000000003
14.276200000000003 7.051349999999999
14.852600000000004 7.054849999999998
14.494699999999995 7.05865
14.4034 7.0547499999999985
14.039399999999997 7.05045
13.864799999999999 7.05665
13.793799999999997 7.06035
13.804799999999998 7.051650000000002
14.066300000000007 7.056049999999998
13.9328 7.051349999999999
13.902500000000002 7.047750000000002
14.168700000000001 7.043849999999999
13.705599999999995 7.044850000000001
14.154000000000003 7.060760000000004
14.306 7.053150000000002
14.276700000000003 7.062050000000003
13.793899999999995 7.044160000000001
13.745099999999999 7.098750000000001
13.478700000000002 7.076950000000001
13.281500000000001 7.042349999999999
13.608 7.04315
13.766700000000002 7.048450000000001
13.826100000000002 7.05315
13.6707 7.051450000000002
13.847599999999996 7.051149999999998
13.837499999999995 7.055950000000003
13.996399999999998 7.0524499999999986
14.01 7.0447700000000015
13.727099999999998 7.0484599999999995
13.560100000000006 7.047059999999999
13.619600000000002 7.050960000000001
13.587399999999997 7.042150000000003
13.4241 7.045460000000002
13.510200000000008 7.04696
13.5441 7.04615
13.5014 7.03925
13.8294 7.04515
13.899799999999999 7.04355
13.807299999999998 7.047749999999999
13.990299999999998 7.04355
13.978600000000002 7.04505
14.0237 7.043949999999999
13.924500000000004 7.05095
14.019499999999999 7.04996
13.7976 7.052850000000002
13.623800000000003 7.053549999999999
13.799499999999998 7.056749999999999
13.623899999999997 7.04785
13.402899999999999 7.043850000000003
13.2629 7.05335
13.512000000000004 7.05725
13.494399999999999 7.060549999999999
14.225999999999999 7.05105
13.759099999999998 7.055650000000001
13.771199999999997 7.099549999999999
13.807800000000006 7.072249999999998
13.884900000000004 7.042260000000001
14.333899999999996 7.044369999999998
13.773099999999996 7.04336
15.347899999999997 7.049260000000002
15.343800000000005 7.049960000000004
14.760600000000002 7.052560000000002
14.177800000000005 7.052660000000004
13.913800000000004 7.05166
13.607200000000002 7.050359999999999
13.567600000000004 7.0490600000000025
13.315500000000002 7.053660000000001
13.390500000000003 7.05406
13.382400000000002 7.051970000000001
13.369099999999998 7.042359999999999
13.527499999999998 7.051759999999999
14.469500000000002 7.04306
13.242100000000004 7.049359999999999
13.068800000000003 7.064849999999997
13.368700000000002 7.0873599999999985
13.362499999999997 7.095969999999999
13.427800000000001 7.092359999999999
13.844000000000001 7.07817
13.411499999999998 7.063459999999999
13.8348 7.0797599999999985
14.228499999999993 7.10635
17.374799999999997 7.074699999999997
17.315600000000003 7.0690599999999995
17.331599999999995 7.067470000000001
14.900400000000003 7.07136
14.7121 7.074459999999999
14.772599999999997 7.06706
14.408999999999997 7.062859999999997
14.053900000000006 6.952449999999999
14.223599999999998 6.953759999999999
14.527500000000002 7.072150000000001
14.207700000000006 7.071249999999998
14.0884 7.09095
14.028900000000002 7.06855
14.3256 7.06925
14.3148 7.07025
14.059600000000003 7.06925
13.790900000000002 7.08556
14.2059 7.0684499999999995
14.109999999999998 7.0656599999999985
13.8949 7.06305
13.8317 7.064900000000001
14.180699999999998 7.066900000000001
14.789799999999994 7.067000000000001
15.448499999999996 7.062200000000002
14.586400000000005 7.064099999999998
14.901399999999995 7.0584
14.5224 7.058749999999998
14.442399999999997 7.048350000000003
15.052600000000002 7.043950000000001
14.484400000000003 7.04345
14.181199999999997 7.0446500000000025
14.026099999999996 7.043050000000001
14.094999999999997 7.046250000000005
15.135000000000002 7.054
16.884900000000002 7.0651
15.427699999999996 7.063150000000001
14.044099999999998 7.065449999999999
14.433100000000005 7.060799999999999
15.462599999999998 7.058350000000001
13.8139 7.056750000000004
13.8621 7.053550000000001
14.654799999999996 7.059749999999999
15.328799999999998 7.06195
14.381 7.05736
14.343799999999993 7.04906
14.3913 7.057050000000001
14.115999999999996 7.056259999999999
14.578400000000006 7.05905
14.549100000000006 7.057249999999998
14.846800000000005 7.05775
14.660899999999996 7.054150000000001
14.609999999999998 7.07815
14.4095 7.092649999999997
14.1092 7.093349999999998
14.205000000000002 7.067359999999999
14.374200000000004 7.064059999999997
14.365 7.08576
14.438799999999999 7.093259999999997
14.379099999999998 7.088159999999996
14.220200000000006 7.065159999999997
14.345499999999998 7.063659999999997
14.398 7.062659999999998
14.199300000000001 7.066559999999999
14.0091 7.06726
13.793599999999993 7.067759999999999
14.003499999999999 7.07126
14.036700000000002 7.05986
13.676200000000001 7.078359999999999
13.832900000000004 7.0469599999999994
14.000599999999999 7.062759999999998
14.435399999999996 7.068649999999997
15.381699999999995 7.07555
15.220999999999998 7.098649999999999
15.210899999999999 7.06945
14.781100000000002 7.067649999999999
14.5038 7.068150000000001
14.513000000000003 7.076649999999998
14.836300000000001 7.0865
14.823699999999999 7.071499999999999
14.788599999999999 7.069549999999998
14.599400000000006 7.061499999999999
14.717000000000008 7.0575
14.4042 7.0575
14.769499999999999 7.05255
14.8971 7.055549999999999
14.6138 7.064249999999997
14.0619 7.058650000000001
14.323800000000004 7.0620499999999975
14.850399999999997 7.0646499999999985
14.137499999999998 7.05635
14.1293 7.055650000000001
13.871400000000003 7.0508500000000005
13.674899999999997 7.055059999999999
13.844100000000001 7.053850000000001
13.9435 7.051449999999999
14.680899999999994 7.056000000000001
14.905100000000004 7.054700000000001
14.634299999999998 7.058400000000001
13.957 7.0549
13.9609 7.058700000000001
14.35780000000001 7.058000000000001
14.358099999999999 7.0546000000000015
14.1851 7.0542
14.030499999999998 7.054699999999999
13.876999999999997 7.056900000000001
13.994399999999999 7.056500000000001
14.192899999999998 7.054999999999997
14.483400000000005 7.054999999999997
14.0578 7.058900000000001
13.971 7.0485500000000005
14.258600000000001 7.05615
14.008599999999996 7.042750000000001
13.9589 7.06165
13.8898 7.085049999999998
13.6188 7.0509499999999985
13.880500000000001 7.04765
13.873700000000003 7.04465
14.147300000000001 7.04355
13.928900000000002 7.0524499999999986
13.729999999999997 7.055949999999999
13.869900000000001 7.049349999999999
14.057399999999998 7.046999999999999
13.908000000000001 7.0476
13.781699999999994 7.04
14.081299999999993 7.042699999999999
14.368899999999998 7.051449999999999
14.4517 7.04945
14.3855 7.055949999999999
14.440400000000004 7.050349999999998
14.560799999999997 7.058149999999996
14.249000000000006 7.0582499999999975
14.162899999999997 7.054849999999998
13.6635 7.047749999999999
13.608099999999995 7.0606
13.8131 7.066700000000001
13.799800000000001 7.091600000000002
14.297300000000005 7.1048
14.820800000000006 7.114600000000001
14.323200000000003 7.090299999999999
14.0284 7.070200000000002
14.308700000000002 7.094200000000002
14.001400000000002 7.080399999999999
13.8851 7.069100000000001
14.076599999999996 7.070199999999999
13.950599999999996 7.071699999999999
14.053900000000002 7.062699999999998
13.919700000000002 7.0588999999999995
14.1451 7.0646
14.700599999999998 7.0725
14.627599999999996 7.068100000000001
15.218700000000004 7.063600000000002
13.971299999999998 7.062900000000001
14.030400000000002 7.058099999999998
