14.1732 19.0861
14.139100000000004 19.13970000000001
14.98023 20.143860000000004
14.311499999999997 19.099740000000008
14.295199999999994 18.997750000000003
13.948699999999997 18.976639999999996
13.920800000000005 18.90271000000001
13.882299999999997 18.83814
13.959300000000002 18.9021
13.7682 18.946749999999994
13.604299999999995 18.921630000000004
13.8014 18.98447000000001
13.817000000000002 18.897600000000008
13.805099999999992 19.03680000000001
14.0558 18.9613
13.95495 18.907
13.810599999999996 18.862300000000015
13.877399999999994 18.999500000000005
13.96730999999999 18.9888
14.0344 19.005000000000003
13.945689999999999 18.951200000000007
13.789499999999999 18.837300000000006
13.633600000000001 18.901399999999995
13.618399999999998 18.88330000000001
13.575559999999998 18.854000000000006
13.758500000000002 18.896799999999995
13.74 18.879000000000005
13.838799999999999 18.927800000000005
13.650200000000002 18.956300000000006
13.470999999999997 18.97260000000001
13.468959999999996 18.952599999999997
13.49003 18.961700000000004
13.445369999999999 18.960900000000013
13.541340000000002 18.982599999999998
13.31376 19.0135
13.437699999999996 18.980100000000007
13.4094 19.017099999999992
13.442190000000007 18.947999999999997
13.512699999999993 18.970800000000004
13.437800000000005 18.93860000000001
13.4104 18.945700000000006
13.515399999999994 18.913499999999996
13.54397 18.988599999999995
13.657000000000005 18.9482
13.622100000000001 19.000899999999998
13.576939999999995 18.935399999999998
13.426369999999993 18.971600000000002
13.359309999999997 18.970599999999987
13.5791 19.040000000000003
13.66335 18.950300000000002
13.653630000000005 18.926299999999998
13.574860000000003 18.880700000000004
13.532689999999997 18.943099999999998
13.547359999999998 19.0179
13.623900000000003 18.995400000000007
13.751859999999997 18.878600000000013
13.564900000000005 18.901300000000003
13.588300000000004 18.9581
13.683110000000001 19.0096
13.635199999999994 19.048500000000008
13.490760000000002 19.027200000000004
13.56747 19.057599999999994
13.348089999999996 19.047200000000007
13.434759999999995 18.956999999999997
13.451599999999997 19.006000000000004
13.420950000000001 19.091399999999993
13.45722 19.139499999999995
13.46563 19.066699999999997
13.48575 19.0225
13.514130000000005 19.0655
13.437579999999999 19.062900000000003
13.513659999999994 19.006800000000002
13.419569999999991 19.045299999999997
13.666719999999998 19.0478
13.789079999999995 18.965399999999995
13.549610000000001 18.9924
13.508240000000004 18.991100000000003
13.46397 19.060200000000005
13.564880000000002 19.08530000000001
13.610669999999997 19.06759999999999
13.551020000000003 19.0184
13.666210000000003 19.049400000000002
13.573039999999997 19.074300000000004
13.602809999999998 19.156400000000005
13.57719 19.193199999999987
13.454899999999997 19.2484
13.560330000000004 19.172900000000002
13.598600000000003 19.10610000000001
13.690850000000005 19.03790000000001
13.618489999999994 19.030100000000008
13.5249 18.98240000000001
13.841969999999998 19.381400000000003
13.744580000000001 19.018230000000003
13.808609999999998 18.899209999999993
13.688639999999994 18.906950000000005
13.705960000000006 18.995929999999998
13.523179999999998 19.027219999999993
13.695899999999996 18.99100000000001
13.626840000000001 18.95142
13.515590000000003 18.842900000000014
13.586650000000002 18.911899999999996
13.768080000000001 18.9326
13.764939999999998 18.958699999999997
13.701389999999996 18.943600000000007
13.548940000000009 18.909200000000006
13.487260000000001 19.049800000000012
13.325289999999997 18.98880000000001
13.548620000000003 19.02210000000001
13.545679999999999 19.021100000000008
13.621540000000005 18.9815
13.637940000000008 18.975799999999992
13.681950000000004 18.93859999999999
13.472189999999994 18.926799999999993
13.45559 19.023899999999998
13.42901 19.0635
13.593059999999998 19.080000000000002
13.552010000000001 18.946199999999997
13.449359999999992 18.996700000000004
13.443570000000001 19.011900000000008
13.561280000000004 18.966800000000003
13.449050000000007 18.990199999999994
13.679609999999997 19.0034
13.712470000000001 19.029799999999998
13.783100000000001 19.039100000000005
13.764539999999997 19.063399999999998
13.794049999999999 19.024499999999996
13.689130000000008 18.991200000000003
14.089800000000007 19.101599999999998
13.922900000000002 19.1197
13.84843 19.0757
13.893499999999994 18.939100000000007
13.8203 18.9814
13.653689999999996 18.9743
13.863200000000003 19.00369999999999
13.782099999999994 19.1142
13.7629 19.0463
13.551500000000003 19.012299999999993
13.965399999999995 19.0309
13.516059999999996 19.048500000000004
13.861550000000001 19.055699999999995
13.717859999999996 19.015799999999995
13.5513 19.024199999999997
13.547 19.04480000000001
13.528300000000007 19.056000000000015
13.463999999999999 19.022
13.554220000000003 19.058899999999994
13.639449999999997 18.957300000000004
13.580499999999999 19.0045
13.522199999999994 19.026
13.775299999999996 19.0466
13.766900000000001 19.0083
13.8764 19.0576
13.63199999999999 19.072699999999998
13.6982 19.039099999999994
13.662399999999996 19.13179999999999
13.681099999999995 19.089800000000015
13.975100000000005 19.065500000000014
14.4859 19.14999999999999
14.828999999999995 19.107199999999995
14.590300000000006 19.154300000000003
14.520000000000003 19.006100000000007
14.154999999999996 19.1251
13.990899999999995 19.092999999999993
14.073099999999997 19.073
14.034800000000002 19.14709999999999
13.694799999999995 18.994899999999998
13.806699999999998 19.117799999999992
13.719500000000004 19.1825
13.9009 19.144499999999994
13.8406 19.1409
13.656999999999995 19.039199999999997
13.751400000000002 19.165099999999992
13.677400000000004 19.1494
13.766100000000003 19.126699999999996
13.623600000000003 19.20259999999999
13.747300000000005 19.2666
13.662100000000004 19.27889999999999
13.7479 19.145099999999996
13.693899999999998 19.118899999999993
13.8264 19.102499999999992
13.873300000000006 19.089899999999997
13.867300000000002 19.134099999999997
13.945499999999997 19.15419999999999
13.749600000000003 19.0613
13.974980000000004 19.355000000000004
13.925999999999997 19.110999999999994
13.665100000000002 19.073199999999993
13.706399999999997 19.0445
13.753849999999998 19.1271
13.7432 19.1423
13.685599999999997 19.177099999999996
13.646299999999991 19.122700000000002
13.645 19.1573
13.666800000000002 19.062099999999997
13.626899999999997 19.0548
13.747539999999999 19.1292
13.715030000000002 19.099899999999998
13.7049 19.0899
13.579600000000003 18.979700000000005
13.6781 19.016000000000002
13.635699999999993 19.080600000000004
13.7708 19.0673
13.669499999999992 19.0792
13.620359999999994 19.086100000000005
13.78615 19.089600000000004
14.277300000000004 19.1224
14.5188 19.11830000000001
14.029900000000007 19.047800000000002
13.892299999999997 18.974300000000007
14.0686 19.01269999999999
14.1062 19.0607
14.1347 19.056
13.962299999999999 19.106599999999993
13.853100000000005 18.99669999999999
13.714099999999998 19.018499999999992
13.861080000000007 19.050399999999996
13.724499999999995 19.0664
13.703370000000003 19.1372
13.6377 19.162899999999993
13.746799999999999 19.127100000000006
13.806200000000002 19.082699999999996
13.960499999999993 19.0165
13.747599999999997 19.051
13.877899999999993 19.009400000000003
13.8842 19.169999999999998
13.8351 19.101599999999998
13.636020000000002 19.159299999999995
13.7623 19.0565
13.791929999999999 18.9917
14.000100000000002 19.071899999999996
13.763859999999992 19.0036
13.9249 19.071099999999998
13.999200000000004 19.129400000000008
13.9908 19.082399999999993
13.938199999999998 19.145499999999995
14.035000000000009 19.134000000000004
14.086099999999993 19.141900000000003
14.000000000000002 19.1662
13.926600000000002 19.138600000000004
13.766399999999992 18.9994
13.769699999999998 19.163399999999992
13.845199999999993 19.110599999999998
13.833199999999998 19.112399999999997
13.895300000000002 19.231900000000007
13.8241 19.167699999999993
13.838400000000004 19.223699999999997
13.863799999999998 19.2627
13.902500000000002 19.307199999999998
13.992699999999992 19.1932
13.887199999999996 19.186899999999998
13.874109999999995 19.1253
14.011500000000005 19.1086
13.905899999999995 19.120199999999997
14.051399999999997 19.153499999999994
13.921699999999996 19.128599999999995
13.9933 19.168599999999987
13.969699999999996 19.1542
13.879199999999992 19.0974
14.0249 19.191400000000005
14.026200000000003 19.157500000000002
14.047899999999991 19.150399999999998
14.072699999999994 19.289100000000005
14.018900000000006 19.201400000000003
14.029300000000003 19.1618
13.991799999999992 19.13
14.115100000000002 19.135500000000004
14.060700000000004 19.190399999999993
14.044999999999996 19.067800000000002
13.980799999999999 19.121799999999993
13.845299999999995 19.01540000000001
13.746599999999997 18.988200000000003
14.0932 19.3493
14.1096 19.2505
13.970800000000006 19.128999999999998
13.914299999999995 19.00699999999999
13.972299999999995 18.97389999999999
13.961399999999996 19.081300000000006
14.0446 19.099500000000006
14.019699999999998 19.157799999999998
13.983000000000004 19.096400000000006
13.9619 19.0005
14.066100000000004 19.001
13.969100000000006 19.0582
14.0988 19.140099999999993
13.905099999999997 19.138399999999997
13.966000000000006 19.047300000000007
13.924100000000003 19.0801
13.853500000000002 19.081699999999994
