42.92900000000001 48.006
44.554 47.961999999999996
44.1379 47.962999999999994
43.073899999999995 47.88699999999999
43.0222 47.943
43.01519999999999 47.952
42.55080000000001 47.987999999999985
44.56 48.065
45.597 48.22200000000001
46.829999999999984 48.437999999999995
45.5497 48.40499999999998
45.239999999999995 48.478
44.06099999999999 48.356
42.749999999999986 48.302
42.67199999999999 48.27399999999999
42.44499999999999 48.20299999999999
43.1115 48.14
43.397999999999996 48.167
46.9183 48.223
47.302 48.29599999999999
46.425 48.277
46.522 48.309999999999995
46.123599999999996 48.391
46.49900000000001 48.425
44.564 48.307
43.890000000000015 48.297
41.86 48.251000000000005
41.616499999999995 48.216999999999985
40.4226 48.27499999999999
41.0929 48.275
41.8834 48.265000000000015
42.396 48.352000000000004
42.0428 48.36
42.812 48.513
43.3963 48.606
43.748999999999995 48.652
41.467 48.565000000000005
39.5597 48.517999999999994
39.2206 48.562
39.564899999999994 48.55000000000002
39.292 48.577
37.6867 48.52900000000001
40.26279999999999 48.562000000000005
39.881600000000006 48.586
40.453900000000004 48.590999999999994
39.04120000000001 48.534
39.4196 48.473
37.44799999999999 48.455
37.3831 48.423
41.050599999999996 48.44199999999999
40.0771 48.46299999999999
37.0171 48.561
35.9693 48.689
35.5632 48.825
35.3975 48.99099999999999
36.1135 49.14499999999998
37.956599999999995 49.281000000000006
35.725699999999996 49.35099999999999
37.169500000000006 49.357000000000006
38.3971 49.353
38.08549999999999 49.239000000000004
36.414699999999996 49.20900000000002
37.93930000000001 49.20900000000002
36.66709999999999 49.213
37.099599999999995 49.181000000000004
36.9165 49.13299999999999
34.49549999999999 49.017999999999994
36.1511 49.05
35.9675 49.015999999999984
35.73870000000001 49.00799999999998
34.05000000000001 49.040000000000006
35.209599999999995 49.074999999999996
35.8839 49.035000000000004
33.95989999999999 49.0
35.189499999999995 49.025
36.9561 49.120000000000005
34.4393 49.01999999999999
32.87590000000001 49.043000000000006
31.3527 49.117999999999995
32.961200000000005 49.321000000000005
34.705400000000004 49.30799999999999
32.4194 49.11200000000001
33.96009999999999 49.108999999999995
36.52459999999999 49.187999999999995
35.1518 49.120000000000005
33.329800000000006 49.07500000000001
35.86409999999999 49.076
32.315999999999995 49.014
34.253299999999996 48.982000000000006
33.663199999999996 49.022000000000006
33.0981 49.047999999999995
35.12120000000001 49.14799999999999
34.197100000000006 49.098
31.7662 49.046
31.980599999999992 49.19600000000001
33.7343 49.19599999999999
31.356 49.013
30.77690000000001 48.97099999999999
30.30949999999999 49.03099999999999
30.232799999999997 49.080000000000005
34.196099999999994 49.25200000000001
31.474800000000002 49.236000000000004
32.80640000000001 49.269999999999996
32.6617 49.40299999999999
34.137800000000006 49.36200000000001
32.849599999999995 49.324
34.9858 49.339000000000006
35.2193 49.23799999999999
34.9969 49.107
34.401900000000005 49.098
29.185600000000004 48.943
31.837499999999995 49.31100000000001
31.868299999999994 49.304
31.749100000000002 49.213
36.08120000000001 49.136
39.2288 49.153999999999996
35.080299999999994 49.13100000000001
36.588 49.114000000000004
36.195100000000004 49.16
35.27320000000002 49.263000000000005
35.419700000000006 49.305
33.5142 49.16499999999999
33.32770000000001 49.16200000000002
32.1895 48.964
32.4533 48.971000000000004
32.8777 49.09
33.0202 49.098000000000006
37.0178 49.25600000000001
35.385400000000004 49.13900000000001
34.58010000000001 49.153000000000006
35.313900000000004 49.149
36.245400000000004 49.205000000000005
36.2517 49.135
38.0709 49.33
37.8428 49.41799999999999
36.7383 49.30199999999999
34.5333 49.20399999999999
33.44760000000001 49.30400000000001
33.9533 49.175
38.123200000000004 49.212999999999994
36.3584 49.181000000000004
37.2587 49.24000000000001
35.3504 49.206999999999994
33.863299999999995 49.21600000000001
35.29560000000001 49.12800000000001
37.4538 49.145
37.004099999999994 49.124
37.989999999999995 49.084999999999994
38.174 49.086
38.157500000000006 48.994
42.98100000000001 49.012000000000015
46.437 49.108000000000004
50.786 49.322
48.50900000000001 49.30700000000001
47.552 49.244
49.239 49.31700000000001
48.392 49.29699999999998
46.94500000000001 49.26300000000001
48.86600000000001 49.243
45.07199999999999 49.28199999999999
46.58499999999999 49.28700000000001
46.781 49.297999999999995
47.284 49.331
49.727 49.352000000000004
52.452999999999996 49.376
53.61600000000001 49.452
52.38500000000001 49.495000000000005
51.625 49.744
50.83500000000001 49.574
50.70399999999999 49.553000000000004
49.07 49.46600000000001
47.839999999999996 49.42100000000001
47.186 49.46099999999999
46.303 49.45100000000001
52.35300000000001 49.440999999999995
52.856999999999985 49.61300000000001
54.09799999999999 49.632999999999996
51.72399999999999 49.626999999999995
48.036 49.635999999999996
49.594 49.603
51.706999999999994 49.532
50.51 49.52799999999999
54.006 49.64399999999999
50.318 49.63900000000001
51.04 49.645
52.38600000000001 49.674
51.998 49.68300000000001
50.259 49.765
49.397 49.767
50.391000000000005 49.82500000000001
50.759 49.812
54.18799999999998 49.855
50.895 49.71700000000002
49.01 49.66000000000001
52.169 49.721999999999994
48.356 49.672
47.84399999999998 49.640000000000015
52.12199999999999 49.747000000000014
51.87299999999999 51.58100000000001
44.584999999999994 44.84769999999999
47.044 40.006800000000005
45.574 35.67820000000001
48.364999999999995 31.864200000000004
53.12700000000001 27.7643
55.123999999999995 24.6133
60.437000000000005 24.9717
61.757 25.866699999999998
58.40599999999999 26.500199999999996
55.657000000000004 26.960500000000003
55.938 27.384800000000002
51.666999999999994 27.5053
55.62400000000001 27.882800000000003
54.18099999999999 28.251800000000003
51.932 28.4088
54.52799999999998 28.6752
52.44000000000001 28.669000000000004
51.339999999999996 28.930100000000003
50.288 28.867900000000006
50.30099999999999 28.9043
49.279 28.957
48.331 29.1543
47.113000000000014 29.250999999999994
46.581 29.2757
46.742000000000004 29.3998
49.782 29.804400000000008
49.364000000000004 29.6575
50.295 29.78380000000001
49.15099999999999 29.86829999999999
50.759 29.88369999999999
48.988 29.71099999999999
49.178 29.734500000000008
48.22100000000001 29.8218
48.15400000000001 29.942099999999993
47.02999999999999 30.1076
47.714000000000006 30.113999999999997
53.03199999999999 30.342500000000005
54.04 30.481800000000003
50.879000000000005 30.485799999999998
49.567 30.7968
48.596000000000004 30.756500000000003
47.43899999999999 30.888199999999998
49.007 30.927300000000006
46.189 30.977700000000013
47.84900000000001 31.087999999999987
47.076 30.9519
49.38999999999999 31.150299999999998
48.67700000000001 31.066899999999997
50.73000000000001 31.184
50.21200000000001 31.391999999999996
49.229000000000006 31.313999999999997
47.728 31.356999999999996
47.870000000000005 31.362999999999992
46.819 31.457000000000008
45.507999999999996 31.349000000000004
45.19000000000001 31.338000000000005
46.043000000000006 31.328
47.15300000000001 31.46500000000001
46.557 31.526999999999987
44.117 31.34699999999999
49.1 31.575999999999997
54.442 31.699999999999996
48.787000000000006 31.815000000000005
57.269999999999996 31.972
56.47 32.04899999999999
49.525 31.941000000000003
48.758 31.847
56.36100000000002 31.814999999999994
51.08800000000001 31.895
47.077000000000005 31.796999999999997
49.952999999999996 31.881999999999994
48.75000000000001 31.927
47.66800000000001 31.912000000000003
49.644000000000005 31.99599999999999
47.72500000000001 31.953000000000003
47.57899999999999 32.035
49.51099999999999 32.208000000000006
51.09499999999999 32.336000000000006
50.219 32.349000000000004
46.99900000000001 32.34
46.60900000000001 32.359
46.48499999999999 32.379999999999995
45.89 32.424
46.866 32.551
49.131999999999984 32.708999999999996
49.67200000000001 32.876000000000005
47.982000000000006 32.928
48.262 32.897999999999996
49.23200000000001 32.983000000000004
