36.002 9.171999999999999
36.504000000000005 9.1384
37.75600000000001 9.1612
36.681999999999995 9.1765
39.006 9.1903
35.864000000000004 9.162799999999999
37.428 9.167200000000001
35.73499999999999 9.1521
38.27100000000001 9.1506
35.40599999999999 9.1445
34.825 9.1262
39.025999999999996 9.101999999999999
39.227000000000004 9.1582
38.891 9.1583
39.599999999999994 9.201200000000002
38.9 9.2055
39.025999999999996 9.2055
37.855 9.184199999999999
41.289 9.1948
39.019 9.2009
39.483999999999995 9.1948
37.385000000000005 9.181300000000002
41.083 9.1751
37.438 9.165900000000002
40.295 9.197999999999999
38.733000000000004 9.1888
44.386 9.2194
42.443999999999996 9.2529
40.020999999999994 9.2881
40.275999999999996 9.2925
42.651 9.3003
44.96600000000001 9.3292
45.539 9.3413
48.120000000000005 9.3903
45.70900000000001 9.4071
43.88400000000001 9.4146
40.886 9.3734
45.227000000000004 9.3918
45.441 9.4056
42.382999999999996 9.365900000000002
44.665000000000006 9.3918
44.262 9.384199999999998
40.337999999999994 9.370500000000002
41.547999999999995 9.3536
43.901 9.3642
42.650999999999996 9.3613
37.221999999999994 9.3324
40.544999999999995 9.3429
37.579 9.311
39.985 9.3031
40.807 9.3293
40.259 9.323100000000002
39.318 9.3064
37.411 9.281900000000002
38.121 9.2759
40.532999999999994 9.2821
39.13099999999999 9.2437
38.91 9.232999999999999
36.301 9.1859
36.30799999999999 9.179599999999999
37.42699999999999 9.2148
35.099999999999994 9.1858
34.748999999999995 9.161299999999999
39.245 9.1766
34.828 9.1567
32.965 9.120099999999999
30.075000000000003 9.0742
34.739 9.1141
32.36800000000001 9.086500000000001
35.64 9.056000000000001
34.946 9.0834
33.487 9.091099999999999
31.818 9.077399999999999
32.819 9.055900000000001
31.453000000000003 9.0331
30.238000000000003 9.0072
31.625000000000004 8.982800000000001
29.551 8.995000000000001
31.715999999999994 8.955300000000001
32.069 8.924999999999999
30.628 8.9341
33.271 8.956999999999999
32.983000000000004 8.998099999999999
30.482 8.9781
32.814 8.963000000000001
30.787000000000003 8.912700000000001
31.151 8.9324
32.934 8.933900000000001
32.733000000000004 8.932500000000001
29.433000000000003 8.9263
31.282000000000004 8.9142
29.894999999999992 8.898899999999998
30.354 8.9111
33.202 8.9156
30.753000000000004 8.897400000000001
26.687 8.8563
30.205999999999992 8.877600000000001
26.939 8.8409
27.494000000000003 8.8318
29.065 8.8364
30.487 8.837899999999998
33.316 8.8533
30.451 8.831900000000001
25.565000000000005 8.807300000000001
28.125 8.802800000000001
29.160999999999998 8.784500000000001
24.555000000000003 8.743300000000001
25.834000000000003 8.7279
23.843 8.7098
28.029 8.7112
26.071999999999996 8.7004
27.71 8.699
28.280999999999995 8.6928
28.079000000000004 8.697500000000002
27.297999999999995 8.6992
26.031 8.679300000000001
27.492999999999995 8.700499999999998
26.632 8.7006
25.768 8.6807
25.241999999999997 8.6746
27.218999999999998 8.6777
23.606 8.6533
25.609000000000005 8.637999999999998
23.594 8.6165
20.834999999999997 8.577000000000002
27.981999999999996 8.603
24.302 8.569199999999999
26.905999999999995 8.590700000000002
22.012999999999998 8.5586
20.292000000000005 8.5174
21.621 8.5022
20.009 8.461000000000002
21.948 8.4259
19.872 8.368099999999998
18.47 8.3481
20.201 8.3466
23.302999999999997 8.371
18.738 8.358699999999999
19.039 8.344999999999999
23.119 8.370999999999999
19.900000000000002 8.3481
23.922 8.3497
25.879 8.319
21.491000000000003 8.3313
24.445 8.3436
19.679 8.328299999999999
18.997999999999998 8.311499999999999
22.586000000000002 8.305299999999999
20.525000000000002 8.2871
19.773000000000003 8.2902
19.706 8.2763
23.224999999999994 8.294699999999999
22.874 8.309899999999999
24.805 8.3603
22.866 8.371
23.183999999999997 8.3892
26.078000000000003 8.393900000000002
24.912 8.4228
23.773 8.445699999999999
24.962999999999997 8.445599999999999
23.118000000000002 8.4212
25.753999999999998 8.4304
22.622999999999998 8.413699999999999
23.788 8.4319
21.854 8.4059
25.680000000000003 8.434999999999999
24.665 8.447299999999998
22.446 8.468700000000002
27.392 8.4884
27.471 8.537300000000002
31.222 8.6274
29.479 8.6564
24.467 8.6152
25.129 8.5876
28.534000000000002 8.6168
25.674000000000003 8.618200000000002
25.939999999999998 8.632
28.915999999999997 8.676300000000001
28.751000000000005 8.694500000000001
36.02 8.818
30.576000000000004 8.848600000000001
29.799000000000003 8.854600000000001
38.205 8.8973
31.437000000000005 8.892700000000001
32.91 8.923300000000001
34.919999999999995 8.9416
32.212 8.920200000000001
34.291999999999994 8.9125
30.554000000000002 8.921800000000001
34.107 8.947599999999998
34.408 8.946200000000001
35.537 8.9478
37.108000000000004 9.002699999999999
36.846000000000004 9.033100000000003
37.017999999999994 9.0225
38.199 9.0439
35.659 8.9951
33.926 8.964500000000001
35.577 9.016499999999999
37.168 9.020999999999999
37.675000000000004 9.0194
38.916 9.028500000000001
38.123000000000005 9.014999999999999
35.303000000000004 9.025500000000001
38.251000000000005 9.0317
39.038000000000004 9.049999999999999
39.953 9.092799999999999
37.561 9.104800000000001
39.818999999999996 9.0897
42.602000000000004 9.103399999999999
35.807 9.0866
32.135000000000005 9.0378
36.914 9.075999999999999
37.064 9.080400000000001
36.010999999999996 9.030100000000001
36.181999999999995 9.0667
36.732 9.07
35.76 9.0882
38.015 9.0912
38.519 9.1002
39.819 9.1186
42.046 9.201
43.739 9.2558
47.028 9.347399999999999
42.193 9.323099999999998
42.359 9.372
40.63099999999999 9.369000000000002
36.759 9.332200000000002
39.49399999999999 9.3796
36.767 9.384200000000002
40.188 9.3491
37.458 9.335299999999998
41.467 9.376599999999998
42.711000000000006 9.3551
40.766999999999996 9.367399999999998
38.016000000000005 9.317099999999998
39.7 9.378
37.903000000000006 9.3749
36.391000000000005 9.3779
40.449999999999996 9.3703
38.279999999999994 9.3613
44.092 9.434499999999998
45.952999999999996 9.4513
38.330999999999996 9.4133
43.456999999999994 9.440600000000002
38.489999999999995 9.4193
40.29799999999999 9.4116
35.937000000000005 9.374999999999998
37.606 9.3597
36.596 9.3414
39.190000000000005 9.312399999999998
36.949000000000005 9.327799999999998
39.169 9.350499999999998
37.898 9.358199999999998
34.772 9.329200000000002
36.719 9.3291
35.474 9.336799999999998
39.349000000000004 9.353599999999998
38.491 9.335299999999998
37.71 9.3521
36.473 9.335500000000001
43.006 9.3948
40.479 9.406999999999998
41.287 9.429800000000002
39.263999999999996 9.4513
37.897000000000006 9.446699999999998
41.663 9.4406
39.015 9.4238
36.99999999999999 9.396500000000001
35.348 9.380999999999998
35.821000000000005 9.3871
36.89799999999999 9.378
39.123999999999995 9.347599999999998
42.943000000000005 9.417799999999998
40.515 9.407100000000002
38.367999999999995 9.404000000000002
35.541 9.3903
36.809999999999995 9.3918
40.069 9.406999999999998
40.258 9.4193
37.483 9.4162
40.071000000000005 9.4056
36.095 9.4147
38.217 9.393199999999998
39.379 9.400999999999998
35.781 9.405599999999998
39.158 9.4101
37.885000000000005 9.3994
