27.005640000000003 26.81255000000001
24.57998999999999 26.253519999999998
27.18101 26.37129999999999
27.400910000000007 26.385220000000004
25.534010000000002 26.249799999999997
25.9965 26.272640000000003
25.785428999999997 26.23314
25.942641000000005 26.301359999999995
26.659745000000008 26.33085
27.914599999999997 26.09199999999999
27.9609 26.555899999999998
26.4266 26.522899999999993
24.561790000000002 25.964129999999997
25.037460000000006 25.958169999999992
20.63384 25.794280000000004
18.592430000000004 25.499959999999998
23.59660999999999 25.969909999999995
23.585399999999996 25.905500000000004
27.9663 26.329
25.01099999999999 26.203500000000002
25.646 26.1247
29.636900000000004 26.478099999999998
27.724500000000003 26.4318
25.385100000000005 26.287099999999995
26.203599999999994 26.328400000000002
26.2553 26.334699999999998
25.9945 26.271600000000007
27.294199999999996 26.398099999999996
27.008700000000008 26.3631
27.26349999999999 26.3709
26.711800000000004 26.313299999999995
26.49959999999999 26.413000000000004
25.351700000000005 26.311899999999998
25.32080000000001 26.344199999999994
26.1376 26.369799999999998
26.742300000000004 26.452400000000004
23.937099999999997 26.342000000000006
24.737100000000005 26.37989999999999
24.756899999999998 26.426499999999997
25.092 26.429800000000004
24.788299999999992 26.4191
24.246699999999997 26.3241
25.9813 26.455899999999993
24.976700000000005 26.473610000000008
24.515900000000002 26.102199999999993
24.951300000000007 26.128399999999992
25.906900000000004 26.2104
25.222099999999998 26.08850000000001
25.436499999999995 26.1652
25.259700000000002 26.188000000000006
23.082969999999996 26.202836999999988
19.600800000000003 25.39696
21.646510000000003 25.50793
19.67016 25.452470000000005
23.019389999999998 25.678659999999997
22.002089999999995 25.62090999999999
24.026400000000013 25.8084
22.6516 25.785999999999998
24.118999999999996 26.00680000000001
23.030700000000003 25.891699999999997
24.346 25.9854
25.05310000000001 26.087999999999994
24.696000000000005 26.0681
23.701100000000004 26.083099999999988
24.787440000000004 26.16503999999999
23.64611 25.624789999999997
23.21135 25.63261000000001
22.406450000000007 25.560520000000004
22.45343999999999 25.545870000000004
23.178350000000002 25.62586000000001
25.217383000000005 25.715370000000004
23.496522 25.718149999999994
22.330131 25.603540000000002
23.495636000000005 25.72568
23.859822 25.77374999999999
23.841131 25.670340000000003
25.600299999999994 25.8399
25.451600000000003 25.9859
23.093899999999994 25.856199999999994
21.6129 25.739200000000007
15.182500000000001 25.348200000000006
13.507899999999998 25.155900000000003
17.130000000000006 25.361599999999996
20.32860000000001 25.6367
19.675600000000003 25.5324
16.292 25.365499999999997
19.478799999999993 25.5303
20.487899999999996 25.586
22.323699999999995 25.740999999999996
25.40730000000001 25.955699999999997
25.073 25.969600000000003
24.4423 25.975499999999997
24.248799999999996 26.002799999999997
27.705600000000008 26.2052
27.220599999999994 26.2071
24.4163 26.004300000000008
24.132099999999998 26.009100000000007
23.230599999999995 25.9025
26.210100000000004 26.1542
25.249100000000002 26.038799999999995
27.111799999999995 26.135699999999996
26.240099999999995 26.18390000000001
25.259099999999997 26.0779
25.032300000000003 26.076300000000003
23.355000000000008 25.9892
23.382091000000006 26.067489999999992
23.33808 25.7224
24.77094 25.74058
24.84206 25.778840000000002
25.474159999999994 25.86126
24.668560000000003 25.829899999999984
22.888832000000004 25.677349999999997
23.391221999999996 25.714829999999996
23.172021999999995 25.775390000000005
23.129031 25.711379999999995
24.019131000000005 25.812659999999997
24.496286999999995 25.92693999999999
23.953879999999998 25.434809999999995
24.193179999999995 25.52885
16.132699999999996 25.035209999999992
17.479330000000004 25.027739999999998
19.06451 25.10356
19.884223000000002 25.234500000000004
20.8336 25.320600000000006
15.121900000000002 25.03249999999999
16.5929 25.07649999999999
20.44760000000001 25.3888
21.0008 25.475199999999997
24.669 25.713500000000018
23.243700000000004 25.608400000000003
23.293499999999998 25.657000000000004
23.62290000000001 25.6158
23.7085 25.5409
24.86029999999999 25.673299999999998
23.527199999999997 25.672299999999993
23.926099999999998 25.698999999999998
23.58179999999999 25.6576
25.064799999999998 25.7795
25.84409999999999 25.807000000000002
23.940900000000003 25.792699999999996
23.139200000000006 25.666400000000007
21.978900000000003 25.580999999999992
22.088399999999996 25.599100000000007
21.775899999999996 25.6146
21.9818 25.6402
23.850800000000007 25.8053
22.895600000000005 25.695100000000004
24.2779 25.857000000000006
24.321699999999996 25.802300000000006
23.991300000000003 25.757400000000004
25.1187 25.9508
23.153500000000005 25.759300000000003
24.181399999999993 25.8632
21.3674 25.691700000000004
19.7032 25.522299999999998
20.111499999999996 25.568799999999992
21.807500000000008 25.6427
21.555 25.621699999999997
18.092200000000005 25.439800000000005
21.402899999999995 25.585300000000004
21.3078 25.722300000000004
20.3393 25.627600000000005
19.767000000000003 25.538100000000004
19.9823 25.535000000000007
18.604000000000006 25.45989999999999
17.693000000000005 25.311099999999996
17.693899999999996 25.376900000000006
16.7931 25.3333
13.164599999999998 25.0865
12.683499999999997 24.985599999999998
15.662700000000001 25.2855
17.126199999999994 25.376400000000004
18.76599999999999 25.465899999999998
19.603200000000008 25.568200000000008
20.984799999999996 25.644799999999996
21.108 25.663399999999996
20.203300000000002 25.571299999999997
19.5926 25.533199999999994
20.394999999999992 25.62149999999999
20.7831 25.7366
21.591800000000003 25.863900000000008
23.467310000000005 26.107300000000006
23.930929999999996 26.381700000000002
18.339880000000004 25.457499999999992
20.957020000000004 25.4582
20.562340000000003 25.473070000000007
19.69576 25.321040000000007
18.907149999999994 25.227919999999997
17.390360000000005 25.032910000000008
16.300969999999996 25.507099999999998
17.737689999999997 25.100799999999996
19.032729999999994 25.184199999999997
19.689080000000004 25.315899999999996
20.983130000000006 25.5178
19.955219999999994 25.416299999999996
21.74156 25.534200000000002
21.426059999999996 25.522799999999997
21.648209999999995 25.557100000000005
21.22916 25.547600000000003
20.876459999999998 25.532700000000002
22.526279999999993 25.626299999999997
22.015989999999995 25.691999999999993
20.58901999999999 25.559299999999997
21.523229999999998 25.65171
22.567459999999997 25.249399999999994
23.796810000000008 25.456860000000002
21.69364 25.312579999999997
20.693070000000002 25.29817
21.846160000000005 25.443500000000004
21.30441000000001 25.4215
22.40462 25.553899999999995
24.40258 25.767060000000004
22.315700000000007 25.179389999999994
22.503429999999994 25.096829999999997
23.535490000000006 25.31676
23.71519 25.259320000000002
24.292399999999994 25.318220000000004
22.228040999999994 25.159409999999998
23.814585 25.268789999999996
23.91858 25.3612
22.859415 25.23661000000001
25.372099999999996 25.417330000000003
24.3142 25.5
24.793499999999998 25.5169
24.036499999999993 25.567400000000003
24.185699999999997 25.5857
24.717200000000002 25.641400000000004
25.6905 25.7258
17.606500000000004 25.126599999999993
14.570300000000005 24.940499999999997
18.739800000000002 25.208799999999997
19.856099999999994 25.2505
20.785790000000002 25.788480000000003
14.372779999999999 24.596080000000008
12.826700000000002 24.456360000000004
15.260310000000004 24.6113
18.79912 24.94016
21.45056999999999 25.203239999999997
20.248210000000004 25.135740000000006
21.454259999999998 25.21548
18.680190000000003 25.002799999999997
18.073399 24.988469999999996
19.67549 25.091790000000003
19.97592 25.135619999999996
20.394999999999996 25.351200000000002
18.810999999999996 25.162200000000002
25.464099999999995 25.595300000000005
26.305399999999995 25.790500000000005
28.0713 25.968400000000003
24.9605 25.871699999999993
24.792199999999998 25.851799999999997
26.922900000000006 25.9571
25.221000000000004 25.93720000000001
26.670799999999993 25.8982
24.391099999999994 25.928600000000003
25.16009999999999 25.849600000000006
25.7542 26.006099999999993
25.809899999999992 25.997999999999998
26.087100000000003 26.0563
26.6082 26.1214
24.385599999999997 25.939600000000002
26.01999999999999 26.092499999999998
25.644549999999995 26.12502
25.9647 25.6941
23.2964 25.599299999999996
22.042299999999997 25.5654
21.219700000000007 25.4991
17.229100000000003 25.157099999999993
19.058000000000003 25.3508
21.508 25.5635
21.9386 25.5857
22.0389 25.5822
17.764499999999998 25.2483
23.835999999999995 25.7596
23.715699999999995 25.79810000000001
24.798900000000003 25.879199999999997
27.4842 26.06629999999999
28.031700000000004 26.156999999999996
26.999100000000002 26.1912
25.3728 26.061000000000007
27.583799999999993 26.25080000000001
28.731199999999994 26.297500000000014
30.906000000000006 26.393900000000002
28.7381 26.344400000000007
27.215499999999988 26.161099999999994
31.828900000000004 26.49
31.598100000000006 26.5416
28.713699999999996 26.4472
