37.6483 7.0851
37.654999999999994 7.0782
38.009 7.086099999999999
37.202999999999996 7.080999999999999
34.548 7.1019
33.69799999999999 7.088499999999999
34.400000000000006 7.0988
34.532000000000004 7.0968
33.845099999999995 7.0851
37.07340000000001 7.0883
38.576899999999995 7.079900000000001
38.166500000000006 7.069400000000001
37.943299999999994 7.0809000000000015
37.77920000000001 7.077000000000002
38.41589999999999 7.077
38.493300000000005 7.0817000000000005
38.39569999999999 7.0955
37.917899999999996 7.083199999999999
37.878 7.086800000000001
37.6915 7.1021
37.632000000000005 7.085499999999999
38.643 7.072699999999998
37.409 7.115500000000001
37.891 7.100399999999999
38.104600000000005 7.094999999999999
37.773 7.088399999999999
38.855999999999995 7.096900000000001
38.645999999999994 7.084600000000001
38.425 7.0901
38.23199999999999 7.096400000000001
38.955999999999996 7.105000000000001
38.969 7.0969999999999995
39.358999999999995 7.1132
38.42 7.116100000000001
38.411 7.1113
35.7071 7.091900000000001
35.86800000000001 7.1341
35.278999999999996 7.123500000000001
35.37 7.084999999999998
35.426 7.077299999999999
34.905199999999994 7.0952
34.79240000000001 7.087600000000001
34.7418 7.070900000000001
35.507999999999996 7.0764
34.26769999999999 7.077699999999999
35.544000000000004 7.114699999999999
38.286 7.1126000000000005
37.74999999999999 7.080500000000001
35.732 7.114999999999999
35.15 7.085499999999999
34.647 7.050499999999999
34.836 7.0536
34.041 7.098299999999999
33.4619 7.059099999999999
33.24179999999999 7.089999999999999
32.959500000000006 7.0737
33.173100000000005 7.078899999999999
32.84750000000001 7.061399999999998
34.4053 7.059900000000001
33.9825 7.054099999999999
33.35579999999999 7.054200000000001
33.4404 7.0452
32.7045 7.055
33.248400000000004 7.064699999999998
32.40260000000001 7.0584999999999996
33.0258 7.066400000000001
32.6351 7.0477
33.2377 7.0577000000000005
33.088699999999996 7.0386999999999995
32.9797 7.048399999999999
33.0391 7.0579
31.727500000000003 7.0693
32.3635 7.071500000000003
31.987 7.0507
32.524 7.0665000000000004
31.874999999999996 7.0408
32.1695 7.0440000000000005
32.302 7.042599999999998
32.7081 7.0727
34.01500000000001 7.147299999999998
32.256099999999996 7.060099999999999
32.33219999999999 7.0533
32.8088 7.054599999999998
32.692699999999995 7.0439
31.763600000000004 7.0494
32.1081 7.0549
32.02570000000001 7.0438
31.888299999999997 7.0493
32.9655 7.049900000000001
33.1188 7.031799999999999
32.77870000000001 7.0356000000000005
32.700199999999995 7.0476
32.281299999999995 7.0889999999999995
32.0847 7.1316999999999995
31.70989999999999 7.1442000000000005
32.249799999999986 7.145
32.88569999999999 7.178299999999998
32.7576 7.1545
32.236 7.064200000000001
31.810999999999996 7.056100000000002
31.462400000000002 7.055899999999999
31.411700000000003 7.0498
32.1014 7.059100000000002
33.341 7.0614
33.544999999999995 7.0552
33.1044 7.057200000000001
32.449099999999994 7.0520999999999985
31.341899999999995 7.058699999999998
31.939599999999995 7.0798
31.320399999999992 7.0737
31.08 7.058300000000001
31.123 7.0465
31.453999999999997 7.0426
31.145000000000007 7.0455000000000005
31.473199999999995 7.041
31.038500000000003 7.055300000000001
31.398400000000002 7.035899999999999
30.7555 7.047599999999998
31.095700000000004 7.057700000000001
30.992399999999996 7.0485999999999995
31.439500000000002 7.063
31.3281 7.0507
31.164100000000005 7.044999999999998
31.657199999999996 7.040600000000001
31.41330000000001 7.059500000000001
31.5036 7.041599999999999
31.839199999999995 7.058400000000001
31.5581 7.0495
30.178499999999996 7.054399999999999
29.83499999999999 7.059799999999999
31.223699999999997 7.0698
30.060599999999997 7.0683
29.162200000000006 7.0746
29.244200000000003 7.0790999999999995
30.0581 7.0755
29.749599999999997 7.0687
30.56879999999999 7.061000000000001
30.509299999999996 7.061299999999999
30.694000000000006 7.0545
30.953000000000003 7.0552
31.7689 7.066400000000001
30.93040000000001 7.0676000000000005
31.176399999999997 7.062199999999999
30.715299999999996 7.0794
33.0396 7.1547
32.119499999999995 7.0788
31.929700000000004 7.076900000000001
31.3562 7.0772
31.366900000000005 7.066999999999999
31.2994 7.0606
31.3359 7.0676000000000005
31.34389999999999 7.0729
31.332499999999996 7.083
32.3861 7.081100000000001
31.708100000000005 7.081900000000001
31.537700000000008 7.063400000000001
31.9384 7.0683
32.45099999999999 7.052300000000001
32.0709 7.058000000000002
32.70249999999999 7.049200000000002
32.725100000000005 7.0657
31.807099999999995 7.060700000000001
32.2836 7.051500000000001
33.300000000000004 7.0626999999999995
33.0754 7.0851999999999995
33.04709999999999 7.0824
32.26299999999999 7.0954999999999995
32.837500000000006 7.094200000000001
33.1981 7.104500000000001
33.513999999999996 7.1006
33.522 7.0809000000000015
32.87969999999999 7.074699999999999
32.983200000000004 7.088
33.3704 7.0629
33.969 7.085400000000002
32.0239 7.0699
35.4817 7.071799999999999
35.49840000000001 7.078800000000002
34.91040000000001 7.0617
34.951100000000004 7.077800000000001
37.0393 7.0868
37.190900000000006 7.070500000000002
37.24570000000001 7.0596000000000005
35.716 7.044299999999998
37.858 7.055900000000001
38.487 7.073499999999999
38.297 7.087900000000001
38.262 7.068
38.824000000000005 7.061100000000001
37.97 7.090700000000001
38.248000000000005 7.0826
37.709 7.082199999999999
38.158 7.0821
38.071000000000005 7.072799999999998
37.946000000000005 7.0710999999999995
37.303 7.097199999999999
37.836000000000006 7.091600000000001
38.043 7.084600000000001
38.26199999999999 7.0838
38.65599999999999 7.082800000000001
38.729 7.0908999999999995
39.01800000000001 7.094999999999999
38.38400000000001 7.0955
38.103 7.103700000000002
38.793 7.0898
38.651 7.076199999999999
38.55900000000001 7.067299999999999
38.82000000000001 7.083099999999999
39.088 7.068199999999999
39.018 7.0844000000000005
38.498 7.087800000000002
38.842 7.081899999999999
39.142999999999994 7.0786
39.279999999999994 7.086499999999998
38.769999999999996 7.069700000000003
38.525 7.0798
38.239000000000004 7.076299999999999
37.721 7.0866999999999996
37.98800000000001 7.073000000000001
37.936 7.0847
37.748000000000005 7.077700000000002
37.090999999999994 7.071500000000001
36.885999999999996 7.067099999999998
37.08109999999999 7.0702
37.376599999999996 7.0739
38.00430000000001 7.079900000000001
37.3317 7.0727
37.519000000000005 7.072099999999999
37.2752 7.076200000000001
36.71789999999999 7.075000000000001
36.3046 7.085999999999999
35.6888 7.097400000000001
36.063500000000005 7.094999999999999
36.64940000000001 7.078300000000001
36.1471 7.074
38.088300000000004 7.088
37.517599999999995 7.098
37.4703 7.1114999999999995
37.3336 7.079300000000003
36.9482 7.089100000000001
36.8196 7.086500000000001
36.3675 7.086499999999998
36.9212 7.129200000000001
36.104 7.173199999999999
36.911300000000004 7.1907
36.53770000000001 7.186800000000002
36.48550000000001 7.2208000000000006
37.43529999999999 7.1717
37.59040000000001 7.094100000000002
37.724199999999996 7.0823
36.49099999999999 7.0801
36.378 7.100799999999999
36.5651 7.102799999999999
36.650000000000006 7.095700000000001
36.63590000000001 7.111500000000001
37.3826 7.074399999999999
34.947 6.7786
34.76010000000001 6.752700000000001
35.02500000000001 6.7484
35.537000000000006 6.746100000000001
35.2101 6.7699
35.79519999999999 6.7691
36.285500000000006 6.782399999999999
34.9035 6.767599999999999
35.568799999999996 6.7657
35.4115 6.7588
35.4953 6.7636
34.5964 6.778400000000001
35.19409999999999 6.7813
35.58720000000001 6.7768999999999995
34.759499999999996 6.771199999999999
34.3792 6.777799999999999
34.8256 6.775
36.2748 6.772200000000001
35.7562 6.766699999999999
35.200100000000006 6.776600000000001
35.69239999999999 6.782099999999999
34.80799999999999 6.7787
32.1688 6.780800000000001
31.861 6.784
32.6246 6.7898
31.745699999999992 6.7879
32.7158 6.794700000000001
32.6324 6.783799999999999
32.4708 6.7913999999999985
32.7451 6.7692000000000005
32.775800000000004 6.768299999999999
31.939400000000003 6.7789
