22.02 11.498
21.753 11.645999999999999
22.009 11.659999999999998
20.380000000000003 11.569
20.954 11.459000000000001
22.583000000000002 11.612
20.482999999999997 11.604000000000001
22.599 13.449
23.182 13.403
20.477999999999998 11.498999999999999
18.764999999999997 11.625
18.328 11.534000000000002
20.057000000000002 11.643
19.647 11.533999999999999
16.915 11.487
17.556 11.514000000000001
17.554000000000002 11.481000000000002
19.177 11.649
17.846 11.600000000000001
18.603 11.638
17.730999999999998 11.604000000000001
16.74 11.531999999999998
17.587 11.422
29.26 17.173000000000002
19.848 11.584999999999997
18.516 12.038
18.328 12.329
17.173 11.761999999999999
18.287 11.519
18.234 11.543999999999999
18.771 11.541
18.445 11.491
18.398999999999997 11.658
18.533 11.504999999999999
17.724 11.623
18.46 11.573
19.043 11.556000000000001
22.494 13.494
28.03 15.435000000000002
32.342000000000006 17.480999999999998
18.522000000000002 11.526999999999997
20.471 11.663
18.721 11.581
18.401 11.547
18.988 11.557
18.608999999999998 11.58
18.885999999999996 11.617999999999999
18.774 11.602
20.656999999999996 11.694
20.453 11.712
19.311999999999998 11.684999999999999
18.359 11.671
19.452 11.605000000000002
19.006999999999998 11.633000000000001
18.037999999999997 11.581
18.563 11.636999999999999
19.97 11.684999999999999
18.398999999999997 11.667
18.609 11.687999999999999
20.743000000000002 11.713
19.03 11.618
18.563 11.597
18.415 11.648999999999997
18.139 11.587
18.707 11.685
19.049999999999997 11.654
19.439999999999998 11.628
19.851999999999997 11.631
20.113999999999997 11.62
24.915 13.574
19.459 11.661000000000001
22.995 13.622
18.964 11.578999999999997
19.519000000000002 11.666
19.559 11.737
19.817999999999998 11.618
24.463 13.581999999999999
25.043000000000003 13.595000000000002
20.015 11.676
24.312000000000005 13.626
21.416999999999998 11.661
25.196 13.63
22.095 11.646999999999998
24.362000000000002 13.632000000000003
35.132000000000005 17.624000000000002
22.479 11.636
21.821 11.724
22.32 11.767
22.669 11.654
23.804 11.626999999999999
24.695 11.646
24.663 11.81
39.080999999999996 17.718
40.057 19.547
24.903 13.544
43.53 21.509
22.718 11.747
22.308 11.652999999999999
24.39 11.725
23.505000000000003 11.712
24.493000000000002 11.738000000000001
36.365 17.545
24.012 11.740999999999998
29.955000000000005 13.718
24.070999999999998 11.667
41.942 19.604
31.733 15.632000000000001
38.165 19.549
23.504 11.795
24.816000000000003 11.766
25.873 11.753
33.77 15.631
38.21200000000001 17.508999999999997
48.144000000000005 23.519000000000002
25.909000000000006 11.774999999999999
41.676 19.817999999999998
33.160000000000004 15.660000000000002
37.792 15.793000000000001
44.586 19.779
28.186 11.815999999999999
41.48499999999999 17.770000000000003
66.357 29.538000000000004
46.949000000000005 21.471
42.672 17.677
31.592 13.765999999999998
36.86800000000001 17.633000000000003
68.171 27.697
32.379000000000005 13.799
34.977999999999994 13.872000000000002
44.806999999999995 19.722
51.757 21.733999999999998
66.34100000000001 27.857999999999993
48.419000000000004 19.603
42.596000000000004 17.709
48.616 21.794
47.002 19.842
43.62199999999999 19.744
48.463 19.825000000000003
35.327000000000005 15.693000000000001
36.291999999999994 17.604
27.875000000000007 13.670000000000002
45.293 19.806
32.098 13.838000000000001
39.397 17.753
33.605999999999995 13.848000000000003
26.525 11.834999999999999
37.878 15.911
43.068 17.892000000000003
46.209 21.703
43.757000000000005 19.863999999999997
66.096 29.837999999999997
49.543 23.718999999999998
49.311 23.602
30.554 13.934000000000001
25.721 11.982
25.768 11.783
25.904 11.940999999999999
25.609000000000005 11.831
26.361999999999995 11.878
26.484 11.834
26.398 11.831999999999997
37.7347 15.941999999999998
30.61 11.392000000000001
28.424 13.412000000000003
29.913000000000007 13.741
38.244 13.827
36.931999999999995 15.668
32.178000000000004 13.802
70.656 27.825999999999993
47.150999999999996 19.817
48.522 19.844
41.393 17.806
54.57300000000001 23.674
56.44499999999999 21.825999999999997
69.52499999999999 25.873
60.211000000000006 21.852
40.25800000000001 14.041999999999998
43.873000000000005 15.908999999999999
56.525000000000006 21.835
67.91500000000002 25.836
58.367999999999995 21.896
46.004 17.843
74.09700000000001 27.749000000000002
51.452 21.829
37.164 16.000999999999998
40.239000000000004 17.858
35.883 16.018
51.605999999999995 19.892
57.879000000000005 22.081
47.034 18.182
32.068 12.107000000000001
34.222 13.91
57.562999999999995 21.901999999999997
37.68300000000001 13.974999999999998
50.855000000000004 19.905
45.0675 16.026
54.003 21.426999999999996
83.78799999999998 31.005
62.999 26.098
43.516999999999996 15.704999999999997
68.041 25.823
70.15299999999999 25.86
83.116 33.52
33.369 13.858
42.71 19.438000000000002
33.764 13.784000000000002
36.137 13.953
51.33800000000001 19.857999999999997
58.13 23.737
45.086 17.819000000000003
62.451 25.659999999999993
78.27399999999999 29.956
42.186 15.927
36.034 13.896
56.178000000000004 23.649000000000004
46.063 19.743999999999996
82.97899999999998 35.797999999999995
43.544 19.764
42.50599999999999 19.589000000000002
28.059 11.936
33.986 13.879999999999997
44.842 17.921
39.92800000000001 17.865000000000002
35.603 13.837
40.916999999999994 15.859000000000002
56.25599999999999 21.885999999999996
34.699 13.934000000000001
32.965 13.785999999999998
42.805 17.862
40.631 17.825999999999997
40.943 17.825
49.102000000000004 19.914
47.85 19.796999999999997
63.873999999999995 27.864999999999995
40.271 15.878
42.699 17.785
37.891000000000005 15.766
50.023999999999994 21.82
63.019000000000005 27.609000000000005
42.431 19.771
41.42399999999999 17.669
34.716 13.811000000000002
65.528 25.778000000000002
75.63499999999999 29.82
47.802 17.798
57.165 21.793
40.697 15.9
58.24799999999999 21.910999999999998
33.404999999999994 13.884000000000002
66.51 27.799000000000003
62.06700000000001 25.91
38.195 15.970999999999998
49.291 18.069000000000003
30.207 12.069999999999999
32.086000000000006 13.906000000000002
39.202 15.887
34.193 13.946
33.794 13.824
57.556000000000004 23.997999999999998
70.295 29.775000000000002
70.893 29.831999999999997
28.265 11.905999999999999
29.095 12.017999999999999
30.426 13.953000000000001
45.66100000000001 21.683
33.032 15.961
30.291999999999998 13.978000000000002
27.711000000000002 11.969000000000001
48.93200000000001 21.849999999999998
52.698000000000015 23.924
29.657000000000007 14.001
50.92100000000001 23.903
32.226 15.927
34.394000000000005 17.726
27.423000000000002 13.796
23.810000000000002 11.864
29.492 14.08
24.174999999999997 12.024
27.479000000000003 13.772
25.873 11.908000000000001
24.84 11.875
23.510999999999996 11.841
23.449999999999996 12.044
31.048 13.983
31.03 15.741000000000001
24.504 11.838999999999999
40.131 20.009
32.940999999999995 16.158
