29.901878999999994 23.94617000000001
30.842818000000005 24.09545
30.449534000000018 23.68795
28.97186999999998 23.215710000000005
28.978789999999993 23.406170000000003
30.75735 23.565009999999994
32.28343000000001 23.762810000000005
29.27404 23.67267
28.893073999999995 23.72387
30.501026999999997 23.805479999999992
29.09940000000001 23.883499999999998
28.692599999999995 23.911599999999996
30.59170000000001 23.965600000000002
26.179399999999998 23.8061
25.7118 23.826600000000003
27.237500000000004 23.871199999999995
29.7769 24.0711
29.2437 24.131199999999993
29.125599999999995 24.08580000000001
30.175900000000006 24.224300000000003
28.4953 24.154000000000007
29.069699999999987 24.203500000000005
31.98459999999999 24.401500000000002
32.45759999999999 24.4994
32.47679999999998 24.466399999999997
33.6637 24.545599999999997
35.54770000000001 24.7283
30.84460000000001 24.5376
31.361999999999995 24.547899999999995
31.478 24.576099999999997
30.876199999999997 24.576900000000006
26.171699999999998 24.2576
23.976399999999998 24.068699999999996
25.992700000000003 24.251100000000005
21.074900000000003 23.924400000000006
24.350309999999993 24.087060000000005
29.66250999999999 24.038420000000006
27.31307999999999 23.95817
27.252090000000006 23.979780000000005
29.487290000000005 24.132580000000004
29.654580000000003 24.170269999999995
28.951382999999996 24.097170000000006
28.407708 24.054789999999997
31.185976000000004 24.204289999999993
29.196189999999994 24.172400000000007
27.683585 24.169500000000003
28.317199999999993 24.153900000000007
27.9655 24.331500000000002
28.884999999999998 24.395500000000002
29.085499999999996 24.4627
29.155200000000004 24.526749999999996
27.024830000000005 23.879099999999994
27.056420000000003 23.809559999999998
29.105740000000008 23.899429999999995
29.506989999999988 24.15838
28.4439 23.53949
27.59108999999999 23.668139999999998
26.32177 23.44418
27.70148999999999 23.653119999999998
27.428759999999997 23.53497999999999
27.83749999999999 23.692399999999992
27.234599999999997 23.78240000000001
28.208999999999996 23.844999999999995
28.790899999999997 23.94810000000001
28.216399999999997 23.9891
28.376099999999997 24.026099999999996
29.419500000000014 24.013200000000005
27.8863 24.061199999999996
27.980100000000004 24.042400000000004
27.186200000000007 23.981399999999994
30.056800000000006 24.20349999999999
19.624600000000004 23.527599999999993
21.766599999999997 23.507400000000004
31.1259 24.264699999999998
29.389800000000005 24.147000000000006
30.257929999999988 23.747209999999992
29.302260000000018 23.766750000000002
29.467629999999996 23.801669999999998
31.815719999999992 23.90819
27.19161999999999 23.697189999999992
25.508619999999993 23.54639
27.94359999999999 23.8701
28.004799999999996 23.945700000000002
27.830600000000004 23.9163
29.470000000000002 24.0441
28.559599999999996 24.007700000000003
27.76520000000001 24.042299999999997
28.463099999999997 24.053500000000007
32.58210000000001 24.28390000000001
29.796299999999988 24.23390000000001
29.105200000000004 24.2114
29.0006 24.1511
29.81450000000001 24.251499999999997
28.320400000000006 24.152199999999997
28.173500000000008 24.095600000000005
28.0323 24.151700000000005
26.653200000000016 24.002200000000002
27.3154 24.019199999999987
27.291999999999998 24.028399999999998
28.883099999999995 24.1177
26.660600000000002 24.090699999999995
25.9239 23.9342
25.8878 24.050100000000004
27.424500000000002 24.123199999999997
24.598200000000002 23.92200000000001
22.800800000000002 23.745599999999996
25.859199999999998 23.958800000000004
25.728599999999997 24.0154
20.0623 23.610799999999994
20.494499999999995 23.638600000000004
24.559399999999993 23.866100000000003
28.223499999999994 24.142000000000007
27.372000000000007 24.1005
29.0107 24.2342
26.892900000000008 24.099399999999992
26.945899999999995 24.1116
26.322200000000002 24.098700000000008
26.564499999999992 24.092000000000002
25.264000000000003 24.092699999999997
26.8593 24.08900000000001
25.4904 24.010900000000003
25.82230000000001 24.116600000000002
27.57400000000001 24.1582
26.748200000000004 24.250200000000007
26.2935 24.11760000000001
25.094200000000004 24.0408
22.9096 23.8089
22.692899999999998 23.8226
17.351600000000005 23.531599999999994
15.512099999999998 23.4238
14.395399999999995 23.28409999999999
15.8712 23.2972
19.3595 23.653699999999994
19.006600000000002 23.587400000000002
14.941000000000008 23.195899999999998
20.6034 23.622999999999998
22.392500000000002 23.8062
22.3636 23.886599999999998
20.3819 23.757100000000005
20.289500000000004 23.698899999999995
21.515800000000002 23.857699999999994
24.147000000000002 24.0668
22.166299999999993 23.929299999999994
21.015699999999995 23.849900000000005
21.523700000000005 23.7995
22.281 23.930299999999995
18.357900000000004 23.665799999999994
20.780900000000003 23.773699999999998
22.473899999999993 23.905199999999994
22.416600000000003 23.962299999999992
22.2478 23.876
18.682799999999997 23.68770000000001
20.681899999999995 23.8089
19.2577 23.656699999999994
22.0556 23.886499999999998
22.322300000000002 23.926500000000004
21.512600000000003 23.813399999999998
25.9093 24.181300000000007
26.115000000000006 24.288499999999992
24.284900000000007 24.111999999999995
26.657000000000004 24.341800000000006
27.7323 24.484800000000007
28.662200000000006 24.4191
27.46699999999999 24.449800000000003
27.770700000000005 24.378000000000007
26.546999999999997 24.329299999999996
25.504699999999996 24.292400000000004
27.2173 24.267299999999995
25.666170000000005 23.954679999999996
26.488879999999998 23.92211000000001
26.66901 23.76601
25.204619999999995 23.40382
25.062040000000007 23.506879999999995
24.7245 23.488050000000005
24.216799999999992 24.297974
24.262247000000002 22.973159999999996
26.397935 23.118820000000003
25.117420000000003 23.164479999999994
25.155950000000004 23.175800000000006
25.871769999999998 23.348430000000004
26.65773999999999 23.490370000000006
25.26414999999999 23.390269999999997
26.29646 23.48967
25.216626999999992 23.41628
25.287626999999997 23.506350000000005
25.042422 23.518229999999996
18.139270000000003 23.0819
15.778499999999998 23.001099999999997
15.749300000000005 22.98249999999999
17.81199 23.061500000000002
21.041900000000002 23.381300000000003
16.664400000000004 23.123999999999995
13.0302 22.651400000000002
14.772599999999999 22.882799999999996
18.1473 23.1261
21.252699999999994 23.386300000000002
22.407000000000004 23.59630000000001
21.885099999999998 23.526400000000006
21.766000000000005 23.635699999999996
22.1628 23.6149
22.325499999999998 23.697000000000003
24.898600000000005 23.86
18.450400000000002 23.397299999999998
22.2164 23.604800000000004
21.826800000000013 23.683900000000005
19.861600000000003 23.475100000000015
19.655700000000003 23.490500000000004
14.876799999999996 23.03
21.3454 23.584000000000003
21.594400000000004 23.642000000000003
22.223399999999998 23.698300000000007
21.3907 23.784199999999995
18.902600000000007 23.445499999999996
22.0174 23.7197
22.253 23.8325
25.1361 24.005300000000005
24.393099999999997 23.9711
26.579000000000008 24.1887
29.16220000000001 24.319000000000006
27.082500000000003 24.301700000000007
26.2527 24.21890000000001
28.1702 24.348999999999993
27.193200000000004 24.3592
27.534500000000005 24.481999999999992
28.241099999999996 24.421599999999994
28.401000000000003 24.506500000000003
28.8717 24.556700000000003
28.0588 24.492300000000004
28.104200000000006 24.55179999999999
29.44469999999999 24.625199999999996
27.062300000000008 24.4829
30.264699999999994 24.675900000000006
30.326199999999996 24.747899999999994
28.4443 24.643400000000007
30.269800000000004 24.729300000000002
29.63380000000001 24.72360000000001
29.573600000000017 24.731800000000003
30.70130000000001 24.838999999999995
29.367360000000005 24.819170000000007
28.006420000000006 24.21223
27.45293999999999 24.182149999999993
26.289280000000005 24.146349999999998
25.57567 24.13564
27.642859999999995 24.297260000000005
28.970822999999996 24.36259
28.833563999999996 24.93246
30.287536 24.177739999999996
26.209479999999996 24.03271000000001
21.064999999999994 23.5817
26.214500000000008 23.990599999999993
28.5258 23.816800000000004
28.380499999999987 24.311900000000005
29.032980000000013 25.161637999999993
27.674049999999994 23.559829999999998
27.389930000000014 22.77732
28.703390000000002 22.861030000000007
27.804520000000004 24.04162
27.00764 22.177629999999994
27.105089999999993 22.869070000000004
28.741190000000007 23.90971
26.083111999999993 21.720889999999997
26.007120000000008 21.233669999999996
23.797310000000003 19.66412
23.936094 19.444219999999998
24.818108000000002 19.80115000000001
26.298159999999992 20.03937
28.831068 21.034010000000002
29.663058 21.385347000000003
26.703673 19.91782000000001
24.66208200000001 20.035030000000003
20.1406 19.93193000000001
16.321820000000002 19.7561
15.352239999999995 19.644899999999996
17.488999999999997 19.900299999999994
21.313099999999995 20.289500000000004
21.321500000000004 20.6206
23.792899999999996 20.803800000000003
24.7601 21.047600000000003
25.43810000000001 21.123299999999997
28.4588 21.3194
30.38260000000001 21.6464
30.163700000000006 21.770799999999998
31.488300000000002 21.962600000000002
32.52569999999999 22.151100000000007
31.964400000000005 22.193700000000003
33.4672 22.36179999999999
35.4347 22.499800000000008
33.131400000000006 22.622200000000003
