15.157599999999999 7.880799999999999
13.562000000000001 7.611700000000002
13.577899999999998 7.670600000000001
14.922800000000002 7.958899999999999
15.891 8.1191
12.372700000000002 7.4612
16.158 7.815499999999999
14.719700000000003 8.4695
13.1182 8.0455
13.977300000000001 7.8155
12.7398 7.650000000000001
13.631399999999996 7.668899999999999
12.6167 7.458100000000001
16.006800000000002 7.903800000000001
12.845699999999999 7.9731
16.371 7.682600000000001
14.754999999999999 7.933
12.725100000000001 7.757700000000001
13.192099999999998 7.735900000000001
12.465300000000001 7.545599999999999
12.391000000000002 7.5699000000000005
13.1129 7.233600000000001
15.738 7.696699999999999
15.014 7.722399999999999
15.4198 7.862900000000001
16.48 7.891799999999999
13.9706 8.160300000000001
13.557 7.700899999999999
14.767999999999997 7.6225000000000005
14.7281 7.6043
13.745999999999997 8.0155
15.564 8.088000000000001
14.885000000000002 8.2031
15.359200000000001 7.887
19.693000000000005 9.081999999999999
14.127199999999998 8.651699999999998
13.6603 7.8641999999999985
15.4079 7.903299999999999
16.724 8.3524
15.542 8.665799999999999
13.4216 7.8773
12.874099999999999 7.395899999999999
16.187 8.0228
18.112 8.629000000000001
15.846000000000002 8.7982
13.570000000000002 7.893600000000001
13.277 7.276299999999999
13.631199999999996 7.670600000000001
16.643 8.4256
14.106 8.0974
14.7967 8.1591
14.286100000000001 7.6997
17.785300000000003 7.8580999999999985
14.8731 7.7871999999999995
14.160799999999998 8.0059
12.599599999999999 7.786499999999999
14.64 7.806400000000001
13.1964 7.6638
12.185799999999999 7.0809
11.7307 6.917500000000001
14.180099999999998 7.3241
12.877899999999997 7.462299999999999
15.5333 7.7569
12.3522 7.488300000000001
13.2244 7.6305
13.830700000000002 7.540000000000001
15.9238 7.534799999999999
14.250499999999999 8.166899999999998
13.947199999999995 7.824999999999998
11.5899 7.7836
12.943 7.3065999999999995
13.863699999999998 7.8185
12.9608 7.939999999999999
12.8104 8.0168
13.533500000000002 7.987900000000001
13.4934 8.2332
11.195899999999998 7.302300000000001
13.7077 7.8211
10.8826 7.1937000000000015
12.486100000000002 7.4417
14.776899999999998 7.721000000000002
12.916 7.874200000000001
11.8467 7.8489
16.045999999999996 8.418899999999999
13.1331 8.8467
12.3576 7.9461
15.412 8.028899999999998
13.723800000000002 8.0076
14.123099999999999 8.0416
19.75 8.1404
18.868000000000002 9.062399999999998
16.958399999999997 8.9357
18.660499999999995 9.047299999999998
17.074500000000004 8.983900000000002
16.990000000000002 8.7305
16.692 8.642
13.967099999999999 8.0275
15.400000000000002 8.1534
19.732 8.593599999999999
16.618 8.501
15.8136 8.3224
12.241999999999997 7.8222999999999985
19.0751 7.957400000000001
21.11 9.1354
20.152000000000005 8.5768
16.943 8.2878
15.981000000000002 8.1443
17.529 8.385000000000002
19.547 8.4122
16.745 8.584000000000001
16.805 8.911599999999996
16.245 8.521
19.874 8.8089
19.153000000000002 9.293499999999998
16.803 8.471
18.207 8.1395
16.4483 8.0537
16.5585 8.1194
15.887400000000001 7.967199999999999
19.337000000000003 8.107500000000002
18.179000000000002 8.4046
20.109 8.305500000000002
20.183 8.3834
17.682000000000002 8.509500000000001
17.571 8.358
16.660999999999998 7.879900000000001
16.823 8.0201
16.785 7.879700000000001
16.174999999999997 7.710500000000001
16.854 8.0721
18.578 8.4306
17.147000000000002 8.2447
17.909999999999997 8.0847
16.613 8.0574
16.222 8.1204
15.262999999999998 8.091400000000002
16.616999999999997 7.7010000000000005
18.162000000000003 8.1675
16.335 8.158
22.898999999999997 9.088900000000002
17.339 8.6289
20.125 8.5161
16.441 8.3712
19.491999999999997 8.6151
17.454 8.1839
20.183999999999997 8.379700000000001
21.468 8.613
20.054 8.5295
21.9483 8.7552
17.811 8.5411
17.708999999999996 8.197799999999999
19.400000000000002 8.2742
19.445999999999998 8.7367
17.026000000000003 8.3729
18.399 8.2208
17.358 8.4154
21.845000000000002 7.980100000000001
25.499000000000006 8.745000000000001
21.647 8.6118
19.5 8.348899999999999
19.891000000000002 8.4031
17.296 7.735500000000001
17.419 7.920899999999999
16.27 7.8696
18.323999999999998 7.8942
22.119999999999994 8.5663
27.080999999999992 9.297199999999998
21.945999999999998 8.9864
20.63 8.4356
22.006999999999998 8.563899999999999
18.167 8.530600000000002
22.283 8.644499999999999
19.597000000000005 8.8985
16.901 8.3945
23.208 8.784799999999999
26.422 9.713500000000002
25.255 10.8231
24.171 9.8283
21.775 9.2469
22.459999999999997 9.3278
21.397 9.026100000000001
21.656 9.2415
21.447 8.961500000000001
21.637999999999998 8.7787
23.849999999999998 9.490000000000002
20.821 8.9992
26.787 8.929200000000002
26.114000000000004 9.551000000000002
26.152000000000005 9.210500000000001
20.364 8.8654
20.486 8.3399
22.175 8.426300000000001
22.431 8.5002
26.781999999999996 8.7648
24.185999999999996 8.883199999999999
22.564 8.7406
24.317 8.8026
23.45 8.5479
23.531000000000002 8.5579
18.38 9.0654
20.166999999999998 8.650400000000001
21.295 8.7499
23.619999999999997 9.005200000000002
27.814 9.851799999999999
22.602 9.4827
24.068 9.353200000000001
22.799999999999997 9.6221
21.086 9.331399999999999
17.058 8.2955
18.371000000000002 8.3221
19.500999999999998 8.3063
22.241 8.817400000000001
32.755 9.805
22.634000000000004 9.5056
19.481000000000005 9.0224
23.927000000000003 9.3002
21.474 9.062500000000002
18.650000000000002 8.8513
18.681 8.4714
20.553000000000004 8.8264
18.854000000000003 8.7641
33.051 9.862
23.254 10.4862
19.346000000000004 9.7913
24.771000000000004 9.3548
21.624 9.2448
17.289999999999996 8.455300000000001
17.828000000000003 8.4044
19.161 8.8636
18.180000000000003 9.0217
26.668000000000003 9.3418
27.424000000000003 10.552
18.76 10.2333
23.887999999999998 9.889199999999999
21.897 10.180299999999999
20.369 9.563800000000002
19.311999999999998 8.7777
21.562 9.1526
18.788 8.804700000000002
20.449 8.5884
25.204000000000004 9.4627
22.542000000000005 9.7182
21.099999999999998 9.400100000000002
22.644000000000002 9.518
22.558999999999997 9.8429
22.020999999999997 9.649
22.514 9.5815
20.278999999999996 9.242199999999999
16.787000000000003 8.8127
28.648 9.1126
22.569000000000003 10.338099999999999
24.941000000000003 10.0419
22.437 9.4998
18.786 9.6597
21.174 9.111599999999997
21.690999999999995 9.415400000000002
17.504 8.6406
18.192 8.4068
18.384999999999998 8.558
22.638 8.743700000000002
19.144 9.2864
20.998 8.983
20.577 9.1858
20.828000000000003 9.5749
19.819 8.6558
17.580000000000002 8.480799999999999
15.958999999999998 8.3401
17.494999999999997 8.522599999999999
23.365000000000002 8.892900000000001
19.855 9.4692
19.803000000000004 9.512
19.898 8.8766
19.2761 9.2695
17.093000000000004 8.782100000000002
18.525 8.817699999999999
15.118 8.2888
15.86 8.2113
18.355999999999995 8.215
16.9194 8.7231
17.125799999999998 8.670499999999999
18.824500000000004 8.584200000000001
16.9362 9.0477
14.265 8.2722
15.514499999999998 8.4724
15.694399999999998 8.234800000000002
14.780100000000001 8.285700000000002
15.921400000000002 8.0797
12.2905 8.361099999999999
