11.1751 10.2531
10.888 10.2233
10.8134 10.171800000000001
10.870099999999999 10.153400000000001
10.8606 10.1051
10.768600000000001 10.0274
10.9101 9.9887
10.738 9.958
10.370500000000002 9.9552
10.826099999999999 9.9402
10.588899999999999 9.9361
10.7874 9.9228
10.4739 9.8904
10.364700000000001 9.877300000000002
10.2052 9.8661
10.335 9.8467
10.114700000000001 9.8355
9.821600000000002 9.8217
9.4816 9.795
9.3797 9.7699
9.1537 9.7505
9.395199999999999 9.7304
9.1017 9.712099999999998
8.8807 9.698500000000001
9.198599999999999 9.682
8.9497 9.672500000000001
8.639800000000001 9.6451
8.819 9.6216
8.994600000000002 9.6251
8.427800000000001 9.6115
8.2379 9.589699999999999
8.3132 9.582
8.563 9.5822
8.703499999999998 9.5856
8.6538 9.5856
8.677399999999999 9.574900000000001
8.477500000000001 9.549
8.1923 9.5292
8.546 9.524700000000001
8.4941 9.561300000000001
8.5807 9.627300000000002
9.0933 9.6586
8.9526 9.6649
9.3613 9.697399999999998
9.2431 9.7308
9.160999999999998 9.752200000000002
9.343900000000001 9.7486
9.161000000000001 9.7349
9.1944 9.7059
8.968199999999998 9.6831
8.8828 9.6759
8.801200000000001 9.669500000000001
8.6659 9.659299999999998
8.555299999999999 9.6496
8.504100000000001 9.6197
8.407499999999999 9.6054
8.195799999999998 9.5932
8.075399999999998 9.5794
7.836800000000001 9.5809
7.7682 9.581900000000001
7.984899999999999 9.5704
7.7484 9.570700000000002
7.643 9.5814
7.7539 9.570400000000001
7.864599999999999 9.565700000000001
7.6328000000000005 9.569300000000002
7.5985 9.5718
7.653700000000001 9.5591
7.563300000000001 9.552100000000001
7.5157 9.538
7.2600999999999996 9.5379
7.190500000000001 9.535300000000001
6.9742 9.5337
6.954000000000001 9.523100000000001
7.177800000000001 9.5166
7.047300000000001 9.515600000000001
7.2617 9.520100000000001
6.6856 9.5276
6.822 9.5228
6.973999999999999 9.516799999999998
7.161 9.552000000000001
7.2122 9.578199999999999
7.1762999999999995 9.5781
7.176099999999999 9.5917
7.225 9.6278
7.3394 9.656900000000002
7.7873 9.7122
7.947499999999999 9.748899999999999
7.782 9.7655
8.1332 9.8179
8.0764 9.926
8.4427 9.991000000000001
8.5975 10.055299999999999
8.931899999999999 10.149
8.8476 10.2317
8.9965 10.2628
9.245500000000002 10.2913
9.4721 10.330499999999999
9.7679 10.395999999999999
9.6565 10.465
9.7136 10.526
9.8307 10.538999999999998
9.5357 10.54
10.0136 10.539000000000001
10.3455 10.557
10.4352 10.613000000000001
10.8377 10.629999999999999
10.896299999999998 10.637
10.8187 10.628000000000002
10.838000000000001 10.642000000000001
10.780899999999999 10.636000000000001
11.607000000000001 10.620000000000001
11.218 10.606
11.3067 10.623
11.659299999999998 10.629999999999999
11.7723 10.631000000000002
11.8083 10.665
11.700400000000002 10.682
12.1102 10.702
12.4129 10.703999999999999
12.2556 10.689000000000002
12.3687 10.681000000000001
13.141 10.71
13.261000000000001 10.72
13.685999999999998 10.709
13.083999999999998 10.711999999999998
12.821 10.692999999999998
12.916 10.707
13.270999999999999 10.730999999999998
12.861 10.729999999999999
12.629100000000001 10.729999999999999
12.553 10.757999999999997
12.638000000000002 10.767999999999999
12.593000000000004 10.743
12.525999999999998 10.764999999999999
12.328399999999998 10.838
12.499 10.812
12.225 10.838000000000001
12.728 10.886
12.923000000000002 10.923
13.111999999999998 10.962
13.467 10.994
13.252 11.02
13.607000000000003 11.019000000000002
13.161999999999999 11.033000000000001
13.191 11.068999999999999
13.444 11.104
13.107999999999997 11.129
13.111 11.165
13.511999999999999 11.227
13.591000000000001 11.251
13.725000000000001 11.292
13.91 11.34
13.801 11.387
13.767999999999999 11.399
13.854 11.383000000000001
14.065 11.408999999999999
13.889000000000001 11.418000000000001
13.777999999999999 11.443
13.787000000000003 11.467999999999998
13.754 11.468
14.232999999999999 11.474
14.426999999999998 11.482000000000001
14.404999999999998 11.492
14.881 11.47
15.049000000000001 11.483
14.866999999999999 11.517000000000001
15.008 11.524999999999999
14.857999999999999 11.524999999999999
20.6066 12.8
16.482999999999997 11.3094
14.827999999999996 11.0225
14.379 11.158499999999998
14.231000000000002 11.1965
14.390999999999998 11.2051
14.381000000000002 11.245800000000001
14.408000000000001 11.2375
14.652999999999999 11.262500000000001
14.366000000000001 11.2791
14.351999999999999 11.306700000000001
14.893 11.3208
14.986000000000002 11.329899999999999
15.382000000000001 11.330400000000001
15.517999999999999 11.3885
15.851000000000004 11.4248
15.422999999999998 11.4212
15.719000000000003 11.450099999999999
15.999000000000002 11.463000000000001
15.221000000000002 11.499
15.573999999999998 11.587000000000002
15.287999999999998 11.588999999999999
14.99 11.543000000000001
14.859 11.526999999999997
15.413000000000002 11.536
15.181000000000001 11.545000000000002
15.174000000000001 11.575000000000001
15.024999999999999 11.535
14.683000000000002 11.540000000000001
14.508000000000001 11.587000000000002
15.234 11.604999999999999
15.372 11.613999999999999
14.993 11.598
14.565999999999999 11.572000000000001
14.558000000000002 11.570999999999998
14.390999999999998 11.561
14.259000000000002 11.552000000000001
14.148 11.530999999999999
14.373 11.519
14.179 11.529000000000002
13.874000000000002 11.610000000000001
14.097999999999999 11.644
13.88 11.673
14.370000000000003 11.680000000000001
14.231999999999998 11.672000000000002
13.730000000000004 11.670000000000002
13.764999999999999 11.666
13.797 11.692
13.959 11.709
14.497000000000002 10.9537
15.665000000000001 11.8765
14.221 11.475100000000001
14.334000000000003 11.595799999999997
14.443999999999999 11.619
14.272000000000002 11.63
13.920000000000002 11.623
14.639 11.618
14.340999999999998 11.639
14.878 11.640999999999998
15.032 11.678999999999998
14.802999999999999 11.661999999999999
14.621999999999998 11.673
14.645 11.676
14.85 11.696
14.702000000000002 11.7
14.895 11.696000000000002
14.806000000000003 11.721000000000002
14.786999999999997 11.706999999999999
14.853999999999997 11.686
15.03 11.706999999999999
15.297999999999998 11.713999999999999
14.78 11.713000000000001
15.014999999999997 11.697000000000001
15.181000000000001 11.732
14.92 11.726
15.778000000000002 11.690000000000001
15.228 11.690000000000001
15.371000000000002 11.679
15.089 11.689
14.891000000000002 11.679999999999998
15.209 11.7
15.741 11.698
16.159 11.709
16.013 11.691
15.370000000000001 11.673
15.937999999999999 11.730000000000002
15.781 11.775
15.279000000000002 11.813
15.559000000000001 11.831
15.773000000000001 11.92
16.587000000000003 11.995000000000001
15.965000000000002 11.948
15.754999999999999 11.919999999999998
15.055 11.906
15.142 11.841000000000001
14.707 11.815000000000001
14.411999999999999 11.804
13.832000000000003 11.790000000000001
13.720000000000002 11.797
14.259 11.763000000000002
14.716000000000001 11.764999999999999
13.676999999999998 11.726999999999999
13.87 11.665
13.458 11.596
13.285 11.523
13.043000000000001 11.503
13.264000000000001 11.443
12.866800000000001 11.341
12.3654 11.311999999999998
12.398099999999998 11.238000000000001
12.1574 11.134
12.2735 11.081
12.221099999999998 11.06
11.9871 11.006
12.193999999999999 10.987
11.6193 10.986
11.5122 10.932
11.226600000000001 10.892
10.933 10.8389
