8.4833 13.425999999999998
8.3256 13.405999999999999
8.199600000000002 13.382999999999997
8.1085 13.358
8.043899999999999 13.317
8.017299999999999 13.248
8.196299999999999 13.221000000000002
8.5649 13.2003
7.9659 13.192699999999999
8.108500000000001 13.162199999999999
8.0971 13.1427
8.0544 13.1447
7.800400000000001 13.092099999999999
7.7712 13.041500000000001
7.900299999999999 13.0109
7.619499999999999 12.9939
7.509499999999999 12.986900000000002
7.401300000000001 12.964400000000001
7.5058 12.962399999999999
7.5874000000000015 12.964400000000001
7.4188 12.9528
7.276900000000001 12.9493
6.994599999999999 12.9443
6.9275 12.912300000000002
7.013599999999999 12.879199999999999
6.9906999999999995 12.8451
6.7758 12.804599999999999
6.909 12.770100000000001
6.8604 12.777100000000003
6.9319999999999995 12.813099999999999
7.0434 12.823700000000002
6.894 12.826699999999999
6.9122 12.828699999999998
7.1329 12.831699999999998
7.1251 12.8673
7.0938 12.8978
7.0159 12.898399999999999
6.8389999999999995 12.887299999999998
6.888699999999999 12.878299999999998
6.915199999999999 12.8643
6.7886000000000015 12.8553
6.633800000000001 12.8343
6.5613 12.8022
6.614599999999999 12.8022
6.4636 12.8032
6.8366999999999996 12.7947
6.798599999999999 12.789700000000002
6.703099999999999 12.784099999999999
6.7329 12.759599999999999
6.552099999999999 12.713000000000003
6.568100000000002 12.703500000000002
6.924400000000001 12.702000000000002
6.5905000000000005 12.703000000000001
6.572 12.6965
6.2494000000000005 12.693999999999999
6.339199999999999 12.656500000000001
6.2232 12.6194
6.0951 12.610899999999999
6.1331999999999995 12.6089
6.0989 12.606900000000001
5.990600000000001 12.584399999999999
5.9782 12.5804
5.820600000000001 12.5779
6.230700000000001 12.574399999999999
5.9539 12.576400000000001
5.9135 12.5698
5.885199999999999 12.562400000000002
5.9418 12.565399999999999
5.8632 12.568400000000002
5.8701 12.564400000000001
5.9065 12.5664
5.6876999999999995 12.564400000000001
5.9496 12.5664
5.6779 12.5614
5.6076999999999995 12.5388
5.6709000000000005 12.490699999999999
5.6664 12.475200000000001
5.6282000000000005 12.4712
5.7059999999999995 12.476700000000001
6.0219000000000005 12.4897
5.747299999999999 12.512800000000002
5.739599999999999 12.520799999999998
5.7603 12.5283
5.7908 12.530800000000001
5.7343 12.552900000000003
5.6396 12.612000000000002
5.4603 12.608000000000002
5.493099999999999 12.602999999999998
5.9113 12.609
5.786099999999999 12.623500000000002
5.919699999999999 12.649600000000003
5.6627 12.6716
5.808900000000001 12.691099999999999
5.9907 12.7051
5.9859 12.7191
5.7518 12.7502
5.9121 12.768300000000002
5.8349 12.7663
5.9501 12.778799999999999
6.1799 12.869900000000001
5.9936 13.0512
6.2112 13.1249
6.5957 13.175999999999998
7.1105 13.252
6.9992 13.321
7.1212 13.325999999999999
6.9496 13.313999999999998
7.047299999999999 13.329000000000002
6.9215 13.340000000000002
7.018300000000001 13.344000000000001
7.022100000000001 13.358
7.267899999999999 13.379
7.4232000000000005 13.431999999999999
7.244000000000001 13.476000000000003
7.677600000000001 13.492999999999999
7.8027000000000015 13.51
7.599499999999999 13.499
7.8233 13.502
7.7718 13.511999999999999
8.007100000000001 13.529999999999998
9.0585 13.511999999999999
7.9106 13.509000000000002
7.877900000000001 13.52
8.3176 13.52
8.366100000000001 13.541
8.4148 13.602
8.4892 13.639000000000001
8.523200000000001 13.639000000000001
8.6909 13.652000000000001
8.4207 13.678
8.7277 13.682999999999998
8.416099999999998 13.685999999999998
8.9439 13.684
8.678899999999999 13.686000000000002
8.573400000000001 13.707999999999998
8.632200000000001 13.716999999999999
8.567100000000002 13.722999999999999
8.644599999999999 13.780000000000001
8.5398 13.805
8.696 13.794
9.0938 13.799999999999999
9.043700000000001 13.802999999999999
8.7625 13.831
9.3392 13.828
9.1752 13.889999999999999
9.1659 13.907
9.2938 13.952
9.378599999999999 13.984000000000002
9.2527 14.027000000000001
9.1253 14.036999999999999
8.6824 14.035999999999998
9.168800000000001 14.062999999999997
9.1626 14.118
9.546700000000001 14.140999999999998
10.001 14.187
9.5475 14.199
9.5111 14.217000000000002
9.6001 14.238000000000001
9.2833 14.259
9.7038 14.277999999999997
9.5553 14.285999999999998
9.372 14.32
9.5772 14.319
9.9106 14.315
9.995399999999998 14.353999999999997
10.126000000000001 14.415
10.2066 14.446
10.1439 14.562
10.3143 14.613000000000001
10.2056 14.623
10.297799999999999 14.645999999999997
10.5222 14.668999999999999
10.4449 14.693999999999999
10.514100000000001 14.705000000000002
10.7159 14.724
10.913400000000001 14.753999999999998
10.892 14.746
11.121400000000001 14.777999999999999
11.0152 14.827000000000002
11.006499999999999 14.855000000000002
11.1705 14.854000000000001
11.352300000000001 14.851
11.206500000000002 14.857000000000003
11.377799999999999 14.900999999999998
11.289799999999998 14.921000000000001
11.3857 14.945999999999998
11.283900000000001 14.943999999999999
11.559999999999999 14.953
11.753 14.964999999999998
11.714 15.003
11.2752 14.998999999999999
11.1645 14.988999999999999
11.1075 15.011
11.3756 15.008000000000003
11.6477 15.003000000000002
11.485999999999999 15.007000000000001
11.6822 15.027
11.8283 15.03
11.4862 15.02
11.612900000000002 15.027000000000001
11.859000000000004 15.042
11.881 15.051
11.980999999999998 15.06
11.923 15.081000000000003
11.769000000000002 15.111999999999998
11.4698 15.132999999999996
11.6982 15.152
11.3952 15.149000000000001
11.524499999999998 15.146
11.6232 15.183999999999997
11.5242 15.175000000000002
11.682500000000003 15.182
11.8525 15.176
11.8307 15.206
11.7667 15.187000000000001
11.832299999999998 15.189000000000002
11.537400000000002 15.197
11.7575 15.182
11.780899999999999 15.189000000000002
18.52719 17.084500000000002
12.663700000000002 14.9924
11.7507 14.561399999999997
11.5136 14.635699999999998
18.606400000000004 16.6277
19.4782 16.420400000000004
19.7541 15.591640999999997
19.207900000000002 14.971878000000006
12.1649 12.64
11.309999999999999 12.2183
11.1784 12.368999999999998
17.577800000000003 14.352500000000001
11.7746 12.293800000000001
10.8222 11.776
11.116399999999999 11.850900000000001
11.0654 11.890500000000001
11.394900000000002 11.9112
11.244 11.8932
11.231 11.919899999999998
11.1069 11.959399999999999
11.259100000000002 11.9704
11.1317 11.982999999999997
11.167800000000002 12.051
11.0666 12.074900000000001
11.4633 12.0671
11.084800000000001 12.093000000000002
10.908199999999999 12.1139
10.900500000000001 12.1349
11.1972 12.190000000000001
11.433000000000002 12.235999999999999
11.785 12.242999999999999
11.403099999999998 12.192999999999998
11.867999999999999 12.1703
12.2156 12.1833
12.206600000000002 12.191300000000002
12.141900000000001 12.1754
11.810299999999998 12.1434
11.754 12.1769
11.335 12.203
11.313699999999999 12.200999999999999
11.175600000000003 12.211
11.2721 12.216000000000001
11.3721 12.229
11.1296 12.222999999999997
10.888899999999998 12.241
10.894300000000001 12.224999999999998
11.0264 12.203
11.0286 12.183999999999997
10.626000000000001 12.129999999999999
17.5336 13.9219
11.829799999999999 11.679599999999999
10.478 11.182
10.402700000000001 11.211599999999999
10.274700000000001 11.2339
10.4095 11.155
10.5667 11.116600000000002
10.3471 11.112400000000001
10.1363 11.1296
10.7707 11.1613
10.266299999999998 11.093200000000001
9.745000000000001 10.7851
9.950099999999997 10.551900000000002
9.949599999999998 10.5374
9.773 10.527700000000001
10.296599999999998 10.5024
10.0385 10.454300000000002
10.076100000000002 10.401600000000002
9.9437 10.313199999999998
9.476 10.253499999999999
