17.652899999999995 9.2232
17.7344 9.24
15.924899999999994 9.237800000000002
15.317799999999998 9.232400000000002
13.620899999999999 9.230100000000002
13.7504 9.223300000000002
13.238700000000003 9.223300000000002
13.4407 9.223300000000002
13.342299999999998 9.2247
13.425500000000001 9.225499999999997
13.442799999999998 9.220899999999999
12.866099999999998 9.222800000000001
12.837299999999999 9.2191
12.725099999999998 9.219100000000003
12.352399999999998 9.2193
12.8331 9.219400000000002
12.9824 9.223300000000002
12.756299999999998 9.2178
12.8838 9.219299999999999
13.0242 9.218599999999999
12.973800000000004 9.210899999999999
13.006599999999999 9.204799999999999
13.661200000000001 9.2063
13.6391 9.218699999999998
14.0908 9.2241
13.778500000000001 9.218000000000002
13.697799999999999 9.2164
13.876300000000002 9.2178
14.228000000000002 9.2254
13.841299999999999 9.2217
13.6101 9.2202
13.6912 9.2195
14.0008 9.2148
14.311200000000001 9.218599999999999
13.5712 9.2118
13.0927 9.216300000000002
13.0075 9.213299999999998
12.686199999999998 9.2094
13.1326 9.212700000000002
15.2583 9.241700000000002
14.148599999999997 9.226999999999999
14.069399999999998 9.230899999999998
13.491799999999998 9.2362
13.1661 9.235899999999999
13.064699999999998 9.240699999999999
11.950700000000001 9.2308
11.576400000000001 9.2255
11.3461 9.2255
11.2503 9.220900000000002
11.0519 9.2177
11.0253 9.2124
10.638400000000003 9.2188
10.2421 9.1943
9.7683 9.203199999999999
9.398800000000001 9.1859
9.2892 9.181999999999999
12.401599999999998 9.064800000000002
9.9087 9.0762
9.577100000000002 9.083899999999998
9.721499999999999 9.1077
10.090299999999997 9.129199999999999
9.9828 9.147699999999997
9.557100000000004 9.150599999999999
9.0361 9.1561
8.776 9.1576
8.809999999999999 9.1546
8.689900000000002 9.148199999999997
8.5554 9.146700000000001
8.429000000000002 9.158900000000001
8.554499999999997 9.1659
8.6517 9.174300000000002
8.220200000000002 9.176599999999999
8.239199999999999 9.179699999999999
8.318100000000001 9.180499999999999
8.009300000000001 9.182099999999998
8.114 9.160499999999999
8.0937 9.1584
7.826799999999999 9.1671
7.3107999999999995 9.160400000000001
7.0802000000000005 9.163400000000001
7.006799999999999 9.163400000000001
6.8016 9.1628
6.9691 9.164399999999999
7.036499999999999 9.1679
7.0004 9.16
7.1213999999999995 9.172100000000002
7.0632 9.1728
7.2848999999999995 9.169799999999999
7.202500000000001 9.167399999999999
7.169499999999998 9.176
7.312400000000001 9.165799999999999
7.1690000000000005 9.154399999999999
7.2508 9.1554
7.738200000000001 9.1554
7.1424 9.155300000000002
7.292700000000001 9.1667
7.826999999999999 9.1607
7.5868 9.1636
7.358199999999999 9.1591
7.015999999999998 9.1592
7.1541999999999994 9.176
6.984300000000002 9.1598
7.139899999999999 9.1721
7.360800000000001 9.156499999999998
7.4481 9.1535
7.3841 9.1628
7.223999999999998 9.1467
7.0981000000000005 9.1424
6.836099999999999 9.1432
6.567400000000001 9.149000000000001
6.7002999999999995 9.151399999999999
6.692899999999999 9.144699999999998
6.839400000000001 9.140999999999998
6.9472000000000005 9.1517
7.158600000000001 9.1538
7.298100000000001 9.151599999999998
7.331299999999999 9.1613
7.3980999999999995 9.153
7.6708 9.153199999999998
7.983300000000002 9.15
7.9516 9.158399999999999
8.0924 9.1515
8.106800000000002 9.160699999999999
8.231000000000002 9.153099999999998
8.858500000000003 9.155399999999998
9.203999999999999 9.167499999999999
9.005200000000002 9.172
8.523300000000003 9.171399999999998
8.6432 9.171499999999998
8.708300000000001 9.1766
8.613699999999998 9.172199999999998
9.0445 9.174999999999999
9.3815 9.179599999999997
9.338999999999999 9.173599999999999
9.1473 9.177399999999999
9.2987 9.184999999999999
9.566099999999999 9.188099999999999
9.595899999999999 9.185799999999999
9.6714 9.1964
9.821399999999999 9.213199999999999
9.8852 9.200999999999999
10.210899999999999 9.1997
10.2436 9.206399999999999
10.440299999999999 9.210099999999997
10.9772 9.2169
11.315000000000003 9.2163
11.982 9.2258
11.938500000000001 9.218
11.7401 9.237100000000002
11.789000000000001 9.2233
11.6341 9.2301
11.955199999999998 9.2215
11.7959 9.2197
11.653800000000002 9.2232
12.3313 9.2552
13.266 9.2606
14.179200000000003 9.249000000000002
16.0211 9.269699999999998
16.6189 9.282799999999998
14.9349 9.2609
13.8015 9.2408
13.3903 9.2341
12.8976 9.233800000000002
12.7021 9.241399999999999
13.256699999999999 9.238399999999999
13.367399999999998 9.2376
12.741000000000003 9.2392
12.1353 9.243000000000002
12.406200000000002 9.236900000000002
12.681599999999998 9.2391
12.988099999999998 9.237499999999999
13.1522 9.2453
13.1446 9.2384
12.975299999999997 9.235399999999998
13.335600000000003 9.235299999999999
13.3888 9.2421
13.837399999999999 9.2523
13.6229 9.2591
12.930299999999997 9.2522
12.954199999999998 9.252899999999999
13.727899999999998 9.258300000000002
13.878599999999999 9.267700000000001
14.4011 9.282300000000001
14.4151 9.2812
14.580400000000001 9.2721
14.016 9.2628
13.9687 9.2566
13.774000000000001 9.2552
13.498099999999999 9.2576
13.328299999999999 9.2636
13.4209 9.2576
14.0181 9.2544
13.7002 9.258999999999999
13.570500000000003 9.253800000000002
13.5305 9.251599999999998
13.4803 9.2513
13.2271 9.252099999999999
12.935500000000003 9.2489
12.9372 9.234699999999998
13.015199999999998 9.236
12.897400000000001 9.235400000000002
12.980500000000001 9.234600000000002
13.123399999999998 9.2398
13.272200000000002 9.2467
13.7582 9.251399999999999
13.730699999999999 9.249900000000002
13.1737 9.244499999999999
12.9371 9.2486
12.932799999999997 9.2476
12.780800000000001 9.2469
12.797499999999998 9.250699999999998
12.659600000000001 9.252400000000002
12.7745 9.249200000000004
13.2239 9.245200000000002
13.2109 9.244600000000002
13.145599999999998 9.240100000000002
13.383600000000001 9.251500000000002
14.538599999999999 9.258400000000002
14.0488 9.258400000000002
13.6152 9.2591
14.552200000000001 9.268200000000002
14.0846 9.2584
14.119600000000002 9.257499999999999
13.706299999999999 9.2612
13.366700000000003 9.2629
13.574300000000001 9.265099999999999
13.269499999999997 9.267399999999999
12.706699999999998 9.272099999999998
12.867900000000002 9.2637
12.596800000000002 9.2661
12.6571 9.2599
12.4328 9.2583
12.4137 9.262300000000002
12.338899999999999 9.258199999999999
12.290199999999999 9.2584
12.2048 9.2613
12.430599999999998 9.2566
12.532000000000002 9.259800000000002
12.503 9.258900000000002
12.511899999999997 9.256
13.455300000000001 9.2576
13.6344 9.2562
13.312600000000002 9.2521
12.673999999999996 9.2461
12.7875 9.237200000000003
12.987500000000002 9.2407
13.057099999999998 9.2429
12.989800000000004 9.244500000000002
12.6687 9.246100000000002
12.727999999999994 9.249900000000002
12.6274 9.243699999999999
13.017299999999999 9.2451
13.079099999999999 9.2483
13.411899999999996 9.2504
14.0474 9.2561
13.827700000000002 9.2491
14.448500000000003 9.2444
14.850800000000003 9.243799999999998
15.2554 9.244599999999998
15.2972 9.2461
16.340100000000003 9.2583
16.0575 9.254399999999999
16.320500000000003 9.261999999999999
16.0609 9.262799999999999
16.1329 9.260299999999999
16.631800000000002 9.260600000000002
16.465700000000002 9.258099999999999
16.3873 9.262900000000002
16.572399999999995 9.2644
16.356 9.258399999999998
16.4302 9.2582
16.5045 9.2636
16.464499999999997 9.2607
16.1557 9.265199999999998
16.516000000000002 9.265899999999998
16.096600000000006 9.271199999999999
16.005899999999997 9.269
16.072799999999994 9.2704
16.194799999999997 9.2727
16.552 9.2752
16.344499999999996 9.2714
16.599899999999998 9.2821
16.1496 9.282000000000002
15.7386 9.275199999999998
16.519000000000002 9.2775
15.466599999999996 9.278900000000002
15.043600000000001 9.2751
14.216500000000002 9.2675
