23.720029999999994 22.824779999999997
22.505821000000005 22.879249999999995
22.581111000000003 22.908249999999995
23.000964999999997 23.03069
23.33443 23.237830000000002
25.074721000000004 23.444609999999997
23.263424000000004 22.92636
22.828876999999995 23.111629999999998
25.002686000000008 23.428640000000005
24.731683999999994 23.585729999999998
22.482109999999995 23.533570000000005
22.901970000000002 23.815189999999998
23.99453 24.009330000000002
26.02561 24.332479999999997
26.026899999999998 24.5052
26.014600000000005 24.637400000000003
26.406900000000004 24.738899999999997
26.696899999999996 24.827499999999997
26.560499999999994 24.7947
27.4868 24.89929999999999
26.030200000000004 24.895500000000006
26.604399999999988 24.942200000000003
26.238599999999995 24.995699999999992
25.385100000000005 24.9997
26.2822 25.099099999999996
26.596600000000002 25.2279
26.1972 25.233800000000002
27.431399999999996 25.323099999999993
26.7116 25.3956
27.35840000000001 25.4249
26.63557 25.456669999999992
26.197870000000005 25.005629999999996
24.219790000000003 24.8961
26.969010000000004 25.09057
26.258610000000004 25.165360000000003
27.567680000000006 25.234799999999996
26.62139999999999 25.3552
25.729200000000002 25.2554
25.723200000000002 25.178100000000008
25.22939999999999 25.162699999999997
25.344999999999995 25.217010000000005
25.026070000000004 24.75354000000001
24.595400000000005 24.691340000000004
24.239600000000003 24.7631
24.450799999999997 24.80260000000001
25.1129 24.914299999999994
24.760100000000005 24.958099999999998
23.8677 24.967100000000002
25.068100000000005 25.021099999999997
21.5696 24.712499999999995
24.0476 24.9605
19.425200000000007 24.521299999999997
17.1383 24.2927
21.6731 24.6511
21.032700000000002 24.6661
24.544400000000007 24.969600000000003
23.5015 24.9334
24.898 25.0025
24.88020000000001 25.07609999999999
24.017099999999996 24.96430000000001
24.135899999999996 25.086799999999997
23.6909 24.972200000000004
24.392800000000005 25.074600000000004
24.6862 25.0437
24.190700000000007 25.064999999999998
24.9735 25.1373
24.419300000000003 25.138299999999997
23.884099999999993 25.12559999999999
23.7735 25.0726
23.534100000000002 25.040299999999995
23.808999999999997 25.174999999999997
24.214800000000004 25.1551
23.784600000000005 25.123
24.005300000000005 25.228100000000005
23.870300000000004 25.156499999999998
23.6875 25.152299999999993
23.24470000000001 25.155499999999996
22.9213 25.133000000000006
23.8247 25.192100000000007
23.9553 25.229899999999994
22.390100000000007 25.066399999999994
22.996 25.098599999999994
23.367100000000008 25.170399999999997
23.2308 25.140800000000002
23.85103 25.1986
22.671360000000004 25.064500000000002
21.66174 24.964500000000005
22.9631 25.06230000000001
21.55 24.969600000000003
20.3571 24.8056
22.362099999999995 24.965999999999998
21.166610000000006 24.9794
17.398300000000003 24.59039999999999
16.306199999999997 24.466999999999995
20.26509999999999 24.724699999999995
20.230199999999996 24.768099999999993
22.427100000000006 24.89229999999999
21.897730000000003 24.897799999999997
21.8971 24.880800000000008
22.3418 24.9164
21.981099999999994 24.975699999999993
22.094699999999996 24.893999999999995
21.8018 24.933900000000005
22.174700000000005 24.970599999999994
21.665609999999997 24.943299999999997
21.889100000000003 24.917400000000008
23.2175 25.025499999999994
24.0643 25.092599999999997
23.871699999999997 25.0963
22.800000000000004 25.031100000000002
22.714100000000002 24.963700000000003
22.815100000000005 25.028200000000002
22.968099999999996 25.062300000000004
23.291600000000003 25.202600000000004
20.205100000000005 24.9128
17.9701 24.7289
15.645159999999997 24.482500000000005
13.375700000000002 24.319100000000002
13.9221 24.349300000000014
14.490099999999998 24.3586
16.246740000000003 24.5403
15.901139999999996 24.4674
13.603500000000002 24.3086
14.670499999999997 24.336499999999997
16.45948 24.5179
18.248299999999997 24.620999999999995
19.220170000000007 24.796400000000013
16.674909999999997 24.537300000000002
16.748399999999997 24.63
19.235200000000003 24.772
17.7981 24.6724
17.065269999999995 24.628700000000002
15.929480000000003 24.509000000000004
17.3751 24.581000000000007
20.5137 24.905400000000004
19.1533 24.8684
21.62549999999999 24.9927
22.2556 25.124500000000012
21.1898 25.0399
22.3644 25.098799999999997
22.346100000000003 25.1523
22.92530000000001 25.17979999999999
22.7845 25.216400000000007
23.6237 25.220099999999995
22.483499999999996 25.181300000000007
20.135399999999994 24.960599999999996
20.1215 24.922000000000004
20.526300000000006 24.987000000000005
20.824900000000003 24.940699999999996
22.642199999999995 25.157300000000006
21.508999999999997 25.105500000000003
22.8323 25.157600000000002
22.238000000000007 25.127299999999998
22.8482 25.2203
22.326 24.800800000000002
22.441219999999998 24.88569
21.583270000000002 24.860659999999996
22.157499999999995 24.8154
21.695800000000006 24.864799999999992
21.362300000000005 24.876599999999993
21.0225 25.285199999999996
20.4809 25.225299999999994
20.488 24.8493
21.1221 24.94520000000001
21.20740000000001 25.0101
21.736400000000007 25.062300000000004
21.155500000000004 25.072599999999994
20.9702 25.0086
22.070099999999996 25.070600000000002
22.0566 25.04030000000001
21.335700000000003 25.088999999999995
21.189799999999998 25.0212
21.928000000000004 25.110099999999996
19.156500000000005 24.878399999999996
20.959200000000003 25.047600000000003
20.756299999999996 24.955299999999998
21.446499999999993 25.103400000000004
20.985099999999996 25.0685
19.6719 24.945399999999996
20.992199999999993 25.096700000000006
21.07999999999999 25.10260000000001
21.716599999999993 25.100199999999994
21.36840000000001 25.163200000000003
21.450199999999995 25.159100000000006
21.326100000000004 25.148499999999995
21.346319999999995 25.211820000000003
20.466679999999997 24.675000000000004
20.978479999999998 24.693749999999994
19.91701999999999 24.68798
19.466809999999995 24.55054
20.823759999999996 24.70772
20.074739999999995 24.65786
20.159283000000002 24.70258
21.446399999999997 24.883899999999993
20.530700000000003 24.848
21.0106 24.898500000000002
21.841699999999996 25.044499999999996
21.979400000000002 25.022900000000003
22.142 25.045299999999994
22.247299999999996 25.061600000000002
21.550599999999996 25.0762
21.0316 25.036299999999994
21.439300000000003 25.0207
21.288899999999998 25.066300000000002
21.305999999999994 25.0221
22.042500000000008 25.159100000000002
20.6797 25.03009999999999
20.775299999999998 25.050300000000004
20.8696 25.0653
21.428000000000004 25.129900000000006
21.2463 25.1206
21.654500000000002 25.132700000000003
19.7605 25.018
16.795700000000004 24.7209
19.500400000000003 24.941999999999993
21.233000000000008 25.093100000000014
19.362099999999995 25.035200000000003
17.3344 24.838000000000005
16.332400000000003 24.772000000000006
19.9125 24.974099999999993
22.303900000000006 25.2411
21.5822 25.181000000000004
21.997800000000012 25.3427
23.285099999999996 25.418900000000004
23.1287 25.449499999999993
22.647300000000012 25.3728
22.698699999999995 25.34530000000001
23.039640000000002 25.439809999999994
22.058619999999994 24.92381
22.30624999999999 24.92803000000001
21.831299999999995 24.874099999999995
23.152399999999997 25.150800000000007
22.368099999999995 25.068100000000005
21.252399999999998 25.022500000000004
20.7645 24.923300000000005
22.348300000000005 25.1199
22.007700000000003 24.985599999999998
22.567400000000003 25.1602
22.7111 25.206099999999992
21.61989999999999 25.065899999999996
22.361100000000008 25.19290000000001
22.5419 25.197299999999995
23.1883 25.348100000000002
22.815200000000004 25.330100000000005
22.234199999999998 25.284700000000004
22.892100000000003 25.303899999999995
22.606100000000005 25.277
22.7479 25.29640000000001
22.036700000000007 25.2944
22.526300000000003 25.379
22.707300000000004 25.369499999999995
19.461 25.081799999999994
21.035799999999995 25.1683
18.460199999999997 24.938299999999998
22.691100000000006 25.376899999999996
20.428700000000003 25.190700000000003
22.301600000000004 25.371500000000008
17.790399999999998 24.9728
19.3875 25.0761
22.646800000000002 25.415200000000006
24.277949999999997 25.563979999999997
23.274000000000004 25.04743
22.51905 25.067860000000003
20.83463 24.930790000000002
21.125510000000002 24.944809999999997
19.583109999999994 24.791940000000004
19.22257 24.744130000000002
13.804987999999998 24.200749999999996
13.79322 24.220640000000003
16.848121999999993 24.47653
20.5 24.870299999999997
23.435499999999994 25.2231
21.361599999999992 25.14510000000001
20.966900000000003 25.066100000000002
24.105799999999995 25.389899999999997
24.3477 25.491100000000007
23.8784 25.020000000000003
21.759099999999997 24.83596999999999
22.957470000000008 24.867419999999996
24.45349 25.053130000000007
23.78724 24.515420000000006
24.344169999999995 24.570289999999996
21.35380000000001 24.403829999999996
22.03434 25.06837
22.85758000000001 24.677979999999994
24.243399999999998 24.82473
23.874000000000002 24.569689999999998
25.452499999999993 24.792309999999997
