70.18199999999999 21.0887
70.3676 21.093299999999996
74.6558 21.1002
77.15710000000001 21.105199999999996
77.17329999999998 21.110399999999995
77.1091 21.111199999999993
80.48400000000001 21.119399999999995
80.01999999999998 21.133499999999998
80.77800000000002 21.149700000000003
82.75400000000002 21.164600000000007
82.69500000000001 21.174000000000014
79.7941 21.181600000000007
79.993 21.185500000000005
80.50700000000002 21.199700000000007
77.0002 21.222900000000003
77.2059 21.2371
74.71589999999996 21.252299999999998
75.2804 21.2683
75.88239999999999 21.279799999999994
74.701 21.287599999999998
72.5687 21.291399999999996
71.8613 21.296299999999995
68.90859999999999 21.3052
66.0062 21.311299999999996
63.86010000000002 21.316299999999995
66.3813 21.325799999999994
62.345400000000005 21.326499999999992
60.67389999999999 21.330299999999998
56.4081 21.3341
49.154 21.336
50.022100000000016 21.339
50.470800000000004 21.34489999999999
47.112299999999976 21.345399999999987
43.61620000000001 21.349699999999984
42.605400000000024 21.35199999999999
42.624700000000004 21.35649999999999
42.33129999999999 21.35969999999999
41.552499999999995 21.363599999999995
39.5105 21.365499999999994
37.92399999999999 21.370599999999996
37.1581 21.374899999999997
37.04530000000001 21.377299999999995
35.43630000000002 21.380799999999997
34.5052 21.382999999999996
33.92750000000001 21.387199999999996
33.0483 21.387799999999995
31.71039999999999 21.388099999999994
29.880100000000002 21.388499999999993
29.76839999999999 21.391799999999996
28.6296 21.395500000000002
27.5592 21.3953
28.712100000000007 21.3997
27.4692 21.398999999999997
28.074400000000004 21.3997
26.126699999999996 21.397699999999997
26.7731 21.4008
25.0833 21.4007
25.130100000000006 21.4011
23.9477 21.400999999999996
23.20119999999999 21.401499999999995
21.8692 21.398999999999997
20.807000000000006 21.399799999999995
20.207599999999992 21.398499999999995
20.196500000000007 21.39739999999999
18.797900000000002 21.397999999999996
18.902299999999993 21.398399999999995
18.257299999999997 21.396499999999993
18.206699999999998 21.394599999999993
17.888099999999998 21.39439999999999
16.738500000000002 21.395199999999992
16.004500000000004 21.395799999999994
15.436699999999995 21.396199999999993
14.994800000000003 21.394799999999993
14.197299999999998 21.393099999999997
14.449799999999998 21.390699999999995
13.552400000000004 21.392699999999994
13.3174 21.391399999999994
13.415100000000004 21.388899999999996
13.159300000000002 21.3885
12.427900000000006 21.3879
13.497700000000002 21.385099999999994
12.955199999999994 21.382399999999997
13.189299999999998 21.3849
12.6746 21.383499999999998
12.767999999999999 21.383099999999995
12.138099999999998 21.3817
10.743500000000001 21.381799999999995
11.1477 21.3817
11.696600000000004 21.3795
12.076000000000008 21.379099999999998
11.451799999999995 21.37549999999999
12.072600000000001 21.37279999999999
11.639699999999996 21.37289999999999
11.820999999999998 21.371199999999995
11.949300000000001 21.368899999999996
11.052099999999998 21.000899999999998
11.722999999999995 21.071889999999993
10.980699999999999 21.098659999999995
10.9002 21.09784999999999
10.287900000000006 21.099659999999993
10.198999999999998 21.09857999999999
10.369200000000001 21.09849999999999
9.438799999999997 21.099299999999992
8.820900000000002 21.10159999999999
8.837800000000003 21.10039999999999
9.875599999999997 21.09999999999999
10.722100000000005 21.099299999999992
10.873700000000003 21.099699999999988
9.542699999999998 21.099699999999988
9.983899999999998 21.098099999999988
10.807200000000002 21.09919999999999
10.827299999999997 21.09839999999999
11.0736 21.09719999999999
10.914700000000002 21.095699999999994
11.428799999999999 21.094400000000004
11.1251 21.0944
10.508099999999999 21.092800000000004
10.120300000000002 21.093100000000003
11.314199999999996 21.091300000000004
9.6482 21.092999999999996
10.521199999999997 21.089300000000005
11.8982 21.087400000000006
12.435000000000002 21.087700000000005
13.166900000000007 21.088000000000008
11.889999999999997 21.088600000000003
12.477899999999998 21.089600000000004
12.1925 21.089900000000007
13.091700000000003 21.088300000000004
13.042499999999999 21.087300000000013
13.495800000000004 21.085600000000007
13.6487 21.087000000000007
13.0246 21.08610000000001
13.325000000000001 21.08410000000001
13.451900000000002 21.082900000000006
13.532099999999996 21.082700000000003
13.985100000000006 21.082200000000007
14.078899999999999 21.080400000000008
13.3274 21.07820000000001
12.969099999999997 21.07870000000001
13.109800000000002 21.079300000000007
14.436799999999995 21.07890000000001
14.187399999999997 21.07930000000001
13.9957 21.07970000000001
15.178100000000006 21.078100000000006
16.25419999999999 21.076800000000016
17.26170000000001 21.07660000000001
17.91830000000001 21.07670000000001
18.298899999999993 21.076900000000013
18.88979999999999 21.076600000000006
19.627100000000002 21.074600000000014
19.6217 21.07280000000001
18.4965 21.072000000000006
20.100099999999998 21.071600000000007
20.354900000000004 21.069800000000008
21.0649 21.069900000000004
20.870099999999997 21.068600000000007
20.452 21.069700000000005
20.864099999999997 21.071500000000004
21.772999999999996 21.071400000000008
22.338200000000004 21.071200000000005
22.83299999999999 21.071900000000003
23.236499999999992 21.0725
24.1565 21.0717
24.334600000000002 21.073900000000005
24.70929999999999 21.0727
24.422199999999997 21.0725
25.31919999999999 21.073100000000004
26.218400000000003 21.073700000000002
25.94840000000001 21.074100000000005
26.569599999999998 21.07420000000001
27.345399999999998 21.074700000000004
27.709100000000003 21.076300000000007
28.013199999999998 21.076100000000007
28.330900000000003 21.077700000000004
28.723399999999998 21.084000000000007
29.96420000000001 21.088000000000008
28.244499999999995 21.090000000000003
26.499700000000008 21.089300000000005
26.3007 21.090600000000002
26.896500000000007 21.091100000000008
27.085499999999996 21.092400000000005
27.723000000000003 21.092700000000004
27.912599999999998 21.093900000000005
28.95019999999999 21.093600000000006
29.186100000000003 21.095200000000002
28.832199999999997 21.095700000000004
29.0477 21.096900000000005
29.549600000000016 21.098500000000005
29.028800000000004 21.099700000000006
29.783999999999995 21.100000000000005
29.358500000000014 21.101000000000006
29.7798 21.101900000000008
30.973200000000002 21.102400000000006
31.070999999999994 21.102900000000005
30.921200000000006 21.103700000000007
31.581599999999998 21.106000000000005
31.91499999999999 21.10700000000001
32.40050000000001 21.108400000000003
32.314499999999995 21.107200000000002
33.5448 21.1092
33.86529999999999 21.110600000000005
34.074200000000005 21.113500000000005
34.119099999999996 21.113300000000006
34.538999999999994 21.115800000000004
35.23909999999999 21.120200000000004
35.195700000000016 21.120200000000004
35.27899999999999 21.124600000000008
34.93760000000002 21.126700000000007
35.8261 21.130000000000003
36.36189999999999 21.1352
36.0482 21.134500000000003
37.09710000000002 21.135400000000008
37.01160000000002 21.137200000000007
36.8912 21.139800000000005
36.254000000000005 21.140200000000004
36.42579999999999 21.140400000000003
36.8567 21.141600000000004
36.0078 21.144800000000007
35.86299999999999 21.14410000000001
36.0608 21.145800000000005
35.63889999999999 21.148600000000002
35.36659999999999 21.14810000000001
35.428399999999996 21.147800000000004
35.53339999999999 21.149300000000004
35.1609 21.15010000000001
35.087499999999984 21.15190000000001
34.8397 21.15290000000001
34.8877 21.1541
35.02939999999999 21.155700000000007
34.333499999999994 21.158400000000007
33.9176 21.159100000000006
34.1485 21.163700000000002
33.97080000000002 21.1658
33.1914 21.168200000000002
34.1003 21.1702
33.94229999999999 21.171000000000003
33.756899999999995 21.1732
34.4091 21.174200000000003
34.90990000000001 21.1759
34.750200000000014 21.1749
34.4042 21.173900000000003
35.36749999999999 21.175299999999996
35.07760000000001 21.176200000000005
35.33389999999999 21.178600000000003
35.403800000000004 21.1796
35.774100000000004 21.180199999999996
35.854399999999984 21.1824
35.29960000000001 21.183000000000003
35.93159999999999 21.181900000000002
35.64849999999999 21.183699999999998
36.312999999999974 21.1859
36.51189999999999 21.185
36.50509999999999 21.186399999999995
37.029999999999994 21.188899999999997
37.33510000000001 21.1913
37.56529999999999 21.196899999999992
37.71889999999999 21.198599999999992
38.0061 21.200799999999994
39.1206 21.200199999999995
39.6733 21.201299999999996
39.63080000000001 21.20359999999999
39.2562 21.20379999999999
40.161200000000015 21.205599999999997
39.71189999999999 21.2092
40.127 21.2092
41.25719999999999 21.210299999999997
40.918299999999995 21.213899999999995
40.58 21.214999999999996
41.52119999999999 21.215999999999998
44.8896 21.22
45.283400000000015 21.2217
47.069700000000005 21.2269
47.5985 21.2302
47.1786 21.2311
48.25269999999999 21.234099999999998
47.198299999999996 21.2371
48.68289999999999 21.238999999999994
50.417500000000004 21.2429
50.765400000000014 21.244999999999994
54.45919999999999 21.249099999999995
56.414600000000014 21.252499999999994
56.6961 21.255799999999994
56.87029999999999 21.259799999999995
57.7225 21.26159999999999
56.89439999999999 21.264399999999995
60.386600000000016 21.2699
63.3771 21.274500000000003
61.29849999999999 21.278100000000002
