15.2943 8.4343
14.5898 8.251100000000001
13.877500000000001 8.6733
13.0133 8.2772
15.589500000000001 8.6539
14.6346 8.4993
11.7794 8.180200000000001
14.710499999999998 8.0868
14.623100000000003 8.543199999999999
13.860100000000001 7.9064000000000005
15.8469 8.1097
15.4216 8.177
12.279900000000001 7.684300000000001
13.214400000000001 7.711000000000001
14.6678 8.3948
12.781699999999999 7.898
13.9969 8.3376
14.719000000000001 8.3153
13.838899999999999 8.3535
12.387799999999999 7.9584
16.0095 8.3966
13.872500000000002 8.778899999999998
13.0795 8.240499999999999
12.703100000000001 7.9251000000000005
13.0071 7.865899999999999
12.347800000000001 7.8006
12.886500000000002 8.0513
13.423400000000003 7.961799999999998
12.809999999999999 8.276399999999999
15.048200000000001 8.205400000000001
14.3381 8.1044
11.634999999999998 7.7737
14.523999999999997 7.8338
14.309899999999997 8.1314
17.8651 8.511299999999999
15.5599 8.468299999999997
17.4206 8.3072
15.871599999999999 8.3364
15.0894 8.5516
15.362399999999997 8.5527
11.1542 8.0701
10.342900000000002 7.3326
12.8158 7.4059
19.641000000000002 8.663599999999999
14.498099999999999 8.656
14.647499999999999 8.607099999999999
15.4814 8.876
12.0054 8.672400000000001
12.54 7.906300000000001
11.4279 7.7689
9.4468 7.449399999999999
11.7031 7.4764
20.0962 8.673900000000001
12.0604 8.5677
14.2719 8.0505
15.838899999999997 8.807299999999998
12.799299999999999 7.843
12.7689 8.401299999999999
11.3405 8.357699999999998
9.4722 7.792300000000001
10.1692 7.299199999999999
16.506899999999998 8.0445
10.624 7.959199999999999
12.648499999999999 8.0098
16.2192 8.6668
11.756499999999999 8.3136
10.8259 8.226600000000001
9.858899999999998 7.405100000000001
12.553599999999998 7.829100000000001
11.226799999999997 8.205500000000002
15.8946 8.7978
14.363700000000001 9.1061
11.3692 7.7025999999999994
17.3189 8.3938
14.0157 8.3358
12.332099999999999 8.2724
10.567799999999998 7.8072
13.585499999999998 7.991600000000002
13.409 8.3141
13.387599999999999 8.3455
13.225999999999999 8.4179
10.726199999999999 8.1622
12.039099999999998 8.3057
16.924 9.057500000000001
12.748899999999999 8.4653
11.059199999999999 7.9091
12.2685 7.980700000000001
13.662099999999999 8.165399999999998
13.6928 8.1159
15.6399 8.290899999999999
15.3886 8.5012
13.1137 8.3438
17.683299999999996 8.7643
14.768400000000002 8.3461
13.1608 8.008300000000002
14.776700000000003 7.881
14.5144 7.998000000000001
14.5264 8.0325
15.6443 8.154800000000002
15.452000000000002 8.2886
15.272 8.8
18.237000000000002 9.543400000000002
17.462 9.6626
16.135 9.3704
16.628 8.7375
14.487 8.0512
16.122999999999998 8.4014
16.76 8.573699999999999
17.372799999999998 9.142100000000001
15.306000000000001 8.721100000000002
20.157 9.3201
16.374000000000002 9.136899999999999
17.880000000000003 8.886099999999999
20.25 8.9863
15.985 8.2148
16.439300000000003 8.341000000000001
17.671 8.595600000000001
19.289 8.6797
14.395199999999999 8.086400000000001
17.990000000000002 8.447799999999999
16.89 9.0476
18.142 8.9065
18.743 8.5029
20.594999999999995 8.966
18.355 8.6297
17.809 8.654100000000001
19.303 8.660900000000002
15.427999999999997 8.6535
16.952 8.8026
16.753 8.7799
18.918000000000003 8.613299999999999
18.707000000000004 8.9629
18.715 8.732400000000002
15.161500000000002 7.8458
17.076399999999996 7.9841
16.4876 8.403999999999998
16.741999999999997 8.2394
19.500999999999998 8.671899999999999
18.4711 8.909000000000002
15.6746 9.1035
19.166800000000002 9.085400000000002
17.677 8.8939
15.253 8.3831
16.907999999999998 8.918800000000001
16.669 8.948300000000001
18.178 9.0327
18.777 8.7541
19.544 9.025
17.117 9.135
20.289999999999996 9.120199999999999
19.432000000000002 9.1019
19.494 9.071599999999998
16.956 8.8088
17.35 8.7858
17.290999999999997 8.7337
18.411 8.7537
22.627 8.927499999999998
19.805 8.741999999999999
19.206 9.173499999999999
23.389999999999997 10.0038
21.225 10.065599999999998
18.297 9.1172
15.906 8.3374
16.856 8.458400000000001
16.258000000000003 8.8677
23.636999999999997 9.0687
22.358000000000004 9.5858
20.083 9.638300000000001
20.665 9.417900000000001
25.892 9.988999999999997
21.799000000000003 9.8044
20.387999999999998 9.587100000000001
18.055000000000003 8.927900000000001
21.668 8.842199999999997
21.564999999999998 9.9
23.64 9.8252
27.548000000000002 10.0014
25.650999999999996 9.998899999999999
28.998999999999995 10.618300000000001
21.260999999999996 9.7534
21.374000000000002 9.199899999999998
21.384 9.3948
21.052 9.5692
20.375 9.4664
19.28 9.2184
27.547999999999995 9.7086
33.727999999999994 10.7294
27.369999999999994 10.874600000000001
25.904 10.378600000000002
23.932 10.002899999999999
21.549 9.3896
18.401 9.134300000000001
21.385 9.3949
19.194 9.479299999999999
23.367 9.581499999999998
25.399 10.754199999999999
26.201999999999998 10.5751
26.821 10.719800000000001
21.607 10.5746
20.644000000000002 9.6909
20.293999999999997 9.5546
18.371000000000002 8.8752
21.146 9.1807
22.384000000000004 9.443499999999998
19.849 9.0641
28.553 9.5279
25.508000000000003 10.1949
21.160999999999998 9.6127
23.165999999999997 9.992799999999999
17.133000000000003 9.501900000000001
16.102 8.798399999999999
20.423000000000002 8.6937
21.238 9.6722
17.438000000000002 9.4088
20.689 9.051900000000002
27.762999999999998 10.041599999999999
25.326000000000004 10.223600000000003
23.916 10.206000000000001
19.517 9.7636
17.287 9.4367
23.182 9.672299999999998
21.517999999999997 10.0246
22.517 9.979999999999999
24.23 10.524000000000001
28.128999999999998 10.818200000000001
22.486 9.783999999999999
21.62 9.8132
20.973 9.4711
20.16 9.2673
21.472 9.5088
21.631000000000004 9.8988
21.943 9.9266
19.477 9.6402
21.696000000000005 9.861
21.71 9.6066
20.822 9.7519
21.642 9.843199999999998
22.113999999999994 9.5744
23.321 10.1708
22.754 9.9273
21.783 9.826799999999999
22.171000000000003 9.6839
20.703000000000003 9.7575
22.615 9.9414
23.479 10.1097
22.381999999999998 10.134000000000002
22.424999999999997 9.9844
22.664 10.438
23.026000000000003 10.3422
23.509999999999998 9.966800000000001
23.546999999999997 10.0399
25.897 10.091
26.734 10.158100000000001
21.627000000000002 9.7555
20.473 9.6287
19.476999999999997 9.8659
20.186 9.5788
21.028 9.760200000000001
21.090000000000003 9.9241
21.853 10.078600000000002
22.098000000000003 10.349599999999999
20.512 10.2028
19.855999999999998 10.0189
20.492 9.5709
19.758 9.5188
20.229 9.1374
20.638 9.302299999999999
18.421 9.4398
19.162 9.597399999999999
19.46 9.5414
19.598000000000003 9.8349
18.153200000000002 9.142800000000001
19.631999999999998 9.116100000000001
19.404000000000003 9.0409
18.756999999999998 9.0872
18.933 9.2194
17.18 9.2246
17.958 8.851099999999999
16.738999999999997 8.765
14.830600000000002 8.6861
16.295 8.9321
17.3 9.1859
15.8147 8.826899999999998
14.699599999999998 8.344300000000002
16.383 8.791099999999998
16.618000000000002 9.173100000000002
15.5561 8.937200000000002
14.581199999999999 9.0353
