11.133600000000001 7.8889000000000005
11.4342 8.3743
10.079699999999999 8.074200000000001
11.291 8.0079
10.087700000000002 7.672799999999999
12.863799999999998 7.892499999999999
12.115699999999999 8.091
13.505999999999998 8.770499999999998
11.791200000000002 8.577900000000001
11.1456 7.755300000000001
12.088799999999997 7.976500000000001
12.481800000000003 8.304599999999999
12.0767 8.0174
10.441799999999999 7.7933
13.663899999999998 8.411200000000003
13.4754 8.324499999999999
13.4885 8.371
12.9815 8.8033
12.505700000000001 8.703899999999999
13.295000000000002 8.4003
11.1724 8.3718
11.200299999999999 8.072700000000001
9.9349 7.8131
13.553200000000002 8.098400000000002
12.792 8.187199999999999
12.067400000000001 8.3725
13.177800000000001 8.3562
12.8946 9.062599999999998
14.479399999999998 9.092600000000001
12.400400000000001 8.6924
11.7992 8.3923
13.4683 8.266500000000002
14.734800000000003 8.508299999999998
12.965499999999999 8.447
14.235699999999998 8.4993
13.2495 8.5869
12.3592 8.4723
12.159000000000002 8.6917
13.4099 8.522400000000001
11.7805 8.7086
11.997300000000001 8.8413
11.8007 8.4396
14.320000000000002 8.8287
13.044499999999998 8.652999999999999
13.170500000000002 8.9114
13.085300000000002 8.963099999999999
12.822 8.4731
13.593 8.8933
12.166300000000001 8.656799999999999
13.0836 8.780100000000001
11.806000000000001 8.6199
12.3432 8.635399999999999
12.265400000000001 8.531199999999998
12.3686 8.6587
11.9685 8.6156
11.040299999999998 8.5816
10.0042 8.4176
10.7284 8.2575
11.658 8.2428
11.111200000000002 7.903200000000001
11.967400000000001 8.459499999999998
12.1599 8.633000000000001
11.076800000000002 8.6199
13.730800000000002 8.5421
11.529700000000002 8.387199999999998
11.4109 8.2991
13.112500000000002 8.680499999999999
12.1494 8.454200000000002
12.705599999999997 8.6142
12.2839 8.4399
13.027099999999999 8.840100000000001
11.826900000000002 8.149500000000002
11.9381 8.03
12.858 8.054400000000001
12.374 8.2209
11.9661 8.042200000000001
11.253300000000001 8.035400000000001
11.4504 8.102
10.643399999999998 8.057699999999999
12.8803 8.717099999999999
12.4754 8.940500000000002
10.9512 8.4011
10.8923 8.1636
11.184 8.0857
11.213999999999999 7.6530999999999985
10.6009 7.762199999999998
13.097900000000001 8.395800000000001
11.4056 7.971100000000001
12.093900000000001 8.115400000000001
11.7856 7.650899999999999
11.673700000000002 8.1195
11.4794 7.837100000000001
12.8761 7.7034
12.8332 8.376
13.055899999999998 8.370099999999999
13.2879 8.5849
14.0757 8.3428
12.9585 8.135399999999999
12.182600000000003 8.488299999999999
12.1343 8.2466
11.786299999999999 7.899500000000001
13.8222 8.216299999999999
13.594600000000002 8.092200000000002
15.284600000000001 8.510599999999998
14.3973 8.6505
12.636699999999998 8.3617
15.365 8.5938
12.748400000000002 8.317300000000001
14.097999999999999 8.1329
17.107 8.5155
14.488399999999999 8.488000000000001
15.2451 8.301599999999999
14.1353 8.6331
12.5195 8.03
15.248999999999999 8.3077
15.763 8.816299999999998
12.856700000000002 8.270600000000002
13.763799999999998 8.275599999999999
15.015500000000001 8.7258
13.821 8.3271
14.9822 8.277899999999999
14.4321 8.5315
12.612100000000002 8.2943
17.621000000000002 8.7979
16.386 9.277999999999999
14.227500000000001 8.2724
15.499699999999999 8.693000000000001
15.349800000000002 8.592600000000001
14.92 8.5915
16.6817 8.5137
14.2489 8.475600000000002
14.599300000000001 8.2122
17.1521 8.9079
16.602999999999998 8.7728
14.0493 8.5345
16.779 8.8193
16.363 8.9606
16.073999999999998 8.9324
17.502000000000002 9.399799999999999
16.541999999999998 9.3122
15.970799999999999 8.918500000000002
15.9607 8.510599999999998
17.790000000000003 8.76
15.709000000000001 8.8459
17.576000000000004 8.7757
16.148 9.040600000000001
16.059 8.5341
18.339 8.647100000000002
18.166 8.7797
15.379999999999999 8.9836
17.194 8.9569
18.63 8.9126
15.584000000000001 8.338099999999999
17.131 8.4281
18.781 8.7218
16.245 8.811799999999998
18.304000000000002 9.109200000000001
19.660999999999998 9.4009
21.502 9.241900000000001
19.932 8.915599999999998
18.371 8.7707
17.887999999999998 8.328899999999999
17.305999999999997 7.9811000000000005
21.485000000000003 8.5737
18.621 8.7965
19.026000000000003 8.8651
22.189000000000004 9.561
19.924 9.293700000000001
22.075999999999997 9.4781
21.253 9.6907
21.528000000000002 9.2808
18.611 9.327799999999998
20.574000000000005 9.5692
20.295 9.791799999999999
21.659000000000002 9.4419
21.547 9.7568
21.025 9.2367
24.778 9.5489
23.189 9.6274
20.038 9.5922
19.814999999999998 9.2288
20.851 9.017800000000001
22.259999999999998 9.452599999999999
23.764000000000003 9.5832
22.959000000000003 9.9863
22.529000000000003 10.286499999999998
25.751 9.817499999999999
23.598999999999997 9.8013
23.486 9.714
22.988999999999997 9.6513
20.32 9.2945
24.539 9.6317
24.765 9.9146
23.515 9.922500000000001
22.419 9.2279
24.352 9.6909
21.319 9.4117
22.011999999999997 9.213
22.586000000000002 9.519599999999999
22.481999999999996 9.4819
20.464 9.622300000000001
22.759 9.5198
20.819000000000003 9.8288
22.375000000000004 9.371400000000001
22.203 9.4439
25.305999999999994 9.4188
22.090999999999998 9.862300000000001
20.543 9.570899999999998
20.624000000000002 9.550500000000001
20.733999999999998 9.675899999999999
24.051000000000002 9.5948
24.845 9.6253
21.279 9.3764
21.301000000000002 9.1817
23.959999999999997 9.3346
24.23 9.9675
22.248 9.750700000000002
20.235999999999997 9.255099999999999
19.682000000000002 9.0616
23.913999999999998 9.2586
22.829 9.2118
23.424999999999997 9.668200000000002
22.657 9.4212
25.099 9.504999999999999
22.183999999999997 9.6478
20.456999999999997 9.305299999999999
20.89 9.090300000000001
19.188 9.1388
22.401 9.4969
24.476 9.693900000000001
19.857999999999997 9.407200000000001
25.684999999999995 9.768000000000002
23.622 10.043000000000001
21.607 9.605500000000001
23.429 9.5414
20.731 9.206399999999999
21.051 9.0699
24.112 9.8507
22.898000000000003 9.837900000000001
21.126 9.6795
25.080999999999996 9.5803
23.186 10.1388
25.834000000000003 10.519299999999998
22.367 9.790999999999999
22.338 9.628299999999998
19.516 9.3028
21.086 9.1107
21.144000000000002 9.2971
24.112000000000002 9.272699999999999
22.745 9.518799999999999
24.054 10.1645
21.208999999999996 9.5748
20.247 9.2503
20.414 9.114400000000002
20.599999999999994 9.3862
20.256 9.2551
20.39 9.834200000000001
24.067 9.5173
23.877000000000002 9.4837
24.124000000000002 9.4451
22.395 9.1567
22.9479 9.7853
23.01 9.5416
22.715 10.0508
21.848 10.0614
18.113 9.3602
18.401 8.6243
19.468999999999998 8.734099999999998
20.932000000000002 9.312999999999999
19.038 9.173199999999998
21.159 9.485899999999999
19.227 9.208699999999999
19.265 8.99
39.159940000000006 17.917099999999998
17.943 8.5134
17.0496 8.7972
18.349 8.5166
18.102999999999998 8.4523
17.27 8.621800000000002
16.9289 8.5443
17.209500000000002 8.6452
16.44 8.5925
15.920000000000002 8.4112
15.981000000000002 8.6144
15.1461 8.562700000000001
15.769899999999998 8.4003
14.876000000000001 8.312999999999999
18.465999999999998 8.821000000000002
