17.153999999999996 7.4579
17.304299999999994 7.4584
17.173299999999998 7.459099999999998
16.826100000000004 7.4576
17.1294 7.458000000000004
16.7224 7.454299999999997
16.986700000000003 7.4648
17.9361 7.4746999999999995
17.8569 7.4626
17.947799999999997 7.460300000000002
17.6948 7.4616
17.149399999999996 7.456699999999998
16.735100000000003 7.449899999999998
16.839299999999998 7.4492
16.885100000000005 7.4537999999999975
16.387300000000003 7.4585
16.4689 7.451099999999999
16.569499999999994 7.451799999999999
15.375099999999994 7.518999999999998
16.656000000000002 7.534900000000001
15.574600000000002 7.568799999999998
16.7299 7.468499999999999
16.0345 7.454599999999998
16.473599999999998 7.4481
16.0752 7.448300000000002
15.883000000000003 7.4460999999999995
16.408499999999997 7.462400000000001
16.925800000000002 7.453799999999999
16.015999999999995 7.447499999999999
16.223000000000003 7.453900000000001
17.4055 7.464699999999999
17.311 7.463299999999999
16.9972 7.458200000000001
16.6962 7.453199999999999
16.0884 7.456599999999996
16.2289 7.456000000000001
16.0106 7.457299999999998
16.7462 7.474899999999997
16.811199999999996 7.4786
16.6904 7.502000000000001
16.038400000000003 7.4758000000000004
15.756100000000007 7.456800000000001
16.131999999999994 7.465700000000002
16.205399999999997 7.470000000000003
16.3051 7.520299999999999
15.9432 7.470500000000002
16.419300000000003 7.464399999999999
15.938100000000002 7.4567999999999985
16.5371 7.465099999999998
16.469299999999997 7.452400000000001
16.101100000000006 7.463899999999998
15.777799999999997 7.4536999999999995
15.862499999999995 7.459600000000001
16.106199999999994 7.454499999999999
16.0417 7.454799999999999
16.232099999999996 7.4643
16.4581 7.457099999999999
16.291800000000002 7.453899999999999
15.685099999999998 7.4571
15.9244 7.456899999999998
15.694999999999999 7.4590000000000005
15.823300000000007 7.4586999999999986
16.274199999999997 7.4620999999999995
15.905099999999997 7.4558
15.9837 7.459400000000002
16.3851 7.459999999999998
15.634200000000002 7.4556
16.377800000000004 7.458000000000001
15.578100000000001 7.453
15.682500000000003 7.4559
15.8137 7.458299999999999
16.096200000000003 7.459800000000002
15.7561 7.4597999999999995
15.757399999999997 7.455
15.4898 7.453600000000005
15.578299999999995 7.453599999999999
15.109900000000001 7.4519
15.765999999999996 7.454500000000003
15.592000000000002 7.453500000000002
16.1966 7.465399999999998
16.235599999999998 7.456799999999999
16.471099999999996 7.449700000000002
15.735400000000006 7.450500000000002
15.793 7.454499999999999
15.510299999999999 7.455400000000001
16.203099999999996 7.459600000000003
15.5441 7.457500000000003
15.781000000000006 7.452699999999999
15.576099999999995 7.4697
15.581900000000001 7.456899999999998
15.880299999999997 7.458900000000003
16.3245 7.455299999999998
15.918499999999996 7.4574
15.197200000000002 7.4444
15.126500000000002 7.4510000000000005
15.217900000000007 7.4567999999999985
15.547 7.459499999999999
15.563400000000001 7.458800000000002
15.952100000000002 7.4944
15.808499999999997 7.612000000000001
16.040599999999998 7.752199999999999
15.6685 7.512999999999999
16.260500000000004 7.497399999999997
16.220999999999997 7.492299999999999
15.879900000000003 7.492999999999997
16.1498 7.489500000000001
16.139699999999994 7.489099999999999
15.645799999999998 7.4848
16.345399999999998 7.4845999999999995
15.889799999999997 7.4780000000000015
16.230399999999996 7.482799999999999
16.0383 7.481999999999998
15.79069999999999 7.480200000000001
16.000799999999998 7.481999999999998
16.028599999999997 7.486100000000001
15.887599999999999 7.4776
15.977499999999997 7.481099999999996
16.1903 7.479699999999998
16.018300000000004 7.475999999999998
15.961600000000004 7.477100000000002
16.106900000000003 7.475299999999999
16.249599999999997 7.468999999999999
16.017499999999995 7.467600000000001
16.0294 7.472800000000001
16.327899999999996 7.478799999999996
15.812999999999999 7.4698
17.2806 7.4863
16.851100000000002 7.4746999999999995
16.5533 7.478699999999998
16.827899999999996 7.4707
16.495900000000006 7.474899999999998
16.199299999999997 7.472299999999999
16.3157 7.490900000000002
16.717599999999997 7.543699999999999
16.485900000000004 7.486900000000002
15.9582 7.477199999999996
16.051000000000005 7.477500000000002
16.0537 7.476800000000002
16.218900000000005 7.4773
16.473999999999997 7.475800000000002
16.1134 7.476000000000001
15.828699999999998 7.476100000000002
15.368799999999998 7.472699999999999
15.933800000000003 7.476399999999998
16.4259 7.485199999999999
16.5326 7.480299999999998
15.685299999999996 7.4827
15.6799 7.477499999999999
16.200900000000004 7.482499999999999
16.1401 7.4788
16.589399999999998 7.4823999999999975
17.088299999999997 7.4849
16.660400000000006 7.4864
16.680899999999998 7.481599999999999
16.312899999999996 7.483499999999997
16.365000000000006 7.4822
16.231399999999997 7.478400000000001
16.5092 7.476200000000001
16.287999999999997 7.479399999999997
15.972199999999997 7.481999999999998
16.248199999999997 7.475999999999999
16.090800000000005 7.4743999999999975
16.396300000000004 7.3469999999999995
16.854999999999997 7.4847
16.0214 7.4848
15.9804 7.478500000000002
16.022299999999998 7.484400000000001
15.528500000000003 7.475399999999999
16.4295 7.4771
16.542499999999997 7.477499999999999
16.0134 7.476700000000003
15.790400000000002 7.467300000000001
16.356399999999994 7.476499999999997
16.5039 7.4739
16.821 7.4826999999999995
16.716499999999993 7.478799999999998
16.262799999999995 7.4821
15.692899999999998 7.477200000000003
16.2429 7.480300000000002
16.083 7.471700000000002
16.414999999999996 7.4796000000000005
16.7903 7.4792999999999985
16.310699999999997 7.478800000000001
16.414600000000004 7.478699999999999
15.864699999999996 7.4849
16.0173 7.484
16.656700000000004 7.4835
16.8044 7.4854
15.822000000000006 7.4794000000000045
16.5465 7.4822000000000015
16.454400000000003 7.478300000000002
16.125399999999996 7.4758
16.651699999999988 7.4761999999999995
17.2101 7.478900000000001
16.768400000000003 7.481100000000001
16.7265 7.473099999999999
16.787100000000006 7.475800000000002
16.54320000000001 7.4815000000000005
16.8564 7.484700000000001
16.828299999999995 7.4847
16.9274 7.479600000000001
16.420499999999993 7.472600000000002
16.702100000000005 7.4765000000000015
16.600800000000003 7.4698
16.9743 7.479700000000002
17.0107 7.478700000000001
16.471299999999996 7.473500000000004
17.111800000000002 7.475999999999998
16.960599999999996 7.486300000000002
16.927200000000006 7.479399999999998
16.693200000000004 7.481599999999998
17.038899999999995 7.479799999999999
17.039300000000004 7.4783
16.658400000000007 7.477399999999999
16.4705 7.4783
16.7104 7.479000000000001
16.167800000000007 7.473600000000001
16.907699999999995 7.486699999999999
16.1689 7.475599999999999
16.232 7.4737
15.818100000000005 7.480199999999998
15.987400000000001 7.473299999999999
16.466400000000004 7.480000000000002
16.421000000000003 7.476100000000002
15.912199999999995 7.4756
15.852999999999998 7.468
15.517699999999998 7.4701
15.64 7.4662999999999995
16.026200000000003 7.469
15.6579 7.4723999999999995
15.9136 7.477600000000001
15.6805 7.4659999999999975
15.5687 7.470099999999999
15.481300000000001 7.479799999999999
16.5927 7.481000000000002
17.436400000000003 7.5255
16.819599999999994 7.5009999999999994
16.158899999999996 7.484500000000002
15.948500000000001 7.486399999999999
15.537799999999999 7.477900000000001
16.288899999999998 7.485699999999998
15.786900000000003 7.472399999999999
16.0886 7.481199999999996
16.096200000000003 7.4803
15.685700000000002 7.4799999999999995
15.7561 7.476899999999999
16.046499999999998 7.4842
16.3833 7.485300000000001
15.900499999999996 7.4837
15.549999999999997 7.479399999999998
15.705100000000002 7.4771
15.613400000000002 7.478700000000001
15.9258 7.496999999999996
15.682200000000002 7.491600000000001
16.0701 7.368100000000001
15.556500000000009 7.3562
16.370400000000004 7.469800000000001
16.0347 7.447700000000001
16.118 7.455799999999998
16.502500000000005 7.457700000000001
16.562599999999996 7.562299999999998
15.929700000000006 7.5829
15.442299999999994 7.452400000000001
15.659500000000007 7.458100000000001
16.021199999999997 7.462300000000001
15.779200000000001 7.468099999999998
15.559100000000006 7.4654
15.925700000000004 7.464899999999999
15.363800000000005 7.459800000000002
15.740100000000002 7.462000000000001
16.429799999999993 7.467900000000001
15.706999999999999 7.4629
16.0349 7.470599999999999
15.636600000000003 7.467300000000001
15.329899999999999 7.4922999999999975
15.328 7.480899999999998
15.783399999999997 7.466000000000002
15.986199999999998 7.472700000000003
16.246299999999998 7.465899999999998
15.942900000000002 7.4656
15.8446 7.472600000000002
15.8654 7.473600000000003
16.049999999999994 7.463299999999999
15.8014 7.462500000000001
15.8654 7.468199999999997
15.001100000000001 7.4563999999999995
15.183000000000002 7.470899999999999
15.252700000000003 7.457200000000001
