32.789 24.152
30.889999999999993 24.181
33.147 24.219
32.592999999999996 24.213
31.506 24.223999999999997
34.284000000000006 24.286
30.604000000000003 24.279999999999998
30.548000000000002 24.266999999999996
30.096 24.291999999999998
32.196000000000005 24.285999999999998
29.363 24.298
32.269999999999996 24.298
33.221000000000004 24.298
30.329 24.305
29.652 24.304
29.535 24.278999999999996
28.04 24.267
26.94 24.267
27.153 24.267
26.575 24.273999999999994
27.515 24.255
27.220999999999997 24.267
24.584999999999997 24.261
24.291 24.249
24.999000000000002 24.255
25.602999999999998 24.267
24.560000000000002 24.249
24.622 24.237
25.690999999999995 24.268
22.912999999999997 24.243
23.535 24.230999999999998
23.773 24.249
23.889000000000003 24.230999999999998
22.771 24.224999999999998
23.028000000000006 24.261
22.657 24.237
24.06 24.267
27.143 24.304
35.511 24.328
32.127 24.487000000000002
33.079 24.561
32.5 24.640000000000004
32.114000000000004 24.628
24.317 24.64
19.599 24.645
19.733000000000004 24.627
20.604 24.627000000000002
22.955 24.707
19.982 24.688
21.093 24.7
22.113 24.719
19.898 24.737000000000002
22.454 24.731
22.083 24.719
19.763 24.706
22.266 24.731
21.575 24.731
21.217000000000002 24.731
19.971 24.731
23.005 24.725
22.899 24.737000000000002
20.765 24.731
20.349 24.725
19.683 24.719
22.528000000000002 24.731
22.046 24.725
21.308 24.719
21.033 24.719
21.582 24.731
21.942 24.737000000000002
19.306 24.713
20.953 24.719
21.191000000000003 24.713
18.421 24.719
17.678 24.713
18.487 24.713
20.543 24.719
20.056 24.719
23.125999999999998 24.737
19.0 24.725
20.044 24.719
20.916 24.737000000000002
20.244999999999997 24.731
18.865 24.719
20.000999999999998 24.749
20.911 24.743000000000002
19.647000000000002 24.731
19.08 24.731
18.89 24.719
21.398 24.731
20.258000000000003 24.737000000000002
18.631 24.719
18.548000000000002 24.719
18.781 24.725
20.911 24.713
19.158 24.713
19.147 24.719
20.081 24.713
17.584 24.707
16.451999999999998 24.707
16.692999999999998 24.695
21.897 24.707
18.505 24.701
18.093999999999998 24.706999999999997
18.445 24.689
16.949 24.695
18.237000000000002 24.689
17.697000000000003 24.695
18.561 24.701
17.419999999999998 24.689
16.055000000000003 24.683
16.208 24.689000000000004
18.060000000000002 24.695
16.577 24.695
17.572 24.683000000000003
16.898000000000003 24.701
18.197 24.695
17.624000000000002 24.701
18.072999999999997 24.701
17.086 24.689
16.403000000000002 24.695
19.201999999999998 24.695
16.811 24.683
17.544999999999998 24.695
17.689 24.701
17.888 24.677000000000003
19.830000000000002 24.695
17.051000000000002 24.689000000000004
17.429 24.671000000000003
17.713 24.683
17.32 24.689
14.849 24.676
20.214000000000002 24.694999999999997
17.16 24.695
17.858999999999998 24.683
18.041999999999998 24.689
16.675 24.695
15.72 24.683
15.353 24.677000000000003
17.453 24.683
16.999 24.683
17.404 24.676
17.136 24.683000000000003
15.064 24.683
17.608999999999998 24.689
17.252 24.689
15.562000000000001 24.677000000000003
16.340999999999998 24.677
16.181 24.676
16.447 24.683
18.219 24.695
17.304000000000002 24.701
18.887999999999998 24.701
16.123 24.683
17.954 24.695
16.348000000000003 24.689
16.399 24.689
17.658999999999995 24.689
17.203 24.701
16.311999999999998 24.773
17.855 24.785
18.186000000000003 24.779999999999998
19.43 24.779999999999998
16.543999999999997 24.767
17.498 24.779999999999998
18.529999999999998 24.787
23.192 24.779999999999998
28.497 24.78
31.020000000000003 24.786
22.706 24.798000000000002
18.599 24.786
19.834000000000003 24.799000000000003
18.427 24.791
20.856 24.805000000000003
20.105 24.805
22.73 24.817
20.812 24.799000000000003
24.531 24.823
20.708999999999996 24.811
22.160999999999998 24.793000000000003
23.833 24.811
24.517 24.811
25.098 24.811000000000003
23.206000000000003 24.829
23.541999999999998 24.909
23.834000000000003 24.915
24.006 24.915000000000003
23.913999999999998 24.915
24.415 24.915
24.407999999999998 24.933
25.541999999999998 24.933
27.509 24.933
26.666999999999994 24.939
26.935 24.945
27.43 24.933
26.805999999999997 24.933
27.692999999999994 24.945
28.693 25.031
28.618 25.061
27.476999999999997 25.067
26.514000000000003 25.092000000000002
30.491999999999997 25.165
27.581 25.165000000000003
30.659000000000002 25.159
30.158 25.183
28.612 25.171
28.815 25.177
33.568999999999996 25.189
28.583000000000002 25.177
31.421 25.177
32.055 25.189
31.598 25.189
32.653999999999996 25.177
31.958000000000002 25.196
33.668 25.208
33.875 25.208000000000002
39.175 25.208000000000002
36.432 25.201
34.407 25.183
34.613 25.195
32.788000000000004 25.207
38.476 25.208000000000002
36.341 25.202
37.268 25.22
37.506 25.22
39.148999999999994 25.208000000000002
38.599 25.214
38.391999999999996 25.262
37.620999999999995 25.269
43.535000000000004 25.269
48.698 25.262999999999998
39.17099999999999 25.262
36.341 25.275
35.278999999999996 25.275
39.013000000000005 25.275
36.303 25.262
37.462 25.281
36.774 25.275
38.061 25.269
36.136 25.269
34.649 25.281
32.33 25.262999999999998
32.525999999999996 25.245
32.214999999999996 25.275000000000002
37.963 25.275
39.734 25.329
37.94 25.323
33.654999999999994 25.293
33.64300000000001 25.305
38.06100000000001 25.275
34.399 25.269
34.577000000000005 25.281
33.166000000000004 25.287
33.068999999999996 25.281
35.126000000000005 25.293
32.636 25.262999999999998
37.135 25.287
34.782999999999994 25.281
37.991 25.281
42.754000000000005 25.281
41.769999999999996 25.311
42.394999999999996 25.353
37.408 25.299
36.957 25.281
37.947 25.317
30.645 25.262
30.840999999999998 25.245
32.068000000000005 25.269
31.279999999999998 25.256999999999998
32.873999999999995 25.256999999999998
32.507000000000005 25.287
34.965999999999994 25.275
33.38 25.238
33.544999999999995 25.251
32.068999999999996 25.251
29.712 25.244
31.153000000000002 25.257
34.851 25.269
30.835 25.25
28.247 25.262
30.285999999999998 25.275
30.506 25.275
30.602999999999998 25.269
31.433 25.262
33.643 25.263
31.635 25.275
33.867 25.275
33.881 25.269
