43.23499999999999 43.062999999999995
40.042899999999996 42.920999999999985
41.615 42.848000000000006
44.26200000000001 42.88700000000001
43.56599999999999 42.934000000000005
41.879000000000005 42.902
42.864900000000006 42.87
46.0 42.96900000000001
42.9555 42.966
42.58110000000001 42.901999999999994
43.184 42.97899999999999
59.760999999999996 43.72800000000001
61.866 44.64000000000001
60.045000000000016 44.206
59.192999999999984 44.04400000000001
58.48 43.885000000000005
58.015000000000015 44.202000000000005
57.23100000000001 44.11300000000001
56.62599999999999 44.206
56.686 43.992000000000004
54.264 43.981
55.94899999999999 44.238000000000014
53.893000000000015 44.278
52.483000000000004 44.27000000000001
54.39200000000001 44.159000000000006
49.637 44.09799999999999
49.139 43.977
51.383 44.17400000000001
50.376999999999995 44.13199999999999
49.583999999999996 44.039000000000016
51.93300000000001 44.14200000000002
53.163000000000004 44.15500000000001
53.156000000000006 44.234000000000016
53.186 44.164999999999985
52.88900000000001 44.10400000000002
53.115999999999985 44.076
53.72800000000001 44.025000000000006
50.787000000000006 43.93
51.032 43.913999999999994
51.489999999999995 44.001999999999995
47.7 43.79999999999999
45.448 43.794999999999995
43.23500000000001 43.694
46.96900000000001 43.99400000000001
49.974000000000004 44.236999999999995
40.39040000000001 43.85800000000001
38.357400000000005 43.602000000000004
38.607299999999995 43.60800000000001
38.839999999999996 43.54800000000001
37.21549999999999 43.44100000000001
35.7265 43.37
34.0035 43.32
34.91289999999999 43.384
34.49269999999999 43.486
32.992 43.620999999999995
32.8409 43.80000000000001
31.704500000000003 43.815000000000005
32.720499999999994 43.773
29.458500000000008 43.81900000000001
31.4093 43.877
31.729500000000005 43.82600000000001
29.876199999999997 43.701
30.484599999999993 43.719
30.4043 43.80000000000001
28.17 43.83900000000001
28.727400000000003 43.84000000000001
29.643200000000004 43.913
28.689500000000002 43.940999999999995
30.033199999999997 43.940999999999995
28.407599999999995 43.91600000000001
29.134999999999994 43.89699999999999
30.202799999999996 43.913000000000004
30.802200000000003 43.818999999999996
29.698699999999995 43.730000000000004
28.396 43.729
27.4473 43.75499999999999
27.8445 43.75299999999999
27.8032 43.754000000000005
26.422099999999993 43.726
27.443500000000004 43.817
31.913300000000007 44.01200000000001
29.515900000000002 43.894
28.955399999999997 43.863
28.8011 43.900999999999996
28.869599999999995 43.804
26.770100000000006 43.678000000000004
26.857999999999997 43.68099999999999
27.136900000000004 43.712
25.150199999999995 43.751999999999995
26.022500000000004 43.783
26.2282 43.81700000000001
28.013800000000007 43.826
27.929899999999996 43.844
27.4526 43.786
27.316299999999995 43.79900000000001
27.29020000000001 43.734
27.086099999999995 43.729
24.787499999999998 43.675999999999995
23.8702 43.71000000000001
27.2184 43.77
29.195899999999998 43.809000000000005
28.065 43.784000000000006
28.263199999999998 43.899
27.83480000000001 44.07700000000001
31.7203 44.11200000000001
28.3638 43.88700000000001
28.2067 43.852000000000004
28.329300000000003 43.83899999999999
28.431299999999997 43.812000000000005
26.248300000000008 43.59100000000001
25.219299999999993 43.625
24.7234 43.65200000000001
24.916400000000003 43.645
25.261699999999998 43.623999999999995
26.782000000000007 43.631
28.902599999999996 43.678
30.10090000000001 43.69300000000001
30.623300000000004 43.74999999999999
30.5305 43.78399999999999
31.7678 43.881
31.896600000000003 43.975
28.589400000000005 43.767
26.2212 43.72100000000001
26.8135 43.70300000000002
27.353099999999998 43.678
28.127000000000002 43.669999999999995
27.891199999999998 43.721000000000004
28.38469999999999 43.778
28.487500000000004 43.794
29.3676 43.79299999999999
29.517 43.81
29.432499999999994 43.85900000000001
28.978399999999997 43.815
28.077099999999998 43.752
28.706500000000005 43.745
29.33129999999999 43.74599999999999
30.209300000000006 43.747
28.458 43.757000000000005
29.565100000000005 43.785
32.025000000000006 43.961999999999996
32.390299999999996 43.89199999999999
32.0514 43.771
32.5851 43.849999999999994
34.9435 44.02899999999999
34.6253 43.846999999999994
34.0502 43.791999999999994
33.7897 43.765
33.4723 43.755
32.11299999999999 43.78800000000001
32.46289999999999 43.78900000000001
33.867200000000004 43.858999999999995
34.92159999999999 43.88399999999999
34.9163 43.908
33.9905 43.97599999999999
35.57589999999999 43.99400000000001
35.0551 43.961999999999996
35.8423 43.948
34.281299999999995 43.85300000000001
36.9087 43.94399999999999
34.691399999999994 43.96799999999999
33.960499999999996 43.933
35.0901 43.91399999999999
36.5365 43.90299999999999
36.43880000000001 43.949999999999996
35.2871 43.973
36.411100000000005 43.964999999999996
36.321000000000005 43.968
37.99519999999999 43.975
38.331999999999994 43.906
38.2419 43.800999999999995
37.93 43.827999999999996
38.6079 43.82399999999999
41.616 43.91399999999999
38.5515 43.928999999999995
40.333400000000005 43.95499999999999
41.861000000000004 44.03899999999999
40.725 44.07
41.026 44.08300000000001
37.46370000000001 42.665
41.088060000000006 42.750482
41.305409999999995 42.85078999999999
38.80927 42.881099999999996
41.0839 42.83120000000001
39.5536 43.3891
39.35000000000001 43.3592
37.8474 43.335499999999996
38.560100000000006 43.475199999999994
39.71600000000001 43.54520000000001
39.979 43.6657
38.268699999999995 43.7903
39.259 42.84499999999999
41.385 42.914
40.67400000000001 43.397200000000005
38.134899999999995 42.91700000000001
39.06399999999999 43.60530000000001
38.80800000000001 43.69480000000001
39.659000000000006 43.6042
39.921 43.684
38.2497 43.6486
40.026 43.69850000000001
40.958000000000006 43.817800000000005
40.74429999999999 43.778400000000005
39.8845 43.7429
39.1215 43.65580000000001
39.279999999999994 43.632500000000014
36.7001 43.568500000000014
37.442299999999996 43.62049999999999
37.04480000000001 43.61150000000001
36.054300000000005 43.58060000000001
38.02100000000001 43.6301
36.53339999999999 43.59810000000001
38.666700000000006 43.6327
38.47840000000001 43.62819999999999
39.750499999999995 43.63230000000001
41.0877 43.64780000000002
41.873999999999995 43.7274
42.832 43.754599999999996
41.978 43.9311
40.8381 44.13579999999999
41.285 44.2492
39.46400000000001 44.2598
39.189 44.263999999999996
40.537000000000006 44.31100000000001
40.228699999999996 44.32500000000001
39.5118 44.31699999999999
41.753299999999996 44.425
40.421099999999996 44.44300000000001
39.345000000000006 44.48400000000001
41.22299999999999 44.402
40.01240000000001 44.34000000000001
38.63899999999998 44.255
39.2185 44.247
38.90899999999999 44.272999999999996
39.748 44.178999999999995
38.176300000000005 44.096
39.7384 44.118
38.406600000000005 44.043
39.272999999999996 44.077000000000005
42.02690000000001 44.274999999999984
43.03999999999999 44.479000000000006
43.0799 44.36699999999999
38.421200000000006 44.16799999999999
39.5086 44.075
38.008199999999995 44.57599999999999
37.890699999999995 44.50000000000001
37.960199999999986 44.564
38.91 44.52
36.199000000000005 44.477
36.0986 44.409000000000006
36.4703 44.449999999999996
38.118 44.53699999999999
39.07630000000001 44.696
40.58999999999999 44.739999999999995
37.042899999999996 44.72299999999999
37.122 44.69499999999999
36.82470000000001 44.712999999999994
36.3305 44.647999999999996
35.92509999999999 44.628
38.30740000000001 44.626
39.69499999999999 44.741
38.99110000000001 44.75300000000001
39.13269999999999 44.702000000000005
42.152 44.91599999999999
38.8793 44.894999999999996
37.22610000000001 44.740000000000016
37.48839999999999 45.055
35.858000000000004 44.626999999999995
36.5949 44.554
36.79550000000001 44.49699999999999
35.51400000000001 44.435999999999986
36.248999999999995 44.43
37.240700000000004 44.428000000000004
39.10260000000001 44.47200000000001
37.417699999999996 44.37200000000001
37.4346 44.363
38.4192 44.46999999999999
37.392399999999995 44.549
37.517700000000005 44.464000000000006
35.5526 44.44399999999999
34.76669999999999 44.452
34.4746 44.434000000000005
34.84179999999999 44.389
34.94769999999999 44.293000000000006
38.81870000000001 44.347
37.5976 44.333
38.76590000000001 44.34800000000001
37.91069999999999 44.348000000000006
38.24279999999999 44.337999999999994
