15.479999999999999 12.94
12.520000000000001 12.870000000000001
14.26 12.870000000000001
15.67 12.94
12.740000000000002 12.889999999999999
14.499999999999998 12.870000000000001
15.409999999999998 12.959999999999999
12.7 12.889999999999999
14.75 12.870000000000001
15.110000000000001 12.920000000000002
12.959999999999999 12.920000000000002
14.82 12.920000000000002
15.67 12.94
12.870000000000001 12.94
14.92 12.94
14.940000000000001 12.989999999999998
13.13 12.920000000000002
15.5 12.920000000000002
15.229999999999999 12.959999999999999
12.6 12.920000000000002
15.14 12.889999999999999
14.280000000000001 12.94
13.11 12.920000000000002
15.479999999999999 12.94
14.97 12.94
12.889999999999999 12.94
16.38 12.94
14.45 12.94
12.889999999999999 12.920000000000002
16.16 12.94
14.499999999999998 12.920000000000002
13.16 12.889999999999999
16.43 12.889999999999999
13.38 12.889999999999999
12.55 12.889999999999999
15.989999999999998 12.920000000000002
13.919999999999998 12.920000000000002
12.740000000000002 12.870000000000001
16.11 12.94
14.16 12.94
12.790000000000001 12.870000000000001
16.14 12.920000000000002
13.99 12.920000000000002
12.770000000000001 12.889999999999999
16.580000000000002 12.920000000000002
13.600000000000001 12.920000000000002
12.67 12.870000000000001
16.33 12.920000000000002
13.84 12.94
13.13 12.889999999999999
15.770000000000001 12.920000000000002
14.38 12.94
12.7 12.870000000000001
15.770000000000001 12.889999999999999
14.21 12.94
12.770000000000001 12.889999999999999
15.920000000000002 12.889999999999999
13.99 12.889999999999999
12.72 12.889999999999999
15.97 12.920000000000002
14.16 12.920000000000002
12.65 12.870000000000001
16.24 12.920000000000002
13.600000000000001 12.920000000000002
12.520000000000001 12.870000000000001
15.770000000000001 12.889999999999999
14.16 12.94
12.770000000000001 12.920000000000002
15.14 12.889999999999999
14.430000000000001 12.889999999999999
12.6 12.889999999999999
14.430000000000001 12.889999999999999
15.310000000000002 12.920000000000002
12.790000000000001 12.870000000000001
14.360000000000001 12.889999999999999
16.77 12.959999999999999
13.04 12.920000000000002
13.530000000000001 12.870000000000001
16.21 12.920000000000002
12.839999999999998 12.920000000000002
12.620000000000001 12.870000000000001
16.31 12.889999999999999
12.65 12.920000000000002
12.790000000000001 12.889999999999999
15.5 12.889999999999999
14.280000000000001 12.920000000000002
12.65 12.889999999999999
14.7 12.889999999999999
15.229999999999999 12.94
12.5 12.870000000000001
13.48 12.889999999999999
16.189999999999998 12.920000000000002
12.72 12.870000000000001
12.65 12.889999999999999
16.36 12.920000000000002
13.919999999999998 12.889999999999999
12.989999999999998 12.889999999999999
15.310000000000002 12.920000000000002
14.940000000000001 12.920000000000002
12.620000000000001 12.889999999999999
14.180000000000001 12.959999999999999
14.99 12.959999999999999
12.920000000000002 12.94
13.84 12.889999999999999
16.14 12.920000000000002
13.43 12.959999999999999
13.11 12.920000000000002
15.8 12.94
14.430000000000001 12.94
12.920000000000002 12.889999999999999
15.190000000000001 12.959999999999999
14.99 12.94
12.790000000000001 12.920000000000002
14.06 12.889999999999999
15.21 12.920000000000002
12.989999999999998 12.94
13.13 12.870000000000001
15.21 12.889999999999999
14.38 12.920000000000002
12.770000000000001 12.889999999999999
15.28 12.920000000000002
15.06 12.920000000000002
13.16 12.920000000000002
14.21 12.920000000000002
15.55 12.920000000000002
13.13 12.94
13.13 12.920000000000002
14.940000000000001 12.889999999999999
14.530000000000001 12.920000000000002
12.740000000000002 12.889999999999999
16.21 12.920000000000002
14.62 12.920000000000002
12.889999999999999 12.920000000000002
14.92 12.920000000000002
14.87 12.889999999999999
13.089999999999998 12.920000000000002
13.33 12.920000000000002
15.5 12.889999999999999
14.01 12.920000000000002
13.48 12.889999999999999
16.46 12.889999999999999
14.45 12.920000000000002
13.13 12.889999999999999
15.65 12.889999999999999
14.89 12.94
13.11 12.920000000000002
14.77 12.889999999999999
15.36 12.920000000000002
13.23 12.989999999999998
13.84 12.920000000000002
15.8 12.920000000000002
13.55 12.920000000000002
13.16 12.870000000000001
16.53 12.94
14.14 12.94
13.089999999999998 12.889999999999999
14.7 12.920000000000002
16.48 12.959999999999999
13.18 12.989999999999998
15.110000000000001 12.959999999999999
15.479999999999999 12.989999999999998
13.18 12.94
14.99 12.920000000000002
15.770000000000001 12.959999999999999
13.48 12.94
14.23 12.889999999999999
16.16 12.920000000000002
13.79 12.94
13.48 12.94
16.55 12.920000000000002
13.889999999999999 12.959999999999999
13.23 12.920000000000002
14.89 12.920000000000002
15.8 12.959999999999999
12.790000000000001 12.94
16.43 12.920000000000002
14.26 12.94
12.7 12.920000000000002
15.43 12.920000000000002
14.77 12.959999999999999
13.01 12.94
15.260000000000002 12.920000000000002
15.840000000000002 12.94
13.5 12.94
15.14 12.920000000000002
15.21 12.94
13.11 12.94
15.06 12.959999999999999
15.8 12.959999999999999
13.65 12.920000000000002
14.6 12.94
16.36 12.959999999999999
13.700000000000001 12.989999999999998
14.45 12.94
16.189999999999998 12.959999999999999
13.719999999999999 12.94
14.280000000000001 12.94
16.41 12.989999999999998
13.5 12.94
13.700000000000001 12.920000000000002
16.63 12.94
14.11 12.94
13.530000000000001 12.94
16.669999999999998 12.959999999999999
14.06 12.959999999999999
13.4 12.94
15.989999999999998 12.94
14.649999999999999 12.989999999999998
13.26 12.94
16.5 12.920000000000002
14.719999999999999 12.959999999999999
13.43 12.920000000000002
16.41 12.920000000000002
14.7 12.94
12.94 12.920000000000002
15.36 12.920000000000002
15.67 12.959999999999999
13.209999999999999 12.94
16.21 12.94
15.190000000000001 12.959999999999999
13.450000000000001 12.94
15.8 12.920000000000002
15.229999999999999 12.94
13.55 12.94
15.72 12.920000000000002
15.21 12.959999999999999
13.18 12.920000000000002
15.09 12.94
15.67 12.959999999999999
13.059999999999999 12.920000000000002
15.09 12.94
15.45 12.959999999999999
13.089999999999998 12.959999999999999
14.62 12.94
15.6 12.959999999999999
13.28 12.920000000000002
14.31 12.94
15.840000000000002 13.01
13.18 12.94
14.38 12.94
15.65 12.959999999999999
13.04 12.920000000000002
14.21 12.94
15.89 12.959999999999999
13.089999999999998 12.920000000000002
14.399999999999999 12.920000000000002
15.989999999999998 12.94
13.11 12.94
14.31 12.920000000000002
15.43 12.959999999999999
13.530000000000001 12.920000000000002
13.889999999999999 12.920000000000002
15.97 12.959999999999999
13.209999999999999 12.920000000000002
14.11 12.920000000000002
15.75 12.959999999999999
12.94 12.920000000000002
13.99 12.920000000000002
15.870000000000001 12.94
13.18 12.920000000000002
13.84 12.920000000000002
15.55 12.959999999999999
13.13 12.920000000000002
14.06 12.920000000000002
15.479999999999999 12.959999999999999
12.839999999999998 12.920000000000002
14.04 12.920000000000002
15.8 12.959999999999999
13.11 12.920000000000002
13.94 12.920000000000002
15.65 12.959999999999999
13.309999999999999 12.920000000000002
13.65 12.889999999999999
15.870000000000001 12.959999999999999
12.72 12.920000000000002
13.87 12.889999999999999
15.7 12.959999999999999
12.989999999999998 12.920000000000002
14.330000000000002 12.920000000000002
15.58 12.959999999999999
13.089999999999998 12.94
14.7 12.920000000000002
15.6 12.959999999999999
13.65 12.959999999999999
14.48 12.94
15.479999999999999 12.989999999999998
12.94 12.920000000000002
14.180000000000001 12.920000000000002
