13.769800000000002 8.287099999999999
12.5461 7.705100000000001
15.325 7.9497
12.7524 8.1839
11.991 8.4098
16.811300000000003 8.3746
15.723400000000003 8.666599999999999
15.429 8.960200000000002
13.8352 8.8596
12.071200000000001 8.2403
13.920100000000001 7.8941
15.353400000000002 8.3418
14.0308 8.089300000000001
13.300799999999999 8.132700000000002
16.7835 8.5521
13.4177 8.4118
16.9643 8.788599999999999
12.839299999999998 8.7726
12.359300000000001 8.2501
13.439799999999998 8.0081
14.589999999999998 8.458300000000001
12.6393 8.1027
13.675800000000002 8.436399999999997
13.527599999999998 8.2919
16.406499999999998 8.6591
17.2086 9.2016
14.616100000000001 9.203
15.741299999999999 9.196800000000001
15.7696 9.2559
15.6273 9.4025
14.457 9.6843
13.181600000000001 8.8489
13.906400000000001 8.8354
15.195599999999999 9.2741
16.636799999999997 9.1049
15.690299999999999 8.8912
14.354700000000001 8.7527
15.012000000000004 8.913399999999998
14.700099999999999 8.692599999999999
15.587000000000002 8.7273
19.066999999999997 9.3062
15.164700000000003 9.1992
16.038999999999998 8.900500000000001
16.625500000000002 9.159600000000001
15.685000000000002 8.719199999999999
15.5903 8.866
16.277 8.858799999999999
13.2297 8.9379
13.504199999999999 8.522800000000002
13.3631 8.430800000000001
14.3919 9.215699999999998
14.087699999999998 9.1639
14.2791 9.2065
13.5787 9.245899999999999
13.1235 8.9027
13.158799999999998 8.3417
12.1276 8.118500000000001
14.919000000000002 8.3075
13.1247 8.9299
12.0134 8.6189
12.1273 8.1057
13.214399999999998 8.6634
14.674000000000001 8.981200000000001
12.5972 8.9304
11.1153 8.572000000000001
11.6969 8.413
11.396199999999999 8.3814
10.7697 7.748999999999999
13.9494 8.1063
10.988000000000001 7.946400000000001
13.111500000000001 8.4228
15.003 8.8206
12.1146 8.1526
12.998999999999999 8.0152
13.844800000000001 9.0628
13.0906 8.8926
12.623299999999999 8.5744
12.9354 8.437200000000002
14.6174 8.0728
14.6001 8.3508
14.4338 8.353699999999998
11.3443 8.422900000000002
13.7659 8.5886
12.4716 8.035099999999998
12.001600000000002 8.0839
11.5356 7.8929
14.7096 8.4059
13.972100000000001 8.3742
15.696300000000003 8.4632
16.357000000000003 9.2299
14.560700000000004 8.7843
13.5739 8.553399999999998
15.911999999999999 8.197099999999999
14.5218 8.5203
11.7223 8.2101
15.0412 8.232199999999999
15.059800000000001 8.4876
17.4784 9.4181
14.5887 9.0739
17.029 9.1377
15.412 8.7629
16.308 8.905500000000002
15.8473 8.8001
14.3978 8.5408
15.9438 8.5952
17.6416 8.875399999999999
15.999799999999997 9.1982
19.268 9.6291
18.242000000000004 9.3102
17.852 8.947400000000002
17.275000000000002 8.967100000000002
15.589000000000002 8.641900000000001
14.597999999999999 8.7352
19.294999999999998 9.3199
21.6 10.1939
16.52 9.9406
20.08 9.5434
17.926000000000002 9.3531
16.116000000000003 9.072400000000002
18.376 8.944600000000001
15.645000000000001 8.549199999999999
14.795 8.233
18.395999999999997 8.655
17.287300000000002 8.9763
18.801999999999996 9.2559
20.837999999999997 9.3419
19.662 9.4596
16.673 9.241799999999998
17.373 9.234
16.483 9.0718
16.106 8.923300000000001
16.054000000000006 8.8392
18.874999999999996 9.1064
17.0 9.1612
18.624 8.9713
20.214000000000002 9.6215
17.203 9.4512
15.495999999999999 8.7269
14.182 8.6339
17.000999999999998 8.589
15.765000000000004 9.1431
18.586 8.8816
18.781 8.8567
18.427000000000003 8.8546
22.57 9.3934
20.483 9.9055
18.013999999999996 9.097600000000002
17.014 8.994499999999999
16.668 8.675
17.790999999999997 9.0298
16.644000000000002 9.3303
22.975999999999996 9.5792
19.934 9.8243
21.404 9.6287
20.339000000000002 9.3951
21.248 9.2911
18.206 9.5597
19.483 9.352599999999999
19.279000000000003 9.2537
19.536 9.3284
24.077 9.659299999999998
23.834999999999997 9.9749
22.980999999999998 9.5375
21.319 9.565499999999998
24.249000000000002 9.657499999999999
22.997 9.7295
23.264 9.9415
20.937 9.5229
25.135999999999996 9.454
23.735 9.7087
22.625 9.9382
19.942 9.637699999999997
23.115 9.3984
24.525999999999996 9.4187
24.09 9.545399999999999
24.548999999999996 9.8787
22.384999999999998 9.7098
24.718999999999998 9.4841
24.572 9.9276
23.794999999999998 10.0985
25.055 9.8565
25.599 10.068799999999998
23.52 9.7153
24.93 9.8889
23.662000000000003 9.830899999999998
26.365 10.0174
27.35 9.952
25.743 10.041
25.412000000000003 10.023900000000001
24.574999999999996 10.2291
24.404 10.105099999999998
23.584000000000003 9.755600000000001
24.451999999999998 9.6214
23.75 9.498399999999998
24.247000000000003 9.693099999999998
24.805 9.606200000000001
24.409 9.6007
25.802000000000003 9.9109
25.020000000000003 10.1271
26.918999999999997 10.389100000000001
27.048 10.5319
24.817000000000007 10.343800000000002
24.874 9.8889
26.131 9.943600000000002
22.525000000000002 9.7046
22.489999999999995 9.4726
20.413 9.3741
24.365000000000002 9.7661
22.154 10.077600000000002
21.953999999999997 9.829400000000001
21.726 10.047499999999998
23.672000000000004 10.3236
24.516000000000002 10.0027
24.548000000000002 10.427500000000002
23.093 10.2934
22.602 9.9435
25.067 9.8638
23.304000000000002 9.5904
23.441 9.6066
21.764999999999997 9.905499999999998
22.767 10.246699999999999
23.353999999999996 10.2335
21.444000000000003 10.1548
20.877000000000002 9.6355
24.837999999999997 10.2121
25.206999999999997 11.036400000000002
24.143 10.6855
21.329 10.3275
24.432 10.1822
21.891 10.217
20.487 9.503899999999998
20.514 9.3419
21.908 9.619299999999999
22.6 9.683
25.622 9.7107
22.005999999999997 10.248
22.005 9.801500000000003
23.658 10.2312
22.223 9.7763
24.151999999999997 10.020999999999999
23.400000000000002 10.1446
22.369999999999994 10.145800000000001
22.796000000000003 10.0727
22.695 9.750800000000002
23.629999999999995 10.110500000000002
21.808 9.990599999999999
23.677 9.8321
24.378999999999998 9.8682
23.273999999999997 9.9919
23.228 10.011
20.790000000000003 9.701299999999998
20.668999999999997 9.3099
20.086 9.234700000000002
22.302999999999997 9.413599999999999
23.767000000000003 9.7741
22.109 9.9452
24.439 9.726700000000001
23.803999999999995 10.590199999999998
21.469 10.3447
21.084 9.659799999999999
20.546 9.6531
20.263 9.3199
19.214000000000002 9.4083
18.759999999999998 9.5573
25.947 10.3272
20.700999999999993 10.0664
20.345999999999997 9.6584
20.418 9.2459
21.018000000000004 9.489500000000001
20.303 9.9659
20.676 9.7988
19.984 9.648000000000001
18.429000000000002 9.3191
17.828000000000003 9.3269
19.051000000000002 9.3466
21.968 9.7612
18.807 9.419299999999998
17.844999999999995 9.4207
16.7722 9.3137
16.448999999999998 8.9846
17.002 9.2795
17.693 9.649099999999999
15.920000000000002 9.7132
14.579 9.2473
15.384800000000002 9.2751
14.679 9.277199999999999
16.2322 9.173300000000001
14.8475 9.1072
