17.7545 91.532
17.584800000000005 91.62200000000001
18.808500000000006 92.00399999999999
17.7561 91.816
17.0019 91.58999999999999
17.193100000000005 91.595
18.1971 91.49999999999999
17.728600000000004 91.67800000000001
18.709699999999994 91.896
18.4578 91.81400000000002
17.635600000000004 91.64000000000001
19.1811 91.71199999999997
17.6047 91.461
16.869199999999992 91.50000000000003
17.265499999999996 91.54599999999998
18.933500000000006 91.87800000000001
18.609300000000005 91.89499999999997
18.2796 91.69699999999999
16.910499999999992 91.56800000000001
19.739199999999997 92.14899999999999
19.0831 91.961
17.5305 91.496
19.0551 91.55699999999999
19.7572 91.88199999999999
20.097900000000003 91.825
19.398700000000005 91.81300000000002
18.5533 91.75600000000001
19.335699999999996 91.855
21.284899999999997 91.94199999999998
19.9337 91.84400000000001
18.818199999999994 91.969
20.093700000000002 92.137
22.831599999999998 92.24500000000005
22.2547 92.084
20.134199999999993 92.016
20.502099999999995 91.961
19.419700000000002 92.02899999999998
20.741500000000006 92.22100000000002
20.331400000000002 92.17899999999999
19.353799999999996 92.05499999999999
20.135599999999997 92.18599999999999
19.891299999999998 92.166
20.837199999999996 92.218
20.9292 92.38800000000002
19.4838 92.16999999999999
21.266499999999997 92.26100000000002
20.616200000000003 92.01100000000004
22.3458 92.24200000000003
23.3672 92.23500000000003
20.871 92.03899999999999
20.441400000000005 91.97499999999998
20.144699999999997 91.93899999999996
21.2225 92.22200000000005
19.798200000000005 92.16099999999999
19.096300000000006 91.996
19.4261 92.067
21.5604 92.34700000000005
18.155899999999995 91.977
17.761200000000006 92.036
17.4685 91.873
19.198 92.24000000000002
18.1824 92.10600000000001
17.1671 92.00100000000002
18.247099999999993 92.05299999999998
18.237199999999998 91.97299999999997
16.5555 91.748
17.683800000000005 91.78300000000003
18.863500000000005 91.79000000000002
19.8328 91.922
17.834300000000006 91.544
17.926000000000002 91.43399999999998
16.4372 91.48900000000002
14.688499999999996 91.331
15.090399999999999 91.491
15.982899999999997 91.62
14.976999999999999 91.20800000000003
13.991600000000002 91.039
13.561599999999999 90.71199999999999
14.910699999999999 91.08100000000003
15.536000000000005 91.30099999999999
14.762400000000001 90.835
15.409399999999998 90.719
17.137200000000004 91.28200000000001
14.834400000000002 91.09900000000002
14.353600000000002 90.88300000000002
14.759800000000004 91.27799999999996
14.379199999999997 91.11800000000001
15.682399999999996 91.50800000000004
13.3382 90.784
13.294199999999998 90.726
13.6403 90.741
15.599300000000001 91.34800000000001
12.935000000000002 90.33899999999998
12.709000000000001 90.10800000000003
13.519000000000004 90.23
13.2008 90.36399999999999
12.343599999999999 89.751
12.689099999999998 90.13199999999999
15.279499999999993 90.891
13.1757 90.41200000000002
11.925999999999998 90.16099999999997
11.959599999999998 89.92599999999997
11.822100000000004 89.97300000000001
12.899500000000005 90.41399999999999
12.358600000000001 90.239
12.2511 89.59800000000001
13.716000000000001 89.939
13.088700000000001 89.99699999999997
13.6499 90.18599999999999
12.910600000000002 90.24199999999998
14.0516 90.57500000000002
12.633 89.768
12.693499999999998 88.074
10.9519 87.33499999999998
12.7856 87.86699999999999
11.4943 87.89709999999998
11.982700000000001 88.8217
10.707000000000003 87.392
11.7618 88.85899999999997
12.425500000000003 89.399
12.5854 89.80099999999999
12.908100000000001 89.58600000000001
13.283700000000001 89.49699999999999
14.678499999999998 90.25999999999999
14.226300000000002 90.21300000000001
12.3738 89.78799999999998
11.088000000000003 89.157
12.671499999999996 90.09899999999999
12.1734 89.88100000000003
10.9622 89.265
10.696400000000002 88.89499999999998
12.086100000000002 89.642
12.683299999999997 89.93299999999998
11.651099999999998 89.90100000000001
11.454699999999999 89.454
12.426099999999998 90.00399999999999
12.995299999999999 90.654
12.475500000000002 90.207
11.787600000000003 89.79499999999999
11.476899999999999 89.48800000000001
13.517500000000002 90.057
13.460999999999999 90.53899999999999
11.689800000000002 89.64800000000001
12.5199 89.39899999999999
14.824099999999996 90.27500000000002
14.902500000000002 91.08199999999998
14.1497 90.11500000000004
13.724399999999997 90.315
13.575399999999998 90.37599999999999
14.705449999999997 90.649
15.089250000000002 90.97999999999998
14.128200000000001 90.55
13.483900000000007 90.20999999999997
13.858400000000001 90.40899999999998
15.9445 91.27600000000002
15.656918000000003 91.03400000000002
15.676736000000005 90.796
15.388390699999995 89.15160999999998
16.9151907 89.49996199999998
16.013700000000004 89.8872
16.346299999999996 90.54299999999999
17.5681 91.12900000000002
17.2323 91.21300000000001
17.953800000000005 91.49100000000003
17.241799999999998 91.13999999999999
18.530599999999996 91.44700000000003
19.5685 91.774
18.890900000000006 91.417
20.0564 91.81800000000003
18.5243 91.62299999999999
18.248000000000005 91.38900000000001
20.127700000000008 91.61
19.6791 91.75000000000001
18.447800000000004 91.78699999999999
17.3925 91.425
17.944499999999998 91.53799999999998
19.7519 91.914
18.845000000000002 91.87700000000001
18.8865 91.88000000000002
19.439999999999998 92.03499999999998
18.217000000000006 91.699
19.699799999999996 91.99300000000002
21.150699999999993 92.29100000000004
19.8526 91.93700000000001
23.046800000000005 92.13400000000004
19.36649999999999 92.03
19.4783 91.993
21.994699999999998 92.18000000000002
20.660800000000002 92.127
20.3787 92.065
20.39749999999999 92.212
18.423000000000002 91.918
19.936999999999994 92.096
21.475 92.23000000000003
23.394200000000005 92.16400000000002
20.9354 92.042
20.1107 91.981
20.260199999999998 92.16099999999999
21.6287 92.38500000000005
22.989600000000003 92.22400000000005
21.242099999999997 91.97599999999998
20.402299999999997 91.842
18.484600000000007 91.77000000000002
19.742400000000007 92.105
21.558200000000003 92.25599999999997
19.787000000000006 92.05299999999998
19.485000000000003 91.98600000000002
18.840100000000003 91.957
17.760900000000003 91.87700000000002
20.868799999999997 92.25000000000001
20.9682 92.21399999999998
19.559600000000007 91.937
19.115700000000004 91.91500000000002
19.8656 92.10800000000002
19.2744 92.12399999999998
22.7388 92.40300000000002
18.91209999999999 91.926
19.4408 91.99000000000001
18.977399999999996 91.93600000000002
19.623199999999997 92.024
20.1083 92.04999999999998
22.0456 92.36000000000007
18.8174 91.95800000000001
19.7699 92.00999999999999
20.5244 92.08600000000001
21.586199999999998 92.17600000000003
24.496899999999997 92.44200000000005
20.815399999999997 92.119
20.8729 92.15700000000004
20.145200000000003 92.18400000000003
19.541800000000002 92.17700000000005
21.0718 92.158
21.1274 92.22800000000002
21.321999999999992 92.27000000000002
19.82619 92.01200000000001
19.878410000000002 92.11400000000003
19.910760000000003 91.99300000000001
21.854459999999996 92.15600000000006
19.256260000000005 91.989
21.16921 92.083
20.0019 91.99099999999999
19.70195999999999 91.985
22.009170000000005 92.07100000000001
20.934599999999996 90.386
21.521100000000004 90.31738000000001
22.9651 91.00800000000004
20.655000000000005 90.11200000000001
22.508899999999997 92.08900000000006
19.621 92.04500000000002
20.221 92.091
20.812499999999996 92.09200000000001
20.9746 92.042
22.952199999999994 92.18700000000001
22.142699999999994 92.32500000000003
19.843399999999992 91.94000000000001
19.7884 91.78600000000002
19.053099999999997 92.00200000000002
20.1619 91.954
22.203600000000005 92.25700000000002
19.605800000000002 91.87999999999998
21.1463 92.093
20.3421 91.88500000000003
19.125099999999996 91.69
19.358600000000006 91.769
20.2056 92.01599999999998
20.953799999999994 92.055
19.3112 91.684
18.6386 91.74799999999999
18.339800000000004 91.71900000000001
21.864700000000006 92.123
19.526399999999995 91.972
18.2271 91.66499999999999
17.8621 91.62700000000001
18.710099999999994 91.80699999999999
20.5754 91.96100000000001
20.049500000000002 91.84899999999999
19.042100000000005 91.70700000000002
18.878999999999994 91.75999999999999
19.247400000000003 91.73000000000002
20.8197 92.15000000000002
20.649299999999997 92.22
18.052200000000003 91.772
18.032899999999994 91.636
19.337499999999995 91.62599999999999
18.806299999999997 91.69800000000001
17.542899999999996 91.309
17.041600000000003 91.32399999999998
18.801799999999997 91.662
