13.824799999999998 8.2844
11.924999999999999 8.0046
13.119899999999998 8.074799999999998
15.782000000000002 8.480599999999999
17.659 8.7603
15.025000000000002 8.927700000000002
13.896 8.8672
16.506 9.016400000000003
13.417000000000002 9.0635
12.6968 8.384500000000001
13.2067 8.1263
11.4897 8.489899999999999
12.3481 7.664099999999999
17.061 8.3939
17.409999999999997 8.8115
15.0622 8.500700000000002
16.47 8.8756
13.4132 8.643099999999999
13.4285 8.202000000000002
13.5858 8.404499999999999
10.841999999999999 7.847099999999998
11.010499999999999 7.6457999999999995
13.5721 7.783799999999999
16.6506 8.770399999999999
14.0446 8.6678
16.488 8.6822
16.224 8.594599999999998
16.6411 8.8107
14.056300000000002 8.5999
11.378200000000001 8.283100000000001
11.587800000000001 7.943800000000001
14.396200000000004 8.224799999999998
17.7 8.852599999999999
15.825 9.1066
13.485 8.727900000000002
13.3018 8.4231
15.86 8.503400000000001
12.5992 8.551300000000001
12.299299999999999 8.0351
12.2547 8.1705
11.5233 8.2997
12.167199999999998 8.146400000000002
19.733999999999998 8.5927
15.150999999999998 8.7094
13.5398 8.7189
15.455 8.6122
12.369299999999999 8.2302
11.782599999999999 7.8125
12.512300000000002 7.9625
11.9672 8.3136
13.2033 7.9991
16.169999999999998 8.9105
17.743400000000005 9.343599999999999
14.560500000000001 9.021299999999998
13.6493 8.972199999999999
11.8158 8.725299999999999
9.9551 7.875099999999999
9.9886 7.7940000000000005
10.6015 7.879600000000001
11.627500000000001 8.0742
17.413999999999998 8.8237
13.2337 9.1931
12.385200000000001 8.43
11.613800000000001 8.2579
10.730900000000002 8.067599999999999
9.858199999999998 7.819799999999999
10.571899999999998 7.439000000000001
12.170900000000001 7.974799999999998
12.7546 8.152
16.4599 8.8084
13.479100000000003 8.6816
11.713799999999999 8.2083
12.773200000000001 8.2779
12.646099999999999 8.2258
10.0274 7.906700000000002
9.2904 7.4295
11.881699999999999 7.914300000000001
11.8747 7.966899999999999
12.963099999999999 8.053799999999999
12.6303 8.0303
14.0648 8.310500000000001
12.026599999999998 8.047099999999999
12.475799999999998 8.3752
10.0418 8.209
9.870999999999999 7.1709000000000005
12.3041 7.681500000000001
13.9038 8.217999999999998
12.506 8.104099999999999
16.461100000000002 8.534600000000001
13.4473 8.661100000000001
13.273499999999999 8.6521
15.288999999999998 8.530199999999999
14.7372 8.596200000000001
15.0786 8.7657
16.648 9.3282
14.04 9.163099999999998
14.2413 8.5752
17.583 9.0614
16.617999999999995 9.228900000000001
15.1013 9.2189
12.0894 8.4133
11.4899 7.7489
15.773000000000001 7.906300000000001
23.607999999999997 9.6661
18.871999999999996 9.5818
15.3877 9.246400000000001
14.431 8.6838
18.594 9.0631
16.621 8.995099999999999
12.9801 8.4454
11.763200000000001 8.3788
12.421 7.965700000000001
18.245199999999997 8.997399999999999
16.7331 8.992999999999999
16.224 8.626000000000001
18.149 9.278599999999999
17.901000000000003 9.3249
16.266 8.992500000000001
13.465000000000002 8.701699999999999
13.757 8.511000000000001
16.205000000000002 8.3331
22.070000000000004 9.2615
16.188 9.0782
14.665000000000001 8.682200000000002
15.9658 8.724799999999998
19.895 9.4796
17.615 9.5609
16.609 9.0998
13.120000000000001 8.428
13.794699999999999 8.2373
18.326 8.572000000000001
16.392999999999997 9.2493
15.572 8.7686
18.05 8.8475
19.813000000000002 9.280999999999999
16.679 9.328299999999999
15.067 8.8801
15.154300000000001 8.545300000000001
15.069800000000003 8.713200000000002
15.093200000000001 8.5923
19.62 8.7189
16.501 8.3864
17.0964 8.976400000000002
20.337 9.020100000000001
17.444 9.0191
16.343999999999998 8.3597
15.821 8.2257
16.338 8.1967
15.232099999999999 8.219700000000001
15.462000000000002 8.599699999999999
17.27 8.9706
17.644 9.2831
18.491999999999997 9.075
19.81 9.253599999999999
15.332 9.1177
15.628999999999998 8.8789
17.250999999999998 8.9655
18.467000000000002 9.1847
16.555 9.0474
19.891000000000002 9.178700000000001
21.812000000000005 9.6906
17.119999999999997 9.274900000000002
23.859 9.5675
19.233999999999998 9.466099999999999
18.880999999999997 8.991800000000001
17.97 8.8878
21.502 9.399000000000001
18.199999999999996 9.4064
20.19 9.7123
18.802 9.1235
19.156000000000002 8.759
23.358 9.0857
21.993000000000002 9.4583
18.942999999999998 8.8574
18.931 8.7371
18.409 8.502799999999999
23.429 9.0832
25.039 9.6894
20.558 9.2526
20.346 9.2085
17.852 9.229700000000001
25.197999999999997 9.2946
21.021 9.385100000000001
19.354 9.0157
20.042999999999996 8.900899999999998
23.944000000000003 9.171900000000003
25.907000000000004 9.8643
21.907 9.942800000000002
20.470999999999997 9.088799999999999
18.8 8.993500000000001
21.195000000000004 9.0869
24.813 9.460600000000001
20.162 9.767199999999999
19.721000000000004 9.078300000000002
21.48 9.3253
23.469 9.1069
18.962 8.6746
20.441000000000003 9.083799999999998
19.723 9.0362
22.469 9.1588
24.65 9.6264
21.114 8.9665
21.882 9.305000000000001
22.221999999999998 9.6285
24.823 10.090000000000002
23.451000000000004 9.83
19.976 9.383
19.152 9.356499999999999
19.146 9.790099999999999
21.752 9.122200000000001
18.476 9.3133
21.976999999999997 9.856000000000002
20.124 9.4468
18.758 9.2988
21.923 9.587900000000001
19.623 9.4977
19.303 8.947199999999999
19.543 9.300300000000002
24.938000000000002 9.6547
19.675 9.879999999999999
21.584 9.563300000000002
18.852000000000004 9.46
22.948 10.290000000000001
21.358 10.4773
21.686 10.0718
16.753 8.909
16.073 8.744000000000002
19.978999999999996 9.2043
22.902 9.901999999999997
22.856999999999996 10.029599999999997
18.78 9.717499999999998
21.272000000000002 9.622300000000001
20.016000000000002 9.7886
21.212 9.807999999999998
17.851000000000003 9.3167
17.794999999999998 9.162099999999999
17.956000000000003 8.9328
20.180999999999997 9.5539
22.843999999999998 9.5307
22.058999999999997 10.2306
25.434 10.3937
20.275 10.5761
18.188 9.834100000000001
18.781 9.6433
18.991999999999997 9.817800000000002
20.076 9.961300000000001
18.093999999999998 9.2459
18.381 9.409099999999999
25.965 9.992700000000001
23.717 10.0722
23.481 9.876499999999998
21.252000000000002 9.9366
21.761999999999997 9.8141
18.879 9.707900000000002
19.303 9.8822
16.975 9.6525
19.091 9.754100000000001
20.542999999999996 9.7833
21.689000000000004 10.0896
20.77 10.0414
20.247999999999998 9.886199999999999
19.451999999999998 9.815700000000001
19.778100000000002 10.046399999999998
18.279999999999998 9.619299999999999
15.639999999999999 9.1529
16.791999999999998 8.759900000000002
17.271 8.983899999999998
17.924999999999997 9.387399999999998
20.621 9.669799999999999
18.023000000000003 9.4291
14.858999999999996 9.2632
17.0742 8.9187
16.109999999999996 8.9039
13.897099999999998 8.8088
16.173900000000003 8.8454
14.891700000000002 9.067
16.159499999999998 9.078
19.393 9.227500000000001
17.9599 8.9672
14.792 8.772799999999998
16.858 9.1627
15.785200000000001 8.797300000000002
13.3498 8.502300000000002
14.6575 8.5842
12.479899999999999 8.6587
14.959900000000001 8.602
17.6584 9.1343
16.9129 9.628499999999999
