26.9453 26.891999999999992
24.5243 26.853700000000007
23.060000000000002 26.637299999999996
25.915899999999993 26.92110000000001
25.594300000000004 26.844999999999985
25.112599999999997 26.8325
24.1709 26.74480000000001
24.586999999999996 26.836299999999998
27.54870000000001 27.0241
29.428600000000003 27.174599999999998
28.398200000000006 27.09539999999999
29.219000000000012 27.121799999999997
29.086899999999993 27.114200000000004
29.105200000000004 27.129900000000006
26.5488 26.9802
27.15789999999999 27.023100000000007
25.445799999999995 26.982699999999998
25.266 26.85619999999999
27.437600000000007 27.0166
25.2349 26.9235
27.033199999999997 27.030499999999996
27.534599999999998 27.0325
28.4829 27.110700000000005
23.663059999999998 26.84243
22.66274 26.286219999999993
18.320770000000003 25.967549999999996
17.235370000000003 25.778689999999997
21.537069999999996 26.130000000000003
22.45167 26.19699
22.663746 26.192189999999993
21.308253999999994 26.260300000000004
20.930854 26.13329
25.370245000000004 26.469759999999997
24.751635999999998 26.348769999999988
25.590000000000007 26.45075
25.388999999999996 26.5407
26.431799999999996 26.645099999999992
25.800199999999997 26.645599999999998
25.29730000000001 26.628600000000002
26.3243 26.709099999999996
25.582999999999995 26.678
28.2091 26.815399999999993
24.1883 26.6141
25.6509 26.69479999999999
26.272899999999993 26.706200000000006
27.541599999999995 26.836499999999997
24.922100000000004 26.69219999999999
24.8333 26.689
24.9481 26.676800000000007
26.059299999999997 26.771500000000003
26.960199999999997 26.866500000000006
25.498399999999993 26.7349
25.17310000000001 26.70370000000001
25.858600000000003 26.776300000000003
24.2416 26.652499999999996
25.774199999999993 26.797800000000006
24.25240000000001 26.726499999999998
26.438799999999997 26.881300000000003
25.0164 26.80770000000001
23.577900000000003 26.616500000000006
24.468500000000002 26.7376
23.88499999999999 26.695200000000007
25.4187 26.77430000000001
24.691200000000006 26.790999999999997
25.166700000000002 26.80150000000001
24.536800000000007 26.7726
23.187799999999996 26.729299999999995
20.21879999999999 26.54040000000001
21.736099999999997 26.5519
23.6142 26.723299999999995
24.043699999999998 26.685799999999997
23.24899999999999 26.713900000000013
25.90550000000001 26.8444
24.782600000000002 26.765000000000004
24.851899999999997 26.81059999999999
25.4666 26.823400000000007
24.008499999999998 26.760699999999993
23.140600000000003 26.657299999999996
23.0082 26.6496
24.5932 26.725699999999993
20.997299999999996 26.511899999999994
21.895400000000002 26.502100000000006
24.499600000000004 26.701299999999996
24.905099999999997 26.752400000000005
25.7758 26.7345
22.6587 26.604400000000002
22.666 26.555999999999997
25.329599999999996 26.7681
24.334900000000008 26.707600000000003
24.909299999999995 26.745799999999992
25.479200000000002 26.734299999999994
23.09770000000001 26.62329999999999
23.750500000000006 26.725199999999994
24.352600000000002 26.771399999999996
24.262500000000003 26.729999999999997
24.07240000000001 26.751499999999993
23.798199999999998 26.670900000000003
22.6352 26.6249
23.626000000000005 26.647699999999997
25.9018 26.84060000000001
23.793100000000003 26.666999999999994
24.632499999999993 26.760400000000008
23.546399999999995 26.6872
23.078399999999995 26.65519999999999
19.138499999999993 26.427699999999998
19.155699999999996 26.415399999999995
19.029399999999992 26.378200000000003
21.424500000000002 26.517700000000005
23.6044 26.7109
25.007900000000006 26.816600000000008
23.994 26.738699999999998
25.020500000000006 26.859400000000004
23.2732 26.707900000000002
24.512600000000003 26.800600000000003
24.492599999999996 26.781900000000004
23.81759999999999 26.784700000000004
22.5374 26.6799
23.620300000000004 26.7546
23.248200000000004 26.7174
21.319800000000004 26.583300000000005
23.17490000000001 26.698500000000003
24.963099999999997 26.754799999999996
23.691799999999997 26.76849999999999
23.679100000000002 26.754199999999994
21.189000000000007 26.58599999999999
22.271399999999996 26.649999999999995
22.86210000000001 26.698900000000002
23.495700000000006 26.69860000000001
23.140299999999993 26.728200000000008
22.791900000000002 26.730700000000002
21.175600000000003 26.6191
22.927599999999995 26.68040000000001
22.413299999999996 26.5669
22.578800000000008 26.538599999999995
22.536599999999996 26.579499999999996
21.912300000000002 26.508000000000003
23.0761 26.613999999999997
23.069300000000002 26.639599999999998
22.796699999999998 26.665799999999994
23.9618 26.7075
21.285300000000003 26.51469999999999
16.6634 26.184900000000006
21.264199999999995 26.512199999999996
17.294599999999992 26.266399999999994
18.078699999999998 26.252200000000002
22.32379999999999 26.53939999999999
21.288500000000003 26.4581
21.656100000000002 26.527799999999992
22.71730000000001 26.584299999999995
20.8474 26.4646
19.004699999999993 26.3247
18.859399999999997 26.3079
18.88649999999999 26.334700000000005
15.445399999999998 26.090699999999995
12.562899999999999 25.84800000000001
13.375 25.886200000000002
15.845300000000002 26.0152
18.3468 26.194500000000016
16.107300000000002 26.122400000000003
18.36809999999999 26.275599999999994
20.516999999999996 26.379399999999986
20.887400000000007 26.39249999999999
21.433100000000003 26.515
18.352400000000006 26.2667
17.7173 26.148500000000002
17.991299999999995 26.168599999999998
18.014599999999998 26.225300000000008
14.581899999999997 25.984899999999993
15.7828 25.5936
16.1386 26.12729999999999
20.81204 25.987079999999995
19.888039999999997 26.492166
17.070230000000002 25.400170000000006
20.403210000000012 25.69115
20.203470000000003 25.66492999999999
19.601199999999995 25.649099999999997
18.870489999999997 25.66022
19.118407999999995 25.66369
17.96759 25.713780000000007
18.044615 25.60889999999999
17.714691999999992 25.610140000000005
16.949400000000004 25.6151
15.7532 25.645900000000005
14.950100000000003 25.542599999999993
16.6368 25.680399999999988
16.6881 25.739599999999985
18.2356 25.853200000000005
15.781 25.691999999999997
16.547300000000003 25.766299999999998
17.2127 25.782
18.1842 25.8703
18.711900000000004 25.994899999999998
17.9918 25.8836
18.894500000000008 25.905100000000004
20.123900000000006 26.064
22.601100000000006 26.1912
22.620899999999995 26.338800000000013
18.1764 26.04069999999999
17.470200000000006 25.983800000000006
21.007400000000008 26.206500000000005
23.242100000000004 26.410199999999996
21.125 26.230900000000002
17.387899999999995 25.938399999999994
16.951 25.876799999999996
18.214599999999994 26.0142
18.662199999999995 26.11580000000001
19.6185 26.239
18.003600000000002 26.137000000000004
17.5379 26.081600000000005
19.990699999999997 26.267999999999997
19.490600000000004 26.2611
21.2829 26.353700000000003
23.589099999999995 26.529400000000003
22.540800000000004 26.513900000000007
22.8577 26.511899999999994
23.0937 26.516599999999997
22.90070000000001 26.542799999999993
21.917600000000004 26.459099999999996
23.312400000000007 26.653070000000007
23.55149 26.189690000000006
23.065830000000005 26.106240000000003
23.63467999999999 26.158340000000013
24.316819999999993 26.228800000000003
23.424139999999998 26.22157
23.036420000000003 26.157510000000002
22.985599999999994 26.2822
22.7164 26.3533
20.213099999999997 26.1607
15.760599999999997 25.932700000000015
14.0764 25.692699999999995
18.525999999999996 26.0509
19.143700000000006 26.125899999999998
20.637700000000006 26.20349999999999
14.968200000000001 25.7947
18.093500000000002 26.092100000000006
21.5977 26.295900000000007
24.3789 26.569300000000002
25.792899999999992 26.66240000000001
20.420700000000004 26.23449999999999
23.091400000000004 26.0111
22.848190000000006 26.061590000000002
23.05052 25.985809999999997
25.631740000000008 26.187559999999994
24.75194 26.622680000000003
22.852249999999998 26.01552000000001
23.26125 26.10827
23.53431 26.177840000000007
25.16181700000001 26.37547000000001
24.223699999999987 26.404230000000002
25.866099999999996 26.54349999999999
24.3515 26.4737
24.7196 26.554000000000006
24.267699999999998 26.532
26.018899999999988 26.6592
23.1057 26.552999999999994
24.5071 26.6129
25.006800000000002 26.681999999999995
24.848999999999997 26.63640000000001
26.885400000000008 26.761199999999995
26.011399999999995 26.65789999999999
26.157499999999988 26.676200000000005
25.745599999999996 26.730800000000006
26.825799999999994 26.711500000000004
27.538800000000002 26.829899999999995
25.6629 26.604099999999992
25.79820000000001 26.615600000000008
24.577600000000004 26.534900000000007
22.922999999999995 26.440100000000005
24.485300000000002 26.588000000000005
26.308499999999995 26.743100000000002
25.4025 26.64649999999999
24.8687 26.685799999999997
23.3883 26.568999999999992
25.054399999999994 26.637599999999996
22.160300000000003 26.500999999999998
19.643599999999996 26.2907
25.837899999999998 26.725699999999996
26.882300000000004 26.853800000000007
26.9545 26.954599999999996
25.8384 26.86079999999999
26.348700000000008 26.9515
27.2299 27.108500000000003
25.092100000000006 26.894299999999987
26.319700000000008 27.003599999999995
27.025899999999996 27.0906
25.1626 27.034999999999993
25.262099999999997 26.990299999999994
24.9864 26.905200000000008
