13.984 24.798
14.091999999999999 24.786
14.52 24.786
14.04 24.779999999999998
13.773000000000001 24.786
13.041999999999998 24.768
12.852 24.768
13.175 24.768
12.206999999999999 24.768
12.539 24.768
12.299 24.768
12.061000000000002 24.768
12.332 24.768
11.847000000000001 24.768
11.816 24.768
12.139999999999999 24.768
11.742999999999999 24.768
11.379999999999999 24.768
12.573 24.768
12.308 24.768
12.242 24.768
12.078 24.768
11.648 24.768
11.584 24.768
12.386000000000001 24.768
12.256 24.768
11.359 24.768
11.615999999999998 24.768
11.069 24.762
11.128 24.768
11.200000000000001 24.762
11.723 24.768
11.709 24.768
11.5 24.762
11.313 24.762
10.542000000000002 24.762
11.686 24.768
11.102 24.768
11.109 24.768
11.001000000000001 24.768
11.139000000000001 24.762
11.042 24.762
10.896999999999998 24.768
10.892 24.762
10.547 24.756
11.026 24.768
11.392999999999999 24.762
11.78 24.762
11.667000000000002 24.768
11.298 24.768
10.802 24.762
11.193999999999999 24.768
11.063 24.762
10.516 24.762
10.333 24.762
9.214 24.756
9.199 24.756
10.355 24.756
9.708 24.756
10.249 24.756
10.428 24.756
10.193999999999999 24.762
10.011000000000001 24.756
10.325999999999999 24.756
10.142999999999999 24.756
9.818 24.762
9.688999999999998 24.756
10.059 24.756
10.144 24.756
9.946 24.756
9.399000000000001 24.75
9.806000000000001 24.756
10.812999999999999 24.756
9.888 24.756
10.318 24.756
9.997 24.756
9.939 24.756
10.232000000000001 24.756
10.540999999999999 24.756
11.057 24.756
10.818 24.75
11.396 24.756
10.719000000000001 24.75
11.337 24.756
12.412999999999998 24.768
12.283 24.762
13.205 24.768
12.924000000000003 24.768
12.029 24.768
12.675999999999998 24.768
13.174999999999997 24.768
13.208 24.768
12.936 24.768
12.786 24.768
13.055 24.768
12.936999999999998 24.768
13.472999999999999 24.773999999999997
13.687 24.768
13.764 24.768
13.964000000000002 24.773999999999997
13.674999999999999 24.773999999999997
12.787 24.773999999999997
12.958 24.773999999999997
13.428 24.773999999999997
12.964 24.773999999999997
12.744 24.773999999999997
13.177 24.773999999999997
12.973 24.773999999999997
13.459999999999999 24.773999999999997
13.464 24.768
12.632000000000001 24.768
12.998000000000001 24.768
12.748000000000001 24.768
12.634 24.768
13.214 24.768
12.940000000000001 24.774
13.688 24.774
13.748 24.768
13.559000000000001 24.774
13.128 24.774
13.809000000000001 24.774
13.896 24.779999999999998
13.315 24.774
12.857 24.768
12.638 24.768
12.384 24.768
12.525 24.774
12.328 24.774
12.039000000000001 24.774
12.143 24.768
12.698 24.774
12.103 24.768
12.942 24.768
12.607 24.774
12.177 24.768
13.068000000000001 24.762
12.661999999999999 24.762
12.259 24.762
12.543 24.774
11.835 24.762
12.251000000000001 24.762
12.571000000000002 24.762
12.1 24.768
11.881 24.768
12.575 24.774
11.947 24.762
11.916999999999998 24.762
11.909999999999998 24.762
11.745 24.762
11.604 24.762
11.853 24.768
11.902 24.762
11.85 24.768
11.782 24.768
11.739 24.768
11.847 24.756
12.369 24.774
11.984 24.756
12.345 24.774
12.520999999999999 24.774
12.748000000000001 24.768
12.473 24.768
12.772 24.768
12.514999999999999 24.768
12.628999999999998 24.768
12.808 24.762
12.506 24.768
12.543000000000001 24.768
13.337000000000002 24.768
12.950999999999999 24.773999999999997
13.171 24.762
13.379 24.773999999999997
13.064 24.762
12.966 24.768
12.908999999999999 24.768
13.028 24.762
12.815000000000001 24.762
12.564 24.762
12.47 24.756
12.803 24.768
13.219999999999999 24.768
12.573 24.762
12.513 24.768
12.985 24.762
12.717 24.768
12.666 24.768
12.522 24.768
12.564 24.768
12.377 24.768
12.580000000000002 24.768
12.709999999999999 24.768
12.563000000000002 24.762
12.841 24.768
12.208 24.768
12.384 24.768
12.867999999999999 24.768
12.529000000000002 24.768
12.833 24.768
12.894 24.768
12.711 24.768
13.033999999999999 24.768
12.793 24.762
12.586 24.768
12.497 24.774
12.728 24.768
12.497 24.768
13.22 24.768
12.867 24.768
12.861 24.768
12.479999999999999 24.762
12.790000000000001 24.768
12.368 24.768
12.561 24.768
12.628 24.768
12.933 24.768
12.631 24.768
13.177 24.768
12.606 24.768
12.693999999999999 24.768
12.695 24.768
12.690000000000001 24.768
12.588 24.768
12.653 24.768
12.382 24.768
12.081999999999999 24.768
12.197 24.762
12.261999999999999 24.768
12.283 24.768
12.857000000000001 24.768
12.293 24.768
12.616 24.768
12.513 24.768
12.473 24.768
12.287 24.768
12.759 24.768
13.007000000000001 24.774
12.725 24.768
12.839999999999998 24.768
12.927 24.768
13.100999999999999 24.774
13.710999999999999 24.774
13.261000000000001 24.774
13.812 24.774
13.575000000000001 24.774
13.671 24.774
13.223 24.768
13.13 24.768
12.839 24.768
12.597999999999999 24.773999999999997
12.508999999999999 24.773999999999997
12.597999999999999 24.773999999999997
12.714999999999998 24.768
13.101 24.773999999999997
12.451 24.773999999999997
12.702 24.773999999999997
12.844999999999999 24.773999999999997
13.293999999999997 24.773999999999997
12.825999999999999 24.768
12.939 24.768
12.861 24.768
12.939 24.768
12.891000000000002 24.768
12.705 24.768
12.622 24.773999999999997
12.414 24.774
12.601999999999999 24.774
12.681000000000001 24.774
12.814999999999998 24.774
12.622999999999998 24.774
12.811 24.774
13.113999999999997 24.774
13.055 24.774
13.224 24.774
13.136999999999999 24.774
13.293 24.774
13.008999999999999 24.774
13.898 24.779999999999998
13.617 24.774
13.116999999999997 24.774
13.208 24.774
12.744 24.774
12.745000000000001 24.774
12.976 24.768
13.55 24.768
13.137000000000002 24.768
13.339 24.768
12.97 24.768
12.561 24.768
