17.357400000000002 116.257
17.0501 116.257
16.461599999999997 116.25600000000003
16.539800000000003 116.28300000000003
16.87729999999999 116.28500000000001
16.7338 116.266
16.560300000000005 116.292
16.299899999999997 116.29500000000002
17.3042 116.29800000000003
16.970800000000008 116.31200000000001
17.329000000000004 116.35700000000003
16.917100000000005 116.84100000000002
16.933699999999995 116.798
16.8221 116.83400000000002
17.843999999999998 116.83400000000002
17.0758 116.83299999999998
17.218200000000003 116.83399999999999
17.181499999999993 116.842
17.605900000000002 116.843
17.688899999999993 116.82700000000001
17.9859 116.85499999999998
17.439700000000002 116.848
17.226399999999995 116.84899999999998
17.305799999999998 116.85900000000001
17.697000000000003 116.855
17.7326 116.85800000000002
18.721899999999994 117.10700000000006
18.637999999999998 117.13700000000003
18.508000000000003 117.13400000000003
17.953700000000005 117.15400000000005
17.686499999999995 117.23700000000001
17.51889999999999 117.232
17.755399999999998 117.35000000000002
17.108 117.38300000000001
17.099599999999995 117.37800000000004
17.3209 117.38000000000004
16.988499999999995 117.38400000000004
17.2344 117.38300000000001
17.195999999999998 117.38000000000002
17.146399999999996 117.37800000000003
16.9564 117.40400000000002
17.690799999999992 117.469
17.542900000000007 117.52400000000003
17.414199999999997 117.50800000000004
17.302400000000002 117.52000000000002
17.286799999999992 117.51600000000002
16.914600000000004 117.51200000000004
16.7501 117.51100000000005
17.812 117.52500000000006
17.7724 117.52400000000006
17.760000000000005 117.52700000000004
17.698900000000002 117.53300000000004
17.466800000000003 117.51600000000005
16.7718 117.55600000000004
17.225700000000003 117.58800000000002
17.5169 117.58000000000004
17.156399999999998 117.56800000000005
17.025299999999994 117.57300000000006
17.1903 117.57700000000003
17.338899999999995 117.567
16.8388 117.56800000000005
16.8751 117.58000000000004
16.067099999999996 117.57000000000004
16.685599999999997 117.56600000000003
16.245999999999995 117.56400000000005
16.721099999999993 117.58300000000004
16.2602 117.72100000000006
16.132499999999997 117.72100000000006
16.597100000000005 117.72300000000004
16.514700000000005 117.80400000000006
16.180100000000003 117.79100000000004
16.144400000000005 117.78700000000006
16.038500000000006 117.79300000000006
17.0041 117.78700000000006
17.192400000000003 117.78700000000006
17.427499999999995 117.79000000000006
18.80589999999999 117.85600000000002
18.972400000000004 117.98200000000003
20.089800000000004 118.16100000000003
19.798199999999998 118.15200000000007
19.942399999999996 118.15800000000003
19.9241 118.17100000000002
18.7665 118.17600000000003
18.162100000000006 118.18100000000004
17.634000000000004 116.63000000000001
16.480800000000002 116.62900000000003
16.6794 116.67800000000004
18.931900000000006 116.87400000000001
19.013699999999996 117.78080000000004
17.2515 117.79500000000004
16.299999999999994 117.80200000000004
16.401500000000002 117.80100000000002
16.876900000000003 117.80100000000002
17.904799999999998 117.81600000000006
17.037999999999997 117.86500000000007
16.6672 117.88400000000006
16.525599999999997 117.87000000000003
16.7941 117.87200000000004
16.379399999999997 117.86900000000004
16.3615 117.87900000000005
16.958000000000006 117.86700000000003
17.380199999999995 117.87700000000004
17.2913 117.87400000000004
17.7111 117.94800000000001
16.482599999999994 117.98300000000003
15.9855 117.98900000000003
15.837899999999994 117.99900000000001
16.5138 118.00200000000002
17.412300000000002 118.02300000000001
16.3088 117.99700000000004
16.7687 117.97300000000004
16.493399999999994 117.99000000000002
16.2982 117.98700000000004
16.149 117.99300000000001
16.18089999999999 118.00100000000002
17.436399999999992 118.00300000000004
17.464900000000004 118.01200000000003
18.052200000000003 118.01800000000003
17.884 118.02600000000001
18.045600000000007 118.03800000000003
16.715200000000003 118.02000000000004
17.369599999999995 118.02200000000002
74.78929999999997 118.40200000000003
17.924500000000002 118.74
18.166699999999995 118.73599999999998
17.823199999999993 118.76299999999999
19.230999999999998 118.729
19.9138 118.73700000000002
19.475500000000007 118.73099999999998
19.535100000000007 118.74900000000001
19.443800000000007 118.753
17.6798 118.73799999999999
17.841399999999997 118.753
18.5324 118.73599999999999
17.983199999999997 118.73400000000002
17.126999999999995 118.73500000000004
17.300100000000008 118.72800000000001
18.127100000000006 118.72900000000001
18.4712 118.729
21.48990000000001 118.73700000000001
20.910099999999993 118.89700000000003
20.0097 118.94300000000003
20.053300000000004 118.94200000000001
18.802899999999998 118.94500000000004
17.573900000000002 117.61500000000001
20.182700000000008 107.49379999999998
18.830500000000004 98.81929999999997
31.720900000000007 95.4914
33.4297 88.06269999999998
40.793 81.51009999999997
41.072500000000005 74.3819
44.8355 77.11240000000001
35.85070000000002 77.80439999999999
33.316 78.15919999999998
32.053500000000014 78.61540000000001
28.6843 79.7165
28.2383 80.0782
24.629199999999997 80.43900000000002
26.2955 80.60959999999999
25.39080000000001 80.78519999999997
26.347399999999993 81.10239999999997
24.055499999999995 81.45109999999998
24.988099999999996 81.73189999999997
23.563199999999995 82.00110000000001
21.9952 82.3393
22.411599999999993 83.51979999999999
21.126400000000004 83.91829999999997
21.292299999999997 84.04829999999998
23.3223 84.30229999999997
23.1275 84.40129999999999
23.273899999999994 84.53389999999999
23.57969999999999 84.70689999999998
23.35770000000001 84.91449999999998
22.8743 85.11249999999995
22.703699999999998 85.41899999999998
22.0778 85.69099999999999
22.337100000000003 85.78400000000002
21.6662 85.88699999999999
21.5027 85.96
21.6536 85.963
22.330600000000015 86.00899999999999
23.212199999999996 86.23
23.5835 86.533
22.793800000000005 86.89099999999999
22.323600000000013 86.95400000000002
21.981499999999997 87.01500000000001
22.1443 87.20400000000001
21.451599999999992 87.53399999999999
21.809899999999995 87.55699999999999
22.080799999999993 87.576
22.63399999999999 87.68199999999996
22.24900000000001 88.19799999999995
21.7797 88.36999999999998
21.490300000000005 88.43899999999998
21.585400000000014 88.49399999999996
22.831499999999995 88.67899999999999
22.845300000000005 89.01099999999997
22.2902 89.152
21.670099999999998 89.38000000000001
21.838499999999996 89.637
21.661499999999993 89.72400000000002
23.022100000000005 89.859
22.769199999999998 89.96
23.601000000000003 90.142
24.780199999999997 90.476
25.73740000000001 90.717
25.744600000000002 91.10199999999998
23.7471 91.46799999999999
23.093100000000007 91.54199999999997
22.671100000000006 91.58599999999998
22.678700000000003 91.77099999999994
22.997699999999995 91.83599999999996
22.939399999999996 91.92299999999994
22.450599999999994 91.984
22.190000000000005 92.06799999999998
24.070700000000002 92.15399999999998
25.077200000000005 92.36499999999998
22.89729999999999 92.341
23.561500000000013 92.438
22.65650000000001 92.62599999999998
23.49420000000001 92.79399999999998
22.9342 92.78899999999999
22.722600000000003 92.78899999999999
23.237299999999998 92.88999999999999
23.179699999999993 92.87399999999998
23.537399999999995 92.88399999999997
23.003799999999995 92.89299999999999
22.915199999999995 92.94299999999997
22.819900000000008 93.05300000000003
23.41240000000001 93.144
24.212200000000006 93.244
25.0888 93.30999999999999
25.145400000000002 93.31099999999998
25.285599999999995 93.315
24.0748 93.45199999999998
23.2504 93.58099999999999
24.354400000000005 93.734
23.1841 93.92299999999999
22.701399999999996 93.96799999999999
23.891800000000003 94.085
23.085100000000004 94.40199999999997
23.120499999999993 94.64799999999998
23.198900000000013 94.81300000000002
23.413799999999995 94.84399999999998
23.391799999999993 94.887
24.4707 95.07200000000002
24.368699999999993 95.799
23.2571 96.068
24.171000000000003 96.684
22.675599999999996 96.856
23.478599999999997 96.97000000000003
24.1651 97.04100000000001
24.492699999999996 97.411
24.44359999999999 97.799
23.727899999999998 97.80499999999999
24.035699999999995 97.81099999999999
25.486800000000002 97.966
23.6988 98.294
24.839400000000005 98.36500000000001
23.6594 98.54799999999999
24.011200000000006 97.579
24.148599999999995 97.60400000000001
23.297100000000004 97.84900000000002
26.7283 98.19210000000002
25.822300000000002 98.96500000000003
24.477700000000002 98.99280000000002
24.6945 99.00030000000001
24.268500000000003 99.00580000000001
24.816000000000006 99.01830000000001
23.7956 99.03190000000001
23.265299999999993 99.02140000000003
23.123800000000003 99.03790000000002
23.248700000000003 99.02690000000004
23.208399999999997 99.03990000000003
23.533500000000004 99.06490000000004
23.410500000000013 99.09490000000002
23.480299999999996 99.10040000000001
23.648799999999998 99.09440000000002
23.171499999999988 99.10540000000003
22.979899999999994 99.11440000000002
22.763600000000007 99.11940000000004
23.295499999999986 99.19540000000005
22.8589 99.30090000000003
23.3425 99.31540000000001
23.1753 99.31190000000002
23.9615 99.31790000000004
23.269399999999997 99.35650000000001
22.4741 99.33390000000001
