35.559 22.674999999999997
34.795 22.686999999999998
33.428999999999995 22.749
30.329 22.71
34.785 22.723
33.142 22.71
33.379999999999995 22.723
31.159 22.766000000000002
30.487 22.747
39.04 22.809
40.035 22.912
28.809 22.943
35.099000000000004 23.03
30.31 23.003999999999998
29.044999999999998 22.972000000000005
30.669 23.003
31.255 23.053
27.088999999999995 23.021
28.906 23.027
28.642999999999997 23.047
27.35 23.058
26.233 23.071
27.154 23.188
25.255000000000006 23.199
25.671 23.193
25.977 23.217000000000002
26.898 23.224
24.463 23.199
26.709 23.23
22.016 23.192
26.868 23.230999999999998
25.794 23.267000000000003
22.930999999999997 23.279000000000003
22.907 23.248
26.666 23.273000000000003
24.511 23.279000000000003
24.102999999999998 23.249
24.005 23.261000000000003
32.857 23.284000000000002
33.542 23.401
23.791999999999998 23.414
20.434 23.402
20.142000000000003 23.383
21.802000000000003 23.414
22.125 23.457
20.863 23.578
21.898 23.652
21.374 23.639000000000003
21.496000000000002 23.627
21.448 23.749000000000002
19.801 23.749000000000002
22.46 23.78
21.809 23.804
21.008 23.810000000000002
20.403999999999996 23.792
21.776999999999997 23.816
22.596000000000004 23.853
21.221999999999998 23.901
20.916999999999998 23.907
20.69 23.889
22.174 23.895
20.953 23.907
23.578 23.944
21.886999999999997 23.95
21.71 23.956
22.133 23.932000000000002
22.241 23.944
19.659000000000002 23.944
19.793 23.932
19.701999999999998 23.918999999999997
20.080000000000002 23.931
20.563000000000002 23.919
23.596 23.931
22.607 23.944000000000003
20.973000000000003 23.931
21.912000000000003 23.950000000000003
24.413 23.950000000000003
19.854 23.938000000000002
22.222 23.945
22.112 23.963
24.291 23.950000000000003
19.031 23.938000000000002
19.473 23.950000000000003
17.748 23.938000000000002
19.153000000000002 23.944000000000003
19.836 23.950000000000003
19.349000000000004 23.932000000000002
19.261999999999997 23.939
20.166 23.951
18.469 23.932000000000002
18.768 23.945
20.708000000000002 23.932000000000002
18.243 23.913999999999998
18.047 23.927
19.073999999999998 23.927
18.311 23.951
17.871000000000002 23.951
17.655 23.95
17.223 23.962
16.865000000000002 23.938000000000002
17.401 23.95
17.471999999999998 23.938000000000002
16.847 23.951
17.962999999999997 23.95
17.483 23.938000000000002
16.858999999999998 23.938000000000002
16.205 23.944000000000003
17.328999999999997 23.938
16.688 23.957
17.806 23.95
17.427999999999997 23.962
15.963 23.982
16.278000000000002 24.055
16.503 24.067
16.443 24.067
16.355 24.067000000000004
15.612 24.115000000000002
16.228 24.152
17.929000000000002 24.139
16.29 24.182
15.625 24.201
16.165999999999997 24.183
15.729000000000001 24.188
15.14 24.256
15.372 24.273999999999997
16.032 24.268
16.177000000000003 24.28
16.692 24.268
16.003 24.268
17.215 24.268
16.781000000000002 24.268
16.666000000000004 24.274
16.667 24.28
16.592000000000002 24.261
16.63 24.274
15.706999999999999 24.268
16.198999999999998 24.261
15.406 24.261
16.621999999999996 24.272999999999996
14.782 24.261
15.495000000000001 24.255
15.384 24.266999999999996
15.298 24.261
16.547 24.267
16.535 24.279999999999998
15.827 24.268
17.311 24.274
16.933999999999997 24.28
16.446 24.268
15.928 24.267
17.23 24.273999999999997
16.169 24.267
16.843 24.267
17.608999999999998 24.272999999999996
18.017 24.278999999999996
18.560000000000002 24.278999999999996
19.881999999999998 24.291999999999998
20.14 24.279
15.256 24.273
17.107999999999997 24.279
16.864 24.273
19.076 24.291
16.438999999999997 24.278999999999996
17.935 24.279
17.44 24.28
19.869999999999997 24.291999999999998
17.863 24.28
18.014 24.279
19.111 24.305
19.466 24.292
18.799 24.291999999999998
25.317 24.298000000000002
30.758000000000003 24.292
27.887 24.292
20.056 24.304000000000002
20.416 24.31
19.451999999999998 24.31
21.380000000000003 24.335
21.294999999999998 24.317
21.357 24.304
21.564 24.323
23.426 24.341
25.220000000000002 24.328
23.206 24.359
24.860000000000003 24.450999999999997
24.241999999999997 24.444000000000003
24.163999999999998 24.451
23.987 24.42
23.607999999999997 24.433
23.632 24.468999999999998
24.78 24.517999999999997
27.411 24.537000000000003
32.592999999999996 24.590999999999998
33.406000000000006 24.579
25.671 24.566
26.379 24.579
26.434 24.584999999999997
24.470000000000002 24.604000000000003
29.29 24.628
29.212 24.634
27.795 24.61
28.826 24.628
27.441 24.616
30.078 24.634
33.613 24.67
31.116999999999994 24.657999999999998
29.688 24.647000000000002
29.839 24.652
30.311 24.688000000000002
31.218999999999998 24.688000000000002
32.861 24.72
35.897 24.718999999999998
31.287 24.7
33.196 24.725
35.193999999999996 24.781
35.705 24.78
36.388999999999996 24.805
40.727000000000004 24.811
35.216 24.939999999999998
37.44 24.977
39.623999999999995 24.977
39.318 24.989
40.01499999999999 25.025000000000002
38.576 24.989000000000004
37.683 24.97
36.487 24.995
38.879 24.983
37.207 24.958
49.501999999999995 25.007
49.207 24.977
38.312999999999995 24.958
37.494 24.958
37.463 24.995
38.306 24.995
40.993 25.001
34.33200000000001 24.959
37.354 24.977
37.806 24.983
35.167 24.977
36.841 24.994999999999997
37.646 24.989
35.438 24.995
33.532999999999994 24.994999999999997
31.781 25.038
33.928999999999995 25.026
32.666000000000004 25.026
34.300999999999995 25.032
33.367000000000004 25.012999999999998
39.335 25.006
34.739 25.006
33.544999999999995 25.012999999999998
34.668 25.026
35.223 25.056
36.931999999999995 25.067999999999994
31.554 25.086
33.495999999999995 25.165
34.296 25.153
38.365 25.141
34.521 25.171
34.748000000000005 25.153
36.945 25.153
34.685 25.166
33.692 25.145999999999997
36.341 25.165
34.655 25.183
34.587999999999994 25.152
37.096 25.141
34.716 25.147
34.491 25.152
34.245999999999995 25.134
34.083 25.154
34.437 25.157999999999998
33.838 25.147
34.544999999999995 25.141
33.979 25.159
33.801 25.141
34.729 25.166
34.759 25.171
40.23900000000001 25.165
42.61800000000001 25.165
44.230999999999995 25.177
33.96 25.134999999999998
30.908 25.14
33.562999999999995 25.166
33.062 25.153
33.046 25.178
31.683 25.169999999999998
31.923000000000002 25.159
