11.432 8.6474
12.823400000000001 8.7512
10.74 8.428099999999999
12.3696 8.794699999999999
10.346200000000001 8.3926
11.6507 8.361699999999999
9.6134 8.031
10.456499999999998 7.689
11.282900000000001 7.851599999999999
10.691499999999998 7.779799999999999
12.152800000000001 8.2921
10.373299999999999 8.2007
15.022999999999998 8.407200000000001
12.2724 8.7048
11.2706 8.473299999999998
9.334399999999999 7.9307
10.9916 8.0691
10.678 8.2795
9.7374 8.0857
10.6954 8.1816
8.9994 7.8543
9.600800000000001 7.897499999999999
8.763300000000001 7.9027
9.1353 7.5786999999999995
8.083699999999999 7.59
9.921100000000001 7.6751
10.968 7.839299999999999
11.2388 8.175500000000001
9.682599999999999 8.2341
9.740600000000002 8.083599999999999
10.2597 8.1125
10.2615 8.1345
10.6593 7.811
10.2775 7.673700000000001
10.8291 7.7201
11.457 7.774100000000001
11.8807 8.389899999999999
10.0809 8.019400000000001
10.963600000000001 7.9872
11.5946 8.245199999999999
10.5599 8.402899999999999
10.104800000000001 7.7383
9.258999999999999 7.6254
8.7057 7.1564000000000005
8.8946 7.5741000000000005
8.340800000000002 7.647600000000001
9.1714 7.7440999999999995
8.3125 7.7141
12.258899999999997 7.7958
10.229099999999999 8.644599999999999
10.9944 8.236000000000002
11.142500000000002 8.690099999999997
8.8065 7.972700000000001
9.791099999999998 7.963599999999999
8.529900000000001 7.734000000000001
8.9644 7.9766
10.385 8.4435
11.3445 8.514199999999999
9.7914 8.137500000000001
10.0246 7.742399999999999
9.9275 8.179400000000001
8.078000000000001 7.5058
10.350099999999998 7.8244
8.8381 7.3698
9.1404 7.5139
8.600299999999999 7.8876
10.395300000000002 8.0925
8.8115 8.428
7.555499999999999 8.0388
8.0402 7.6042
8.5353 7.353899999999999
8.7257 7.6591000000000005
7.849899999999998 7.9636
8.540899999999999 7.481399999999999
9.4191 7.969599999999999
9.054200000000002 7.826599999999999
9.941199999999998 8.1613
9.4033 8.159899999999999
10.4758 8.772200000000002
8.500300000000001 7.9372
8.299699999999998 7.647300000000001
9.049499999999998 8.1237
9.820700000000002 8.548800000000002
8.9514 8.2909
11.4209 8.605199999999998
9.709299999999999 8.8219
10.204600000000001 8.144400000000001
9.7845 8.268
8.886199999999999 7.742399999999999
9.217600000000001 7.575
9.922400000000001 7.7353000000000005
9.3441 8.0076
9.3597 8.1906
9.447399999999998 7.979900000000001
9.748999999999999 7.9226
11.058300000000001 8.4468
9.445999999999998 8.469399999999998
10.1605 8.277800000000001
9.8765 8.6404
8.865000000000002 8.097399999999999
9.4634 7.857199999999999
9.4113 7.937100000000001
10.717500000000001 8.1649
9.964800000000002 8.270199999999999
12.851399999999998 8.6501
12.389600000000002 8.7503
11.834900000000001 8.405899999999999
9.5861 7.8531
11.056099999999999 7.8233
11.011 8.3337
11.679499999999997 8.876199999999999
11.816 8.419699999999999
11.3231 8.408299999999999
10.7785 8.3168
9.9488 8.322099999999999
10.5653 8.071200000000001
9.818900000000001 7.9841
10.786000000000001 7.569200000000001
12.964399999999998 8.2181
12.721599999999999 8.618
11.3409 8.341600000000001
11.732300000000002 8.2137
11.585700000000001 8.758099999999999
11.0247 8.5707
9.968900000000001 8.458300000000001
9.7936 8.142299999999999
9.1919 7.6865000000000006
13.493599999999997 8.2547
11.0056 8.5536
10.064699999999998 8.099499999999999
12.1974 8.9118
9.0079 7.989699999999999
10.198599999999999 7.881099999999999
9.7213 7.591399999999999
10.4665 7.9279
11.517500000000002 8.1857
13.4029 8.919400000000001
12.416200000000002 9.503599999999999
10.651 9.258700000000001
11.178199999999999 8.904
11.083599999999997 8.510499999999999
11.1217 8.6887
9.243500000000001 7.883499999999999
10.7295 8.260299999999999
11.971799999999998 8.274
10.9009 8.442300000000001
11.759899999999998 8.266
12.6757 8.613300000000002
12.112900000000002 8.519000000000002
11.4188 8.433399999999999
11.8311 8.5
10.8681 8.361
11.591399999999998 8.5028
11.266499999999999 8.1707
14.158399999999999 8.796899999999999
11.1339 8.9331
12.0725 8.8948
16.326169999999998 9.7713
11.299499999999998 8.4016
12.281 8.1395
10.8918 7.6659999999999995
10.198599999999999 7.7402
10.809600000000001 7.9045000000000005
11.802200000000001 8.264899999999999
13.770399999999999 8.5684
11.881 8.648800000000001
11.9318 8.290799999999999
11.148900000000001 8.3903
13.9758 8.308000000000002
13.034299999999998 9.009
11.3135 8.950700000000001
10.912099999999999 8.4997
11.6841 8.576
12.123600000000001 8.4527
14.108300000000002 8.6456
13.129199999999999 8.9767
14.396700000000001 8.437700000000001
12.9726 8.714
13.0798 8.946099999999998
11.272100000000004 8.644900000000002
13.9202 8.8786
12.0787 8.5446
14.291400000000001 8.7834
13.3656 8.870300000000002
13.0973 8.723299999999998
14.520800000000001 8.965800000000002
13.588999999999999 8.7978
12.254099999999998 8.501100000000001
12.484399999999999 8.4127
12.867500000000001 8.6903
13.7371 8.7258
13.7493 8.854999999999999
14.211099999999998 9.3251
13.7903 9.1309
14.105199999999998 8.997800000000002
12.784899999999999 8.7333
14.490400000000001 8.3748
14.286500000000002 8.6652
13.2715 8.5896
13.536999999999999 8.6985
13.9328 8.718499999999999
13.002600000000001 8.243599999999999
13.7192 8.235399999999998
15.450000000000003 8.394599999999999
13.408999999999999 8.8139
14.0261 8.843
12.396199999999999 8.5699
13.101300000000002 8.5891
13.408399999999999 8.810799999999999
15.168999999999999 9.3571
13.952 9.0713
12.960699999999997 8.6481
15.977400000000003 9.0369
11.9155 9.323400000000001
12.788200000000002 8.455300000000001
12.926000000000002 8.9092
11.3918 8.1946
11.848999999999997 8.251800000000001
12.2177 8.1254
12.933 8.714
11.533900000000001 8.3248
14.713999999999999 8.6507
11.287899999999999 8.787600000000001
12.471600000000002 8.6649
13.273300000000003 8.9915
11.8812 8.589700000000002
13.0015 8.7778
13.597999999999999 8.505999999999998
12.626000000000001 8.4459
11.313799999999999 8.487099999999998
14.396299999999998 8.763000000000002
10.979600000000001 9.0377
10.775799999999998 8.2383
11.9566 8.6295
11.7839 8.559199999999999
14.244299999999999 8.9521
14.825000000000003 8.9329
13.866100000000001 8.912099999999999
12.3789 8.613100000000001
13.127600000000001 8.4573
11.1527 8.4857
11.9765 8.1878
11.6851 8.629900000000001
9.868099999999998 8.5099
11.857099999999999 8.2078
14.454999999999998 8.8447
13.256099999999998 8.970799999999999
15.849600000000002 9.266699999999998
14.033000000000001 9.6758
12.6453 9.535
12.359099999999998 8.8173
12.4333 8.976400000000002
12.724300000000003 8.815900000000001
11.614099999999999 8.678799999999999
12.634400000000001 8.539200000000001
11.171799999999998 8.790199999999999
12.0808 8.7716
11.8154 8.585700000000001
11.4084 8.6083
10.3472 8.039100000000001
13.465999999999998 8.340300000000001
12.360100000000001 8.289200000000001
12.127699999999999 8.738
11.0513 8.495899999999999
12.718300000000001 8.308200000000001
11.6077 8.299900000000001
12.3102 8.4687
10.697500000000002 8.4297
9.743099999999998 8.187700000000001
11.8697 8.3852
10.8433 8.8848
11.886099999999997 8.456600000000002
9.663899999999998 8.0311
9.179799999999998 7.687400000000001
12.512 8.1933
10.283800000000001 8.463099999999999
10.3223 8.1249
9.9753 8.328699999999998
9.342399999999998 7.7703999999999995
9.381400000000001 7.870600000000001
9.551000000000002 8.498800000000001
10.458899999999998 8.246599999999999
9.704699999999999 8.469700000000001
10.536599999999998 7.9483999999999995
10.7675 8.0035
8.7762 7.457
10.3918 7.854500000000001
8.585 7.689800000000001
