19.384969999999992 21.777699999999996
13.49459 19.347300000000004
13.202649999999998 19.951399999999996
12.68872 19.342000000000002
11.156820000000002 18.9847
14.401349999999995 20.272900000000003
19.422369999999997 21.917999999999992
13.474429999999998 19.302099999999996
13.296759999999995 19.8667
12.786199999999996 19.406799999999997
11.083129999999999 18.9329
14.410459999999997 20.244499999999995
19.502380000000002 21.739299999999993
13.60701 19.326999999999998
13.314189999999995 19.87100000000001
12.757319999999995 19.350600000000007
11.223459999999996 19.018499999999992
14.571070000000002 20.2313
19.742470000000008 21.8029
13.636250000000002 19.423299999999994
13.412990000000002 19.79740000000001
12.996890000000002 19.419999999999998
11.100319999999998 18.9482
14.494529999999994 20.132700000000007
19.619799999999994 21.735
13.635959999999999 19.290400000000005
13.361830000000003 19.911400000000004
12.782070000000001 19.348900000000004
11.22067 18.943199999999997
14.45574000000001 20.173699999999997
19.579440000000005 21.762400000000014
13.70232 19.416099999999997
13.464529999999996 19.8085
12.985699999999998 19.45920000000001
11.308929999999998 19.1049
14.551300000000001 20.3824
19.4184 21.926199999999994
13.644319999999999 19.498799999999996
13.261260000000007 19.909700000000008
12.70039 19.508899999999997
11.106610000000002 19.071599999999993
14.3891 20.347700000000003
19.490909999999996 21.8423
13.631239999999996 19.436999999999998
13.406080000000001 19.858899999999995
12.914060000000003 19.319099999999988
11.33754 18.85989999999999
14.597150000000003 20.23180000000001
19.84538 21.662200000000002
13.767899999999997 19.3121
13.379109999999999 19.869999999999997
12.922299999999995 19.405800000000003
11.313859999999998 19.010499999999997
14.509380000000005 20.251599999999996
19.59553999999999 21.716300000000004
13.60472 19.316999999999993
13.345270000000001 19.910500000000013
12.868400000000001 19.263699999999993
11.179839999999999 19.0231
14.39095 20.235400000000006
19.56143000000001 21.665100000000006
13.54707 19.309200000000004
13.387840000000006 19.824999999999992
12.941149999999995 19.233400000000007
11.262919999999998 18.903200000000002
14.418239999999999 20.13939999999999
19.519560000000002 21.689100000000007
13.694369999999997 19.316999999999997
13.366620000000006 19.750000000000004
12.711069999999996 19.29129999999999
11.097659999999998 18.9383
14.387649999999999 20.0965
19.452100000000005 21.722399999999993
13.543539999999993 19.3267
13.304120000000003 19.809699999999996
12.695369999999995 19.337799999999994
11.15489 18.94339999999999
14.538910000000005 20.070699999999995
19.7402 21.791199999999993
13.721750000000005 19.383
13.225909999999995 19.937000000000005
12.697349999999998 19.2185
10.98439 18.83780000000001
14.248019999999997 19.935199999999995
19.252639999999996 21.4772
13.667620000000005 19.104599999999994
13.408619999999999 19.7347
12.74238 19.2098
11.011190000000001 18.889500000000005
14.26867 20.271299999999997
19.356540000000003 21.810599999999994
13.329189999999999 19.361700000000003
13.217299999999998 19.953900000000008
12.53465 19.410600000000002
10.953430000000003 18.969700000000003
14.273580000000004 20.265199999999997
19.46204 21.839799999999997
13.551850000000004 19.432199999999998
13.29385 19.756699999999984
13.011900000000006 19.264699999999994
11.294629999999998 18.899000000000015
14.764730000000004 20.125199999999992
19.845019999999998 21.838500000000003
13.714990000000007 19.4155
13.31519 20.015899999999988
12.62558 19.393600000000003
11.016399999999999 18.9696
14.31732999999999 20.133899999999997
19.65426999999999 21.818199999999997
13.616699999999998 19.474000000000004
13.362459999999995 19.92589999999999
12.865099999999998 19.296599999999994
11.126549999999998 18.967299999999998
14.474240000000002 20.257199999999997
19.608639999999994 21.974299999999996
13.556879999999992 19.40109999999999
13.27181 19.777399999999997
12.751690000000002 19.406000000000002
11.191250000000005 18.8762
14.509239999999998 20.207699999999992
19.551890000000007 21.8635
13.573129999999999 19.366099999999996
13.365560000000002 19.92749999999999
12.925750000000006 19.4255
11.157579999999994 18.915200000000006
14.442289999999995 20.196799999999993
19.519709999999996 21.908899999999992
13.559589999999996 19.384700000000006
13.242040000000003 19.88550000000001
12.793780000000002 19.317899999999995
11.22953 18.9827
14.448630000000003 20.272199999999994
19.370810000000002 21.80750000000001
13.484160000000001 19.428299999999993
13.157410000000002 19.938600000000008
12.80565999999999 19.354999999999997
11.296829999999995 19.030500000000007
14.616089999999993 20.2352
19.80308 21.791599999999995
13.68452 19.41839999999999
13.394790000000004 19.910800000000002
12.743649999999999 19.362800000000007
11.086459999999995 18.9906
14.373889999999994 20.3481
19.5635 21.938399999999998
13.661289999999997 19.3884
13.507770000000008 19.8635
12.975030000000002 19.360999999999994
11.203209999999997 18.940200000000004
14.544579999999993 20.275399999999994
19.099349999999987 21.881899999999995
14.303820000000005 19.4088
13.377049999999995 19.970499999999998
12.817369999999997 19.542900000000003
11.053069999999995 18.9671
14.48741 20.155199999999997
19.010959999999997 21.849199999999996
14.291010000000002 19.36040000000001
13.48954 19.896200000000004
12.918959999999993 19.191100000000006
11.223169999999998 18.707999999999995
14.621910000000002 20.163399999999996
19.90413 21.687799999999996
13.811580000000005 19.308599999999995
13.521199999999997 19.877499999999994
12.907250000000001 19.261599999999998
11.18537 18.960000000000004
14.515049999999999 20.275200000000005
19.690600000000007 21.8106
13.577729999999999 19.405900000000003
13.415309999999996 20.0077
12.821210000000002 19.4833
11.145119999999995 19.0327
14.692230000000006 20.27470000000001
19.77321 21.948099999999993
13.658849999999997 19.51800000000001
13.373599999999996 20.0247
12.735940000000005 19.4339
10.993559999999999 19.056800000000006
14.387210000000007 20.347099999999987
19.50222 21.9585
13.5436 19.612000000000002
13.352049999999997 19.9991
12.724150000000003 19.56410000000001
11.02817 19.143999999999995
14.387009999999997 20.370800000000006
19.53541 21.9965
13.465469999999996 19.551600000000004
13.177669999999999 20.048099999999998
12.661629999999999 19.451900000000006
11.007439999999999 19.096600000000002
14.495629999999998 20.427000000000007
19.74435 22.077700000000004
13.630930000000003 19.520100000000003
13.368280000000002 20.116100000000007
12.90635 19.441600000000005
11.194780000000005 19.029
14.642470000000005 20.4195
19.856630000000006 21.995699999999992
14.019939999999998 19.5934
13.365829999999997 20.075100000000003
12.827099999999996 19.498799999999996
11.186539999999995 19.17489999999999
14.68179 20.484899999999996
19.92749 22.064400000000003
13.91675 19.595299999999995
13.480180000000006 20.057000000000006
12.766079999999997 19.4769
11.07921 19.089
14.389939999999998 20.409699999999994
19.588629999999995 21.896399999999996
13.45304 19.567400000000003
13.27191 19.946
12.699910000000006 19.50089999999999
11.19322 19.09819999999999
14.611010000000002 20.51499999999999
19.75558999999999 21.912899999999993
13.835649999999994 19.513900000000003
13.580700000000004 20.0206
12.929010000000002 19.5023
11.180730000000002 19.032799999999998
14.644949999999998 20.362699999999997
19.843980000000006 21.865000000000006
13.64314 19.447899999999997
13.29786 19.9253
12.5419 19.239800000000002
12.145279999999998 19.148799999999994
14.53168 20.28140000000001
19.903219999999997 22.073199999999996
13.55739 19.376800000000006
13.301409999999994 20.1833
12.636409999999994 19.403099999999995
11.14341 19.132999999999996
14.524999999999999 20.3304
19.647009999999995 21.833300000000012
13.41964 19.474399999999996
13.26156 19.929899999999993
12.566460000000001 19.447800000000008
11.043990000000004 19.0428
14.422859999999998 20.244
19.671789999999987 21.813599999999994
13.311439999999994 19.516099999999998
13.241719999999995 19.969299999999997
12.50559 19.351599999999998
11.055970000000002 18.940199999999997
14.410329999999998 20.1661
19.591720000000006 21.952600000000004
13.480169999999994 19.345100000000006
13.278939999999995 19.894199999999994
12.754640000000004 19.486400000000007
11.068959999999999 19.1352
14.487039999999999 20.276000000000007
19.601279999999996 22.1029
13.598110000000002 19.48549999999999
13.39801 20.072199999999988
12.681079999999998 19.597199999999994
11.097650000000003 19.15599999999999
14.478760000000001 20.324
17.782899999999994 21.515100000000004
13.38117999999999 19.8676
13.548779999999999 20.3723
12.642600000000009 19.768300000000004
11.048919999999999 19.274600000000003
14.559460000000005 20.598599999999998
17.72531 21.561100000000007
13.381260000000001 19.644999999999996
13.618190000000007 20.3837
12.853409999999995 19.734099999999998
11.065339999999999 19.2578
14.554610000000004 20.632499999999997
17.78791 21.598199999999995
13.315050000000001 19.7683
13.41637 20.4759
12.722800000000001 19.804500000000004
11.03998 19.419999999999995
14.418819999999998 20.750100000000003
17.549389999999992 21.5692
13.497869999999995 19.8834
13.520040000000003 20.510199999999994
12.904700000000002 19.7428
11.39217 19.5242
14.889289999999999 20.8414
17.82451 21.696699999999993
21.448700000000002 20.661300000000008
14.01427999999999 19.95990000000001
13.050739999999998 19.44240000000001
11.21896 19.171700000000005
14.757919999999997 20.537099999999995
