31.007799999999996 24.238800000000005
29.166000000000007 24.2501
31.277200000000004 24.344799999999996
31.113499999999988 24.3653
28.2684 24.3145
32.31710000000001 24.487699999999997
29.701299999999996 24.481099999999998
30.96420000000001 24.528
30.12150000000001 24.465500000000002
28.162799999999997 24.426699999999993
26.713020000000004 24.351519999999997
25.796379999999996 24.0176
23.48228 23.89155
16.22944 23.303420000000006
15.858799999999999 23.26110999999999
20.171999999999997 23.555140000000005
23.461511000000005 23.806649999999998
23.558427000000002 23.82864
23.469421999999994 23.780639999999988
30.263111 24.390752200000005
27.627449999999996 23.793319999999994
28.93441999999999 23.972889999999992
31.04123000000001 24.103229999999996
29.82445999999999 24.163229999999995
28.97194 24.060119999999998
32.216755 24.28524999999999
30.804699999999997 24.31760000000001
32.0978 24.395299999999995
32.12310000000001 24.4823
30.4272 24.433399999999992
33.6789 24.578400000000002
30.577299999999997 24.46239999999999
28.603900000000003 24.374599999999997
30.508299999999995 24.4372
28.5955 24.314599999999995
28.073999999999995 24.271
28.636500000000005 24.479
29.733699999999995 24.5132
30.780100000000004 24.614200000000004
31.639330000000005 24.732680000000002
28.39028 24.28639
28.287379999999995 24.28368
28.485569999999992 24.31704
28.690680000000008 24.41325
29.60117 24.411469999999998
31.094648000000003 24.47676
29.450822 24.438220000000005
30.155900000000013 24.577999999999996
30.559300000000018 24.6752
31.285699999999995 24.727999999999994
27.176499999999997 24.5824
20.1306 23.984099999999998
18.695700000000002 23.8289
22.459100000000007 24.0579
24.687800000000003 24.249000000000002
22.990699999999997 24.172000000000004
21.187099999999994 24.123599999999993
16.8968 23.743
21.8605 24.036800000000003
23.998399999999997 24.245199999999993
26.024599999999985 24.395899999999997
30.75940000000001 24.765899999999995
29.6162 24.721000000000004
30.808199999999985 24.733699999999995
29.33509999999999 24.7023
30.195800000000013 24.6669
28.23789999999999 24.625600000000006
29.107299999999984 24.6903
31.497600000000002 24.8589
32.8097 24.935599999999994
30.93260000000001 24.8825
28.09789999999999 24.684
27.407099999999996 24.6066
27.8964 24.7408
29.133800000000004 24.788500000000006
30.23570000000001 24.869199999999996
28.116900000000005 24.7612
28.1819 24.7671
30.680300000000006 24.916600000000006
29.8402 24.904899999999994
30.243300000000012 24.956400000000006
28.4358 24.821799999999993
30.90464999999999 25.033459999999998
30.627899999999997 24.792899999999996
29.506799999999995 24.7072
28.99723999999999 24.767000000000007
29.77869999999999 24.776999999999997
29.527900000000002 24.816199999999995
30.743699999999997 24.9624
28.49698 24.653890000000008
27.543129999999994 24.61639
28.217910000000003 24.628479999999993
27.530630000000002 24.610110000000002
20.028109999999995 24.078539999999997
23.373820000000002 24.26968999999999
26.85936600000001 24.53502
27.130822000000006 24.57459
28.0596 24.705999999999996
27.28829999999999 24.68760000000001
29.20499999999999 24.800500000000007
27.5397 24.708999999999996
27.84259999999999 24.715700000000005
28.4917 24.816
26.396199999999997 24.723300000000002
26.133499999999998 24.715000000000003
26.9463 24.7969
27.338700000000003 24.7821
28.0026 24.806100000000004
25.625800000000005 24.669899999999995
24.904899999999998 24.611
27.9932 24.875700000000002
26.730999999999998 24.7354
26.4328 24.743700000000004
25.208399999999997 24.732300000000002
25.229799999999997 24.688399999999994
26.2443 24.768899999999995
24.687399999999997 24.659900000000007
26.386 24.789000000000005
27.431300000000004 24.8658
26.149100000000004 24.7541
26.438 24.8136
26.358499999999996 24.6548
27.35800000000001 24.742900000000002
27.31723999999999 24.831149999999997
25.069540000000007 24.380059999999997
25.05208 24.32021
24.43919 24.3516
25.900080000000003 24.421409999999998
23.737389999999998 24.365039999999997
21.657918000000002 24.197949999999995
16.662941000000007 23.80145
17.031736 23.744209999999995
20.393413 24.004219999999997
22.509282000000002 24.162099999999995
20.833679999999998 23.878649999999997
26.127290000000002 24.247769999999992
24.902030000000007 24.24068
24.732409999999998 24.21873
24.847800000000007 24.318249999999995
24.639009999999992 24.206659999999996
24.016111000000006 24.255940000000002
25.377613000000004 24.310029999999998
23.120713000000002 23.88562
25.833009999999994 24.071519999999996
24.287563999999996 23.975809999999996
23.862680000000008 24.073210000000003
23.17344 24.014519999999994
24.666700000000002 24.14726
23.595359999999996 24.098670000000002
24.141778 24.15079
24.363727000000008 24.18419999999999
22.930226999999995 24.104
24.315527 24.24551
23.459957000000006 24.153520000000007
23.914396999999997 24.015939999999997
24.327739999999988 24.14246
24.302310000000002 24.143030000000003
25.33694000000001 23.810129999999994
24.57055 24.298350000000003
24.8677 24.393200000000004
24.386100000000003 24.4272
25.69039999999999 24.580800000000007
25.8233 24.564300000000003
25.035400000000003 24.5822
25.617900000000006 24.6943
25.380999999999997 24.647999999999996
20.8243 24.3354
18.0586 24.1735
17.373400000000004 24.0058
18.8303 24.109700000000004
25.45349999999999 24.584300000000006
24.555300000000006 24.6052
26.677300000000002 24.663200000000003
25.978 24.6331
25.122899999999998 24.260800000000003
24.1771 24.5986
24.474800000000005 24.202409999999997
25.12946 24.317669999999993
24.617639999999998 24.274379999999994
26.277669999999997 24.358490000000007
24.441760000000002 24.309500000000003
25.161579999999994 24.27491000000001
24.837799999999994 24.463300000000004
24.665639999999996 24.409
22.95702 24.064620000000005
23.67992 23.726589999999995
23.383400000000005 23.708509999999997
21.010140000000003 23.60649
21.973730000000007 23.60221
24.521150000000002 23.829450000000005
23.713897999999993 23.7853
22.034569000000005 24.151510000000002
19.552310999999996 23.445929999999997
20.45147 23.53995
23.754200000000004 23.91732
24.5956 24.092200000000002
24.559799999999992 24.097500000000004
24.228489999999994 24.199080000000002
22.484609999999996 23.959530000000004
23.193779999999997 24.007319999999993
23.44691 24.03231
23.72478 24.19385
20.819780000000005 23.361420000000003
18.31785 23.17454
22.15487199999999 23.435800000000004
17.409387 23.097049999999996
15.489099999999997 22.91511
16.744590000000002 22.959179999999996
22.175697000000003 23.389699999999998
24.665459999999996 23.68806
27.463340000000002 23.92989
25.90168 23.86086999999999
25.761429999999997 23.83456679999999
25.569360000000003 23.50811
24.40889 23.494709999999994
25.400200000000012 23.53728999999999
26.88202 23.593140000000002
26.519299999999994 23.839099999999995
25.062899999999992 23.797400000000003
25.256900000000005 23.810399999999998
25.511000000000006 23.915599999999994
25.1461 23.883199999999995
25.1624 23.923499999999994
24.976300000000005 23.9281
25.9969 24.059700000000007
27.008099999999995 24.081999999999994
26.1355 24.031399999999998
26.310100000000002 24.0973
28.108100000000007 24.356
27.030699999999996 24.222300000000004
27.276100000000003 24.214600000000004
28.0537 24.305500000000002
28.642000000000007 24.373499999999996
28.9166 24.430400000000002
28.9562 24.4018
28.543200000000002 24.491299999999995
30.512999999999995 24.6542
28.590800000000005 24.482000000000003
30.19001 24.696200000000005
24.993789999999997 24.1663
30.278139999999997 24.5006
21.284739999999996 23.960499999999993
17.332210000000003 23.622200000000003
18.741709999999998 23.713299999999997
20.666410000000003 23.7705
26.676960000000005 23.8134
26.920459999999995 23.8818
25.52858 23.9742
24.645260000000004 23.82085
26.41481 23.87161
24.053200000000004 23.24438
25.703400000000006 23.05656999999999
24.69276 24.083660000000002
24.948903 23.597529999999995
24.105848000000005 22.717979999999997
25.537819999999993 23.350199000000003
25.04913999999999 22.382189999999998
25.387430000000005 22.586560000000002
25.623679999999993 22.669790000000006
27.380670000000006 22.850389999999994
28.31363 22.977829999999997
27.605829999999997 22.798619999999993
27.945100000000007 23.0435
29.1685 23.179299999999998
27.9345 23.113200000000003
28.500000000000004 23.3168
30.404100000000007 23.438999999999997
30.89820000000002 23.5472
28.929900000000004 23.435100000000006
28.248499999999986 23.44840000000001
40.24872 24.245400000000004
25.323799999999995 23.34669999999999
24.14179999999999 23.272499999999994
28.529 23.597199999999997
30.0473 23.717799999999997
27.9965 23.660200000000003
30.264900000000004 23.705500000000004
27.887700000000002 23.880200000000002
19.493299999999998 23.1477
22.316999999999997 23.37140000000001
24.184899999999995 23.563
24.564900000000005 23.5502
29.714100000000006 23.9309
30.635499999999993 24.1159
29.804999999999993 24.140299999999996
32.6875 24.227999999999998
31.726700000000008 24.2477
27.609900000000003 24.076199999999996
