14.951 10.1159
13.3666 9.533800000000001
13.741999999999999 9.955400000000001
13.003 9.8655
12.062099999999997 9.265600000000001
13.0413 9.378400000000001
12.9588 9.693
13.620000000000001 10.167200000000003
19.9007 15.571799999999996
16.2979 14.248099999999999
13.944700000000001 9.453
13.917000000000002 9.7511
14.609 10.091700000000001
12.7236 9.5298
12.6764 9.214099999999998
13.301999999999998 9.398900000000001
14.129 9.728900000000001
14.360999999999999 10.224600000000002
13.996399999999998 10.3855
13.935400000000001 9.865499999999999
14.0077 9.3481
13.735699999999998 9.36
13.505700000000001 9.4194
14.6276 9.4338
14.903599999999997 9.889100000000001
15.104800000000001 9.7543
15.566999999999997 10.0298
13.3138 9.7262
13.016 9.236200000000002
12.5838 9.4685
13.656200000000002 9.5961
12.2311 9.5457
13.349 9.498899999999999
12.821 10.239300000000002
12.334499999999998 9.5452
15.205000000000002 9.882
14.229000000000003 10.0829
13.745000000000001 10.1992
14.700999999999997 10.3717
15.122999999999998 10.2313
15.491000000000001 10.581800000000003
17.581 10.6432
15.062999999999999 10.5289
15.566000000000003 9.8868
15.343999999999996 10.322400000000002
13.666400000000001 10.015500000000001
14.52 9.824200000000003
14.5021 9.895000000000001
14.295 9.8372
16.051 10.640699999999999
14.892999999999997 10.4059
13.656799999999999 10.304700000000002
13.5334 10.3225
16.137999999999998 10.1156
14.88 10.355599999999999
14.921000000000001 10.233899999999998
13.7789 10.3046
12.866 10.103200000000001
15.013000000000002 10.3776
13.264299999999999 10.645399999999999
14.640400000000001 10.3712
12.500300000000001 10.0343
11.652299999999999 9.6487
11.6187 9.5361
14.384999999999998 10.037
12.012400000000001 9.907200000000001
11.4604 9.440800000000001
11.530999999999999 9.2124
11.444899999999999 9.175299999999998
12.3212 9.3833
11.4654 9.5804
12.358600000000001 9.386999999999999
12.039000000000001 9.314799999999998
11.7188 9.1788
12.573700000000002 9.682799999999999
11.828999999999999 9.8723
11.698000000000002 9.6074
13.242999999999999 9.6862
13.604000000000003 9.7404
14.2345 9.9728
15.538000000000002 9.963100000000003
13.2003 9.923099999999998
14.352500000000001 9.6475
13.591299999999999 9.750300000000001
13.888200000000001 9.6353
13.666 9.570799999999998
14.488800000000001 9.7496
13.751200000000003 9.640199999999998
13.514999999999999 10.035100000000002
14.184099999999997 10.563099999999997
15.363 10.315200000000003
15.83 10.044900000000002
15.594999999999997 10.0484
16.505 10.341899999999999
16.113 10.3959
17.894000000000002 10.250000000000002
17.258000000000003 10.245299999999999
16.521 9.9908
16.314 10.1201
15.817999999999998 10.0747
15.109 9.6108
16.204 10.0817
15.946 10.050799999999999
17.702 10.4892
16.935 10.553499999999998
16.792 10.6086
15.254000000000001 9.9537
15.985000000000001 9.7971
17.666999999999998 10.154
15.502000000000002 10.543000000000001
16.791 10.3866
15.516 9.969800000000001
15.875 10.024
16.885 10.440599999999996
17.801000000000002 10.524899999999999
17.602 10.5609
17.39 10.199
17.563000000000002 9.818200000000001
17.616 9.571
20.630000000000003 10.564200000000001
18.192000000000004 10.603599999999998
17.351999999999997 10.373700000000001
16.019 10.226199999999999
18.902 10.3347
17.567 10.6494
18.997 10.703399999999998
18.974999999999998 10.4589
19.401000000000003 10.4646
15.963000000000003 10.2611
17.087799999999998 9.787399999999998
16.378999999999998 9.901299999999999
16.556 9.6604
18.695 10.1689
18.858000000000004 10.5639
17.417 10.1853
17.012 10.113199999999999
15.850999999999999 10.359399999999999
18.035999999999998 10.5954
24.1213 11.5831629
17.468999999999998 10.360499999999998
17.536 10.3588
16.447 9.796400000000002
16.527 9.8039
19.605999999999998 10.1794
18.607000000000003 10.4521
16.531000000000002 9.7139
16.888 9.3161
15.32 9.137599999999999
17.919 9.510800000000001
19.958 9.6992
17.144000000000005 9.4999
19.134999999999998 9.9026
18.262999999999998 10.000700000000002
21.759999999999994 10.0962
20.146000000000004 10.163099999999998
17.58 9.938399999999998
18.775000000000002 10.0069
17.644 10.0987
20.48 10.2888
19.541 10.1077
21.892999999999997 10.120700000000001
22.416000000000004 10.6935
22.206 10.8501
22.685 10.2297
20.208 9.9017
19.127999999999997 9.8565
17.401000000000003 9.439400000000001
19.346999999999998 9.540099999999999
19.539 9.736699999999999
21.772 9.914800000000001
23.279000000000003 10.1073
25.637999999999998 10.308100000000001
23.24 10.509300000000001
22.817999999999998 10.136999999999999
23.274 10.384999999999998
21.313 10.2899
22.279 9.964300000000001
21.416999999999998 9.848200000000002
20.482 9.918199999999999
23.029 10.469000000000001
24.778 10.304200000000002
22.372999999999998 10.617299999999998
21.643 10.5187
22.878999999999998 10.6864
22.532999999999998 10.834100000000001
23.798000000000002 10.5235
21.201 10.683600000000002
21.654999999999998 9.7521
24.218999999999998 10.12
25.5 10.4685
25.799 11.1001
22.496000000000002 11.0646
25.318999999999996 10.7951
26.294 10.942799999999998
22.353 10.2641
25.461999999999996 10.545800000000002
20.407 9.116099999999998
20.987000000000002 9.1385
27.738000000000003 9.879499999999998
25.490000000000002 10.4337
21.830999999999996 10.292800000000002
21.298000000000002 8.8003
24.954 9.884299999999998
21.897 9.758600000000001
21.944000000000003 9.633799999999999
21.727999999999998 9.554599999999999
23.283000000000005 9.6699
22.602000000000004 9.819600000000001
23.488999999999997 9.695300000000001
22.503 9.9518
21.05 9.454500000000001
21.566 9.383299999999998
21.394000000000002 9.582799999999999
21.24 9.6834
21.730999999999998 9.5848
21.697 9.9745
19.354 9.358699999999999
20.733999999999998 9.2445
19.383 9.4023
17.623 9.4178
19.645000000000003 9.9889
19.292 9.777899999999997
22.626 9.865799999999998
19.788 9.562
23.575000000000003 10.108399999999998
22.720000000000002 10.353600000000002
24.777 9.8713
22.096 9.6129
19.585 9.455600000000002
21.062000000000005 9.885000000000002
20.545 9.935
24.372000000000003 10.032700000000002
21.259999999999998 9.7712
22.778000000000002 10.135199999999998
21.102999999999998 10.2721
18.829 9.517999999999999
20.551 9.6386
18.183 9.478
18.899 9.4361
17.368 9.4551
21.357 9.472999999999999
19.976999999999997 9.2979
21.215 9.348100000000002
20.910999999999998 9.613500000000002
19.387 9.351099999999999
19.493000000000002 9.5957
18.0 9.037799999999999
18.875000000000004 9.4018
16.445999999999998 9.1288
16.619000000000003 8.9236
20.073 9.6263
22.033 10.0004
23.436 10.3935
21.335 10.095799999999999
20.396000000000004 10.064899999999998
19.432 10.014000000000001
19.480999999999998 9.966199999999999
17.089999999999996 9.3426
18.776 9.787899999999999
18.664 10.1474
22.214 10.2832
21.918999999999997 10.1813
19.336000000000002 9.691600000000001
21.328999999999997 10.102799999999998
23.356 10.1381
20.759 10.477500000000001
19.403000000000002 10.3
16.183 9.5162
15.411 8.765699999999999
19.664 8.861400000000001
21.757 9.739200000000002
18.770000000000003 9.7718
17.749 9.070800000000002
18.335 9.8011
17.107 9.722100000000001
16.136999999999997 9.4192
13.333999999999998 8.7828
13.456500000000002 8.669099999999998
13.968 8.488199999999999
18.87 9.2374
16.751 9.3344
18.663 9.6343
16.787 10.792399999999999
16.537 10.4094
15.568000000000001 9.569700000000001
14.196800000000001 8.952499999999999
15.598300000000002 9.119299999999999
14.951500000000003 9.451699999999999
