24.960645000000003 25.822910000000004
25.827682000000003 25.8771
25.983331 25.995199999999997
25.868646000000002 26.644779999999997
25.741736 25.738120000000002
25.58396 25.77449
25.184280000000005 25.873789999999996
25.735699999999994 26.021399999999993
25.4085 26.026699999999998
26.451219999999992 26.092099999999995
26.615000000000006 26.119700000000005
25.967799999999997 25.705499999999997
27.157600000000002 26.138499999999997
27.22300000000001 26.321199999999994
25.793299999999995 26.201200000000007
25.492700000000003 26.2582
26.008999999999993 26.284399999999998
26.710300000000004 26.36420000000001
26.790999999999997 26.4085
25.999700000000015 26.348000000000006
26.261199999999995 26.3349
27.4987 26.438999999999997
23.702399999999997 26.24879999999999
22.8457 26.0971
18.291100000000004 25.6911
18.1717 25.66989999999999
22.762 26.040499999999994
25.760200000000005 26.385699999999996
27.010099999999994 26.479799999999997
27.523799999999994 26.5736
28.029100000000014 26.521399999999996
27.131000000000004 26.6131
24.333399999999994 26.41480000000001
26.693700000000003 26.62299999999999
25.853899999999996 26.5584
24.9316 26.445999999999998
24.6845 26.500100000000003
24.778 26.495800000000003
24.7496 26.481199999999998
24.107900000000008 26.443200000000004
26.108099999999997 26.681900000000002
25.496000000000002 26.5712
24.707399999999993 26.576199999999993
24.026999999999997 26.477800000000002
23.879399999999997 26.404599999999988
25.497200000000003 26.658800000000006
24.817499999999995 26.499300000000005
24.7151 26.6021
24.7851 26.500299999999992
26.668600000000005 26.595899999999993
24.8728 26.536999999999995
22.205400000000004 26.470199999999988
21.899500000000003 26.363800000000005
24.9966 26.542200000000005
24.12309999999999 26.506600000000002
24.56559999999999 26.545800000000003
22.975900000000003 26.4554
23.2725 26.433600000000006
24.038700000000006 26.59660000000001
24.8561 26.638199999999994
18.526299999999996 26.159400000000005
16.2505 25.809900000000006
16.657700000000006 25.905099999999997
19.842000000000002 26.1112
23.282339999999994 26.39370999999999
22.371659999999995 25.740789999999997
23.05993 25.731200000000005
23.27095 25.795950000000005
23.552380000000003 25.804080000000003
22.665320000000012 25.7743
23.9534 25.898100000000003
24.467699999999997 26.0543
23.458400000000005 25.955699999999997
24.31879999999999 25.978299999999997
22.88929999999999 25.976400000000005
24.357400000000002 26.07569999999999
23.813800000000004 26.061100000000003
22.941200000000002 26.0714
23.644799999999996 26.032299999999996
23.129899999999996 26.127299999999998
23.468200000000007 26.1585
23.823399999999996 26.110799999999994
23.475099999999998 26.0961
24.4364 26.145000000000003
23.689 26.102400000000003
23.528900000000004 26.1451
24.774900000000006 26.1449
24.797499999999996 26.242200000000004
25.223160000000007 26.28145
22.878439999999998 25.599720000000005
24.149349999999995 25.701980000000002
24.609530000000003 25.77386
24.625630000000008 25.83998
23.443949999999997 25.753590000000003
24.146874 25.78205
23.107327 25.716430000000003
21.818822 25.650270000000003
18.123999999999995 25.427099999999996
21.223800000000004 25.563799999999997
18.8419 25.501399999999997
18.083199999999998 25.419100000000007
20.3143 25.589599999999997
21.589100000000002 25.6981
23.356799999999996 25.848
21.855599999999995 25.8029
21.931000000000004 25.788299999999996
23.0299 25.898199999999992
24.939399999999992 26.070400000000006
22.304799999999993 25.985000000000003
23.6795 26.013800000000003
22.5066 26.007600000000004
20.942899999999995 25.834100000000003
21.8194 25.9933
22.6786 25.997899999999994
22.923000000000002 26.038300000000003
23.786900000000006 26.119099999999996
22.477299999999996 25.9962
22.3104 26.006399999999996
22.538199999999993 25.968199999999992
22.553199999999997 26.010099999999998
23.838399999999996 26.017400000000002
23.7087 26.02290000000001
22.845600000000005 26.025
22.9591 26.0403
23.108599999999996 26.041000000000004
22.05399999999999 26.0139
22.361800000000002 26.053899999999995
23.1833 26.078499999999995
23.13590000000001 26.085899999999995
22.772599999999997 26.098200000000006
23.3868 26.096300000000006
21.344700000000003 25.99910000000001
21.396900000000002 25.9618
19.007799999999996 25.754099999999998
17.5843 25.604299999999995
20.943700000000003 25.888000000000005
15.852500000000003 25.465
16.900900000000004 25.616799999999994
18.310200000000002 25.603600000000004
21.912000000000003 25.9361
21.828899999999997 26.010900000000003
24.3474 26.150999999999996
23.9428 26.116399999999995
22.648299999999995 26.0817
21.9708 25.982100000000003
22.500699999999995 26.04280000000001
21.962699999999998 26.041000000000004
23.342900000000004 26.052799999999998
23.0154 26.053500000000007
23.51689 26.080599999999993
22.062800000000003 25.804599999999994
22.242600000000003 25.79779999999999
22.630000000000003 25.862999999999996
22.010099999999994 25.871
22.922199999999997 25.9608
23.9136 25.981599999999993
21.058300000000003 25.843299999999992
20.925800000000002 25.743600000000004
23.197900000000004 25.981900000000003
21.3083 25.842399999999998
21.2987 25.847100000000005
22.8781 25.926299999999998
23.498110000000004 26.517859999999988
22.09227 25.602260000000005
20.576109999999993 25.408789999999996
19.85122 25.329339999999995
18.3533 25.278999999999996
17.642100000000006 24.869500000000006
18.500200000000003 24.895200000000003
17.986799999999995 25.287099999999995
19.42322 25.870642
15.612810000000001 24.82997
17.237520000000007 24.88613
15.153480000000002 24.787140000000004
14.28256 24.64863
15.750359999999997 24.75416999999999
17.195952999999996 24.886270000000007
19.472990000000003 25.050770000000007
20.890594 25.150969999999994
20.360593999999995 25.194190000000006
20.021299999999997 25.3317
19.2632 25.2903
21.579899999999995 25.458799999999997
20.23830000000001 25.3716
20.415899999999997 25.418499999999987
20.697199999999995 25.444899999999993
20.555600000000002 25.47809999999999
20.699899999999996 25.4705
19.9322 25.480199999999996
21.044000000000008 25.562199999999997
21.312399999999993 25.555200000000006
20.568800000000003 25.574699999999993
20.4935 25.5067
20.7379 25.600900000000003
20.2707 25.481400000000008
21.4444 25.679900000000007
21.968400000000006 25.675499999999996
21.59049999999999 25.6969
21.327899999999993 25.7525
22.504100000000005 25.7847
22.6187 25.8653
21.9829 25.831699999999998
21.568800000000003 25.8035
21.734400000000004 25.829200000000007
20.939299999999996 25.773000000000007
21.6206 25.844099999999997
17.584900000000005 25.515099999999997
19.882000000000005 25.636599999999998
18.742100000000008 25.561
17.5175 25.514899999999997
17.390800000000002 25.418999999999997
16.871 25.439299999999992
15.5962 25.343899999999998
20.617400000000004 25.672
21.256799999999995 25.804700000000004
22.130999999999997 25.9038
21.65619999999999 25.8569
21.501299999999997 25.9071
20.961499999999994 25.74910000000001
22.2723 25.931500000000003
23.092499999999998 26.0243
22.886999999999997 26.040099999999995
23.1302 26.078000000000007
21.636099999999995 25.954300000000003
22.065199999999994 26.005499999999998
21.9229 25.948100000000007
22.3127 26.041299999999996
22.71609999999999 26.120199999999993
21.773999999999997 26.01090000000001
23.078100000000003 26.10279999999999
22.688399999999998 26.1758
21.75570000000001 25.9832
21.831100000000006 26.0731
22.27670000000001 26.150499999999994
22.001800000000003 26.118400000000015
22.8014 26.206100000000003
22.6508 26.235100000000006
22.992700000000003 26.21719999999999
24.038399999999992 26.302699999999994
22.1504 26.1417
23.0761 26.21550000000001
22.698299999999996 26.191800000000004
20.308499999999995 26.054
22.0578 26.097700000000003
21.070400000000006 26.129400000000004
22.417400000000008 26.198499999999996
19.299499999999988 25.960799999999995
18.4336 25.8811
17.152199999999997 25.829300000000003
16.2974 25.707499999999996
20.418 26.019499999999994
22.698599999999995 26.275099999999995
21.657199999999996 26.231000000000005
21.4136 26.1851
20.880500000000005 26.178300000000004
21.1367 26.157799999999998
22.181900000000006 26.165300000000002
22.7196 26.37160000000001
23.443399999999997 26.316100000000002
24.199 26.409099999999995
20.986499999999996 26.1824
21.9745 26.3073
20.284799999999997 26.174999999999994
16.279199999999996 25.817400000000003
15.970099999999995 25.744299999999992
18.3575 25.934099999999987
22.09760000000001 26.273099999999992
20.289000000000005 26.165699999999998
18.513500000000004 25.9409
22.019199999999998 26.301999999999996
20.537 26.191499999999994
20.2593 26.14270000000001
20.069 26.1737
19.7778 26.2046
18.5058 26.0397
18.347400000000004 26.00219999999999
20.571399999999993 26.1689
22.345200000000006 26.37830000000001
22.186100000000003 26.397999999999993
20.975800000000003 26.276899999999998
23.0378 26.4506
24.277299999999993 26.602700000000002
23.966200000000008 26.565599999999996
23.732100000000003 26.617599999999992
21.141499999999994 26.4314
21.9289 26.4658
23.145799999999994 26.579399999999996
20.470900000000007 26.353899999999996
