21.346 24.454
21.429 24.628
20.868000000000002 24.54
21.017 24.491
21.007 24.566999999999997
20.773000000000003 24.539
21.034999999999997 24.471999999999998
21.683 24.551000000000002
21.416 24.534
21.132 24.615
20.382 24.503999999999998
21.081 24.551000000000002
20.89 24.545
21.772999999999996 24.523999999999997
21.038 24.595
20.979999999999997 24.554
20.630000000000003 24.489
20.695999999999998 24.566
20.766000000000005 24.520999999999997
21.743 24.582
21.224999999999998 24.601
21.669 24.555
20.751 24.598
20.521 24.465999999999998
21.436 24.579
21.323 24.576999999999995
21.163000000000004 24.513
21.368000000000002 24.569999999999997
21.151999999999997 24.57
21.362000000000002 24.481
21.643 24.593
21.258 24.596999999999998
22.935 24.65
21.979 24.628
20.818 24.512999999999998
21.669999999999998 24.589
21.502999999999993 24.57
21.432 24.527
22.405999999999995 24.646
21.695 24.595
21.144000000000002 24.586000000000002
20.910000000000004 24.606
21.133999999999997 24.503
22.087 24.65
22.57 24.637000000000004
21.884999999999998 24.555
21.769 24.641
21.650999999999996 24.59
21.403 24.571
22.003 24.665
22.000000000000004 24.563000000000002
22.558999999999997 24.674
21.783 24.664
21.283 24.544999999999998
21.132000000000005 24.634
22.373 24.623
22.099000000000004 24.588
22.598000000000003 24.669999999999998
21.020000000000003 24.592000000000002
20.761 24.518
18.913 21.983999999999998
20.035999999999998 21.997
24.719 23.941000000000003
24.230999999999998 28.685
20.965999999999998 26.508
21.160999999999998 23.964
20.409 23.932000000000002
21.66 23.871000000000002
21.683000000000003 23.938000000000002
21.547 23.998
20.755 23.871000000000002
21.085 23.916
20.898000000000003 23.972
21.741 23.912999999999997
22.070999999999998 23.951999999999998
21.613 24.029
21.711 23.902
21.698 23.93
21.652 24.044999999999998
22.360999999999997 24.026999999999997
21.68 23.961
22.224 24.044
21.546000000000003 23.921999999999997
21.367 23.982
20.813000000000002 24.023000000000003
22.557 24.011999999999997
22.412 24.063
22.053 24.032
21.179000000000002 23.941000000000003
21.465999999999998 24.079
20.758000000000003 24.005
20.955000000000002 23.926
21.325 23.982
21.593999999999998 24.040999999999997
21.548000000000002 23.987
20.982 24.098
21.322999999999997 23.979999999999997
21.811 23.993
22.512000000000004 24.112000000000002
23.506 24.081
22.581999999999997 24.177000000000003
22.817999999999998 24.154999999999998
21.795 24.048
22.468000000000004 24.128000000000004
21.784 24.047
22.637999999999998 24.020999999999997
21.546000000000003 24.092000000000002
22.361999999999995 23.982999999999997
21.517999999999997 23.953
22.177 24.091
21.994999999999997 24.036
22.315000000000005 24.012
21.86 24.095
21.849 23.988999999999997
21.417 23.991
21.732000000000003 24.104999999999997
21.725 23.973999999999997
22.224 24.024000000000004
21.77 24.111
21.67 24.023999999999997
21.173 23.991
21.984 24.108999999999998
21.421000000000003 23.994999999999997
22.906 24.099999999999998
21.166999999999998 24.086
21.630000000000003 24.006999999999994
21.01 24.058
21.625 24.096
21.255000000000003 24.029
21.746 24.154
21.794000000000004 24.173
21.753999999999998 24.203000000000003
20.977999999999998 23.996
21.665 24.138
21.408 24.096999999999998
21.981 24.06
22.416999999999998 24.230999999999998
22.349000000000004 24.112999999999996
22.239999999999995 24.108999999999998
22.38 24.184999999999995
22.133999999999997 24.080999999999996
21.859 24.134
21.387 24.126
21.774999999999995 24.044999999999998
21.535999999999998 24.111
22.44 24.169999999999998
22.412 24.051000000000002
22.284 24.129999999999995
21.822999999999997 24.141
22.491 24.075
21.846 24.157
21.694999999999997 24.063
21.5 24.076
21.671 24.169
21.738000000000003 24.035999999999998
21.916999999999998 24.121
21.374000000000002 24.151
22.085 24.081
21.546000000000003 24.094
22.058 24.193
21.305000000000003 24.057
22.282 24.151
21.448000000000004 24.157
21.689 24.063
21.517999999999997 24.146000000000004
22.517 24.19
21.529999999999998 24.054
21.934 24.151999999999997
21.205000000000002 24.152000000000005
21.304 24.096999999999998
21.388 24.166000000000004
21.902000000000005 24.087999999999997
21.791 24.032999999999998
21.338 24.114
21.292 24.112000000000002
20.964 24.067
21.926 24.136000000000003
21.471 24.148
21.266999999999996 24.008999999999997
21.105 24.075
21.003 24.130000000000003
21.144 24.044999999999998
21.974 24.139000000000003
21.593 24.149
21.205999999999996 24.032999999999998
21.054000000000002 24.147
20.932000000000002 24.051000000000002
21.838 24.095999999999997
21.641999999999996 24.193000000000005
21.53 24.076
21.413 24.038999999999998
21.044 24.147
21.116 24.066
21.918 24.11
22.199 24.215
21.706999999999997 24.064
21.595 24.048
21.474999999999998 24.169
21.384 24.074999999999996
22.212 24.133
21.707999999999995 24.185000000000002
21.633 24.046
21.461999999999996 24.098
21.471 24.148
21.448 24.051
22.291999999999998 24.157
21.878 24.184
21.924 24.049
21.429000000000002 24.058
21.732 24.173000000000002
20.984 24.06
21.589 24.116
21.467 24.181
21.560000000000002 24.058
21.252 24.043
21.671 24.179000000000002
21.522 24.072
22.114 24.1
22.451 24.208
22.031 24.103
22.015 24.088
21.502 24.206000000000007
21.657999999999998 24.104999999999997
21.933000000000003 24.151
21.731 24.190000000000005
21.367 24.070000000000004
21.929 24.119
21.770999999999997 24.191000000000003
21.558000000000003 24.068999999999996
22.113999999999997 24.160999999999998
21.604 24.187000000000005
21.999000000000002 24.088000000000005
21.762 24.118
21.726 24.209
21.417 24.066
22.180000000000003 24.186000000000003
21.468999999999998 24.209000000000003
22.206 24.085
22.438999999999997 24.139
21.694 24.209
21.619 24.079
22.314999999999998 24.198
21.910999999999998 24.218000000000004
22.45 24.124
21.863 24.271000000000004
21.410999999999998 24.115000000000002
21.652 24.102999999999998
22.36 24.273999999999997
21.747999999999998 24.127
22.001999999999995 24.112
21.948 24.166999999999998
21.386000000000003 24.207000000000008
21.906 24.108999999999998
21.837999999999997 24.247000000000003
21.645000000000003 24.179
22.190999999999995 24.124000000000002
22.000999999999998 24.239
21.105 24.146
22.045 24.127
22.488999999999997 24.277999999999995
21.476 24.18
22.095000000000002 24.146
22.138999999999996 24.274
21.091 24.13
22.038 24.133000000000003
22.398 24.305000000000003
21.923 24.198000000000004
22.424999999999997 24.197999999999997
22.001000000000005 24.293
21.671000000000003 24.145
22.707 24.196
22.166 24.332
22.197 24.195000000000004
22.298000000000005 24.21
21.87 24.305
21.362000000000002 24.154
22.144 24.205000000000002
23.159 24.36
22.206 24.197000000000003
23.168999999999997 24.244999999999997
22.143 24.302
22.278 24.159
22.522 24.218999999999998
24.355 24.413999999999998
22.741999999999997 24.279
22.974999999999998 24.263999999999996
21.625 24.356
22.448999999999998 24.206999999999997
