30.576399999999992 23.0544
32.561299999999996 23.232110000000002
29.62529 22.715630000000008
31.00676000000001 22.626719999999995
30.47593 22.592650000000006
29.199719999999996 22.722629999999995
29.62459999999999 22.73308
32.69489999999999 23.1052
30.924000000000003 23.1386
30.832000000000004 23.156000000000006
34.06260000000002 23.332599999999992
30.9702 23.3285
33.81679999999999 23.438799999999997
33.2052 23.551099999999998
33.38500000000001 23.592400000000005
32.70449999999999 23.6179
30.294600000000006 23.463900000000002
29.7737 23.5353
30.266900000000003 23.617900000000006
32.7091 23.766800000000003
30.678300000000004 23.749600000000004
30.362400000000004 23.674799999999998
30.7048 23.8986
27.8115 23.763500000000004
21.721299999999996 23.322500000000005
29.90170000000001 23.88046
26.676899999999996 23.559399999999993
28.131700000000002 23.7164
29.085800000000006 23.86380000000001
29.567300000000003 23.856300000000005
28.476099999999988 23.8124
28.743500000000004 23.885299999999994
28.499299999999998 23.885000000000005
29.78760000000001 23.9026
27.833099999999998 23.79620000000001
28.8311 23.856899999999996
26.81640000000001 23.8073
29.690999999999995 24.04660000000001
28.467999999999993 24.181199999999993
30.186199999999992 24.226600000000005
30.785400000000003 24.296499999999995
30.074299999999997 24.286199999999997
29.258199999999995 24.208600000000004
28.916500000000006 24.23780000000001
29.760399999999997 24.2787
28.820399999999996 24.328699999999994
31.420699999999997 24.401100000000007
26.945199999999996 24.173999999999996
28.465899999999998 24.240400000000005
28.81439999999999 24.335400000000003
27.265999999999995 24.266400000000008
28.709599999999995 24.317200000000003
28.109499999999997 24.271200000000007
28.961300000000012 24.337600000000002
28.831699999999998 24.348700000000008
28.874999999999996 24.424800000000005
30.60539999999998 24.561999999999998
30.39703 24.580689999999997
29.433589999999988 24.016630000000003
30.714122999999997 24.113900000000005
21.451099999999997 23.593100000000007
20.146699999999992 23.468700000000002
19.385600000000007 23.465399999999992
24.3239 23.759000000000007
22.845599999999997 23.691100000000002
24.3388 23.7611
27.979899999999997 24.1179
26.48879999999999 23.9628
22.801199999999998 23.6795
26.38649999999999 23.91659999999999
26.785900000000005 23.9796
27.337800000000012 24.0452
29.490500000000004 24.155099999999994
26.6053 24.174799999999987
28.4648 24.2702
28.18929999999999 24.209000000000007
29.318799999999996 24.425100000000004
28.265700000000006 24.292800000000007
29.409200000000002 24.359899999999996
28.3592 24.341500000000003
28.561600000000002 24.367700000000006
29.036799999999996 24.4226
28.320100000000004 24.424300000000006
28.038999999999998 24.3229
27.122200000000007 24.301699999999993
26.322399999999995 24.316400000000005
27.0509 24.309900000000006
27.051000000000002 24.298
27.915100000000002 24.360000000000003
27.809299999999997 24.4032
28.7771 24.4543
29.247100000000003 24.515199999999993
28.30720000000001 24.391000000000005
26.872799999999998 24.3867
25.715899999999998 24.285400000000003
28.748 24.4621
30.010400000000004 24.546400000000006
20.322699999999998 23.9704
23.35459999999999 24.124100000000006
18.6682 23.690299999999997
20.543399999999995 23.8094
27.788600000000013 24.353699999999993
27.857899999999997 24.40169999999999
25.913399999999992 24.269900000000003
25.097799999999992 24.230700000000006
27.183000000000007 24.395799999999994
25.8216 24.335000000000004
25.726600000000005 24.372500000000002
27.9898 24.567800000000002
27.532099999999993 24.5064
26.5633 24.481700000000007
28.107599999999994 24.517000000000003
25.5106 24.346899999999998
28.0815 24.538600000000002
23.6633 24.358900000000002
25.2106 24.345899999999997
27.1063 24.612
27.514099999999996 24.570900000000005
26.512699999999995 24.500600000000002
27.063790000000015 24.48469
27.222220000000007 24.243539999999992
27.8519 24.368700000000004
27.924300000000006 24.441500000000005
27.975999999999996 24.4793
25.968199999999996 24.437499999999993
28.6903 24.593200000000003
27.930999999999994 24.623199999999994
28.029600000000006 24.623200000000004
26.754300000000004 24.544099999999997
26.593100000000007 24.50060000000001
28.589299999999994 24.71100000000001
25.921800000000005 24.5035
26.099999999999994 24.6042
26.110700000000005 24.547299999999996
21.106300000000005 24.145400000000013
21.821599999999997 24.21440000000001
19.759099999999993 24.097800000000007
20.89720000000001 24.118700000000004
28.988900000000008 24.681800000000003
27.137299999999996 24.681200000000004
26.825899999999997 24.70259999999999
25.766500000000008 24.5265
28.2013 24.633699999999994
27.324199999999987 24.7429
26.055100000000003 24.649299999999997
27.39054000000001 24.789329999999996
26.01571 24.205730000000003
25.245229999999996 24.15975
26.36063 24.24750999999999
26.361420000000003 24.349420000000002
26.645709999999994 24.274320000000003
25.850099999999998 24.355
25.259999999999998 24.227700000000002
20.666499999999996 24.01250000000001
17.8541 23.774599999999996
18.5911 23.769199999999994
22.818800000000007 24.142899999999997
25.254900000000006 24.293600000000005
23.0885 24.2045
22.604499999999998 24.09490000000001
26.46329999999999 24.460899999999995
27.499299999999987 24.540299999999995
27.588599999999996 24.517400000000006
24.5194 24.3949
25.574500000000004 24.427400000000002
24.850200000000005 24.419099999999997
27.858699999999992 24.5745
26.97959999999999 24.588200000000004
27.422599999999996 24.631100000000007
27.10720000000001 24.584500000000002
27.635300000000008 24.698600000000003
26.9901 24.595500000000005
25.7918 24.571599999999993
27.14479999999999 24.595299999999998
28.142799999999994 24.707599999999996
27.003099999999996 24.6863
24.553799999999995 24.453799999999998
26.310600000000008 24.588700000000003
27.768000000000004 24.6088
26.771699999999992 24.632600000000004
28.272999999999993 24.76830000000001
27.88810000000001 24.590500000000006
27.9112 24.73980000000001
27.10639999999999 24.666400000000007
26.140699999999995 24.619999999999997
26.4299 24.607000000000006
26.259100000000007 24.5964
26.418300000000013 24.727599999999992
26.8387 24.7392
27.678600000000003 24.744500000000002
25.516099999999998 24.685800000000008
26.051099999999998 24.7181
25.300900000000006 24.681099999999994
24.973599999999994 24.68500000000001
25.1934 24.680399999999995
26.9293 24.851200000000002
25.595999999999997 24.7375
25.9004 24.7261
26.644399999999997 24.786700000000003
20.7468 24.4289
18.9128 24.241400000000006
22.408099999999997 24.426699999999997
25.6869 24.737299999999998
25.542100000000005 24.797800000000006
27.788100000000004 24.954099999999997
28.293199999999995 25.042599999999986
25.845199999999995 24.8028
27.921900000000004 25.01890000000001
27.626 25.013599999999997
22.637999999999998 24.638499999999997
16.93762 23.877870000000005
18.15489 23.94335999999999
24.206819999999997 24.396560000000008
27.699709999999993 24.801010000000005
25.373800000000006 24.65476000000001
24.612 24.536900000000003
26.948299999999996 24.82210000000001
27.715599999999995 24.794100000000004
27.460300000000004 24.869100000000003
27.8829 24.921499999999995
27.027699999999992 24.87629999999999
26.302300000000002 24.8134
27.103900000000003 24.9683
25.794100000000004 24.780899999999995
26.3936 24.9268
27.184199999999997 25.019099999999998
26.9762 24.960400000000003
26.482599999999994 24.969
26.825599999999998 25.065400000000004
23.39060000000001 24.782600000000006
22.778399999999998 24.733800000000006
20.4847 24.590800000000005
16.523399999999995 24.266199999999994
19.277399999999997 24.395799999999994
21.908200000000004 24.688900000000004
25.05120000000001 24.867900000000002
25.210400000000003 24.923099999999998
23.5234 24.648400000000002
29.42739999999999 25.210099999999997
28.66099999999999 25.1755
28.541800000000002 25.202899999999996
31.287599999999998 25.330600000000008
25.67549999999999 25.052899999999994
26.829600000000003 25.244600000000002
26.653499999999998 25.121800000000004
27.789199999999997 25.154700000000002
22.36059999999999 24.846
24.633 24.946600000000004
25.354900000000008 25.0293
27.59085 25.208139999999997
29.382730000000006 24.90309
23.684829999999994 24.529710000000005
26.6623 24.773830000000004
29.088399999999996 25.094200000000004
27.9847 25.0447
32.829600000000006 25.3622
31.44972 24.9197
28.9549 24.77401
28.44852 24.785189999999997
28.849510000000002 24.75393999999999
28.787900000000004 24.84758
28.1872 24.9764
30.827200000000012 25.15400000000001
29.04050000000001 25.011800000000008
28.6777 25.0409
29.823700000000002 25.125000000000004
28.053599999999996 25.02189999999999
31.90699999999999 25.342100000000002
29.339399999999998 25.222
28.710000000000008 25.2769
30.470610000000004 25.366969999999995
31.142310000000005 24.950200000000002
32.17344000000001 25.0985
31.87893 25.03919
29.807259999999992 25.02821
28.829939999999997 24.563149999999997
27.60054700000001 24.326700000000002
28.186550000000004 24.566789999999997
31.15720899999998 24.86631
29.296584999999997 24.26474
29.177804999999996 24.290440000000007
30.49901 24.342319999999997
31.34945 24.461930000000002
31.55382000000001 24.6408
32.464668999999994 24.692829999999997
30.171013000000002 24.68883
30.856307999999995 24.67733
24.988200000000003 24.54280000000001
