39.72030000000001 6.523669999999999
40.138099999999994 6.5220199999999995
39.092699999999994 6.538839999999999
39.78979999999999 6.54561
40.72329999999999 6.57006
41.22360000000001 6.632980000000001
40.61479999999998 6.61911
40.2463 6.537940000000001
39.67700000000001 6.53629
38.094699999999996 6.496359999999999
37.324499999999986 6.5119
36.707499999999996 6.462380000000001
35.9858 6.4594200000000015
36.496299999999984 6.42888
36.66740000000001 6.42837
36.490100000000005 6.399550000000001
35.62039999999998 6.411569999999999
37.1029 6.400470000000001
36.52960000000001 6.426610000000001
36.722 6.415199999999999
37.4322 6.45204
37.43209999999999 6.436329999999998
38.66639999999999 6.47128
38.249599999999994 6.43478
38.656000000000006 6.5041699999999985
38.4782 6.516629999999999
34.630900000000004 6.354800000000002
35.238 6.26569
40.63100000000001 6.501569999999999
39.92059999999999 6.5331
38.03730000000001 6.466340000000001
38.40490000000001 6.50009
38.49810000000001 6.49749
38.627099999999984 6.468160000000001
39.8956 6.47442
38.17259999999999 6.53217
39.23199999999999 6.43282
39.0171 6.46435
38.30070000000001 6.44305
37.8651 6.43273
37.20850000000001 6.417540000000001
36.473499999999994 6.4064499999999995
37.345000000000006 6.40818
36.898999999999994 6.406689999999999
37.019 6.437890000000001
37.0578 6.45801
35.74090000000001 6.396699999999998
35.695100000000004 6.338940000000001
37.652 6.389799999999999
35.88099999999999 6.3640799999999995
36.01450000000001 6.35353
36.6935 6.352829999999998
35.938700000000004 6.369000000000001
35.6289 6.336830000000002
35.409699999999994 6.360510000000001
36.403200000000005 6.366120000000001
36.944300000000005 6.3737400000000015
36.490700000000004 6.33798
35.5432 6.3220300000000025
34.622600000000006 6.4807739999999985
35.02340000000001 6.294489999999999
33.6049 6.30039
34.3306 6.299940000000001
38.322399999999995 6.36496
34.60510000000001 6.27845
33.661199999999994 6.226979999999999
34.2072 6.23011
34.2402 6.247200000000001
34.69589999999999 6.22111
35.053900000000006 6.2216900000000015
34.3402 6.211080000000003
33.674699999999994 6.215040000000001
34.552899999999994 6.26075
33.54749999999999 6.22708
33.6516 6.2071000000000005
32.639500000000005 6.218639999999999
34.08380000000001 6.23928
32.79240000000001 6.25121
32.62599999999999 6.212550000000001
33.41450000000002 6.22742
33.3414 6.207780000000001
32.271699999999996 6.171309999999999
32.35719999999999 6.189200000000001
31.249399999999998 6.148960000000001
31.05879999999999 6.15853
30.239700000000003 6.13778
30.378100000000003 6.118829999999999
29.911899999999996 6.129709999999999
29.662500000000016 6.1169899999999995
30.453400000000002 6.123699999999999
30.955899999999996 6.123760000000001
30.449699999999996 6.1113100000000005
30.153399999999998 6.1012
30.5466 6.104539999999998
31.100300000000004 6.14542
31.160599999999988 6.145139999999998
31.128000000000007 6.18669
30.616600000000005 6.162079999999999
29.71270000000001 6.152949999999999
29.036000000000005 6.1104899999999995
28.6673 6.11693
29.816100000000006 6.105849999999999
30.354799999999997 6.12887
29.618499999999997 6.11453
30.60710000000001 6.0912799999999985
29.441699999999997 6.10293
29.235399999999995 6.072069999999998
29.087199999999996 6.082529999999999
29.7591 6.112719999999998
28.673900000000003 6.091539999999999
30.503399999999996 6.097490000000002
30.400399999999987 6.097619999999999
29.649200000000004 6.092889999999998
28.603399999999997 6.102600000000001
28.15019999999999 6.087779999999999
28.644400000000005 6.0915300000000006
29.166200000000003 6.092740000000001
30.4822 6.1202
30.347099999999998 6.12208
29.594100000000008 6.121140000000002
31.223250000000004 6.3126000000000015
30.839299999999998 6.1266799999999995
31.322200000000006 6.07535
30.521999999999995 6.09127
30.780099999999997 6.10187
29.878700000000002 6.106839999999999
30.578399999999988 6.121790000000002
30.009000000000004 6.11051
31.321099999999984 6.31777
31.3509 6.07439
30.619699999999998 6.081960000000001
32.87861999999999 6.43773
31.809600000000003 6.08613
31.018099999999997 6.068910000000002
30.824099999999994 6.0825700000000005
31.177699999999998 6.091340000000001
31.4531 6.17949
30.719400000000004 6.01633
32.495430000000006 6.19448
31.300299999999993 6.0056
31.88380000000001 6.004719999999999
32.11129999999999 6.037099999999997
30.924699999999994 6.00493
32.154900000000005 6.024379999999999
32.67690000000002 6.05874
32.3351 6.041539999999999
33.20400000000001 6.041459999999999
33.63590000000001 6.071899999999999
33.401599999999995 6.07686
34.00619999999999 6.09677
33.8564 6.114119999999999
33.729 6.096739999999999
34.226 6.129529999999999
35.0274 6.148029999999999
35.395700000000005 6.14923
35.46390000000001 6.141750000000002
35.6513 6.18314
43.01447000000002 7.287427000000002
35.9158 6.045049999999999
34.49000000000001 6.0177000000000005
36.0228 6.040640000000001
35.499700000000004 6.008000000000001
35.68939999999999 6.003390000000001
34.266299999999994 5.94149
34.14289999999999 5.969810000000002
36.3852 6.050520000000001
36.53809999999999 6.10845
35.88049999999999 6.0900799999999995
37.56739999999999 6.085459999999998
37.769499999999994 6.144469999999997
37.525600000000004 6.10729
38.147299999999994 6.15585
37.66149999999998 6.1280100000000015
38.0707 6.17256
37.63300000000002 6.14642
38.771100000000004 6.175229999999999
39.5556 6.186680000000001
38.70040000000001 6.186929999999999
41.29760000000001 6.274709999999999
38.3953 6.212980000000002
37.69440000000001 6.1977400000000005
40.78120000000001 6.273420000000001
39.79880000000001 6.25183
39.62349999999999 6.260540000000001
36.2945 6.162950000000001
39.66310000000001 6.189999999999999
41.045700000000004 6.295370000000002
39.8712 6.2572600000000005
41.394999999999996 6.29562
40.87099999999999 6.341830000000001
38.3971 6.32334
39.27559999999999 6.31073
41.581599999999995 6.327579999999999
40.74539999999999 6.293779999999999
39.5701 6.299129999999999
39.0673 6.29531
39.167100000000005 6.285130000000001
40.14150000000001 6.30197
41.81619999999999 6.364149999999999
38.3997 6.24069
39.505799999999994 6.284909999999999
39.283999999999985 6.28435
38.85319999999999 6.28626
39.46959999999999 6.282820000000002
40.20479999999998 6.341270000000001
39.65789999999999 6.31679
39.53479999999999 6.282699999999999
39.9865 6.313260000000001
37.9041 6.24527
39.4809 6.276940000000001
38.380700000000004 6.29455
38.76700000000001 6.261090000000001
40.549400000000006 6.280259999999998
39.62339999999999 6.25862
39.02830000000001 6.290490000000001
39.97789999999999 6.281160000000001
40.492700000000006 6.30794
39.22480000000001 6.281790000000001
39.302600000000005 6.272600000000001
38.97070000000001 6.31611
37.42610000000002 6.226050000000001
41.90250000000001 6.39154
43.052099999999996 6.417060000000001
40.38599999999999 6.38364
39.37549999999999 6.314810000000001
37.18490000000001 6.26916
40.66249999999999 6.341100000000003
42.4378 6.386949999999998
38.85889999999999 6.256049999999999
37.58919999999999 6.209359999999998
38.46049999999999 6.234009999999999
39.60900000000001 6.277870000000001
39.35129999999998 6.278819999999999
38.5181 6.251710000000002
38.47800000000001 6.260970000000003
39.12169999999999 6.2649300000000006
39.7756 6.352210000000001
38.6937 6.277619999999998
39.379 6.24452
40.460300000000004 6.289640000000002
41.7717 6.285959999999998
39.41669999999999 6.34009
37.825399999999995 6.24325
38.63589999999999 6.259849999999998
38.8745 6.269080000000001
39.796 6.270860000000001
40.8017 6.415779999999999
39.333400000000005 6.277650000000001
38.670899999999996 6.253889999999999
40.251999999999995 6.293310000000002
39.32459999999998 6.298410000000001
39.37710000000001 6.24425
40.494000000000014 6.305319999999999
39.64349999999999 6.3131
27.1223 5.91683
23.400000000000006 5.623529999999999
43.433600000000006 6.26034
42.71547000000001 6.977449999999999
40.922999999999995 6.256159999999998
44.716149999999985 6.48988
40.99110000000002 6.315220000000001
40.34140000000001 6.205559999999998
40.408500000000004 6.413397
40.387 6.21222
39.863499999999995 6.2234
39.138600000000025 6.217410000000001
39.89339999999999 6.1992899999999995
38.66269999999999 6.211769999999999
37.9377 6.189
38.95860000000001 6.19173
39.1295 6.197679999999997
40.577799999999996 6.21018
39.057599999999994 6.213430000000001
39.5176 6.21076
39.70840000000002 6.218929999999999
25.371900000000004 5.807340000000001
25.563499999999994 5.6254
28.0362 5.70104
29.9373 5.767809999999999
35.030899999999995 5.954460000000001
34.593999999999994 6.004999999999999
36.708600000000004 6.079119999999999
36.367599999999996 6.10925
36.209199999999996 6.12221
36.531800000000004 6.11095
37.2426 6.10568
37.00519999999999 6.105969999999999
35.82070000000001 6.08258
