23.956 9.69
17.35 9.705
16.583 9.351
15.35 9.241
17.597 9.335
15.354000000000001 9.286
15.533 9.097
15.533 9.209999999999999
14.945999999999998 8.994
15.134000000000004 8.991
15.960999999999997 9.006
13.59 8.911000000000001
12.889999999999999 8.933
12.956999999999999 8.828999999999999
12.695 9.044999999999998
13.431000000000001 8.873
13.654 9.125
13.144 9.012
12.58 9.335
13.318 8.789
24.724999999999998 9.895
23.646 10.034
27.607 10.178
27.051000000000002 10.367
24.237000000000002 10.159
30.650999999999996 10.389000000000001
13.816 9.808
19.678 9.200999999999999
36.010999999999996 10.511999999999999
27.364 10.224
20.233 9.684
20.788999999999998 9.437000000000001
17.468 9.402
16.086 9.268
13.163 8.99
11.608999999999998 9.153
11.457 8.953999999999999
13.341 9.018
12.796000000000001 9.463
12.463999999999999 9.097000000000001
13.88 9.116
15.503 9.254999999999999
13.571999999999997 9.586
16.073 9.168
12.817 9.708000000000002
11.612999999999998 8.972000000000001
12.415999999999999 9.176
10.363999999999999 9.049
11.332 9.084999999999999
12.35 9.171
14.217999999999996 9.644
12.683 9.138
13.166 9.591
15.433999999999997 9.262
14.093 9.338
13.879 9.225
12.811 9.045
13.318 8.923
17.669999999999998 9.455
17.804000000000002 9.690000000000001
18.677 9.552
15.183 9.716
18.889999999999997 9.589
19.03 9.693
33.276 10.163
27.807000000000002 10.214
32.079 10.314
24.89 10.005
33.03699999999999 10.262
23.382 10.144
24.371000000000002 10.327
12.851 9.395000000000001
19.373 10.327
14.38 9.906
12.597 9.68
11.273 8.97
13.559 8.948
14.278999999999996 9.069
13.636000000000001 9.142999999999999
14.201 8.914000000000001
19.769000000000002 9.370000000000001
16.027 9.142999999999999
15.406000000000002 9.347999999999999
14.014 9.274000000000001
15.021 9.264
14.392000000000001 9.33
18.976000000000003 9.54
13.052999999999997 8.916
12.991 8.997
12.955 8.593
14.011000000000001 8.645
15.005000000000003 8.768
15.244 8.768999999999998
16.159000000000002 8.744
18.933 9.33
17.53 8.908000000000001
17.707 9.276000000000002
18.128 9.086
16.208 9.054
20.392 9.201999999999998
25.494 9.577
25.807000000000002 9.591
27.624 9.736
25.77 9.571
26.556 9.826
21.246000000000002 9.601
24.535 9.747
20.734 9.436
20.642000000000003 9.818
21.838 9.620999999999999
22.431 9.588
19.427 9.366
23.424 9.656
23.64 9.592
21.783 9.613000000000001
22.149 9.478
28.815 9.943
25.354 9.836
24.823 10.288
31.81 10.311
32.496 10.34
20.849999999999998 9.87
19.397000000000002 9.605
22.898999999999997 9.744
23.273 10.099
20.849 9.733
19.793000000000003 9.665
18.476 9.659
18.297 9.511
17.901999999999997 9.344000000000001
19.502 9.528
18.348 9.341
20.429 9.525
20.313 9.564999999999998
20.904 9.583
25.494 9.791
25.378 9.761000000000001
24.128 9.793000000000001
26.654 9.893000000000002
22.246999999999996 9.689
26.240000000000002 9.956999999999999
23.096000000000004 9.770999999999999
27.387 9.847999999999999
21.642999999999997 9.703999999999999
23.2 9.69
19.439 9.576
20.33 9.584999999999999
20.996 9.565999999999999
23.284000000000002 9.809999999999999
22.425 9.778999999999998
21.57 9.702
20.134999999999998 9.628
22.467000000000002 9.673
21.814 9.609000000000002
22.490000000000002 9.586
21.003 9.597999999999999
22.246999999999996 9.579
20.671999999999997 9.494
22.003 9.58
19.024 9.54
22.442999999999998 9.695
22.302 9.666
23.485999999999997 9.89
21.881 9.683
23.84 9.78
23.23 9.842
34.00899999999999 10.270000000000001
26.087000000000003 9.969999999999999
31.561000000000007 10.32
27.344 9.955
35.351 10.358
26.343 10.034
28.961000000000002 10.129000000000001
27.026 10.052
26.037 10.046
24.829 10.078
26.832 10.175
25.31 10.027999999999999
29.741999999999997 10.187
29.823 10.245
32.17099999999999 10.22
24.705000000000002 8.446200000000001
29.589 9.0588
27.770999999999997 9.514
34.55199999999999 9.844
31.964 9.902000000000001
31.525000000000002 9.836
29.712 9.897
32.05 9.942
30.073 9.967
31.854 10.241999999999999
27.838 9.994
26.159 9.985000000000001
26.252 9.94
27.744999999999997 10.0
26.122999999999998 9.942
29.821 9.954
26.264 10.016
26.904 9.952
25.164 9.966999999999999
27.46 10.019
23.553 9.995
32.068000000000005 10.217
30.962999999999997 9.954
30.56 10.281
24.395 10.123
29.810000000000002 10.139000000000001
26.11 10.193000000000001
30.56 10.214
27.587 10.199
31.316 10.254
24.188 10.084999999999999
26.257 10.22
23.201 10.092
27.11 10.242
25.732 10.004
22.54 10.113
20.734 9.928
40.242999999999995 10.327
20.246 10.132
22.973 10.135000000000002
21.997 10.093
29.486 10.264
23.505 10.107
24.445 10.165000000000001
20.061999999999998 10.013
26.698 10.295000000000002
27.813 10.343
15.521 10.206
23.957000000000004 10.040000000000001
22.877000000000002 10.024999999999999
23.601999999999997 10.036999999999999
29.18 10.161999999999999
32.281 10.153
31.878 10.206000000000001
30.041 10.089
21.027999999999995 9.876
19.415 9.856000000000002
18.938 10.117
21.741000000000003 9.812000000000001
24.28 10.083999999999998
21.813 9.863999999999999
21.686 9.863
32.659 9.921000000000001
24.297 10.126
21.881 9.902999999999999
22.095 9.878
26.117 9.868
20.153000000000002 9.834999999999999
18.538 9.662
24.823 9.942
29.070999999999998 10.129000000000001
28.541 10.142
22.046 9.96
20.012999999999998 9.832999999999998
17.938 9.729
24.200000000000003 10.072999999999999
18.603 10.078999999999999
27.661 10.105
22.096 10.116000000000001
21.209 9.915000000000001
19.281000000000002 9.451
29.596 9.888
22.821 9.512
21.24 9.555
22.438000000000002 9.527000000000001
21.02 9.5
21.105999999999998 9.454
21.465 9.518
19.188999999999997 9.411
21.149 9.469999999999999
19.750999999999998 9.508000000000001
19.141000000000002 9.575
27.057000000000002 9.663
27.862000000000002 9.918000000000001
20.55 9.72
19.305 9.677
18.597 9.601
13.805 9.518
14.185 9.403
17.901999999999997 9.53
22.162000000000003 9.781
19.415 9.687000000000001
18.31 9.668
22.680999999999997 9.859
23.584000000000003 9.768
24.469 10.147
18.519000000000002 9.725999999999999
