28.132240999999997 25.733539999999998
29.663999999999994 25.99430000000001
32.619700000000016 26.137600000000006
31.328400000000013 26.178099999999986
30.6392 26.12629999999999
30.636999999999997 26.2217
30.746299999999994 26.224400000000003
30.579 26.256600000000002
30.8811 26.230899999999995
28.9935 26.1799
30.1012 26.231999999999996
30.8645 26.209099999999996
28.127000000000002 26.088500000000003
30.026499999999995 26.254500000000004
29.4296 26.270099999999996
28.06349999999999 26.146400000000007
27.475100000000012 26.0809
30.810799999999983 26.2904
29.265900000000006 26.175900000000002
26.570299999999996 26.071900000000003
26.325099999999996 26.013600000000004
26.474800000000005 26.082299999999996
27.941099999999995 26.144299999999998
27.697260000000007 26.23129
27.603699999999993 25.663800000000002
26.48182 25.588919999999995
27.322140000000005 25.67958
26.18752999999999 25.633130000000005
27.396939999999997 25.696720000000006
23.842209999999998 25.46759000000001
19.576144999999997 25.159670000000002
21.714041 25.296699999999994
26.35623599999999 25.641749999999995
23.69964100000001 25.448680000000003
24.782899999999998 25.693699999999996
23.605900000000005 25.581699999999998
18.226900000000008 25.264800000000005
17.9584 25.157500000000006
24.2114 25.621199999999988
28.231299999999997 25.914900000000003
27.110799999999998 25.907699999999995
22.327199999999998 25.5279
27.647699999999997 25.958899999999996
28.5258 25.9991
28.686799999999995 26.028599999999997
28.80220000000001 26.12710000000001
26.813599999999997 26.097900000000003
31.17919999999999 26.2174
29.626500000000007 26.16529999999999
31.3557 26.32239999999999
32.822100000000006 26.34060000000001
31.014299999999995 26.245599999999992
30.8105 26.237499999999997
29.7168 26.294799999999995
30.1376 26.318199999999997
27.257399999999993 26.104999999999993
28.0242 25.552699999999994
26.072119999999998 25.5091
27.184650000000012 25.480980000000002
29.215399999999995 25.688540000000003
29.207499999999992 25.76844
25.573199999999996 25.498769999999993
24.42078 25.466450000000002
25.983800000000002 26.075859999999995
27.011999999999993 25.642500000000005
27.456599999999998 25.8307
28.224300000000003 25.8368
28.253899999999994 25.90960000000001
27.4526 25.925300000000007
26.7157 25.873400000000004
29.17940000000001 25.992299999999997
26.52649999999999 25.888300000000008
28.884400000000003 26.0488
28.668899999999997 26.098399999999998
27.479899999999997 26.03089999999999
26.581999999999994 25.950899999999994
27.770700000000005 26.0239
23.9227 25.840200000000003
19.1017 25.4966
23.052499999999995 25.6679
29.72800000000001 26.11649999999999
31.177400000000006 26.243299999999998
30.897899999999996 26.208799999999993
29.402 26.22959999999999
28.346099999999996 26.139200000000002
28.340099999999996 26.15979999999999
30.970300000000012 26.296300000000013
27.8814 26.1676
29.804399999999987 26.278799999999997
27.560600000000008 26.140599999999996
27.71340000000001 26.1982
28.372000000000003 26.27279999999999
27.6443 26.222699999999993
27.48069999999999 26.227700000000002
30.2264 26.386300000000002
30.817200000000017 26.4598
29.892000000000014 26.367200000000008
29.657600000000006 26.460399999999996
29.000400000000003 26.354200000000006
27.89179999999999 26.304900000000004
29.362699999999997 26.4143
28.199399999999997 26.376400000000004
27.75880000000001 26.372000000000007
29.357660000000003 26.44081999999999
26.65518 25.87548
28.11276000000001 25.906299999999998
28.084880000000002 25.966669999999993
28.629150000000003 25.881940000000004
27.025700000000008 25.83929
29.3364 26.095999999999993
28.3329 26.075200000000002
26.522899999999993 25.983100000000004
25.7416 25.9265
27.3305 26.017799999999998
22.676999999999992 25.808500000000002
20.619799999999998 25.650400000000012
18.133599999999998 25.541900000000002
21.326099999999997 25.6567
23.622899999999998 25.8645
25.1963 25.877
29.2022 26.174599999999998
26.8091 26.150300000000005
26.867000000000008 26.139199999999995
30.161799999999992 26.305300000000003
28.930700000000005 26.344800000000014
30.601100000000002 26.4216
31.57490000000001 26.412000000000003
30.914399999999997 26.359200000000005
26.9322 26.256699999999995
27.9542 26.1633
28.949599999999997 26.277100000000004
28.009 26.312300000000004
26.405099999999997 26.165300000000002
26.8865 26.2119
24.209 25.962500000000006
23.955500000000008 25.933600000000002
25.115899999999996 26.096900000000005
26.113500000000002 26.117400000000004
26.288799999999995 26.211300000000005
26.220800000000004 26.146800000000002
27.289400000000008 26.30649999999999
27.45370000000001 26.29079999999999
27.136400000000005 26.236299999999996
27.709500000000002 26.304299999999998
26.099800000000002 26.1683
29.649600000000003 26.428100000000004
27.563399999999998 26.352999999999998
25.773399999999995 26.1756
26.62750000000001 26.257700000000007
25.873099999999994 26.2512
25.6417 26.260400000000004
22.5454 26.038600000000006
19.048799999999993 25.782099999999996
17.4429 25.61920000000001
22.3521 25.876599999999993
26.1062 26.199799999999996
23.63360000000001 26.1202
27.6322 26.278599999999997
26.235999999999997 26.2404
26.8176 26.238099999999985
25.889599999999994 26.1958
26.1378 26.282399999999996
26.7998 26.269800000000004
26.540300000000013 26.317899999999998
26.155800000000003 26.2664
26.348300000000012 26.255800000000008
24.774979999999992 26.66137199999999
25.156960000000005 25.825049999999994
24.45127 25.761310000000005
25.02369 25.834840000000003
24.07257000000001 25.746170000000003
24.444869999999998 25.72006
24.895353 25.870859999999997
24.624945000000007 25.824250000000003
26.70640000000001 25.985000000000003
27.82549999999999 26.198500000000003
27.012699999999985 26.1931
25.197099999999995 26.10310000000001
25.43149999999999 26.157600000000002
26.166099999999997 26.163800000000002
26.50650000000001 26.23120000000001
23.7578 26.069300000000002
26.145700000000005 26.236499999999996
26.21009999999999 26.1586
26.231000000000005 26.2873
26.63650000000001 26.283
26.056199999999997 26.282100000000003
25.85760000000001 26.283799999999996
24.8964 26.2508
20.3574 25.897299999999994
17.6751 25.755899999999997
22.9461 26.007199999999997
20.931199999999997 25.9753
27.455230000000007 26.427680000000002
23.53841 25.735179999999996
25.18862 25.753120000000003
26.309310000000004 25.846760000000003
25.411289999999997 25.85316000000001
26.614180000000005 25.98033999999999
26.56969999999999 25.978900000000003
25.513199999999998 25.99359999999999
27.768699999999995 26.16670000000001
25.860199999999995 26.105199999999996
27.64162999999999 26.332300000000004
25.592779999999998 25.68287
25.108159999999994 25.66892
25.750239999999998 25.72603
28.35554000000001 25.92067
27.128649999999993 25.889650000000003
27.980690000000003 25.936700000000002
26.240840999999993 25.90813
26.295136000000014 25.864950000000004
27.396426999999996 25.95479
25.313217000000005 25.832920000000005
27.792140999999997 25.955979999999997
26.982700000000005 26.083199999999994
26.02389999999999 26.021099999999997
25.8867 26.007399999999997
25.288100000000004 25.9942
23.965800000000005 25.8439
25.610399999999995 26.024800000000003
27.284799999999997 26.156499999999998
27.52190000000001 26.192899999999998
27.0018 26.133200000000006
29.454699999999995 26.424999999999997
26.304699999999993 26.154200000000007
21.809599999999996 25.860400000000006
18.923599999999997 25.684
19.3917 25.693600000000004
22.295299999999997 25.899099999999997
25.896899999999995 26.1897
28.356 26.33720000000001
23.694900000000008 25.977100000000004
28.885299999999997 26.441900000000008
29.083100000000005 26.42770000000001
28.505200000000002 26.354899999999994
27.490000000000002 26.348799999999994
28.97369999999999 26.39169999999999
27.323299999999996 26.3121
28.229200000000006 26.4204
26.887199999999993 26.40489999999999
26.518199999999997 26.400999999999996
26.5553 26.326099999999997
27.249800000000008 26.482100000000003
26.83600000000001 26.370199999999993
27.2115 26.451699999999995
27.318599999999993 26.458799999999993
27.819100000000006 26.509700000000002
31.75259999999999 26.743499999999997
29.13060000000001 26.611199999999997
28.239000000000008 26.515699999999992
29.36759999999998 26.579200000000004
28.601900000000008 26.5544
27.3543 26.540999999999997
29.328600000000005 26.570400000000006
28.515600000000003 26.575800000000005
27.076199999999993 26.518400000000003
29.107499999999998 26.682499999999997
28.0707 26.594699999999992
27.040000000000003 26.581599999999998
27.5036 26.621199999999995
28.285200000000003 26.6319
28.194100000000006 26.719299999999997
27.9651 26.61800000000001
24.04800000000001 26.370699999999996
23.8046 26.282500000000002
21.1909 26.095299999999988
19.3499 26.003000000000004
24.961800000000007 26.31599999999999
26.659499999999987 26.535699999999995
23.4159 26.3276
27.619899999999998 26.545099999999998
29.131600000000006 26.666599999999995
28.8561 26.6561
28.480799999999988 26.715800000000005
27.67059999999999 26.634399999999996
29.261000000000003 26.67739999999999
28.536099999999998 26.722999999999995
26.084600000000012 26.526600000000006
25.281599999999997 26.482100000000003
25.098000000000003 26.3858
25.798 26.454199999999993
28.33939999999999 26.6382
28.58110000000001 26.6667
27.4475 26.678400000000003
26.545999999999996 26.5493
28.013200000000005 26.6924
27.5837 26.607700000000005
