36.3283 45.90100000000001
33.5319 45.976000000000006
34.105799999999995 45.92399999999999
34.9345 45.909
35.269100000000016 45.870000000000005
35.3265 45.873000000000005
35.642299999999985 45.86599999999999
35.8714 45.931000000000004
36.41179999999999 45.95600000000001
35.4085 45.971999999999994
35.4919 46.01200000000001
36.1027 46.004
36.239900000000006 46.067
35.439299999999996 46.078
37.823299999999996 46.071000000000005
38.1769 46.168000000000006
38.00979999999999 46.117
36.93280000000001 46.111000000000004
36.7667 46.13300000000001
38.405899999999995 46.288000000000004
39.354400000000005 46.35099999999999
39.7734 46.40600000000001
38.6914 46.424
40.6265 46.501000000000005
36.928999999999995 46.361
35.723299999999995 46.26599999999999
37.1234 46.262
35.189700000000016 46.217
34.40090000000001 46.174
35.77120000000001 46.166999999999994
36.317999999999984 46.10600000000001
37.221900000000005 46.12200000000001
37.592000000000006 46.23500000000001
39.089100000000016 46.34
40.1618 46.393
38.982800000000005 46.464999999999996
37.7804 46.516000000000005
38.15239999999999 46.482
35.84929999999999 46.466
36.5448 46.507000000000005
36.5131 46.570000000000014
35.99819999999999 46.714999999999996
34.49759999999999 46.80000000000001
34.8304 46.808
35.919700000000006 46.81699999999999
36.36679999999999 46.769999999999996
36.28320000000001 46.82300000000001
35.706599999999995 46.81800000000001
35.0668 46.787
33.56380000000001 46.717000000000006
32.17309999999999 46.57900000000001
33.613400000000006 46.531
33.8405 46.51700000000001
32.1642 46.45600000000002
32.8935 46.553
33.987 46.619000000000014
34.569 46.785
33.48920000000001 46.799
31.951499999999992 46.75900000000001
31.9537 46.766000000000005
31.748199999999997 46.768
30.264300000000006 46.659
30.469199999999997 46.638000000000005
30.7575 46.687999999999995
28.82300000000001 46.739000000000004
28.289699999999996 46.653
28.122000000000003 46.548
29.845999999999997 46.569
30.257800000000003 46.584999999999994
29.377899999999997 46.580999999999996
28.451200000000004 46.62
28.157799999999998 46.587
28.2713 46.624999999999986
25.8067 46.59000000000002
27.458199999999998 46.66300000000002
28.4675 46.746
27.887300000000003 46.73100000000001
26.285999999999998 46.705000000000005
26.754499999999997 46.698000000000015
28.791100000000004 46.720000000000006
27.282500000000002 46.701
27.139300000000006 46.721000000000004
27.34959999999999 46.705000000000005
26.721899999999998 46.724000000000004
25.904 46.672000000000004
26.464499999999997 46.655
27.797400000000007 46.65299999999999
26.825300000000002 46.67399999999999
26.9357 46.725
27.1002 46.772999999999996
26.9959 46.778000000000006
27.575799999999994 46.769000000000005
29.0659 46.776
27.166999999999998 46.78600000000001
27.771799999999995 46.800999999999995
26.862300000000005 46.798
28.428400000000003 46.784000000000006
25.609599999999993 46.772000000000006
23.724399999999992 46.778999999999996
26.093700000000002 46.842000000000006
28.166900000000002 47.039
29.2894 47.43500000000001
30.175 47.63099999999999
30.27849999999999 47.51900000000001
29.022599999999997 47.303999999999995
26.7249 47.23799999999999
26.830699999999997 47.160999999999994
26.6295 47.09400000000001
28.412999999999993 47.12899999999999
26.1466 47.16
25.7577 47.20199999999999
26.194700000000005 47.17699999999999
23.8375 47.187
25.8747 47.22699999999999
26.913700000000006 47.196
27.198800000000002 47.174
26.875999999999994 47.172999999999995
26.887599999999996 47.179999999999986
27.313200000000005 47.218999999999994
26.9905 47.26599999999999
29.9839 47.25699999999999
26.906100000000006 47.191
25.0577 47.177
26.6317 47.263
26.1758 47.24
26.947200000000006 47.18999999999999
26.2853 47.142
26.937299999999997 47.09699999999999
26.9415 47.13299999999999
26.2472 47.16899999999999
26.8944 47.18999999999999
29.004400000000004 47.15899999999999
27.246399999999998 47.142
26.334899999999994 47.126000000000005
26.962200000000003 47.14099999999999
28.1362 47.13200000000001
29.987299999999994 47.12799999999999
29.020599999999995 47.088
28.8497 47.102
28.091200000000004 47.15500000000001
30.557599999999997 47.157
29.598800000000004 47.272999999999996
30.316 47.23
29.7569 47.154999999999994
30.18599999999999 47.06
30.740300000000005 47.00599999999999
31.677100000000003 47.028000000000006
32.604400000000005 47.10599999999999
31.296900000000004 47.102
30.269199999999998 47.145999999999994
32.9611 47.248999999999995
31.418499999999998 47.24499999999999
31.106 47.215
30.794000000000004 47.226
34.9425 47.342000000000006
34.181700000000006 47.309
34.8267 47.23800000000001
32.9435 47.266000000000005
35.907 47.325
36.0041 47.297
36.213 47.305
34.945499999999996 47.30400000000001
38.091800000000006 47.38299999999999
38.345800000000004 47.495
40.2829 47.510999999999996
38.284000000000006 47.404999999999994
38.371700000000004 47.438
37.5247 47.436
38.229000000000006 47.461999999999996
36.9477 47.49999999999999
36.70719999999999 47.539
36.50209999999999 47.389
35.757600000000004 47.368
38.803599999999996 47.66999999999999
38.764199999999995 47.57399999999999
39.21470000000001 47.54900000000001
39.874500000000005 47.413999999999994
37.6548 47.238
37.242399999999996 46.88399999999999
39.731399999999994 46.866
45.45400000000001 46.958000000000006
67.499 47.547999999999995
70.351 47.876000000000005
67.63 48.02
70.029 48.142999999999994
67.57000000000001 48.12200000000001
66.14099999999998 48.079
64.806 48.31
64.941 48.479
56.985 48.44500000000001
43.483 48.22399999999999
43.50300000000001 48.134
44.896 47.999
43.928000000000004 47.925000000000004
43.872 47.90099999999999
43.25659999999999 47.87500000000001
41.806000000000004 47.974999999999994
42.24 48.17200000000001
42.086000000000006 47.999
43.995999999999995 47.941
45.15 47.931000000000004
42.824 47.82200000000001
43.50999999999999 47.72500000000001
44.412000000000006 47.914
45.70299999999999 47.81700000000001
43.242 48.046
42.361 47.992
41.916000000000004 48.045
41.411 48.071000000000005
42.285 48.147000000000006
41.64800000000001 48.06800000000001
43.324 47.96500000000001
44.758 48.00800000000001
43.260000000000005 47.986
40.4664 47.891000000000005
44.62 47.972
41.5409 47.82900000000001
41.185 47.65500000000001
40.317800000000005 47.791
41.082 47.95900000000001
38.77400000000001 47.911
38.24300000000001 47.84600000000001
40.16479999999999 47.88400000000001
39.90700000000001 47.982000000000006
40.87880000000001 47.99799999999999
40.794000000000004 47.953
41.1857 47.88600000000001
41.84700000000001 48.022
44.409000000000006 48.612999999999985
43.525999999999996 48.74099999999999
39.913 48.64
41.422000000000004 48.62100000000001
38.9217 48.568
39.10190000000001 48.337
38.769999999999996 48.202000000000005
40.04670000000001 48.20200000000002
40.81969999999999 48.224000000000004
41.058000000000014 48.327000000000005
42.66090000000002 48.227000000000004
39.91499999999999 48.25800000000001
39.60499999999999 48.233000000000004
39.62199999999999 48.335
40.76899999999999 48.47
42.837 48.568000000000005
41.001000000000005 48.48100000000001
40.48500000000001 48.30400000000001
40.576 48.21900000000001
40.464 48.217
39.78200000000001 48.156000000000006
39.586 48.03799999999999
39.9254 47.91300000000001
40.69000000000001 47.994
43.86400000000001 48.165
40.69399999999999 48.1
41.282 48.19199999999999
41.395999999999994 48.39499999999999
41.659000000000006 48.414
42.90199999999999 48.397
42.574000000000005 48.38399999999999
45.234 48.36
46.218 48.423
44.38099999999999 48.248000000000005
44.627 48.17399999999999
45.099000000000004 48.302
45.60400000000001 48.29999999999999
41.67799999999999 48.18199999999999
43.523999999999994 48.23199999999999
43.501 48.342
40.765000000000015 48.29199999999999
41.475 48.151
43.253 48.083999999999996
43.409 48.149
44.946 48.24099999999999
42.76500000000001 48.18999999999999
43.712 48.289
42.291999999999994 48.299
43.81899999999999 48.27100000000001
41.745999999999995 48.22700000000001
41.882000000000005 48.16899999999999
46.775000000000006 48.22099999999999
43.05199999999999 48.205
43.96000000000001 48.15199999999999
43.980999999999995 48.136
44.5991 48.23000000000001
46.618999999999986 48.270999999999994
47.87299999999999 48.21100000000001
45.534 48.17700000000001
43.92700000000001 48.138000000000005
