30.704000000000004 13.485
27.897999999999996 13.197999999999999
27.565999999999995 13.072000000000001
28.116000000000003 13.043
27.675 13.0405
28.075 13.046
27.735 13.0464
27.368000000000002 13.0357
27.834999999999997 13.0724
27.681 13.071299999999999
27.833 13.088499999999998
27.845 13.089400000000001
29.894999999999992 13.536999999999999
27.537 13.269000000000004
43.58608 15.912544999999994
27.372999999999998 10.007299999999999
26.669999999999998 11.6899
26.979999999999997 11.7639
27.037 11.907099999999998
27.040999999999993 12.0128
27.746 12.096
28.488000000000003 12.237699999999998
27.595 12.386499999999998
27.68 12.378999999999998
31.3115 13.180879999999998
27.454 12.507800000000003
27.321 12.6389
27.343 12.6192
27.862000000000002 12.608100000000002
27.627999999999997 12.618000000000002
28.451999999999995 12.609800000000002
28.518999999999995 12.5943
28.676999999999996 12.5662
29.059999999999995 12.5869
29.291 12.560600000000003
28.883 12.6023
32.8258 13.304499999999999
28.040000000000003 12.628800000000002
27.847000000000005 12.681099999999997
27.715999999999998 12.648700000000002
27.474999999999998 12.5812
27.842 12.575600000000001
27.804999999999996 12.652800000000001
28.024000000000004 12.649799999999999
27.899 12.6547
28.286999999999995 12.6203
28.162 12.6082
28.298000000000002 12.6591
31.94000000000001 13.3586
28.675 12.608
27.990000000000002 12.678499999999998
28.662000000000003 12.6643
28.898999999999997 12.644400000000001
28.647000000000006 12.6747
28.621999999999996 12.692799999999998
28.802 12.721500000000002
28.766000000000002 12.750300000000001
29.251000000000005 12.706699999999998
28.920999999999996 12.693299999999999
28.851 12.7404
32.8409 13.496
28.844 12.862900000000002
28.610999999999997 12.893800000000002
29.078000000000003 12.862699999999998
28.786 12.842600000000001
28.567999999999994 12.824699999999996
28.65 12.8242
28.909999999999997 12.8241
28.813000000000006 12.833999999999998
28.658 12.842499999999998
28.576999999999998 12.8608
28.595000000000002 12.822600000000001
30.654999999999998 13.349
28.507000000000005 13.024999999999999
28.932000000000002 12.9389
29.035999999999994 12.8637
29.205000000000002 12.877600000000001
29.061999999999998 12.8384
29.009999999999998 12.902000000000003
28.597000000000005 12.8889
26.496 11.7782
28.195000000000004 12.2893
28.303 12.732299999999999
27.744999999999997 12.7685
31.27064 13.530000000000001
27.608 12.783
27.738999999999997 12.778599999999999
28.124000000000006 12.769999999999998
27.748 12.7964
27.852 12.8028
27.954 12.8057
27.865000000000002 12.808999999999997
28.040000000000003 12.784999999999998
27.903 12.890699999999999
27.992 12.877499999999998
27.618 12.8804
32.130700000000004 13.6768
27.651999999999997 12.934000000000001
27.296000000000003 12.876199999999999
28.112999999999992 12.8487
28.011000000000003 12.8441
28.112999999999992 12.8786
27.811000000000003 12.8565
27.757000000000005 12.898299999999999
27.537 12.892100000000001
27.687 12.898100000000001
27.491 12.891
27.771 12.913
30.270000000000003 13.421
27.683000000000003 13.131
27.318000000000005 12.999000000000002
27.241 12.9443
27.203 12.9293
27.069 12.9168
26.979999999999997 12.9077
27.203 12.927800000000001
27.497 12.958300000000001
27.685000000000002 12.9238
27.860000000000003 12.9274
27.822999999999997 12.961999999999998
30.019000000000002 13.434
27.704 13.141
27.637999999999995 13.020399999999999
27.966 12.9637
27.852 12.9663
27.737000000000002 12.976099999999999
27.996999999999993 12.9932
27.859 12.961400000000001
28.174 12.9969
28.378000000000004 12.987900000000002
28.832 12.959299999999999
28.339000000000002 12.999899999999997
30.587999999999994 13.491
28.182000000000002 13.196
27.956000000000003 13.098999999999997
28.457 13.049000000000003
28.254999999999995 13.024
27.813 13.035
28.020999999999997 13.062000000000001
27.878999999999998 13.094
28.095000000000002 13.056999999999999
28.325999999999997 13.046
28.043000000000003 13.074
27.604 13.0444
31.9689 13.7352
28.355000000000004 13.017000000000001
28.813999999999997 13.058999999999997
28.831999999999997 13.086
28.695999999999998 13.091999999999999
28.666999999999998 13.108
28.768 13.120500000000002
28.656 13.104
28.624000000000006 13.094999999999999
28.186000000000007 13.075999999999999
28.165999999999997 13.071
28.135000000000005 13.084999999999999
32.2456 13.772499999999999
28.741 13.133000000000001
44.73068 15.868533000000001
27.832 10.4558
26.651000000000003 11.729500000000002
26.855 11.8735
26.521000000000004 11.999099999999999
26.451 12.0572
26.700000000000003 12.107
27.188000000000002 12.265699999999999
26.572000000000003 12.394700000000002
26.293 12.4283
29.23078 12.918239999999997
26.005999999999997 12.1111
27.179000000000002 12.5085
26.593 12.509900000000002
27.171 12.558300000000003
27.269000000000005 12.6138
27.049 12.555299999999999
26.971 12.569099999999999
27.476 12.6001
27.18 12.5745
27.415999999999997 12.6141
27.327999999999996 12.621599999999999
31.9073 13.3079
26.456999999999997 12.656699999999999
26.427 12.6735
26.134999999999998 12.6709
26.237 12.6447
26.642 12.6705
26.831 12.679499999999999
26.422 12.703000000000003
26.284999999999997 12.7033
26.412000000000003 12.7106
26.761000000000003 12.679400000000001
26.483 12.686300000000001
31.1878 13.4831
26.786000000000005 12.7609
26.654999999999994 12.725200000000003
26.919999999999998 12.703100000000001
26.825000000000003 12.689900000000002
27.293999999999997 12.6991
27.105 12.6985
27.359 12.703500000000002
26.994999999999997 12.712499999999999
27.182000000000002 12.7399
27.281999999999996 12.7368
28.032 12.7222
31.5123 13.371893000000002
27.619000000000003 12.7289
27.545 12.7775
27.773999999999997 12.775799999999998
27.631 12.8284
27.218999999999998 12.8043
27.354 12.809399999999998
26.985000000000003 12.8314
27.012000000000004 12.818000000000001
27.041999999999998 12.800899999999999
27.563000000000002 12.815300000000002
27.195999999999998 12.8303
30.759019999999992 13.401299999999999
27.918999999999993 12.697999999999999
27.863000000000003 12.841599999999998
28.276999999999997 12.8466
28.038 12.816600000000003
27.899 12.817200000000001
27.741 12.8206
27.808 12.8361
27.73 12.8821
27.754 12.8366
27.965 12.854299999999999
27.423 12.817899999999998
31.861220000000003 13.5196
26.886 12.872999999999998
26.837 12.905999999999999
26.871000000000002 12.9019
26.91 12.877799999999997
26.748 12.8722
26.708 12.881300000000001
27.161 12.896900000000002
27.365000000000002 12.931999999999999
27.310000000000002 12.930000000000003
27.541 12.915500000000002
27.174000000000003 12.8888
31.271930000000005 13.593000000000002
26.982 12.919000000000002
27.260999999999996 12.964999999999998
27.173000000000002 12.940999999999999
27.224999999999998 12.946999999999997
27.354999999999997 12.938000000000002
26.728 12.927
27.322999999999997 12.967000000000004
27.075 12.991
27.384000000000004 13.011000000000001
27.005000000000003 12.966
26.71 12.9275
37.28600000000001 13.481409999999999
26.813 12.807799999999997
27.355999999999998 13.074000000000002
27.382 13.023000000000001
27.391 13.004999999999997
27.535999999999998 13.049
27.238999999999997 13.0065
27.380000000000003 12.996000000000002
27.182000000000002 13.030999999999999
27.179 12.991999999999997
27.183999999999997 13.027
27.467 13.032999999999998
32.352579999999996 15.162309999999998
26.858999999999998 12.6555
27.192 12.946
27.467999999999996 12.931999999999999
27.326 12.939
27.555000000000003 12.936999999999998
27.67 12.9119
27.169999999999998 12.969999999999999
26.769 12.987499999999999
26.971999999999994 13.035999999999998
26.900999999999996 13.025
26.765 13.020999999999999
29.9116 13.6045
27.303 12.981800000000002
26.795 13.097
27.259999999999994 13.023000000000001
27.168999999999997 13.011000000000001
27.377000000000002 13.009
27.721 12.959000000000001
27.701999999999998 13.007
28.154 13.055
28.081999999999997 13.012
27.992 13.014000000000001
27.998999999999995 13.002499999999998
