20.183199999999996 20.1697
20.015900000000002 20.1347
20.184300000000004 20.156999999999996
20.662799999999997 20.4209
20.329100000000004 20.1919
20.139699999999994 20.185
20.094300000000004 20.2035
20.126300000000004 20.2043
20.394000000000002 20.250699999999995
20.023600000000002 20.1907
20.598999999999997 20.656800000000004
21.3983 21.262400000000003
20.6416 20.497200000000003
20.623699999999992 20.302300000000002
20.287399999999998 20.5124
20.24 20.2776
20.085799999999992 20.3178
20.804699999999997 20.401100000000003
19.8847 20.4733
19.923500000000004 20.2537
23.60127 22.932469999999995
20.4477 20.854
20.376 20.2661
20.148200000000006 20.0933
20.0263 20.4754
20.517599999999998 20.5354
20.519199999999998 20.458199999999998
20.4597 20.267399999999995
19.8662 20.087800000000005
20.067300000000003 20.070600000000002
19.9182 20.062900000000003
20.043999999999997 20.0463
19.969199999999994 20.0463
20.409999999999997 20.1438
20.016500000000004 20.066
19.8402 20.054000000000002
20.004300000000004 20.1601
19.988400000000002 20.069200000000002
20.185400000000005 20.1024
20.036199999999997 20.058499999999995
19.741899999999998 20.034799999999997
20.31309999999999 20.103600000000004
20.1752 20.406299999999998
20.196 20.286500000000004
20.320200000000003 20.1026
20.594699999999996 20.404999999999994
19.9972 20.385
19.7301 20.073599999999995
19.8554 20.0654
20.217100000000002 20.095900000000007
20.121 20.124000000000002
20.3902 20.235599999999998
19.814299999999996 20.072799999999997
19.823 20.0676
19.9264 20.070300000000003
20.009599999999995 20.0724
20.436000000000003 20.252399999999998
23.272699999999993 21.7072
20.6151 20.7615
19.8767 19.924199999999995
19.822 19.9685
19.9225 19.854
20.0067 19.969299999999997
20.0562 19.981299999999997
20.5314 20.023199999999996
20.219599999999996 19.978099999999994
19.8875 20.0629
19.939300000000003 19.954600000000003
20.060699999999994 19.9541
20.110199999999992 19.9562
20.329299999999996 20.042800000000003
19.925900000000006 19.987399999999994
19.7997 19.944699999999997
19.7129 19.9283
19.9873 19.9715
20.599299999999996 20.13760000000001
20.0691 20.01729999999999
20.101399999999998 19.987499999999994
20.005200000000002 19.986099999999997
19.772899999999996 19.984599999999997
20.121199999999998 20.0306
19.8797 19.999499999999994
19.722599999999993 19.9985
19.685899999999997 19.983800000000002
19.685999999999996 19.9629
19.8849 20.0004
20.519099999999998 20.3452
19.962399999999995 20.457700000000003
19.800399999999996 20.0175
20.019299999999994 20.11380000000001
19.496800000000004 19.947599999999998
19.809099999999997 19.9517
20.224700000000002 20.389399999999995
19.785199999999996 20.107899999999994
19.606299999999997 19.9519
19.817999999999998 19.953300000000002
19.768299999999996 19.9691
19.724 19.958499999999997
19.808100000000003 19.9769
20.086800000000004 20.0096
19.7191 19.955400000000004
22.4302 21.852
19.6104 19.882
19.633399999999998 19.679899999999996
19.8114 19.6408
19.4258 19.69300000000001
19.6579 19.6587
19.769599999999997 19.7274
19.747300000000003 19.786099999999998
19.636699999999998 19.7373
19.8457 19.774200000000004
20.4059 19.912
19.700599999999998 19.796799999999998
20.380399999999998 19.8669
19.9638 19.8784
19.983500000000003 19.958400000000005
19.8402 19.869300000000003
20.1098 19.902899999999995
19.6746 19.889899999999994
19.7036 19.799599999999998
19.6479 19.812800000000003
19.5626 19.827400000000004
19.588700000000003 19.852600000000002
20.156299999999998 20.0098
19.6921 19.8854
20.005 19.8624
23.268590000000003 21.3974
19.7749 20.182999999999996
19.644899999999996 19.6571
19.586800000000004 19.5708
29.061060000000005 23.093123999999992
22.042199999999994 19.663899999999998
19.905000000000005 19.6574
20.046900000000008 19.464500000000005
23.63861 21.140089999999997
20.8343 19.436700000000002
20.648200000000003 19.3841
20.8413 19.683300000000003
20.263600000000004 19.382500000000004
20.206599999999998 19.3596
20.5132 19.570000000000004
19.965300000000003 19.404100000000003
20.037800000000004 19.4827
20.233199999999997 19.4983
19.712100000000003 19.483300000000003
20.153700000000004 19.529099999999996
20.360400000000002 19.603
20.108099999999997 19.7591
20.056900000000002 19.6351
20.228 19.683799999999994
19.612199999999998 19.6213
19.545099999999994 19.6443
19.5846 19.6443
20.019599999999997 19.914
19.5258 19.727599999999995
19.4716 19.6724
19.571700000000003 19.691299999999995
19.789999999999996 19.762199999999996
20.16 19.8653
20.0188 19.8234
20.240799999999997 19.868900000000007
20.8586 20.153800000000004
19.814200000000003 19.946599999999997
19.291699999999995 19.706599999999995
19.119099999999996 19.770100000000003
19.915799999999997 19.9785
19.9213 19.830799999999996
20.475700000000003 19.907199999999996
19.936300000000003 19.822600000000005
20.219400000000007 19.8417
20.078300000000006 19.8322
20.3663 20.07389999999999
19.966800000000003 19.9554
19.968199999999996 19.791
21.271569999999997 21.1845
19.572999999999993 19.444200000000002
20.018 19.5272
19.8966 19.533699999999993
19.650299999999998 19.520499999999995
19.656999999999996 19.5366
19.810600000000004 19.566099999999995
19.7084 19.5671
19.600300000000004 19.577199999999998
20.2577 19.9439
19.762299999999993 19.711399999999994
19.786099999999998 19.628899999999998
19.815799999999996 19.812000000000005
19.8112 19.8801
19.6358 19.713699999999996
19.980699999999995 19.6448
19.653200000000002 19.872000000000007
19.6325 19.763799999999996
19.266 19.598999999999997
19.3618 19.615999999999996
19.5624 19.6844
20.269099999999998 19.9136
19.643699999999995 19.800400000000003
19.6035 19.6899
19.397 19.729200000000002
19.486900000000006 19.6887
19.840099999999993 19.831799999999998
19.4519 19.6736
19.341300000000004 19.668600000000005
19.426800000000004 19.666299999999996
19.5373 19.657
19.954 19.692
20.204200000000004 19.728299999999997
20.790000000000003 20.054799999999997
20.504600000000003 19.871599999999997
20.1776 19.739200000000004
19.840999999999994 19.731299999999997
19.706400000000002 19.6665
19.725 19.6884
20.0752 19.878999999999998
19.7372 19.7013
19.5933 19.690599999999996
19.6616 19.6951
26.9084 21.572499999999994
22.0587 20.4121
21.104400000000002 20.0099
19.839399999999998 19.745600000000003
19.925000000000004 19.775299999999998
19.7007 19.6899
19.781599999999997 19.663900000000005
19.925700000000006 19.760800000000007
19.7359 19.6952
19.511400000000002 19.6746
19.4383 19.654899999999998
19.221499999999995 19.601499999999998
19.689300000000003 19.6755
20.2019 19.914299999999997
20.3492 19.9439
19.722099999999998 19.755
19.9491 19.869
19.7562 19.911099999999998
19.968600000000002 19.971100000000007
20.385500000000004 20.0837
19.7655 19.945099999999996
19.729900000000004 19.862999999999996
19.581699999999998 19.7379
19.5549 19.750999999999998
19.5954 19.7412
19.7534 19.7717
19.762500000000006 19.940600000000007
19.727600000000002 19.837699999999998
19.899199999999997 19.767300000000006
19.664900000000003 19.7853
19.903400000000005 19.773699999999995
28.84884 22.151899999999998
21.3913 20.1086
19.7599 19.728099999999994
19.577699999999997 19.6626
19.5957 19.6823
19.590200000000003 19.657799999999998
19.551199999999998 19.6546
20.0822 20.080600000000004
19.490900000000007 19.719900000000003
19.8075 19.6381
19.6791 19.6469
19.846299999999996 19.9059
19.961499999999997 19.79
20.331500000000002 19.7434
19.8807 19.666999999999994
19.9224 19.7173
19.579200000000004 19.562499999999996
19.7091 19.519199999999998
20.441499999999998 19.739400000000003
19.903800000000004 19.837400000000006
19.789399999999997 19.725799999999992
19.725899999999996 19.6174
19.631700000000002 19.5886
19.8677 19.576100000000007
20.271399999999996 19.733199999999997
19.948300000000003 19.6066
19.779499999999995 19.605900000000005
19.9669 19.631200000000003
18.8233 19.475800000000003
19.781700000000004 19.5884
20.478999999999996 19.861999999999995
20.2252 19.950200000000002
20.057499999999997 19.788100000000004
20.0819 19.780700000000003
19.719000000000005 19.700499999999998
19.8455 19.6871
20.2775 19.848299999999995
20.049999999999997 19.7534
19.6521 19.7335
19.7038 19.695999999999998
