58.58399999999999 63.15299999999999
58.33199999999999 63.30100000000001
57.568999999999996 63.385000000000005
57.25399999999999 63.50899999999999
56.708999999999996 63.563
56.964999999999996 63.348000000000006
58.24699999999999 63.056
57.267 62.793
57.32099999999999 62.439
57.00999999999999 62.114999999999995
57.327 61.72599999999999
57.272 61.63999999999999
59.0 61.451
58.516999999999996 61.321999999999996
58.40199999999999 61.358999999999995
57.708999999999996 61.316
58.532 61.474
58.35199999999999 61.547999999999995
59.300999999999995 61.732
58.967000000000006 61.754999999999995
58.580999999999996 61.87200000000001
58.635000000000005 61.999999999999986
58.646 62.029999999999994
58.826 62.08
59.294000000000004 62.32199999999999
59.15000000000001 62.304
58.83399999999999 62.513
58.42700000000001 62.525
58.213 62.62799999999999
57.797999999999995 62.73799999999999
58.836 62.88600000000001
59.046 62.927
59.67800000000001 62.964
59.94500000000001 63.18299999999999
58.181 63.24499999999998
61.40800000000001 63.354
60.406000000000006 63.402999999999984
59.443 63.477
60.251 63.512
60.355000000000004 63.403
59.768 63.092000000000006
59.464000000000006 62.873000000000005
59.355999999999995 62.60399999999999
60.45499999999999 62.22
60.923000000000016 61.901
62.161 61.85900000000001
62.342 61.854
62.109 61.57899999999999
61.913 61.341
62.538 61.40800000000001
61.52999999999999 61.51699999999999
61.150999999999996 61.56699999999999
61.401 61.86600000000001
61.590999999999994 61.988
61.31500000000001 62.073
60.168 62.068
59.733000000000004 61.975
64.24 62.049
65.663 62.317
66.174 62.26799999999999
67.47399999999999 62.34799999999999
65.09500000000001 62.409000000000006
65.87299999999999 62.604000000000006
65.081 62.56700000000001
63.92400000000001 62.775000000000006
63.99199999999999 62.82500000000001
63.330999999999996 62.999999999999986
63.57099999999999 62.901999999999994
63.005 63.07899999999999
63.349 63.14200000000001
64.161 63.349
63.781 63.38399999999999
64.8 63.317
64.46099999999998 63.141000000000005
65.576 63.452
64.07499999999999 63.227
62.32299999999999 62.958000000000006
62.32299999999999 62.622
63.33 62.70099999999999
62.97299999999999 62.513
63.791 62.218999999999994
62.829 61.962
62.975999999999985 61.834999999999994
61.89399999999999 61.78
63.147 61.617
62.114000000000004 61.426
62.378 61.229
60.73 61.133
59.888 61.304
60.100999999999985 61.315999999999995
61.694999999999986 61.32299999999999
61.586 61.438
61.644999999999996 61.622
62.842 61.50599999999999
61.96799999999999 61.94500000000001
62.329 61.999999999999986
61.846000000000004 61.829
61.358999999999995 61.834999999999994
61.612 61.925999999999995
62.31 61.939
63.229 62.37099999999999
63.05599999999999 62.212999999999994
62.66099999999999 62.14599999999999
63.96100000000001 62.273999999999994
63.408 62.402
63.876 62.468999999999994
64.458 62.49399999999999
63.824000000000005 62.621999999999986
64.352 62.63999999999999
63.454 62.763000000000005
64.214 62.891
64.701 62.86000000000001
64.468 63.18899999999999
62.989 63.184
64.455 63.21399999999999
64.164 63.383999999999986
64.91199999999999 63.469999999999985
64.13000000000001 63.05099999999999
64.08999999999999 62.878
63.190000000000005 62.744
65.483 62.822999999999986
65.741 63.078999999999986
66.173 62.841999999999985
66.217 62.749999999999986
66.211 62.512999999999984
65.628 62.212999999999994
66.229 62.33399999999999
68.061 62.562
69.436 62.57299999999999
69.44000000000001 62.54199999999999
69.078 62.57999999999999
67.30999999999999 62.56199999999998
67.57699999999998 62.718999999999994
65.045 62.792999999999985
65.26599999999999 62.89599999999999
63.446999999999996 62.865999999999985
66.16300000000001 62.94499999999999
65.839 62.903
65.567 62.852999999999994
63.099 62.815999999999995
63.954 63.079999999999984
62.845 63.104000000000006
63.696999999999996 62.94
63.02699999999999 63.00699999999999
64.22899999999998 62.83099999999999
64.912 62.495
64.842 62.231
65.18299999999999 61.888999999999996
65.081 61.65200000000001
65.05700000000002 61.476
65.17399999999999 61.169
64.306 61.21899999999999
65.19 61.407000000000004
66.08000000000001 61.439
66.83099999999999 61.48199999999999
67.54 61.529999999999994
67.90700000000001 61.620999999999995
67.13 61.77999999999999
66.725 61.80999999999999
67.166 61.925999999999995
67.259 61.982000000000006
67.32900000000001 62.066999999999986
68.21800000000002 62.26199999999999
67.913 62.342
68.69 62.44499999999999
68.83 62.464
69.705 62.554
69.638 62.54299999999999
71.844 62.829
70.123 62.879
70.454 63.03099999999999
69.87299999999999 62.975999999999985
69.96900000000001 63.019000000000005
69.118 63.07899999999999
70.966 63.27499999999999
71.46699999999998 63.373000000000005
72.667 63.514
75.67 63.361999999999995
75.362 63.245
73.299 63.342999999999996
74.957 63.29899999999999
75.10699999999999 63.159
77.03699999999999 63.11
76.89099999999999 63.20100000000001
78.33099999999999 63.22000000000001
75.57300000000001 63.158
75.37500000000001 63.05399999999999
75.616 63.153000000000006
76.44899999999998 63.19499999999999
75.43200000000002 63.257
74.408 63.025
74.572 62.99399999999999
76.546 62.964000000000006
76.79100000000001 63.243999999999986
77.072 63.482000000000006
77.224 63.428000000000004
77.554 63.251000000000005
78.083 63.18899999999999
78.206 63.263000000000005
76.57499999999999 63.317000000000014
76.97699999999999 63.27600000000001
75.47200000000001 63.231
75.838 63.256
75.40499999999999 63.061
75.773 63.159
76.15299999999999 63.214999999999996
75.339 63.41999999999999
75.756 63.29899999999999
78.41599999999998 63.40899999999999
76.64500000000001 63.33500000000001
77.67599999999999 63.38400000000001
77.667 63.507999999999996
77.937 63.586
77.45500000000001 63.42000000000001
75.803 63.269
76.356 63.06799999999999
74.922 62.976
76.434 62.888999999999996
76.669 62.871
76.243 62.806
76.32 62.562000000000005
75.86999999999999 62.395999999999994
76.373 62.266
77.67399999999999 62.2
76.946 62.273999999999994
75.42 61.961999999999996
75.638 61.864999999999995
74.29599999999998 61.88300000000001
76.11000000000001 61.974999999999994
75.282 62.144999999999996
75.24499999999999 62.188
74.93399999999998 62.231
74.272 62.464000000000006
73.764 62.57899999999999
74.4 62.549
74.932 62.828
76.041 62.86100000000001
76.02 63.00600000000001
76.44500000000001 63.20200000000001
75.611 63.32399999999999
76.14900000000002 63.49399999999999
75.825 63.468999999999994
75.322 63.256
75.095 63.196
75.768 63.141000000000005
76.85300000000001 63.122
77.54700000000001 63.086
75.838 63.01800000000001
77.893 63.068999999999996
76.029 62.977000000000004
75.02499999999999 63.043000000000006
75.673 62.927
76.326 62.83499999999999
76.62899999999999 62.768
77.671 62.671
77.25500000000001 62.50599999999999
77.57600000000001 62.599000000000004
77.57100000000001 62.605
76.65999999999998 62.611
73.856 62.58100000000001
73.842 62.77400000000001
73.441 62.85899999999999
73.428 63.01899999999999
71.921 63.111
72.197 63.282000000000004
70.582 63.250000000000014
71.578 63.49
70.23100000000001 63.281
68.37299999999999 63.12399999999999
70.55 63.135
69.984 62.803999999999995
71.513 62.79900000000001
70.86600000000001 62.44500000000001
69.302 62.355000000000004
69.08999999999999 62.12899999999999
68.971 62.18899999999999
71.075 62.004999999999995
69.75299999999999 61.98100000000001
68.51899999999999 61.951
68.65400000000001 62.012
67.247 61.907999999999994
66.641 61.974
66.457 62.01800000000001
66.382 62.165000000000006
66.86699999999999 62.297999999999995
66.94699999999999 62.317
66.918 62.409000000000006
67.428 62.45799999999999
