26.658400000000004 48.913
20.6727 50.453
23.140199999999997 39.688
19.286799999999996 32.509
23.292099999999998 28.5918
24.669 27.468999999999998
20.8293 30.019000000000002
22.342599999999997 32.080999999999996
22.9744 33.889
21.798000000000005 35.235
14.8759 36.178000000000004
12.6136 36.785999999999994
16.862699999999997 37.214
15.755700000000001 37.516
13.311499999999999 37.736000000000004
17.2952 38.0
14.4004 38.327
17.505499999999998 38.473
10.8042 38.607
10.093100000000002 38.803
10.813600000000001 39.044000000000004
10.214699999999999 39.36399999999999
10.210600000000001 39.617999999999995
10.7445 39.989999999999995
11.295099999999998 40.34100000000001
10.796899999999997 40.608
10.4112 40.733
11.806000000000003 40.943999999999996
10.8475 41.139
10.810099999999998 41.283
12.102400000000003 41.443999999999996
11.9825 41.593
11.683699999999998 41.776999999999994
12.3327 41.891
11.825699999999998 42.19499999999999
11.815199999999997 42.508
11.8277 42.51599999999999
13.292700000000002 42.31999999999999
15.2394 42.077999999999996
13.8623 42.266999999999996
11.6007 42.446999999999996
11.375700000000002 42.597
11.124900000000002 42.722
11.643899999999999 42.86000000000001
13.537200000000002 42.973000000000006
13.1384 43.07300000000001
10.636000000000001 43.150000000000006
11.0926 43.31200000000001
11.762599999999999 43.395
11.788499999999997 43.407000000000004
13.0245 43.579
12.939599999999999 43.755
14.790999999999999 43.830000000000005
13.968200000000003 44.123000000000005
11.8943 44.32600000000001
12.5777 44.362
13.683100000000001 44.419000000000004
13.792000000000002 44.525999999999996
13.3911 44.733000000000004
12.8234 44.857
13.542099999999998 44.89
12.861199999999998 44.991
12.9627 45.1
11.5523 45.185
12.7368 45.36999999999999
13.853499999999999 45.713
13.1585 45.837
13.617 46.32200000000001
14.1253 46.532999999999994
13.679800000000004 46.593999999999994
13.112300000000001 46.338
13.367400000000002 46.29099999999999
11.7873 46.33599999999999
12.0507 46.403
12.197700000000001 46.452
14.600799999999998 46.707
15.503799999999995 46.892
17.137499999999996 46.91599999999999
15.670999999999996 47.041999999999994
15.7218 47.236999999999995
15.565500000000002 47.397
15.220999999999998 47.513
16.373500000000003 47.599
16.449099999999998 47.76
17.119999999999997 47.891
17.048099999999998 47.904
15.783999999999999 48.011
17.549200000000003 48.108000000000004
17.2452 48.22700000000001
18.079600000000003 48.346000000000004
16.3783 48.437999999999995
18.153599999999997 48.551
17.641000000000002 48.728
16.1252 48.896
15.521799999999999 49.126000000000005
17.1813 49.245000000000005
16.5093 49.28799999999999
17.4287 49.30899999999999
18.593499999999995 49.39199999999999
17.460300000000004 49.43199999999999
19.2236 49.477999999999994
18.488400000000002 49.535999999999994
18.695500000000003 49.602999999999994
20.545399999999997 49.788999999999994
19.052500000000002 49.889
18.5962 50.092999999999996
17.193300000000004 50.175000000000004
17.987399999999997 50.196
19.267400000000002 50.24999999999999
16.1478 50.344
16.5196 50.368
17.8017 50.392
18.1863 50.434999999999995
18.1705 50.498
18.116699999999998 50.514
18.4927 50.53500000000001
19.2545 50.615
20.8046 50.627
21.573600000000003 50.63999999999999
19.199900000000003 50.653000000000006
20.421600000000005 50.571
19.926299999999998 50.57699999999999
19.816000000000003 50.611000000000004
19.119900000000005 50.64500000000001
19.4433 50.71500000000001
18.4539 50.678
19.668400000000002 50.705
19.584300000000002 50.717
20.0851 50.746
17.7042 50.759
17.132700000000003 50.74700000000001
17.942300000000003 50.756
16.370200000000004 50.792
16.1128 50.804
18.389700000000005 50.80100000000001
17.2716 50.86900000000001
17.6654 50.887000000000015
16.0437 50.88800000000001
17.0247 50.916000000000004
17.6565 50.946000000000005
16.5198 50.941
16.194100000000002 50.953
16.978699999999996 50.952000000000005
17.6482 50.988
17.4852 51.0
17.432799999999997 51.00600000000001
15.181700000000001 50.99400000000001
19.009199999999993 51.000000000000014
16.4994 51.024
19.183600000000002 51.012
17.952900000000003 51.012
20.375600000000002 51.062
17.982300000000002 51.092999999999996
18.7211 51.117999999999995
19.426099999999998 51.09999999999999
19.996600000000004 51.093999999999994
18.6394 51.09999999999999
18.412 51.105999999999995
17.977899999999998 51.105999999999995
16.587 51.129999999999995
15.806600000000001 51.14199999999999
15.545699999999998 51.137
16.3422 51.166999999999994
16.1613 51.166999999999994
15.396299999999997 51.16
17.273200000000003 51.16
17.019499999999997 51.166999999999994
16.7771 51.178999999999995
16.99 51.19199999999999
16.7452 51.19199999999999
18.251599999999996 51.173999999999985
18.392999999999997 51.173999999999985
16.8661 51.283999999999985
16.910299999999996 51.19299999999999
18.647400000000005 51.18699999999999
18.579600000000003 51.18699999999999
18.4521 51.199
20.732000000000003 51.25399999999999
18.745299999999997 51.26099999999999
18.5739 51.29099999999999
19.8402 51.29699999999999
20.470399999999998 51.29699999999999
17.7913 51.31399999999999
18.735300000000002 51.308
18.822100000000002 51.361999999999995
20.0387 51.361999999999995
20.215500000000002 51.349000000000004
20.179499999999997 51.397999999999996
20.4638 51.41100000000001
19.6956 51.405
19.760900000000003 51.398999999999994
19.6496 51.398999999999994
19.8511 51.381
20.3493 51.381
18.2043 51.38699999999999
19.4792 51.381
18.936500000000002 51.59499999999999
20.853800000000003 51.422999999999995
20.185 51.422999999999995
20.632199999999994 51.422999999999995
19.0841 51.41699999999999
20.629199999999997 51.46599999999999
17.396800000000002 51.453999999999986
17.5299 51.453999999999986
17.635200000000005 51.44799999999999
18.9985 51.453999999999986
18.125 51.44799999999999
18.5931 51.44799999999999
18.508899999999997 51.44799999999999
18.8105 51.471999999999994
19.1697 51.46599999999999
20.366699999999998 51.453999999999986
18.558999999999997 51.442
19.374999999999996 51.434000000000005
17.497100000000003 51.428
17.507599999999996 51.415
17.8186 51.42099999999999
17.4271 51.446000000000005
17.243499999999997 51.70399999999999
17.7948 51.954
18.4892 51.983999999999995
17.6745 51.806999999999995
16.3901 51.34700000000001
18.916900000000002 51.353
18.6566 51.353
16.937400000000004 51.347
17.7465 51.329
18.222000000000005 51.329
17.757100000000005 51.334999999999994
19.343500000000002 51.31699999999999
18.719099999999997 51.305
19.190300000000004 51.32299999999999
18.941700000000004 51.340999999999994
17.2441 51.366
19.9411 51.378
21.764799999999997 51.366
19.7159 51.334999999999994
16.9461 51.347
15.759500000000001 51.354
14.879599999999998 51.336000000000006
17.133699999999997 51.33
18.9694 51.348000000000006
19.2885 51.368
18.673799999999996 51.349000000000004
16.681500000000003 51.637999999999984
16.343999999999998 51.349000000000004
16.838299999999997 51.336999999999996
18.6062 51.355000000000004
17.758599999999998 51.385999999999996
18.8947 51.397999999999996
17.3904 51.392
15.1151 51.392
14.5624 51.397999999999996
15.9941 51.397999999999996
14.327100000000002 51.385999999999996
16.219299999999997 51.404
17.700000000000003 51.94000000000001
15.6142 51.927
15.686 51.964
15.679100000000007 51.454
14.697299999999997 51.397999999999996
16.3552 51.385999999999996
16.6194 51.392
15.875299999999998 51.392
13.256199999999998 51.385999999999996
15.260499999999999 51.38
12.542 44.26199999999999
21.839900000000007 36.48
25.831599999999998 34.848
16.630799999999997 36.26199999999999
16.5916 30.256
28.047900000000002 29.785999999999994
19.233299999999996 31.452
17.540299999999995 32.708999999999996
16.9299 33.966
17.466600000000003 35.236000000000004
17.100299999999997 36.111000000000004
17.454500000000003 36.818
16.037399999999998 37.436
16.9026 38.04
15.671900000000003 38.452999999999996
14.632200000000001 38.895
16.619999999999997 39.41799999999999
16.2585 40.067
14.3352 40.29
14.527899999999999 40.464
15.2419 40.437
14.915900000000004 40.641999999999996
