16.192700000000002 8.932
13.502599999999997 8.5222
14.7873 8.6396
13.0777 8.346900000000002
13.598800000000002 8.357899999999999
13.2074 8.4705
12.445 8.215499999999999
17.371 8.9012
17.285999999999998 9.0877
13.588899999999999 8.4782
14.245800000000001 8.199299999999997
15.283199999999999 9.1008
14.6979 9.5066
12.8009 8.596600000000002
12.179900000000002 8.2068
13.480900000000002 8.1577
13.7628 8.3643
12.189200000000001 8.417100000000001
15.677 8.7249
14.164600000000002 8.842799999999999
14.554000000000004 8.787999999999998
14.570000000000002 8.6548
14.634999999999998 8.760900000000001
14.3868 8.5645
13.081499999999998 8.490599999999999
13.904300000000003 8.1813
12.1904 8.081500000000002
16.206 8.390099999999999
16.799 8.987399999999997
15.9302 8.9837
15.769 8.5523
16.2018 9.203500000000002
16.4039 9.3668
13.695699999999999 9.1001
15.117700000000001 8.848700000000003
14.626 8.958599999999999
15.241999999999997 8.4238
15.785499999999999 8.862300000000001
14.62 8.4578
14.435000000000004 8.590300000000001
14.9206 8.8588
14.121999999999998 8.581999999999999
13.1825 8.5105
13.446 8.0661
16.967 9.218900000000001
14.4652 9.1317
18.226 9.4712
13.4932 9.1249
13.947900000000002 8.7387
15.142900000000001 9.0796
14.396500000000003 8.812899999999999
11.8016 8.9046
16.545 8.7512
17.139099999999996 9.1396
14.5218 8.843499999999999
13.663 8.895199999999999
14.305299999999999 9.1863
11.158999999999999 8.8463
13.8287 9.067900000000002
14.917 9.717899999999998
13.086699999999999 9.8162
13.4897 9.7732
16.2378 9.8868
13.6809 9.2434
13.216999999999999 8.992
14.355 8.905100000000001
12.4385 8.764299999999999
11.6947 8.203299999999999
14.154499999999997 8.0116
12.5693 8.5145
12.528 8.4606
12.0125 8.3196
12.234499999999999 8.4881
14.065899999999997 8.4283
14.360399999999998 8.8416
14.580699999999998 9.3925
11.2345 8.9821
12.1606 8.7379
12.295499999999999 8.3895
13.169999999999998 8.490599999999999
12.893500000000003 8.441600000000001
13.129 8.398299999999999
14.249 8.328199999999999
13.4345 8.228799999999998
14.755 8.732999999999999
13.517999999999999 8.982999999999999
13.282100000000002 8.6444
12.418499999999998 8.5023
15.713 8.7426
13.781099999999999 8.571299999999999
12.994900000000001 8.523399999999999
14.566400000000002 8.789
17.1408 8.965
19.534000000000002 9.385200000000001
15.109 9.5582
15.992900000000002 9.061600000000002
13.619200000000001 8.6402
18.245 8.8798
17.449 9.610700000000001
16.239 9.3815
15.537900000000002 9.1593
12.9435 8.451500000000001
21.6 9.100800000000001
18.557000000000002 9.6986
17.2 9.4133
15.062499999999998 9.221599999999999
18.828 9.3761
17.508 8.961300000000001
19.779999999999998 9.773299999999999
17.9716 9.654000000000002
15.414 9.293199999999999
21.169 9.4972
18.834 9.6109
19.842 9.5971
18.483999999999998 10.013999999999998
16.663999999999998 9.733099999999999
18.147000000000006 9.7837
20.142 9.5803
18.229 9.4488
15.597 8.9387
19.531000000000002 9.1516
18.137999999999998 9.1003
16.804000000000002 8.9666
14.443 8.6113
17.708 9.0593
15.925 9.1685
17.343999999999998 9.201900000000002
20.828 9.659899999999999
15.443000000000001 9.2654
18.923000000000002 9.2923
21.78 9.7274
16.869 9.1074
15.55 8.4341
19.176000000000002 9.173799999999998
17.7925 9.4691
15.886 8.9661
20.328000000000003 9.3614
17.37 9.276100000000001
18.15 8.698999999999998
22.424 9.346599999999999
19.237 9.578999999999999
18.625 9.1014
16.074 8.7247
19.737 9.4905
18.502000000000002 9.2761
21.397000000000002 9.248700000000001
18.395000000000003 9.269599999999999
20.744 9.3216
20.032 9.895999999999999
17.683999999999997 9.182599999999999
17.318 9.0817
17.776999999999997 9.4965
18.503999999999998 9.4793
19.826 9.1057
19.044 9.339199999999998
18.305000000000003 9.1967
22.371000000000002 9.537300000000002
22.713 9.511099999999999
19.71 9.089699999999999
18.607 8.9218
18.362000000000002 8.896700000000001
19.355 8.937000000000001
21.12 9.333
21.316999999999997 8.867700000000003
19.599 9.3819
18.48 9.101
19.942999999999998 9.2388
20.063000000000002 9.3423
19.674 9.3847
18.038999999999998 9.335
21.186 9.4905
24.511 9.9714
23.904 9.6386
22.648000000000003 10.1195
21.829000000000004 9.9886
25.039999999999996 10.199900000000001
21.444000000000003 10.107099999999999
20.587999999999997 9.637599999999999
22.532000000000004 9.4643
23.934 9.523000000000001
26.730000000000004 10.507700000000002
26.837999999999994 10.4185
26.796999999999997 10.2973
24.234 10.1593
25.999999999999996 10.1398
23.225 10.1032
23.418999999999997 9.680800000000001
20.983999999999998 9.367100000000002
22.165000000000003 9.1814
23.593000000000004 9.649099999999999
22.835 10.1605
23.631999999999998 10.0207
24.848 9.6622
26.186999999999998 9.8238
21.541 10.4332
20.507 9.5485
21.878 9.5848
25.226 10.3246
21.852 10.2279
20.931 9.684999999999999
23.526999999999997 9.9596
25.157 10.128400000000001
23.361 10.370399999999998
22.346999999999998 9.932599999999999
20.627 9.8358
21.011 9.5702
23.177000000000003 9.468099999999998
20.088 9.3946
26.695999999999998 9.902700000000001
21.921000000000003 10.4798
20.482 9.5222
20.811 9.524000000000001
22.583000000000002 9.981600000000002
18.912000000000003 9.285099999999998
21.544 9.527800000000001
23.989 10.3706
22.15 10.2502
23.241999999999997 9.7835
21.992 9.9824
23.931 9.9597
22.197 9.629
21.149 9.3796
18.220999999999997 9.1558
18.825 9.275400000000001
18.836 9.31
21.123000000000005 9.2205
26.178 10.581
22.763 10.1987
26.569 10.314600000000002
24.197 10.386199999999999
22.483000000000004 10.199000000000002
20.796999999999997 10.2416
22.716 9.526
19.227000000000004 9.4266
20.681 9.096900000000002
26.038 9.6186
22.781000000000002 9.6325
23.199 9.673000000000002
25.129 10.294900000000002
21.997 10.362900000000002
20.399 9.873899999999999
19.889 9.523299999999999
17.423 9.5963
17.253 8.911000000000001
22.152 9.2609
26.154 10.0564
22.490000000000002 9.7137
23.605000000000004 9.730100000000002
23.369999999999997 9.776800000000001
18.608999999999998 9.475299999999999
20.444000000000003 9.706499999999998
21.359 9.608
17.897999999999996 9.4449
19.704 9.1559
31.21411 11.019599999999999
20.139 9.4629
20.538000000000004 9.295900000000001
22.117 9.5848
19.361 9.812800000000001
17.304 9.244000000000002
16.8544 9.4693
16.6329 9.2088
18.274 8.6132
20.810000000000002 9.302
18.895 9.546600000000002
21.107 10.0131
24.166999999999998 10.233699999999999
19.430999999999997 9.8421
19.759999999999998 9.160099999999998
17.372 9.1868
16.802999999999997 9.0114
15.104000000000001 8.8474
14.087 8.4417
25.365 9.6657
18.043 9.9749
17.869 9.226
16.9 8.7331
16.616999999999997 8.7581
14.8344 8.2949
15.2248 8.5163
12.926100000000002 8.0587
12.0899 8.0623
20.093 8.887300000000002
16.150599999999997 9.0993
16.2599 8.669699999999999
16.846999999999998 9.0115
17.531 9.109399999999999
15.858999999999998 8.9778
