11.6911 8.3836
10.6907 7.899300000000001
12.6027 8.2137
10.474699999999999 8.2615
11.9907 7.7873
11.227799999999998 8.1108
11.7924 7.961
12.665399999999998 8.198
12.833400000000001 7.8468
10.315900000000001 7.9393
10.8057 7.7927
11.6792 8.225200000000001
10.020800000000001 8.1298
10.944300000000002 7.640100000000001
14.468999999999998 8.1246
11.407499999999999 8.1404
9.698599999999999 8.011700000000001
10.727099999999998 7.640799999999999
11.395900000000001 8.0658
11.9333 8.0474
11.248399999999998 8.0229
8.9266 7.7447
9.274300000000002 7.7861
10.9594 8.0683
9.4132 7.7408
10.386199999999999 7.682300000000001
10.752 7.928399999999999
9.881 7.576699999999999
10.585700000000001 7.6851
10.4634 7.852200000000001
10.0963 8.017900000000001
10.9592 7.549300000000001
10.1063 7.300699999999999
12.229700000000001 7.624899999999999
11.612 8.152399999999998
12.730699999999997 7.849399999999999
14.094100000000001 8.020600000000002
13.672 8.253300000000001
12.012499999999998 8.529800000000002
9.2242 7.848400000000002
11.463000000000001 8.139800000000001
10.0031 7.7599
11.138 7.6164
11.5873 8.3009
10.7049 7.965999999999999
10.098199999999999 7.7348
8.869200000000001 7.3897
9.545100000000001 7.401400000000002
9.6438 7.2563
11.9185 7.8209
12.5582 8.407799999999998
10.4384 8.0551
9.6401 7.705699999999998
10.5728 7.6882
9.9267 7.7213
10.248299999999999 7.917599999999999
9.963799999999999 7.7543
9.9258 7.6808000000000005
10.7899 7.7261
10.2315 8.2197
9.5 7.399
9.3768 7.6358999999999995
9.0733 7.530200000000001
9.0226 7.548600000000001
8.4236 7.294199999999999
9.410699999999999 7.725700000000001
8.804 7.527900000000002
9.347800000000001 7.5859
9.198 7.5952
9.642299999999999 7.5073
9.114 7.6295
8.8178 7.270300000000001
9.6028 7.75
9.4369 7.8346
8.7868 7.637099999999999
9.467699999999999 7.507899999999999
9.7149 7.76
8.340999999999998 7.8195000000000014
10.0265 7.8873
11.2142 8.2045
9.6881 8.378499999999999
8.359900000000001 7.743
9.632200000000001 7.5939000000000005
10.3615 7.737600000000001
11.008799999999999 7.5378
8.6438 7.485199999999999
7.629900000000001 7.0603
12.829699999999999 8.1855
10.433100000000001 8.0464
8.415999999999999 7.552300000000001
9.2263 7.2648
9.4087 7.449
11.140799999999999 7.9575000000000005
8.792100000000001 7.411999999999999
10.165 7.745399999999999
8.951699999999999 7.6708
10.593900000000001 7.8499
12.529900000000001 8.416
10.2885 8.6925
9.8467 8.1011
10.0237 7.835799999999998
10.225500000000002 7.7821
9.7352 7.3942
10.158900000000001 7.7516
10.132299999999999 7.3021
11.9769 7.859099999999998
11.8265 8.226799999999999
11.093400000000003 7.895
10.903699999999999 8.129799999999998
11.4863 7.724
12.1363 7.9804
10.6303 7.895600000000001
10.764199999999999 8.566
9.871000000000002 8.4493
11.1159 8.5008
13.361 8.9671
11.319700000000001 8.959899999999998
9.8255 8.7028
11.4745 8.1394
10.1241 8.209900000000001
9.6776 7.7103
9.6966 7.4974
9.9835 7.505000000000001
11.0912 7.957
11.6224 7.827200000000001
12.7256 8.5965
9.641499999999999 8.4708
9.829799999999999 7.8583
10.6327 7.8988000000000005
9.9741 7.647299999999999
8.4289 7.6945999999999986
10.1038 7.935499999999999
10.192099999999998 7.6546
12.5584 7.9246
12.087599999999998 7.9162
10.8199 7.875500000000001
10.341799999999997 7.850199999999999
12.789499999999999 8.2486
10.405600000000002 8.497
10.5544 7.8956
10.5988 8.257
10.806199999999999 8.1015
12.908100000000001 8.332400000000002
10.899299999999998 8.038499999999999
12.8913 8.035300000000001
11.6429 8.0322
14.222000000000001 8.6481
12.0227 8.309900000000003
11.953700000000001 8.5517
10.510800000000001 8.732400000000002
11.371400000000001 8.3497
11.7733 8.1932
11.5473 8.475
11.2489 8.3332
10.5611 7.794799999999999
13.587000000000002 8.53
12.6604 8.543600000000001
13.017699999999998 8.232000000000001
12.2728 8.065800000000003
12.781699999999999 9.0048
11.675999999999998 8.970199999999998
11.1177 8.4774
11.0641 8.0676
9.7976 8.1441
11.2249 7.718600000000002
16.22 9.032200000000001
13.5939 9.331300000000002
11.596800000000002 8.302400000000002
11.691100000000002 8.143799999999999
11.127300000000002 8.3821
11.322100000000002 7.910200000000001
10.297600000000001 8.164200000000001
12.795399999999999 8.087499999999999
28.663100000000004 16.794800000000002
15.201999999999998 8.3487
13.824 8.656600000000001
12.9269 8.7364
13.400799999999998 8.4659
14.319300000000002 8.838700000000001
12.409699999999999 8.5304
11.9038 8.3099
11.002600000000001 7.877999999999999
13.119 8.0649
13.680200000000001 8.2681
12.3152 8.1639
14.6371 8.4575
15.074000000000002 8.7314
13.769400000000001 8.576499999999998
12.630700000000003 8.371
12.7079 8.182400000000001
13.3268 8.113000000000001
13.679500000000003 8.144100000000002
15.272000000000002 8.2786
12.630099999999999 8.275500000000001
12.8712 8.372499999999999
11.627600000000001 7.9594
12.912399999999998 7.976800000000001
12.162099999999999 8.1218
12.3669 8.0275
12.604399999999998 8.1128
14.410800000000002 8.5964
13.5818 8.493900000000002
15.3883 8.347499999999998
12.706000000000001 8.532700000000002
11.9852 8.200500000000002
14.29 8.271799999999999
15.903 8.7762
13.443299999999999 8.595600000000001
11.646099999999999 8.184800000000001
12.726299999999998 8.1082
12.741599999999998 8.1068
13.450199999999999 8.2276
15.2562 8.645100000000001
14.880999999999997 8.551099999999998
14.445 8.568000000000001
15.190000000000001 9.465300000000001
14.215 9.2565
14.734 8.9001
17.104 9.159699999999999
14.003000000000002 8.872699999999998
10.9932 8.242
16.9715 8.438
15.092300000000003 8.9123
15.812899999999999 8.687100000000001
15.256 8.8699
13.473300000000002 8.5488
12.819999999999999 8.1581
13.26 8.245800000000001
13.395000000000001 8.275
12.958699999999999 8.3904
12.4639 8.326199999999998
13.61 8.4366
15.4677 8.7325
13.494699999999998 8.8354
13.6183 8.3494
13.501299999999999 8.722
14.0289 8.6707
15.553 9.188699999999999
13.277800000000001 8.925
14.8896 8.636800000000001
13.608499999999998 8.496900000000002
13.273800000000001 8.6373
14.254199999999997 8.827399999999999
13.6565 8.4564
11.474100000000002 8.253499999999999
25.303700000000003 16.763500000000004
10.1395 7.8109
9.4961 7.624899999999999
10.699800000000002 8.4204
13.305799999999998 8.3381
12.431000000000001 8.6029
12.272 8.2559
13.696900000000001 8.236
12.605200000000002 8.631099999999998
12.0811 8.2024
11.1902 8.2231
10.178799999999999 8.217
11.645199999999999 8.2449
13.574800000000002 8.607800000000001
12.074 8.1482
11.717299999999998 8.3617
10.5241 8.0757
11.0692 7.8149
10.8232 7.806500000000001
9.709900000000001 7.5309
10.3497 7.7927
9.948500000000001 7.4645
14.951999999999998 8.0917
10.2957 8.023
9.789200000000001 7.913200000000001
9.258500000000002 7.7292
11.767500000000002 7.687599999999999
9.9827 7.8911
9.8102 7.8622
10.8056 8.0086
9.8332 7.652699999999999
10.361 8.043700000000001
10.2834 8.093200000000001
9.5148 7.997200000000001
11.065799999999998 8.184099999999999
12.570200000000002 8.8482
10.8506 8.0434
7.8274 7.486000000000001
7.9915 7.4417
10.489 7.6667
10.394400000000001 7.959799999999999
10.759599999999999 7.993800000000001
9.8299 8.328100000000003
