12.135459999999998 43.825399999999995
12.18657 43.816900000000004
12.136199999999997 43.81410000000002
12.18944 43.8356
12.065409999999998 43.823600000000006
12.377540000000002 43.80690000000001
12.401449999999997 43.81910000000001
12.43716 43.82999999999999
12.332460000000003 43.83770000000001
12.449709999999994 43.80820000000001
12.724269999999995 43.81479999999999
12.636030000000002 43.78320000000001
12.421599999999994 43.77570000000001
12.382539999999997 43.79259999999999
12.358219999999998 43.7964
12.40893 43.795600000000015
12.305130000000002 43.77530000000001
12.27391 43.78110000000001
12.171669999999999 43.803799999999995
12.543519999999994 43.45010000000001
12.369849999999996 43.5563
12.56268 43.71189999999998
12.36832 43.53050000000001
12.330329999999996 43.524600000000014
12.210640000000005 43.528400000000005
12.146949999999999 43.53110000000001
12.219979999999998 43.5497
11.994619999999998 43.55780000000002
12.007580000000004 43.561400000000035
12.094619999999997 43.57310000000002
12.0206 43.58040000000001
12.183580000000001 43.57720000000001
12.222239999999998 43.582300000000004
12.612810000000001 43.60670000000003
12.182100000000002 43.595
11.934059999999999 43.01060000000001
12.30573 43.64209999999999
12.14024 43.647499999999994
12.36203 43.67910000000001
12.493549999999997 43.724299999999985
12.405640000000004 43.730599999999995
12.345020000000002 43.757699999999986
12.298540000000004 43.77889999999999
12.363490000000002 43.77719999999997
12.286620000000001 43.78859999999998
12.297949999999998 43.79139999999999
12.155399999999998 43.7863
12.100780000000002 43.790199999999984
12.291110000000002 43.794899999999984
12.376380000000001 43.81069999999998
12.117609999999997 43.78799999999997
12.34268 43.778099999999974
12.30545 43.80029999999999
12.338860000000002 43.81199999999998
12.26831 43.8143
12.38921 43.82840000000001
12.185849999999997 43.82020000000001
12.149400000000005 43.830499999999994
12.250950000000001 43.83029999999999
12.228419999999998 43.84179999999999
12.242329999999999 43.87059999999998
13.176439999999998 44.0698
12.309740000000001 43.92530000000001
12.240959999999998 43.93160000000001
12.135449999999999 43.92690000000002
12.143529999999995 43.928200000000004
12.313700000000004 43.8966
12.410499999999995 43.9089
12.555149999999998 43.91709999999999
12.311059999999996 43.91320000000001
12.254550000000004 43.89689999999999
12.267019999999999 43.918099999999995
12.237439999999998 43.9316
12.267020000000004 43.94060000000001
12.177620000000001 43.95240000000001
12.112650000000002 43.916900000000005
12.19428 43.914799999999985
12.381139999999993 43.91759999999999
12.298199999999996 43.948499999999996
12.421450000000004 44.0044
12.199650000000004 43.9907
12.05146 43.97969999999999
12.523320000000005 43.982099999999996
12.54015 43.959699999999984
12.744119999999997 43.99049999999999
12.69995 43.98569999999998
12.581349999999999 44.01779999999997
12.77443 44.0764
12.703289999999997 44.09819999999999
12.374710000000004 44.03969999999999
12.464009999999998 44.040099999999995
12.532599999999997 44.04720000000001
12.554430000000002 44.05880000000003
12.894969999999997 44.068400000000025
13.509960000000001 44.142300000000006
12.852770000000003 44.148199999999996
13.011779999999998 44.1089
12.75524 44.1025
12.803789999999996 44.0792
12.677840000000002 44.08060000000001
12.679470000000004 44.08610000000001
12.733120000000003 44.066900000000004
12.804319999999999 44.01990000000001
12.710419999999997 43.99819999999999
12.634580000000001 44.0034
12.62327 43.99929999999999
13.002639999999992 43.9973
13.052860000000003 44.024800000000006
12.95614 44.03749999999999
12.842440000000002 44.0137
12.7768 44.01540000000001
12.676290000000003 44.02730000000001
12.541779999999994 44.02199999999999
12.649930000000001 44.0101
12.88034 44.00819999999998
12.854519999999999 43.98949999999999
12.692529999999996 43.9975
12.681200000000004 44.0146
12.651720000000005 44.02219999999999
12.784319999999996 44.033199999999994
12.752099999999999 44.043200000000006
12.767440000000002 44.05769999999999
13.273449999999995 44.14579999999999
12.888639999999995 44.113099999999974
12.649930000000003 44.127
12.605780000000003 44.12480000000002
12.683889999999998 44.1109
13.25035 44.13580000000002
13.286250000000003 44.152600000000014
13.227829999999999 44.167
13.463690000000003 44.215399999999995
13.1208 44.1997
12.93215 44.2071
12.924609999999998 44.2107
12.83044 44.21280000000002
12.905260000000002 44.221199999999996
12.87041 44.24280000000002
12.790099999999995 44.234899999999996
12.753200000000007 44.23449999999999
12.75818 44.23219999999998
13.049790000000009 44.233700000000006
12.79932 44.2401
12.798840000000006 44.242599999999996
12.708179999999997 44.25779999999999
12.68606 44.2645
12.721989999999996 44.281600000000005
12.73021 44.282199999999996
12.932759999999996 44.2688
12.902720000000004 44.24850000000001
12.775069999999996 44.255700000000004
12.748400000000004 44.226700000000015
12.679439999999998 44.21099999999999
12.670710000000001 44.1908
12.652339999999992 44.191
12.894710000000002 44.204699999999995
12.91723999999999 44.2211
12.687000000000001 44.212399999999995
12.918159999999995 44.20099999999999
12.994970000000002 44.233200000000004
12.599999999999998 44.246599999999994
12.878790000000004 44.26319999999998
12.748510000000001 44.261100000000006
12.7034 44.260700000000014
12.827830000000004 44.24970000000001
12.840049999999994 44.2463
12.836060000000005 44.238600000000005
12.897870000000001 44.23660000000002
13.180739999999998 44.27570000000001
13.339900000000004 44.28750000000001
12.934590000000002 44.29740000000002
13.126309999999997 44.302900000000015
12.809810000000002 44.31140000000001
12.854989999999997 44.3239
12.754519999999998 44.34769999999998
12.495149999999999 44.34579999999998
12.64286 44.3414
12.590179999999998 44.34300000000002
13.034189999999994 44.34820000000001
12.917480000000001 44.35390000000001
12.866899999999998 44.35630000000001
12.822959999999995 44.364899999999984
12.640050000000006 44.36119999999999
12.576030000000005 44.33609999999999
12.763379999999996 44.35889999999999
12.670400000000004 44.2917
13.472349999999997 44.47319999999999
12.40762 44.2795
12.395220000000002 44.269699999999986
12.577790000000002 44.28849999999999
12.517979999999998 44.302400000000006
12.368120000000003 44.309799999999996
12.38663 44.31149999999998
12.548459999999997 44.32609999999998
12.834809999999994 44.324999999999974
12.7672 44.324199999999976
12.808170000000004 44.32129999999999
12.912959999999998 44.326599999999985
12.85381 44.3357
12.793819999999997 44.3495
13.006199999999996 44.41909999999999
12.85374 44.3923
12.699879999999997 44.3951
12.767580000000004 44.3885
12.900420000000004 44.372
12.648890000000002 44.3583
12.611640000000001 44.35659999999999
12.768530000000004 44.35970000000002
12.775200000000003 44.346599999999995
13.11695 44.32959999999999
12.874180000000004 44.33399999999999
12.868629999999998 44.334500000000006
12.890109999999996 44.34680000000001
12.83737 44.361100000000015
12.806630000000002 44.3689
12.721849999999998 44.3848
12.719869999999997 44.39659999999998
12.827709999999998 44.4077
12.720079999999998 44.394800000000004
12.841390000000002 44.3885
13.049930000000002 44.39979999999999
12.996719999999998 44.402500000000025
13.131950000000003 44.4144
13.125229999999997 44.41789999999999
13.262440000000003 44.429600000000015
12.937660000000001 44.47580000000001
12.92713 44.46410000000001
12.857799999999992 44.46770000000001
12.839229999999999 44.4482
12.83035 44.4202
12.82086 44.404900000000005
12.755679999999996 44.389500000000005
12.66931 44.3804
12.856160000000003 44.3887
12.861699999999995 44.4071
12.9031 44.42010000000001
13.047250000000005 44.432
13.105609999999995 44.437099999999994
11.755199999999999 44.422999999999995
13.446690000000002 44.452299999999994
13.605329999999999 44.4535
13.453479999999999 44.44890000000001
13.633499999999998 44.448100000000004
13.703469999999992 44.45240000000001
13.666420000000002 44.44549999999998
13.521220000000003 44.43189999999998
13.537650000000001 44.44709999999999
13.566029999999998 44.43299999999998
13.353449999999995 44.44449999999998
13.11032 44.104699999999994
13.087319999999997 44.09429999999999
15.489350000000002 44.6035
13.419839999999997 44.2879
13.232200000000006 44.4659
13.098980000000005 44.31579999999999
13.127399999999994 44.3317
13.132799999999994 44.37149999999999
13.160419999999998 44.4009
13.158719999999999 44.36950000000001
13.382860000000008 44.3688
13.450550000000003 44.3549
13.313310000000001 44.33999999999999
13.406339999999997 44.3533
13.217279999999999 44.35790000000001
13.019789999999995 44.378800000000005
13.18546 44.39820000000001
13.143540000000002 44.39450000000001
12.957469999999995 44.37829999999999
12.870520000000008 44.399499999999996
12.932009999999995 44.408200000000015
12.980000000000002 44.406000000000006
13.167290000000003 44.406400000000005
13.0674 44.39359999999999
12.999880000000005 44.378800000000005
13.172909999999998 44.3552
13.176660000000004 44.316300000000005
13.095360000000003 44.3236
13.084989999999996 44.323699999999995
12.952050000000002 44.298700000000004
12.890620000000002 44.305699999999995
12.868809999999996 44.3183
12.964849999999997 44.318799999999996
12.932979999999997 44.3355
12.970160000000003 44.3474
13.130760000000002 44.340399999999995
13.05658 44.3333
13.076609999999997 44.339800000000004
13.046259999999998 44.340399999999995
13.137670000000002 44.3732
