33.050999999999995 25.268
30.182 25.269
28.37 25.256
27.003000000000004 25.251
29.492 25.251
27.034000000000002 25.25
28.791 25.281
25.098000000000003 25.263
26.63 25.25
25.934 25.25
26.689999999999998 25.25
23.847 25.244
26.860999999999997 25.256
28.296 25.262
25.41 25.256
24.950999999999997 25.243
25.700999999999997 25.268
22.149 25.238
24.419999999999998 25.244
26.111 25.268
25.818 25.274
21.070000000000004 25.262
23.455000000000005 25.269000000000002
21.613000000000003 25.257
21.998 25.251
19.724 25.257
22.144 25.306
18.906 25.342
22.142000000000003 25.343
20.874 25.361
21.374 25.349
20.85 25.367
21.958 25.349
17.790999999999997 25.349
22.097 25.349
19.767000000000003 25.366
18.335 25.354
17.732 25.366
19.885 25.355
18.051000000000002 25.334999999999997
19.471999999999998 25.397000000000002
17.096000000000004 25.459
17.919 25.458000000000002
17.761 25.451999999999998
15.689000000000004 25.476
16.659000000000002 25.506
15.394 25.5
16.641000000000002 25.506
18.97 25.512999999999998
18.29 25.507
19.461000000000002 25.525
16.436 25.494
15.842 25.501
15.298 25.501
15.76 25.488
16.352 25.482
18.206 25.494
17.346999999999998 25.494
15.009 25.482
15.567 25.507
17.044 25.495
14.648 25.476
17.426 25.482
15.816999999999998 25.468999999999998
16.075999999999997 25.482
17.377000000000002 25.488
15.225000000000003 25.488
14.895 25.476
15.814 25.488
13.69 25.488
14.262 25.476
14.11 25.482
14.752 25.476
16.878999999999998 25.488
18.417 25.488
13.889000000000001 25.476
16.907 25.482
14.465 25.476
15.404000000000002 25.488
15.939 25.488
17.169 25.495
14.004 25.482
14.343 25.476
14.221 25.462999999999997
13.524999999999999 25.468999999999998
14.422 25.476
16.516000000000002 25.482
13.473000000000003 25.464
13.949 25.476
13.791 25.464
13.474 25.462999999999997
13.760999999999997 25.464
13.627 25.476
15.763000000000002 25.456999999999997
14.368 25.458
12.422 25.451999999999998
13.776 25.458
13.064 25.462999999999997
14.790999999999999 25.464
12.381 25.450999999999997
14.234 25.47
13.522 25.456999999999997
11.032 25.445
12.476 25.450999999999997
14.35 25.474999999999998
12.235999999999999 25.488
12.238 25.529999999999998
12.735000000000001 25.555
12.57 25.535999999999998
11.850000000000001 25.535999999999998
12.010000000000002 25.543
11.129 25.543
12.609 25.555
11.545 25.535999999999998
11.123000000000001 25.529999999999998
10.379000000000001 25.524
11.517000000000001 25.512
11.591 25.535999999999998
11.246 25.529999999999998
11.504 25.518
10.959 25.529999999999998
10.722999999999999 25.535999999999998
11.880000000000003 25.541999999999998
10.69 25.529999999999998
11.615999999999998 25.524
11.126 25.535999999999998
10.670000000000002 25.535999999999998
11.496 25.523999999999997
10.971 25.518
14.465 25.524
11.606 25.529999999999998
12.075000000000001 25.529999999999998
10.839 25.518
11.117 25.529999999999998
12.533000000000003 25.518
11.038 25.512
10.839999999999998 25.518
10.401 25.518
9.700999999999999 25.517999999999997
13.229 25.524
10.224000000000002 25.525
11.82 25.518
9.719 25.531000000000002
10.116 25.531
10.987 25.543
10.720999999999998 25.517999999999997
10.688999999999998 25.512
10.627999999999998 25.524
10.659 25.529999999999998
10.540000000000001 25.517999999999997
10.593 25.524
10.723999999999998 25.523999999999997
10.684000000000001 25.524
11.539 25.524
9.962 25.518
11.793000000000001 25.512
11.506 25.512
11.59 25.517999999999997
12.78 25.517999999999997
11.862 25.536
12.903 25.524
10.864 25.512
11.477 25.523999999999997
10.761000000000001 25.529999999999998
12.711 25.517999999999997
11.372 25.529999999999998
12.018 25.524
21.488999999999997 25.536
22.974999999999998 25.536
23.014000000000003 25.536
22.903000000000002 25.536
14.08 25.53
11.416 25.541999999999998
12.501000000000001 25.529999999999998
15.6 25.535999999999998
12.201 25.549
12.634 25.537
11.517000000000001 25.543
12.408000000000001 25.541999999999998
11.503 25.541999999999998
12.245000000000001 25.535999999999998
11.757 25.53
12.485000000000001 25.53
12.924 25.535999999999998
11.405 25.541999999999998
11.951 25.543
12.33 25.659
12.052 25.707
12.418999999999999 25.701
13.29 25.707
13.740000000000002 25.713
12.389999999999999 25.707
14.227 25.713
12.381000000000002 25.713
12.464000000000002 25.707
13.613 25.724999999999998
13.601000000000003 25.724999999999998
12.622 25.718999999999998
15.622 25.724999999999998
12.246 25.712999999999997
14.584 25.725000000000005
13.527999999999999 25.719
14.197 25.738
14.157 25.730999999999998
12.873000000000001 25.713
14.200000000000001 25.732
13.485999999999997 25.719
13.276000000000002 25.719
14.751999999999999 25.725000000000005
13.991999999999999 25.713
15.39 25.724999999999998
14.697 25.719
13.999 25.713
15.856000000000003 25.713
15.021 25.738
14.655 25.725000000000005
13.733 25.713
14.068 25.724999999999998
12.735 25.719
14.733000000000002 25.724999999999998
14.267 25.730999999999998
13.004 25.718999999999998
14.603 25.731000000000005
15.108000000000002 25.725000000000005
13.68 25.725000000000005
14.289 25.713
14.671999999999999 25.725000000000005
14.681 25.719
14.481 25.730999999999998
13.69 25.719
15.296999999999999 25.725000000000005
15.203 25.707
16.598 25.713
15.817 25.731000000000005
14.675000000000002 25.725000000000005
13.963999999999999 25.719
13.754 25.719
13.979999999999999 25.719
15.611999999999998 25.719
14.612 25.713
14.252999999999998 25.72
14.099 25.713
13.236 25.707
14.666 25.726
15.961000000000002 25.726
15.54 25.726
13.489 25.719
13.766 25.738
13.428 25.725000000000005
13.315 25.719
16.662 25.730999999999998
14.581 25.726
13.99 25.726
14.179 25.719
13.803 25.732
12.916 25.713
13.422 25.718999999999998
14.884 25.719
15.036000000000001 25.713
13.651000000000002 25.719
13.658999999999999 25.724999999999998
13.991999999999999 25.72
15.098 25.724999999999998
14.356 25.72
13.5 25.738
13.507 25.725000000000005
15.536 25.730999999999998
14.831 25.732
13.312000000000001 25.72
13.431 25.732
13.505 25.719
14.013 25.726
13.513 25.732
14.251999999999999 25.72
13.541999999999998 25.719
12.875 25.732
13.391 25.730999999999998
12.281999999999998 25.719
13.827 25.719
14.713999999999999 25.719
12.467 25.718999999999998
12.020999999999999 25.707
13.458 25.701
15.289 25.732
14.959 25.72
13.252999999999998 25.72
16.555 25.732
16.473000000000003 25.726
