28.39605 26.02731000000001
28.081212999999995 25.999930000000006
26.363022 26.006410000000006
25.754956999999994 26.03055
26.421613000000004 25.99596
27.202299999999997 26.1898
27.572899999999994 26.1946
29.856099999999998 26.330700000000007
28.8765 26.250500000000006
26.632999999999996 26.280300000000008
27.254499999999997 26.275599999999997
27.37601 26.397200000000005
26.361189999999997 26.2907
27.725690000000007 26.3451
27.488550000000007 26.399500000000003
28.552989999999994 26.410899999999998
27.53415 26.3928
27.31105 26.422099999999997
25.794129999999992 26.345799999999997
27.28054999999999 26.447600000000005
27.358749999999993 26.470099999999995
27.54039999999999 26.431999999999995
24.93529 26.219899999999992
25.64270000000001 26.357500000000005
24.44402 26.267699999999998
24.872659999999996 26.268399999999993
27.762649999999994 26.488334
26.21299 26.009299999999996
27.11286 25.564930000000007
26.776549999999986 25.586860000000005
24.750819999999997 25.065900000000003
21.288470000000004 24.850299999999997
18.506730000000005 24.497480000000003
23.476333 24.965829999999993
27.639027 25.350609999999996
25.922188000000006 24.93133
25.750958999999995 24.95449999999999
25.368784000000005 25.02976
24.487500000000004 25.067530000000005
27.3315 25.3706
26.214199999999998 25.464300000000005
27.110000000000007 25.5797
27.005399999999995 25.611099999999997
24.857999999999997 25.4992
27.131399999999996 25.648800000000005
27.689700000000006 25.686999999999994
26.194200000000006 25.647300000000005
27.106900000000007 25.7642
23.389200000000006 25.458899999999996
23.191600000000008 25.37850000000001
20.9402 25.386700000000005
15.328499999999995 24.715999999999998
15.412300000000007 24.7158
17.585900000000002 24.847099999999998
20.116999999999997 25.117299999999997
20.9894 25.228800000000014
20.185599999999997 25.054999999999993
27.024270000000005 25.671019999999995
24.171049999999994 25.28315
24.803340000000002 25.366229999999995
22.297960000000003 25.157079999999993
22.549759999999996 25.213340000000002
23.28426000000001 25.364340000000006
24.957251000000003 25.510720000000003
25.507722 25.508810000000004
24.715427000000005 25.45776
25.354530000000004 25.53414
26.035000000000004 25.627
27.073999999999998 25.7623
25.701500000000006 25.7385
24.7168 25.6758
24.631 25.7128
25.158350000000013 25.822400000000005
25.599680000000006 25.416309999999996
27.191170000000003 25.51074
25.341970000000007 25.062610000000003
25.20243 25.112100000000005
26.330960000000005 24.786880000000007
25.691670000000006 24.764609999999994
24.347016999999997 24.73444
24.69419 24.831889999999994
25.806099999999997 24.9439
25.26550199999999 24.986369999999997
25.60015 25.004380000000005
25.55469999999999 25.148200000000003
25.2691 25.1965
25.718500000000006 25.275900000000007
25.523899999999994 25.3025
24.659800000000008 25.217699999999997
24.8876 25.206600000000005
24.141800000000003 25.21729999999999
24.611200000000004 25.3102
25.43210000000001 25.335700000000006
25.142700000000005 25.35710000000001
25.464599999999997 25.429799999999997
24.2851 25.403800000000004
21.1092 25.05130000000001
20.446200000000005 25.016199999999994
23.6801 25.320299999999996
22.5399 25.212700000000005
22.15139999999999 25.1203
23.1337 25.293299999999995
23.0651 25.3526
23.8246 25.3593
25.326700000000002 25.477799999999995
24.655500000000004 25.446400000000004
24.694399999999998 25.4559
23.919 25.4126
23.6355 25.439900000000005
23.292699999999993 25.4224
24.8065 25.597900000000003
22.6019 25.367399999999996
23.740799999999997 25.489600000000003
23.2342 25.480200000000004
25.132299999999997 25.559300000000007
24.716699999999996 25.5604
23.378600000000006 25.48729999999999
24.12279999999999 25.573800000000002
24.016 25.601199999999995
23.845 25.568999999999996
22.613199999999996 25.424000000000003
24.44515 25.62346000000001
24.001669999999997 25.146560000000008
21.73935 24.589940000000006
21.94581 24.50431
23.599840000000004 24.678190000000004
22.822650000000007 24.762389999999996
22.87135 24.697570000000006
22.507030000000007 24.67512000000001
22.849299000000002 24.796009999999992
22.960307999999998 24.77911
22.5885 24.753309999999995
17.4301 24.4729
15.936299999999997 24.283499999999997
16.57510000000001 24.349900000000005
20.1967 24.576800000000006
17.7399 24.448300000000003
20.0652 24.643399999999996
21.595500000000005 24.8431
22.709400000000002 24.899200000000008
21.7715 24.9132
22.894200000000005 24.934300000000004
23.491999999999997 25.0577
22.749300000000005 24.982200000000006
22.947799999999997 24.9628
22.874699999999997 24.9481
22.719900000000006 24.982999999999997
22.3891 24.976200000000002
21.478499999999997 24.873000000000005
23.684400000000004 25.040699999999994
22.5359 25.021600000000007
22.472600000000003 25.0355
22.599 25.0517
22.124199999999995 25.0664
22.352399999999996 25.061
22.328500000000002 25.113900000000005
22.797 25.0556
23.302000000000007 25.13749999999999
23.170000000000005 25.146
22.436599999999995 25.1124
23.6314 25.156399999999994
21.9819 25.0699
21.446800000000003 25.030599999999996
22.034 25.052100000000006
23.2004 25.174400000000002
16.368599999999994 24.6138
13.725099999999998 24.442900000000005
13.7545 24.5064
13.3191 24.321099999999994
13.278900000000002 23.9886
13.490200000000002 23.99489999999999
12.796199999999999 24.3016
14.535700000000004 24.408399999999997
17.3691 24.606499999999997
20.003200000000003 24.89090000000001
19.602899999999995 24.864999999999995
18.207500000000003 24.7543
20.576000000000004 24.926299999999998
22.374900000000004 25.141900000000007
21.768899999999995 25.073599999999995
21.771099999999997 25.06869999999999
17.841900000000003 24.7766
21.600100000000005 25.1473
21.619299999999996 25.1384
21.930299999999995 25.142500000000005
22.3088 25.1679
22.248000000000005 25.2676
22.198099999999997 25.212999999999997
22.125500000000002 25.191599999999998
22.149400000000004 25.217000000000006
20.7949 25.208400000000005
20.654300000000006 25.103799999999993
21.525900000000004 25.208099999999995
20.466099999999994 25.100900000000003
20.172 25.0722
22.529199999999996 25.2616
21.57719999999999 25.153800000000004
21.9446 25.213899999999988
22.468200000000003 25.236999999999988
22.4216 25.292900000000003
21.754700000000003 25.2545
21.920399999999997 25.2521
22.196700000000003 25.3103
21.4904 25.2538
21.739299999999997 25.257300000000004
21.526399999999995 25.216099999999997
20.7607 25.213500000000007
22.312399999999997 25.313999999999997
20.96509999999999 25.245500000000003
21.695200000000003 25.2745
21.0975 25.2414
22.096900000000005 25.279599999999995
20.395100000000003 25.180899999999994
23.635499999999997 25.490199999999994
22.9696 25.3973
22.803599999999996 25.337200000000003
18.9121 25.120199999999997
17.019800000000004 24.964500000000005
19.806999999999995 25.18160000000001
21.943199999999997 25.340199999999996
22.218300000000006 25.380800000000004
23.415799999999997 25.514300000000002
22.118199999999995 25.444300000000002
22.2553 24.9687
22.279879999999995 25.027839999999994
23.77639 25.163269999999997
23.21261 25.192950000000003
25.094499999999996 25.3811
24.201700000000002 25.36089999999999
24.358300000000007 25.369799999999998
24.888399999999994 25.4981
23.427100000000003 25.28149999999999
24.046699999999998 25.4585
22.69580000000001 25.3727
23.373400000000004 25.380899999999997
23.804499999999997 25.371599999999994
24.603699999999996 25.456599999999995
22.958099999999998 25.401199999999996
23.883300000000006 25.4088
23.705800000000004 25.371199999999998
23.473699999999997 25.394200000000005
24.746500000000008 25.51810000000001
22.6024 25.349100000000007
23.250200000000003 25.467500000000005
23.2269 25.425799999999988
24.077900000000003 25.439899999999998
22.978199999999998 25.4453161
22.849069999999994 25.028889999999997
20.683670000000003 24.887460000000004
19.00823 24.70454
24.14135 25.04217
22.411829999999995 25.04205000000001
19.23693 24.678260000000005
16.781203999999995 24.51964000000001
15.769522000000006 24.377450000000003
17.572794 24.53163
20.81087599999999 24.84774000000001
22.624575999999998 25.01982
23.759800000000002 25.181500000000007
25.0409 25.363999999999997
24.869900000000005 25.308699999999995
24.934000000000005 25.444199999999988
24.793400000000005 25.438700000000004
20.423000000000005 25.1083
21.328599999999994 25.2306
22.631999999999998 25.343
23.707000000000008 25.399199999999993
23.217399999999998 25.452400000000004
22.43060000000001 25.311400000000006
23.943000000000005 25.522100000000002
22.737399999999997 25.4042
24.3623 25.596200000000003
22.845200000000006 25.465
23.87689999999999 25.5536
23.9323 25.60009999999999
25.7275 25.747999999999998
24.702799999999993 25.725399999999997
24.418599999999994 25.655000000000005
23.784099999999995 25.6386
23.9665 25.7986
24.6159 25.769799999999996
24.931500000000003 25.789499999999986
23.969100000000008 25.702400000000004
25.527800000000006 25.90889999999999
23.6193 25.7764
20.045899999999996 24.955200000000005
23.116899999999998 25.147400000000005
19.857100000000003 24.94589000000001
