11.369899999999996 88.62000000000002
13.564499999999995 89.45999999999998
11.316100000000002 88.98399999999997
10.996099999999997 88.85799999999998
12.4312 88.79199999999996
12.466899999999999 89.68500000000002
10.966600000000001 88.50699999999999
10.634 88.11799999999997
12.759799999999998 89.17699999999998
11.199000000000002 88.39799999999998
11.012099999999998 88.07000000000004
12.997600000000004 89.02100000000002
10.3281 88.17999999999996
10.335999999999999 88.29599999999999
11.7537 88.48099999999998
12.886000000000006 89.83099999999997
11.668000000000003 88.86
12.1365 89.11399999999996
13.136499999999998 89.76499999999999
13.2604 89.68299999999999
12.265399999999998 89.123
12.050800000000004 88.89999999999999
11.942600000000002 88.676
12.271200000000002 89.39799999999998
11.919900000000004 89.301
12.535700000000002 89.237
15.378300000000003 89.92099999999999
18.19710000000001 91.41
15.284399999999994 90.75500000000001
16.9424 91.378
15.404699999999998 90.884
16.530800000000003 91.02000000000001
15.221199999999998 90.87000000000002
16.4626 91.14800000000002
14.243999999999996 90.29800000000003
16.1147 91.08
15.3804 90.927
17.4167 90.97199999999998
17.3996 91.039
17.873200000000004 91.00799999999995
16.949599999999997 91.37999999999997
17.497799999999994 91.554
16.752 91.13700000000001
17.825100000000003 91.26100000000001
16.866100000000003 91.44999999999996
17.677200000000003 91.48099999999998
16.644000000000002 91.20100000000002
16.6341 91.28000000000002
17.763400000000004 91.526
17.012299999999996 91.425
17.259100000000004 91.449
16.745599999999996 91.447
18.467500000000005 91.88600000000001
16.802299999999995 91.59499999999998
16.957000000000004 91.52100000000002
16.618700000000004 91.47000000000001
19.2134 91.663
16.6628 91.23800000000001
16.69280000000001 91.09899999999999
15.237300000000003 90.94699999999999
15.938900000000004 91.18900000000001
16.3 91.301
15.105399999999996 90.74399999999999
16.6861 91.06
17.359299999999998 91.39100000000002
16.9483 91.339
15.321400000000002 91.01399999999998
14.936900000000003 90.929
15.065699999999998 90.84500000000003
14.339800000000002 90.45200000000003
15.034000000000002 90.66899999999998
14.198100000000005 90.45799999999998
13.794 90.42599999999999
14.077399999999999 90.79500000000002
14.8135 90.81899999999999
14.174399999999999 90.92800000000001
12.9437 90.03099999999999
13.2446 90.01699999999998
15.244000000000002 90.338
13.139999999999997 90.06599999999999
12.8048 89.32799999999999
13.454500000000003 89.76399999999998
12.315299999999997 89.85499999999998
12.082699999999996 89.348
11.865799999999997 89.34999999999998
14.202199999999998 89.97299999999998
13.135500000000002 89.95599999999999
12.160200000000005 89.88900000000001
13.037900000000002 89.916
12.111899999999999 89.90600000000003
12.2584 89.19099999999999
12.881499999999999 89.26399999999998
14.916199999999998 90.08900000000001
11.531900000000004 89.02299999999997
11.296800000000001 88.907
12.380200000000004 89.52699999999997
12.688599999999997 90.136
12.749900000000004 89.53199999999995
12.589099999999998 89.39299999999997
13.1237 89.848
13.563699999999995 90.08900000000001
11.675499999999996 89.07699999999997
11.535700000000002 89.05199999999999
13.146699999999997 89.628
11.479800000000001 89.35600000000001
11.4056 89.02699999999997
11.178799999999999 88.96499999999997
12.395299999999999 89.69299999999998
10.873099999999999 88.84999999999998
11.0818 88.96499999999996
11.327000000000004 88.98099999999998
13.100000000000001 90.05799999999999
10.741299999999999 88.48800000000001
10.809500000000002 88.40699999999997
10.800400000000003 88.17299999999997
13.309400000000002 89.28099999999998
10.332100000000002 88.05899999999998
10.194700000000005 87.89199999999998
9.854 87.766
12.1879 87.17599999999997
10.5798 86.28199999999997
11.649900000000004 87.61009999999997
11.363999999999997 87.95199999999997
10.739800000000002 88.02
13.125899999999996 89.26199999999997
10.635200000000001 88.17999999999998
11.5964 88.376
11.171299999999999 88.26199999999997
11.046999999999999 88.13499999999999
9.978099999999998 87.57300000000001
9.4235 87.54000000000002
12.120000000000001 89.065
10.389400000000002 88.15699999999997
10.692200000000003 88.35999999999999
10.715199999999996 88.60199999999999
10.3853 88.48099999999997
10.694100000000002 88.498
10.3241 88.335
13.337499999999999 89.673
11.006799999999997 89.00199999999997
10.642600000000002 88.38199999999998
10.6583 88.311
10.704000000000002 88.362
10.965600000000004 88.38099999999997
13.7813 89.97400000000003
13.325700000000001 89.91299999999998
12.413199999999998 89.50399999999999
12.1977 89.34599999999998
11.995600000000001 89.02399999999999
11.824999999999996 88.92299999999999
13.853900000000008 89.81800000000001
13.609599999999997 90.076
11.888 88.959
11.774099999999997 88.96099999999997
12.267800000000003 89.25999999999999
12.698599999999999 89.31400000000001
13.4712 89.85300000000002
15.453699999999998 90.816
16.0956 90.75600000000004
14.420599999999995 90.23700000000001
13.9969 90.02999999999997
14.892500000000004 90.10800000000002
16.3686 90.50999999999999
16.512500000000006 90.889
15.096700000000004 90.72799999999998
13.321700000000003 89.865
13.366999999999999 89.59799999999998
16.502699999999997 90.48100000000005
18.5567 91.42000000000003
16.512 91.00600000000001
14.761700000000003 90.41900000000001
15.064100000000003 89.01400000000001
16.576400000000003 90.08000000000001
17.9286 90.70500000000004
15.288700000000002 89.793
15.254100000000001 90.16300000000004
15.804000000000004 90.61700000000002
17.106099999999998 91.16399999999999
15.706199999999995 90.962
16.116899999999998 90.94200000000004
15.485 90.379
17.901300000000006 91.008
18.81500000000001 91.31099999999999
15.350000000000003 90.471
16.696000000000005 91.032
19.2158 91.49099999999999
17.8815 91.30200000000004
18.453999999999997 91.53200000000001
17.038500000000003 91.26
16.294999999999998 90.93799999999999
18.14 91.50299999999999
18.574300000000004 91.73899999999999
16.6752 91.182
17.357600000000005 91.37799999999996
17.1857 91.039
18.8975 91.39200000000002
19.296799999999998 91.48399999999998
18.2826 91.39899999999999
16.911899999999996 91.23799999999999
17.294099999999997 91.23000000000002
18.2455 91.119
18.462300000000003 91.408
18.6565 91.63000000000001
18.641299999999998 91.58800000000001
16.673499999999997 91.17600000000002
16.016299999999998 90.69200000000002
16.665899999999993 91.095
19.783800000000003 91.804
18.880200000000006 91.545
16.8519 91.20299999999997
16.199100000000005 90.83900000000001
16.386800000000004 90.923
17.6547 91.268
19.5893 91.69499999999996
17.033 91.323
15.694400000000003 90.64100000000002
15.323800000000002 90.18099999999998
16.715200000000006 90.66800000000002
18.302300000000006 91.58000000000001
18.774399999999996 91.62000000000002
16.9047 91.265
16.7866 91.3
16.289700000000003 91.31700000000001
17.0504 91.38200000000003
17.500400000000006 91.28200000000001
17.264200000000006 91.41100000000002
16.3279 91.02000000000001
16.630799999999997 90.73899999999999
19.034 91.46399999999998
19.0228 91.64299999999999
17.366899999999998 91.17399999999999
17.0315 91.21600000000001
18.4195 91.64999999999999
19.189200000000003 91.84899999999998
18.982699999999998 91.67599999999997
18.609 91.58500000000001
18.2883 91.62700000000002
18.605100000000004 91.485
20.465100000000007 91.92599999999996
18.1728 91.51000000000002
18.014900000000004 91.56199999999998
18.2693 91.60699999999999
19.088399999999993 91.744
19.9754 92.07499999999999
17.28420000000001 91.458
17.5106 91.399
17.415200000000002 91.575
20.451199999999996 92.11299999999999
16.484600000000004 91.31200000000003
16.744999999999997 91.45199999999998
17.95969999999999 91.58600000000001
18.2255 91.735
18.0866 91.67299999999999
18.914399999999997 91.837
20.458000000000002 91.78899999999997
21.095899999999997 92.14100000000002
19.5711 91.963
19.15940000000001 91.684
21.019300000000005 91.67
18.646300000000004 91.44399999999997
19.0891 91.713
16.373899999999995 90.95999999999998
18.565799999999996 91.57000000000001
16.0691 91.13799999999999
18.4778 91.7
17.3475 91.68700000000001
17.177600000000005 91.56099999999999
18.561199999999996 91.82900000000001
17.782799999999995 91.78199999999998
15.693299999999999 91.111
16.542999999999996 91.10899999999998
16.095000000000002 91.26700000000001
16.04520000000001 91.194
14.697500000000005 90.678
16.4088 90.99000000000001
17.933899999999994 91.21899999999998
15.834099999999998 90.96799999999999
15.394299999999994 90.889
16.119999999999997 91.09500000000003
15.927999999999997 91.06999999999998
16.176800000000004 91.08200000000001
15.115200000000002 90.803
16.794999999999998 90.978
17.469299999999997 91.69700000000002
17.017300000000002 91.351
15.295199999999994 90.67400000000004
14.629700000000001 90.322
16.039200000000005 90.73600000000002
