15.224200000000002 8.2282
14.327000000000002 7.9064
14.878000000000002 7.8627
12.7615 7.5431
14.578000000000003 7.8157000000000005
13.5351 7.7273
12.973200000000002 7.9265
11.823500000000001 7.416399999999999
13.4383 7.6508
14.3836 7.7213
15.5808 8.1773
13.718999999999998 7.9888
13.456000000000001 8.2348
13.578300000000002 8.295
13.104199999999999 8.519300000000001
12.9472 8.136899999999999
13.858799999999999 8.329400000000001
13.6409 7.968500000000001
15.082 8.511099999999999
15.9588 8.286999999999999
15.258000000000003 8.277000000000001
14.7506 8.2486
15.427000000000001 8.525200000000002
15.264000000000003 8.3179
15.312999999999999 8.5501
15.628 8.8834
12.399799999999999 8.5649
12.989899999999999 7.9043
13.7199 8.0858
18.018999999999995 8.456100000000003
14.503999999999998 8.538699999999999
13.186399999999999 8.370700000000001
16.5534 8.2831
16.435 8.9516
15.622999999999998 8.639800000000001
13.4629 8.315999999999999
13.364999999999998 8.301
11.7307 8.3468
14.806 8.369800000000001
14.327799999999998 8.3416
13.381599999999999 8.3627
14.307400000000001 8.021600000000001
14.759 8.189499999999999
13.607 8.0808
15.690999999999999 8.4026
15.8452 8.225700000000002
12.1067 8.256800000000002
13.997200000000001 8.132100000000001
17.985 8.940199999999997
16.1768 8.795200000000001
13.8946 8.456900000000001
15.124100000000002 9.0241
15.565000000000001 9.5229
14.7136 8.8355
13.040000000000001 8.2261
11.8179 8.114799999999999
11.324000000000002 8.0135
13.933300000000001 8.552000000000001
14.962 8.954799999999999
13.682500000000001 8.7639
13.134300000000001 8.2525
15.160800000000002 8.2436
15.727000000000002 8.6968
15.517600000000003 8.7517
13.988000000000003 8.3574
14.440999999999999 8.538100000000002
13.5403 8.5295
14.8394 9.1196
12.971000000000002 8.323500000000001
13.809099999999999 8.3403
13.7848 8.478299999999999
27.957000000000004 17.7774
12.846000000000002 8.778300000000002
12.413999999999998 8.2621
13.522700000000002 8.3705
13.495600000000001 8.0633
13.171199999999999 8.6226
12.623500000000002 7.9593
14.5349 8.1995
11.434099999999999 7.733
15.167 8.3033
13.705399999999997 8.728200000000001
13.2416 8.536100000000001
11.693999999999999 8.2609
15.054 8.1158
13.791699999999999 7.9346
13.2994 7.682300000000001
14.314999999999998 8.1864
14.912999999999998 8.3565
15.458 8.855300000000002
16.245 8.560500000000001
15.302 8.2014
12.720300000000002 7.8011
14.959999999999999 8.518
16.289 8.746
16.378000000000004 9.491299999999999
16.3408 9.647499999999999
16.108 8.672000000000002
15.335 8.552900000000001
17.402 8.601099999999999
14.279999999999998 8.377699999999999
13.997300000000001 7.992299999999998
13.8969 8.1828
15.587000000000002 8.7195
16.995 8.756
17.3521 8.9396
17.476999999999997 9.3491
18.038 9.317300000000001
16.978 8.8143
15.501199999999999 8.713299999999998
14.951 8.762599999999999
14.8273 8.4776
15.415000000000001 8.6161
19.034000000000002 9.0313
18.502200000000002 9.2666
18.5249 9.4151
17.712199999999996 9.658700000000001
19.587000000000003 9.515300000000002
19.308999999999997 9.7212
16.963999999999995 9.4388
17.223 9.063600000000001
19.902 9.3492
16.417 9.406300000000002
19.336 9.6013
17.394000000000002 9.498600000000001
19.267 9.4897
19.846999999999998 9.290000000000001
18.356 9.1868
16.811999999999998 8.986999999999998
16.738 8.7217
17.301 9.1162
18.563000000000002 9.088000000000001
17.476 9.0968
16.035100000000003 8.926800000000002
18.576000000000004 9.360600000000002
20.62 9.657299999999998
19.608 9.4599
15.477500000000003 9.145800000000001
16.520000000000003 8.593299999999997
17.961 9.4536
18.335 8.9166
20.017000000000003 9.164399999999999
16.079 9.1341
15.347999999999997 9.301299999999998
17.897000000000002 9.2698
18.160000000000004 9.303
18.159000000000002 9.126599999999998
17.294999999999998 9.091699999999998
16.110999999999997 9.004000000000001
19.845999999999997 8.977099999999998
21.435000000000002 9.494
17.223000000000003 9.2326
16.753 8.820199999999998
17.911000000000005 8.9336
19.03452 9.020199999999999
15.336 7.8878
18.877999999999997 8.516
23.654 8.8415
21.507000000000005 8.9635
23.87 9.466
20.018 9.357
21.043 8.8751
19.697 8.8585
20.785999999999998 9.19
21.041999999999998 9.274199999999999
21.255000000000003 9.352200000000002
20.039 8.7702
22.55 8.9382
25.826 9.1372
21.845000000000002 8.9315
20.222 8.6592
20.538 8.834700000000002
21.404 9.049299999999999
17.967000000000002 8.840600000000002
21.616 9.7712
19.704 9.4579
20.425 9.453899999999999
25.922 9.579099999999999
26.361 9.882600000000002
22.844999999999995 9.8998
22.819 9.5187
22.167 9.6074
20.288999999999998 9.3796
22.055 9.3925
23.083 10.0218
22.095000000000002 9.8239
21.95 9.1178
27.409999999999997 9.2308
24.066 9.6685
22.14 9.496400000000001
25.252999999999997 9.3804
22.177 9.4604
23.825000000000003 9.4222
22.518 9.6561
22.366 8.5331
21.838 9.561399999999999
28.466 9.69
21.691 9.3913
23.9 9.768999999999998
25.099 9.711
23.830999999999996 9.6233
23.839 9.9541
27.046999999999997 10.0109
20.969999999999995 9.472400000000002
23.321 9.0454
27.378000000000004 9.732
22.179 9.6161
23.335 9.5012
26.849 10.1366
23.134 10.3123
22.655 9.800699999999999
22.07 9.607899999999999
23.529999999999998 9.942600000000002
20.364 9.0481
23.763 8.698400000000001
22.63 9.339699999999999
21.295 9.125399999999999
18.658 9.2092
20.56 8.992399999999998
21.156 9.1769
18.735 8.922400000000001
21.805 8.9518
19.383 8.9207
20.628 9.1524
21.803 9.1982
21.391000000000002 9.0376
24.616000000000003 9.4427
23.061 9.2469
24.193 9.2987
22.312 10.072600000000001
22.549 9.5667
19.440999999999995 8.835700000000001
19.505 9.092400000000001
18.689 8.9673
19.459 9.0298
18.930000000000003 9.1482
22.654999999999998 9.6129
17.221 9.3124
25.005 9.2852
24.791 10.155800000000001
22.167999999999996 9.626700000000001
20.402 9.769200000000001
20.034000000000002 9.614
17.778000000000002 9.1042
16.627 8.442
17.325 8.8312
20.422 9.101799999999999
24.64 9.3806
26.133 10.0907
22.127999999999997 9.386700000000001
21.46 9.4325
18.165 9.4697
18.924000000000003 9.1756
18.425000000000004 9.259400000000001
21.197 8.9889
19.208 9.145599999999998
19.43 9.0629
24.371 9.4819
24.001 9.7099
21.487 10.3697
20.559 10.1347
19.379 9.893199999999998
17.770999999999997 9.018
18.292 8.8493
20.046 9.2166
21.076 9.5027
23.915999999999997 9.7577
18.607000000000003 10.0051
21.192999999999998 9.5592
17.409 9.484
16.906 9.1336
17.066 8.8823
19.335 8.7146
20.8813 8.8961
18.869 9.3848
16.832 9.3612
18.936999999999998 9.0342
17.051 8.8341
16.2691 8.967699999999999
16.408 8.5673
15.265999999999998 8.5258
14.984200000000003 8.3835
16.668000000000003 8.5551
18.769000000000002 8.6874
16.685 9.0001
15.926000000000002 8.646799999999999
15.0641 8.641499999999999
16.738999999999997 8.605
