12.892099999999997 8.702800000000002
13.0142 8.8331
11.6527 8.8615
13.603499999999999 8.9153
9.8569 8.531500000000001
12.982000000000001 8.192499999999999
13.727499999999997 8.6376
12.710799999999999 8.561000000000002
11.318900000000001 8.320600000000002
13.1851 8.7341
12.8756 8.874
13.341699999999998 8.8591
12.5712 9.3235
12.7045 9.0919
12.742600000000001 8.7689
13.5771 8.576100000000002
12.467400000000001 8.8322
13.292100000000001 9.149099999999999
13.15 8.987400000000001
12.277700000000001 8.7769
13.0129 8.9804
12.3713 8.926200000000001
14.142 8.6402
12.662700000000001 8.585499999999998
12.958300000000001 8.716199999999999
12.2169 8.700800000000001
13.314599999999999 8.4281
14.379 8.7659
14.257 9.0295
13.970000000000002 9.275500000000001
13.785 9.1691
15.031 8.9766
14.142000000000001 9.2157
14.227299999999998 9.0716
14.549000000000001 8.702900000000001
14.1844 8.845600000000001
15.481 8.9611
14.542000000000002 9.059500000000002
18.173000000000002 9.0421
15.821 8.9111
15.0442 8.8189
14.712 9.133400000000002
13.415 8.5808
13.095800000000002 8.3082
17.595 8.8341
14.395999999999997 8.7562
13.095 8.296199999999999
14.7245 8.6044
13.992900000000002 8.944
14.21 8.836200000000002
13.471 8.5389
14.9266 9.2003
14.661000000000001 9.488500000000002
14.975899999999998 9.2078
15.692999999999998 9.660799999999998
13.869799999999998 9.2556
14.703 9.451500000000001
13.627899999999999 9.161599999999998
13.630999999999998 8.5585
14.6778 8.6876
13.279 8.847199999999999
13.494800000000001 8.6276
13.111099999999997 8.6886
12.299600000000002 8.789
12.5999 9.208499999999999
12.484000000000002 8.6471
13.456999999999999 9.2305
12.7199 9.528400000000001
11.956999999999999 8.674400000000002
13.3715 8.943
15.081 9.0131
13.4847 8.828000000000001
13.755 8.645700000000001
12.1384 8.5875
13.1206 8.8466
12.377000000000002 8.5589
10.9005 7.9994
12.811 8.625300000000001
14.52 8.4115
13.853000000000002 8.870899999999999
14.019800000000002 8.972
14.542 8.9854
14.06 8.9753
14.139000000000001 8.9802
13.849 9.3323
14.481 8.5909
15.106999999999998 9.4172
14.245000000000003 9.1496
13.6631 8.8274
14.829 8.943700000000002
13.415800000000003 8.941600000000001
14.391600000000002 8.868899999999998
14.187 9.254399999999999
12.323599999999999 8.340900000000001
11.516000000000002 8.125300000000001
16.275000000000002 8.404499999999999
16.276 9.080800000000002
15.905999999999999 9.172600000000001
16.148 8.8881
16.621199999999998 8.690700000000001
16.1828 8.8786
16.964000000000002 9.511700000000001
16.221000000000004 9.205400000000001
14.588799999999999 8.5322
16.654 9.204799999999999
15.709999999999999 8.799400000000002
17.252000000000002 8.746
16.083 9.0875
17.508000000000003 9.169300000000002
16.959 9.2185
15.409999999999998 8.709700000000002
18.848000000000003 9.042200000000001
15.733999999999998 8.6228
17.259 8.912400000000002
15.280999999999997 8.7219
17.638 9.352599999999999
18.366999999999997 9.485000000000001
18.294 9.549199999999999
16.232000000000003 9.778300000000002
17.544 9.337700000000002
19.197999999999997 9.552100000000001
16.419 9.1246
17.595999999999997 9.2729
15.595999999999998 9.2464
18.904 9.0175
21.695000000000004 9.685
18.668 9.652999999999999
17.907 9.328600000000002
17.865000000000002 9.1831
17.855999999999998 9.140999999999998
16.421 8.635699999999998
14.592000000000002 8.5228
17.363999999999997 8.5204
16.282999999999998 8.5106
20.35 8.939599999999999
19.313999999999997 8.9339
16.282000000000004 8.901600000000002
18.439000000000004 8.9279
16.641000000000002 8.641599999999999
17.860000000000003 8.961500000000001
15.242999999999999 8.949399999999999
15.556000000000001 8.6051
16.036 8.447299999999998
16.918 8.735600000000002
17.921000000000003 9.106399999999999
17.366999999999997 8.7365
17.544999999999998 8.6083
19.099000000000004 8.962
18.793 9.0639
17.983 9.4478
16.396 9.1246
17.517000000000003 8.9628
20.466 9.3078
18.879 9.407200000000001
19.612000000000002 9.582300000000002
19.304 9.2861
21.142999999999997 9.1868
21.823999999999998 9.4118
18.757 9.656300000000002
17.513 9.439
18.268 9.208599999999999
20.093999999999998 9.2873
20.414999999999996 9.221
20.521 9.244900000000001
19.914 9.275699999999999
20.468999999999998 9.2055
22.325 9.657799999999998
20.713000000000005 9.423799999999998
24.146000000000004 9.0229
25.095 9.4506
26.098000000000006 9.724
23.257 9.7212
22.250999999999998 9.655600000000002
24.749 9.806199999999999
25.119999999999997 9.5214
20.293 9.4634
23.391000000000002 9.2064
23.08 9.589300000000001
21.352 9.515600000000001
25.771 9.654300000000001
23.724999999999998 9.3627
22.961 9.6869
24.104 10.2022
26.501 10.3886
22.680999999999997 10.145600000000002
24.025000000000002 9.6774
24.888999999999996 9.8987
22.704 9.932
26.142 9.972000000000001
24.995999999999995 9.8952
25.256 9.6281
28.909000000000002 10.381099999999998
28.215999999999998 10.7466
25.561 10.2933
24.361 10.071100000000001
23.048000000000002 9.644200000000001
22.479 9.8305
23.182 9.663499999999999
22.612999999999996 10.1325
24.833999999999996 10.0408
22.887 9.845
25.76899999999999 10.596
21.378 11.1742
26.432 10.631999999999998
25.636 10.5911
24.492000000000004 10.832699999999997
22.158 10.7259
21.377779999999998 10.7812
27.598 10.761500000000002
23.226000000000003 8.9281
23.552 8.93
25.936999999999998 9.3747
23.23 9.402000000000001
25.144 8.969499999999998
20.043 8.6585
23.01 8.915799999999999
18.345000000000002 8.870599999999998
20.404999999999994 8.5434
20.052999999999997 8.953700000000001
17.714 8.700200000000002
27.421 9.037099999999999
23.613999999999997 9.5218
21.422 8.9595
22.142000000000003 8.8144
20.797 8.959700000000002
19.639 8.605
20.904000000000003 8.7278
21.551 9.0633
18.656 8.8277
26.177 9.4323
24.225 10.0114
25.923999999999996 9.8322
25.474999999999998 9.694399999999998
24.28 9.6896
20.822 9.5915
20.173999999999996 9.2766
18.901 9.443800000000001
20.754 9.2433
22.73 9.0854
26.491 9.573899999999998
26.000999999999998 9.630600000000001
23.766 10.0589
23.100999999999996 9.1372
24.187 9.3731
23.557 9.260800000000001
17.951 9.406300000000002
20.352999999999998 9.0502
22.656999999999996 9.0006
22.926000000000002 9.155
23.554 9.6529
28.459 9.600799999999998
25.238000000000007 9.3734
26.141000000000002 10.0733
21.955 9.794699999999999
18.801000000000002 9.380299999999998
21.870000000000005 8.749600000000001
21.959999999999997 9.206699999999998
25.762999999999998 9.8178
21.03 9.981900000000001
17.866000000000003 9.245299999999999
25.801000000000002 9.4194
21.365000000000002 9.655900000000003
19.034000000000002 8.8517
16.659999999999997 8.7228
19.405 8.8832
21.111 9.266700000000002
24.1093 9.2965
17.686 9.009099999999998
16.473000000000003 9.114699999999997
27.418 9.8309
21.8214 10.106900000000001
20.279 9.341999999999999
15.431999999999999 8.419699999999999
16.311000000000003 8.1837
14.697 8.6788
20.759700000000002 9.057600000000003
18.087999999999997 9.4566
16.097 8.657800000000002
20.282899999999998 8.6856
20.166000000000004 9.399400000000002
16.552 9.6368
14.0593 8.9951
16.041800000000002 8.7359
17.5678 8.9338
19.616600000000002 9.2563
14.9768 8.7808
14.3376 8.7482
15.752300000000002 8.7303
