12.6687 9.6348
13.398299999999999 9.915000000000001
11.735000000000001 9.8904
12.4909 9.7876
10.8096 9.851799999999999
11.279900000000001 10.0527
12.657700000000002 9.946600000000002
12.067400000000001 10.0182
10.0689 9.824599999999998
10.638899999999998 9.475800000000001
11.8111 10.587299999999999
11.850399999999999 11.0013
12.610000000000001 10.8492
13.591999999999999 11.159300000000002
13.2612 12.023499999999999
11.383899999999999 11.622800000000002
11.1128 10.901699999999998
12.357499999999998 11.033800000000001
12.8377 10.4324
14.3737 10.3262
13.895000000000001 10.468000000000002
15.1298 11.368
12.592400000000001 12.856499999999999
12.9722 12.1525
11.8608 11.435500000000001
13.568599999999996 11.0927
13.287300000000002 11.386299999999999
14.3107 10.885
13.584999999999999 11.0238
14.4346 11.237100000000002
14.119000000000002 10.6985
14.183000000000002 10.910800000000002
11.187399999999998 10.360899999999999
13.496 10.152700000000001
16.625100000000003 11.342500000000001
13.577899999999998 12.800999999999998
14.576 12.146899999999999
15.884 11.9946
15.573 11.611699999999999
13.800299999999998 11.501199999999999
14.309000000000003 11.0845
15.495000000000003 11.1047
13.527299999999997 11.2785
13.097100000000001 10.6905
16.142799999999998 10.999600000000001
16.3566 11.157
15.253 13.018000000000002
12.449 12.3551
14.032999999999998 12.6557
14.508100000000002 12.405499999999998
13.868999999999998 11.835500000000001
13.001399999999999 11.325000000000001
12.7665 10.8025
13.889999999999999 10.9633
13.3086 10.9621
13.827900000000001 10.6085
13.498900000000003 10.817799999999998
11.6462 10.4682
10.997499999999999 9.985999999999999
13.142000000000001 9.972800000000001
14.649899999999997 11.555800000000001
13.527700000000001 11.6503
12.634699999999999 11.392000000000001
11.9964 10.993000000000002
11.531700000000003 10.5909
12.6136 10.602999999999998
11.4011 10.240200000000002
10.361 10.2863
12.171 10.181399999999998
14.608999999999996 10.516
14.391000000000002 10.778500000000001
13.717699999999999 12.624000000000002
13.3306 12.0423
13.2253 11.9297
13.0859 11.550400000000002
12.437099999999997 11.312399999999997
12.0893 11.248999999999999
12.8078 10.880899999999997
12.490000000000002 10.793099999999999
13.183 10.5176
14.421000000000003 10.8073
13.213 10.909899999999999
13.2653 10.6188
13.857799999999997 10.588700000000001
14.8117 10.7744
14.034899999999997 12.448799999999999
12.617099999999997 11.636100000000003
13.6742 11.7105
12.4858 11.438299999999998
13.022400000000001 11.030999999999999
16.356 11.3171
13.354500000000002 11.2618
15.934000000000005 11.193900000000001
15.367000000000003 10.9929
14.480800000000002 10.700900000000003
16.208 11.1262
17.212 12.3108
15.983 12.551599999999999
15.014000000000003 11.9551
16.011000000000003 11.411000000000001
16.765 11.677999999999999
17.383499999999998 11.8935
16.603 11.3482
16.003 11.2819
16.530999999999995 10.9903
17.154999999999998 10.939499999999997
16.892000000000003 11.3311
17.445 11.046600000000002
18.64 10.9096
18.979000000000003 10.9873
16.618000000000002 10.7466
18.486 10.752500000000001
20.147 11.319700000000001
18.852 11.4872
16.819 11.3595
15.5803 10.9836
16.2217 11.254999999999999
18.338000000000005 11.5101
18.320999999999998 11.394099999999998
17.8 11.480399999999998
19.897000000000002 11.5868
16.945 11.2183
18.426 11.120099999999999
20.576999999999998 11.641300000000001
18.294999999999998 11.685700000000002
18.807000000000002 11.569
17.745 11.524799999999999
18.503999999999998 11.1404
17.936000000000003 11.1964
21.006999999999998 11.4839
18.264999999999997 11.493
18.336 11.544600000000003
20.436 11.4156
18.786 11.0565
19.563 10.994
18.99 11.0866
19.526 11.338099999999999
18.247999999999998 11.045800000000002
15.120000000000001 10.219800000000001
16.277900000000002 10.130199999999999
16.3392 10.510299999999999
15.809000000000003 10.552300000000002
16.657000000000004 10.577800000000002
15.935000000000002 10.6538
17.314 10.782499999999999
16.786999999999995 10.8756
16.737000000000002 10.7394
15.577 10.673799999999998
18.312 10.5508
17.852 10.5972
19.5634 10.9663
19.220999999999997 11.2034
19.368000000000002 11.293299999999999
19.457 11.2979
17.211000000000002 11.2773
16.259999999999998 10.806199999999999
17.052 10.546899999999999
18.826999999999998 11.111199999999998
16.381999999999998 11.003599999999999
18.184 10.9589
17.540999999999997 10.6507
18.924000000000003 10.343100000000002
20.413999999999998 10.942099999999998
21.094 11.3005
18.508999999999997 10.9083
18.047 10.6424
18.855999999999998 10.472100000000001
20.295999999999996 11.211500000000001
22.654 11.453299999999999
22.268 11.6144
25.791999999999998 11.5478
24.456999999999994 11.349700000000002
24.208000000000002 11.3437
22.934 11.3176
23.258000000000003 10.9933
22.294 10.857899999999999
23.200000000000003 11.5452
22.162 11.5522
21.206000000000007 12.060300000000002
22.157 12.618099999999998
25.718000000000004 12.6891
28.023999999999997 12.4407
23.641 12.3089
23.833000000000002 11.5104
23.774 11.547400000000001
22.633000000000003 11.213700000000001
24.030000000000005 11.494599999999998
24.348 11.5124
24.821999999999996 11.9344
20.982 11.8947
24.380000000000003 11.585199999999999
23.580000000000002 11.586300000000001
29.337000000000003 12.3938
25.958000000000002 12.2652
24.045000000000005 11.848899999999999
22.41 11.815800000000001
21.731 11.2884
19.877000000000002 11.0069
23.325000000000003 10.9644
26.265 11.4678
23.151 11.311000000000002
24.362000000000002 11.2764
25.649 12.8881
21.713 12.516
21.893 11.7925
21.075 11.648499999999999
20.470000000000002 11.1072
20.93 10.8109
20.009 10.899299999999998
23.247999999999998 11.2074
20.403999999999996 10.917200000000001
23.604 11.498700000000001
23.854999999999997 11.9825
20.108999999999998 11.875399999999999
24.006 11.4323
23.554 11.592600000000001
22.049 11.341499999999998
21.087999999999997 11.341500000000002
21.852 11.9012
22.559 11.6488
21.686 11.7316
22.798000000000002 11.4622
21.296000000000003 11.468700000000002
18.397 11.321700000000002
21.315 11.161
21.506999999999998 11.368899999999998
20.351999999999997 11.441600000000001
23.353999999999996 11.5786
21.555999999999997 12.1124
23.226000000000003 12.624099999999999
19.819 11.8924
22.406 11.583499999999999
20.662999999999997 11.3102
19.695 11.058599999999998
21.614 11.213400000000002
16.915 11.0145
23.552999999999997 11.501
21.285000000000004 11.823900000000002
24.206 12.059600000000001
20.411999999999995 11.7394
22.417 11.566699999999999
21.145999999999997 11.559499999999998
21.178 11.405899999999999
20.254 11.1222
17.961999999999996 11.102700000000002
26.125999999999998 11.471800000000002
26.073999999999998 12.1268
24.447999999999997 11.928300000000004
21.432 12.0688
23.043999999999997 11.5722
19.492 11.0072
24.601 11.653399999999998
23.238999999999997 11.4169
20.555999999999997 11.4014
20.214999999999996 11.2587
25.881999999999998 11.950199999999999
27.738999999999997 12.0654
21.115000000000002 11.9377
19.4 11.0493
16.590000000000003 10.508600000000001
20.270000000000003 10.703499999999998
19.302 11.9094
19.673999999999996 11.5571
17.842000000000002 10.8461
24.001 11.637599999999999
22.010000000000005 11.436100000000001
18.968999999999998 10.927900000000001
15.741 10.4269
17.179 11.556099999999999
18.223 11.5101
19.413000000000004 11.8844
16.561 11.5951
15.313100000000002 11.174800000000001
21.5931 11.668899999999999
19.157000000000004 11.4825
19.549799999999998 11.5565
17.453 11.2778
15.521 10.6751
18.096999999999998 10.921799999999998
15.872000000000003 10.8843
18.183000000000003 11.170800000000002
15.306000000000001 10.784500000000001
21.358999999999998 10.936800000000002
17.293999999999997 10.8887
17.138199999999998 11.115000000000002
13.293 10.5827
13.8813 10.006
15.645699999999998 10.2796
