10.213700000000001 8.265
11.283500000000002 8.705499999999999
9.962 8.4774
9.6578 8.523200000000001
10.045699999999998 8.3035
9.0732 8.2302
9.597800000000001 8.690199999999999
10.229000000000001 8.766000000000002
11.7706 9.050899999999999
11.217500000000001 9.3398
10.1964 9.096799999999998
9.8692 8.8313
11.174299999999999 8.5735
9.484 8.237
9.1574 8.2196
9.971 8.17
9.6556 8.397599999999999
10.875599999999999 8.345700000000003
11.5272 8.9421
10.7629 9.215599999999998
10.296800000000001 8.5305
10.394900000000002 9.0193
10.6739 8.8493
8.3671 8.520900000000001
7.4905 7.851200000000001
9.2636 7.7711999999999986
15.238199999999996 10.2398
10.3705 8.353
10.7865 8.7086
10.6277 8.3926
10.328800000000001 8.3033
9.289699999999998 7.8962
9.898200000000001 7.9518999999999975
7.463400000000001 7.881100000000001
8.413900000000002 7.699300000000001
11.9207 8.7442
12.919799999999999 9.401000000000002
10.8938 9.2053
10.7364 9.085
11.2379 8.7817
10.7 8.902899999999999
10.164100000000001 8.460700000000001
8.929499999999999 8.121899999999998
7.2665999999999995 7.784600000000001
8.7846 7.5114
8.329099999999999 7.7802999999999995
10.1894 8.076199999999998
9.643 9.082299999999998
9.714599999999999 8.979000000000001
8.1289 8.3743
8.808 8.036299999999999
8.730899999999998 8.030899999999999
8.316299999999998 8.1607
8.3275 7.644799999999999
8.1871 7.9907
10.151 8.465700000000002
9.333099999999998 9.0789
8.1308 8.3768
8.3736 8.299100000000001
8.1439 8.215599999999998
8.0365 7.655999999999999
6.833399999999999 7.742299999999999
7.2535 7.524400000000001
7.2629 7.5249999999999995
8.4546 7.606900000000001
8.7511 7.812799999999999
8.887400000000001 7.9207
9.4476 7.7736
8.562800000000001 7.643999999999999
8.447199999999999 7.764900000000001
8.0794 7.6702
8.8031 7.780000000000001
7.9583 7.3071
8.763 7.307799999999999
11.2649 8.204
10.133700000000001 8.0809
8.168099999999999 7.8558
9.0281 8.2881
8.886599999999998 7.782499999999999
8.2675 7.5716
9.096599999999999 7.645999999999999
7.5764999999999985 7.6045
8.1666 7.675499999999999
8.6641 8.0442
9.8687 8.234200000000001
8.390900000000002 8.157
8.119000000000002 7.906199999999999
8.478299999999999 7.9238
8.7544 7.7045
9.270799999999998 7.665199999999999
9.3359 8.3932
10.1367 8.363800000000001
10.3586 8.6898
10.325199999999999 8.3312
10.463700000000001 8.1791
8.866 7.8916
9.213799999999999 7.652800000000001
8.6399 7.808400000000002
8.434899999999999 7.638300000000001
8.128 7.564
8.312 7.509200000000001
8.9999 7.8708
8.8221 7.695200000000001
11.7147 8.308900000000001
11.2346 8.4553
10.0525 8.380399999999998
10.8321 8.2466
9.941 8.2852
8.9152 8.4587
9.027899999999999 8.2336
9.166599999999999 8.1867
9.7836 8.3345
10.8975 8.8606
9.5956 8.6073
10.850299999999999 8.6877
12.376300000000002 9.0664
10.9293 9.2395
9.673099999999998 8.572
10.569199999999999 8.2668
10.6681 9.2227
11.024799999999999 8.828700000000001
12.1017 8.994000000000002
11.215099999999998 8.8383
10.587399999999999 8.6132
11.813600000000001 8.6653
10.4686 8.5399
10.7329 8.286
9.4772 8.3108
9.7058 8.4763
10.855300000000002 8.634400000000001
10.7071 8.8654
11.0177 8.4072
10.255699999999997 7.9531
11.469 8.509500000000001
10.194700000000001 8.554400000000001
9.7307 8.408200000000003
10.136199999999999 8.6488
11.0294 8.827800000000002
11.841600000000001 9.492
10.2294 9.0649
11.188899999999999 9.035599999999999
10.5137 9.0949
9.7891 8.6809
11.941299999999998 8.7509
12.7807 9.3836
12.968399999999999 9.310400000000001
12.287 9.1375
11.721199999999998 8.8878
11.7652 9.0778
13.1955 9.1831
11.958200000000001 9.139299999999999
12.514800000000001 9.096699999999998
12.2198 8.911599999999998
10.7648 8.9787
11.2555 9.251000000000001
15.2221 9.3544
15.810099999999998 9.2339
15.294999999999998 9.414399999999999
13.2247 9.3703
11.996500000000001 8.998500000000002
11.512599999999999 8.7371
12.4388 8.604000000000001
11.293600000000001 8.981399999999999
9.873399999999998 8.341499999999998
12.796 8.5568
13.9708 9.3056
14.607700000000001 9.4565
14.1419 8.8659
15.236000000000002 9.4739
13.1753 9.0739
13.925300000000002 9.0471
13.276299999999999 9.1136
11.361299999999998 8.7132
10.869399999999999 8.6536
13.157299999999998 8.6698
15.568000000000005 9.1249
13.6803 9.071399999999999
15.375 9.4412
14.2 9.1969
13.064599999999999 8.578599999999998
14.7262 8.645299999999999
12.898399999999999 9.013900000000001
11.831800000000001 9.063100000000002
14.2454 9.112300000000001
14.469500000000002 9.038099999999998
13.944 9.0001
15.155 8.9843
13.227999999999998 8.6743
13.7957 8.5975
14.388199999999998 8.633400000000002
13.927999999999999 9.126099999999997
14.580599999999999 9.0517
13.049500000000002 8.497200000000001
14.457500000000001 9.1054
14.581899999999997 9.2218
14.554999999999998 9.156
14.4446 9.5036
14.1592 9.7293
14.0326 9.6366
14.9926 9.4467
13.839099999999998 9.5735
13.1211 8.730599999999999
11.3246 8.413300000000001
13.355500000000001 8.901199999999998
12.7998 8.7646
16.3364 9.1046
15.0915 9.2238
15.184700000000001 9.2759
13.666900000000002 9.6134
14.481999999999998 9.2838
14.1293 9.5122
16.729 9.6056
13.958 9.962200000000001
13.0628 9.273500000000002
13.4449 9.122
16.2574 9.46
15.5401 9.579199999999998
16.467 9.9329
17.341 10.2646
15.708 10.0961
14.899000000000001 9.8461
15.0251 10.084700000000002
15.010000000000002 9.8115
13.666999999999998 9.8019
15.431899999999999 9.721499999999999
16.1536 10.0787
14.599699999999999 10.036799999999998
12.7242 9.697700000000001
19.798999999999996 10.0598
14.145 9.8672
13.353099999999998 9.2268
14.3267 8.996
13.1596 8.981699999999998
12.9026 9.2281
13.2907 9.5602
13.3971 9.191400000000002
11.9473 8.7762
13.924 8.867700000000001
16.357 9.514299999999999
15.3069 9.043700000000001
14.0295 9.776499999999999
15.100999999999997 9.4763
16.148000000000003 9.1509
15.736999999999998 9.390299999999998
15.479999999999999 9.603599999999998
14.737900000000002 9.901799999999998
15.050599999999998 9.7149
17.968999999999998 10.2157
15.137999999999998 10.0825
15.437000000000001 10.036299999999999
16.115999999999996 10.129199999999999
15.500000000000004 9.939200000000001
16.919999999999998 9.871099999999998
15.955999999999998 9.857700000000001
16.25 9.8941
15.043999999999999 9.806700000000001
15.349000000000002 9.9064
15.373800000000001 10.2742
14.233 10.2141
15.308 9.939300000000001
15.637 10.2398
14.230299999999998 10.0476
14.0623 9.9491
13.634699999999999 9.696200000000001
14.719999999999999 9.5204
16.004 9.9984
13.446900000000001 10.157600000000002
12.558999999999997 9.4403
13.040299999999998 9.315299999999999
13.100200000000001 9.353
13.719000000000001 9.4607
14.478000000000002 9.451899999999998
13.958599999999995 9.3249
14.363900000000001 9.471499999999999
14.467000000000002 9.9495
13.458 9.7591
14.7288 9.5781
13.259000000000002 9.3403
13.809000000000001 9.2541
11.8021 9.0326
12.9634 9.268600000000001
15.397 9.851099999999999
12.818399999999999 9.3774
14.187 9.246199999999998
13.108 9.3708
13.3269 9.4685
12.934299999999999 9.549100000000001
13.769799999999998 9.512200000000002
