14.16 12.889999999999999
12.7 12.82
16.04 12.870000000000001
13.600000000000001 12.870000000000001
12.67 12.790000000000001
16.82 12.839999999999998
13.77 12.870000000000001
12.520000000000001 12.790000000000001
14.499999999999998 12.839999999999998
13.309999999999999 12.870000000000001
14.14 12.839999999999998
16.11 12.889999999999999
13.350000000000001 12.870000000000001
12.5 12.790000000000001
15.8 12.870000000000001
13.089999999999998 12.839999999999998
12.94 12.839999999999998
16.09 12.870000000000001
12.5 12.82
13.33 12.82
16.31 12.870000000000001
12.57 12.82
13.38 12.82
15.620000000000001 12.920000000000002
12.32 12.839999999999998
14.06 12.82
15.53 12.870000000000001
12.4 12.839999999999998
14.04 12.82
14.92 12.889999999999999
12.29 12.839999999999998
14.31 12.82
14.499999999999998 12.870000000000001
12.1 12.839999999999998
14.87 12.82
14.31 12.870000000000001
12.389999999999999 12.790000000000001
15.479999999999999 12.870000000000001
14.67 12.839999999999998
12.82 12.82
15.620000000000001 12.889999999999999
14.360000000000001 12.889999999999999
12.839999999999998 12.839999999999998
15.6 12.889999999999999
13.750000000000002 12.870000000000001
12.23 12.790000000000001
13.18 12.870000000000001
15.65 12.870000000000001
12.22 12.790000000000001
15.040000000000001 12.870000000000001
14.399999999999999 12.920000000000002
12.0 12.839999999999998
15.45 12.920000000000002
13.309999999999999 12.839999999999998
12.3 12.82
14.48 12.839999999999998
14.23 12.870000000000001
12.07 12.790000000000001
15.53 12.839999999999998
13.530000000000001 12.889999999999999
12.26 12.82
15.28 12.839999999999998
13.5 12.839999999999998
12.16 12.870000000000001
15.409999999999998 12.870000000000001
13.600000000000001 12.870000000000001
12.04 12.839999999999998
15.310000000000002 12.82
13.28 12.82
12.22 12.82
15.160000000000002 12.870000000000001
13.77 12.870000000000001
12.370000000000001 12.839999999999998
14.77 12.839999999999998
14.330000000000002 12.870000000000001
12.5 12.839999999999998
13.919999999999998 12.839999999999998
14.89 12.889999999999999
11.99 12.82
13.4 12.790000000000001
15.58 12.82
12.18 12.82
12.65 12.82
16.38 12.920000000000002
12.5 12.839999999999998
12.6 12.82
16.669999999999998 12.889999999999999
13.94 12.839999999999998
12.889999999999999 12.82
15.21 12.920000000000002
14.04 12.870000000000001
12.389999999999999 12.790000000000001
14.23 12.870000000000001
14.530000000000001 12.889999999999999
11.95 12.82
13.26 12.870000000000001
16.75 12.920000000000002
13.13 12.889999999999999
12.55 12.839999999999998
15.67 12.889999999999999
13.530000000000001 12.839999999999998
12.620000000000001 12.870000000000001
14.62 12.889999999999999
14.38 12.839999999999998
13.209999999999999 12.839999999999998
13.65 12.870000000000001
15.190000000000001 12.839999999999998
13.450000000000001 12.839999999999998
12.740000000000002 12.870000000000001
13.65 12.839999999999998
15.229999999999999 12.870000000000001
12.7 12.870000000000001
14.48 12.870000000000001
14.04 12.839999999999998
12.920000000000002 12.870000000000001
13.48 12.870000000000001
15.329999999999998 12.870000000000001
13.28 12.870000000000001
12.520000000000001 12.920000000000002
14.89 12.870000000000001
14.21 12.870000000000001
12.94 12.889999999999999
14.180000000000001 12.889999999999999
14.99 12.870000000000001
13.5 12.889999999999999
13.04 12.889999999999999
15.45 12.870000000000001
13.18 12.870000000000001
12.389999999999999 12.839999999999998
14.99 12.839999999999998
14.330000000000002 12.889999999999999
13.38 12.889999999999999
14.23 12.870000000000001
14.92 12.870000000000001
13.059999999999999 12.889999999999999
12.72 12.839999999999998
15.310000000000002 12.870000000000001
13.819999999999999 12.889999999999999
12.6 12.870000000000001
14.7 12.82
13.99 12.839999999999998
12.6 12.839999999999998
13.819999999999999 12.839999999999998
14.48 12.889999999999999
12.920000000000002 12.839999999999998
13.04 12.839999999999998
15.28 12.889999999999999
13.569999999999999 12.839999999999998
12.4 12.839999999999998
15.229999999999999 12.870000000000001
13.84 12.889999999999999
12.870000000000001 12.870000000000001
13.99 12.82
14.649999999999999 12.839999999999998
12.839999999999998 12.870000000000001
13.5 12.839999999999998
14.89 12.870000000000001
13.33 12.889999999999999
12.959999999999999 12.839999999999998
15.040000000000001 12.870000000000001
13.600000000000001 12.889999999999999
12.57 12.839999999999998
15.21 12.870000000000001
14.23 12.839999999999998
12.67 12.870000000000001
14.649999999999999 12.839999999999998
14.75 12.839999999999998
13.059999999999999 12.889999999999999
13.919999999999998 12.839999999999998
15.260000000000002 12.870000000000001
13.26 12.920000000000002
13.530000000000001 12.870000000000001
15.53 12.870000000000001
13.4 12.94
13.18 12.870000000000001
16.02 12.870000000000001
13.600000000000001 12.870000000000001
12.770000000000001 12.839999999999998
16.14 12.870000000000001
13.99 12.889999999999999
12.989999999999998 12.870000000000001
15.45 12.870000000000001
14.75 12.889999999999999
13.059999999999999 12.889999999999999
14.62 12.870000000000001
15.379999999999999 12.889999999999999
13.04 12.889999999999999
14.719999999999999 12.870000000000001
14.790000000000001 12.839999999999998
13.209999999999999 12.839999999999998
13.99 12.82
15.28 12.839999999999998
13.4 12.870000000000001
13.350000000000001 12.889999999999999
15.310000000000002 12.889999999999999
14.09 12.870000000000001
13.04 12.839999999999998
15.110000000000001 12.870000000000001
14.280000000000001 12.889999999999999
12.989999999999998 12.870000000000001
14.62 12.839999999999998
14.62 12.870000000000001
12.7 12.870000000000001
14.530000000000001 12.870000000000001
15.36 12.889999999999999
12.989999999999998 12.870000000000001
15.260000000000002 12.920000000000002
14.67 12.889999999999999
12.82 12.870000000000001
14.23 12.870000000000001
14.82 12.920000000000002
13.16 12.870000000000001
13.43 12.839999999999998
14.99 12.870000000000001
13.43 12.889999999999999
14.87 12.870000000000001
14.7 12.889999999999999
12.839999999999998 12.889999999999999
12.57 12.920000000000002
13.84 12.889999999999999
15.920000000000002 12.889999999999999
14.280000000000001 12.870000000000001
15.010000000000002 12.889999999999999
13.089999999999998 12.870000000000001
13.600000000000001 12.82
15.45 12.839999999999998
13.48 12.889999999999999
13.919999999999998 12.839999999999998
15.55 12.870000000000001
13.16 12.870000000000001
13.600000000000001 12.870000000000001
15.409999999999998 12.889999999999999
13.4 12.870000000000001
12.989999999999998 12.870000000000001
12.870000000000001 12.889999999999999
13.96 12.870000000000001
13.059999999999999 12.870000000000001
14.31 12.839999999999998
15.67 12.870000000000001
14.48 12.839999999999998
12.35 12.870000000000001
15.36 12.889999999999999
14.09 12.870000000000001
12.389999999999999 12.82
15.89 12.889999999999999
13.94 12.870000000000001
12.65 12.839999999999998
15.67 12.870000000000001
14.45 12.870000000000001
12.870000000000001 12.82
15.190000000000001 12.870000000000001
14.26 12.889999999999999
12.6 12.870000000000001
13.65 12.920000000000002
13.209999999999999 12.889999999999999
15.14 12.889999999999999
14.89 12.920000000000002
14.580000000000002 12.94
12.520000000000001 12.870000000000001
14.89 12.870000000000001
14.23 12.839999999999998
12.6 12.839999999999998
14.92 12.870000000000001
14.84 12.870000000000001
13.04 12.889999999999999
15.06 12.889999999999999
14.82 12.920000000000002
13.43 12.94
14.75 12.94
14.719999999999999 12.920000000000002
12.6 12.870000000000001
15.010000000000002 12.870000000000001
14.45 12.889999999999999
12.520000000000001 12.839999999999998
15.45 12.870000000000001
14.360000000000001 12.889999999999999
12.65 12.870000000000001
14.790000000000001 12.889999999999999
14.399999999999999 12.920000000000002
12.740000000000002 12.870000000000001
15.14 12.889999999999999
14.719999999999999 12.889999999999999
12.6 12.839999999999998
14.330000000000002 12.889999999999999
14.530000000000001 12.870000000000001
13.28 12.839999999999998
14.92 12.920000000000002
14.23 12.889999999999999
