24.927 25.378999999999998
23.782999999999998 25.281000000000002
23.384 25.229999999999997
23.413 25.357000000000003
24.081999999999997 25.311
23.41 25.236000000000004
23.925 25.362999999999996
23.286999999999995 25.275000000000002
24.407999999999998 25.229999999999997
23.826999999999998 25.35
23.215 25.351000000000003
23.748 25.232
24.233 25.235000000000003
23.49 25.243
24.450000000000003 25.276
23.986 25.399000000000004
23.596 25.338
24.001 25.246999999999996
24.115000000000002 25.35
23.697000000000003 25.356999999999996
24.248 25.275
23.252999999999997 25.338
23.708 25.396
23.663 25.277000000000005
24.356000000000005 25.309000000000005
23.733999999999998 25.401999999999997
24.447999999999997 25.332
23.165999999999997 25.345000000000002
24.119 25.454
23.916999999999998 25.305
22.934 25.266
24.503999999999998 25.322999999999997
22.428 25.266
23.566000000000003 25.352000000000004
23.910000000000004 25.476
23.941000000000003 25.287
24.115 25.307999999999996
23.469 25.334999999999997
23.183999999999997 25.4
24.019000000000002 25.381000000000004
23.603000000000005 25.283999999999995
23.586 25.284000000000002
24.763 25.329
23.645 25.39
23.88 25.434
24.259 25.308999999999997
24.589000000000002 25.307999999999996
23.546999999999997 25.379
24.453000000000003 25.442999999999998
24.112000000000002 25.290000000000003
24.205000000000005 25.304
24.488000000000003 25.4
24.397000000000002 25.433999999999994
23.765000000000004 25.277999999999995
24.216999999999995 25.365
23.801 25.427999999999994
23.811 25.305
24.473999999999997 25.384
24.479 25.482
24.613 25.356999999999996
23.948 25.293
23.912999999999997 25.349
24.196999999999996 25.470000000000002
23.88 25.317
23.742 25.283
24.133 25.295999999999996
23.467 25.31
24.002000000000002 25.415
23.610999999999997 25.278
23.166 25.277999999999995
24.181 25.412000000000003
22.957 25.301000000000002
23.462000000000003 25.25
22.977 25.229000000000003
23.615000000000002 25.305
23.869999999999997 25.380999999999997
23.372999999999998 25.35
22.35 25.229000000000003
23.215999999999998 25.301000000000002
23.461 25.372
23.145000000000003 25.293
23.332000000000004 25.273999999999997
23.617 25.39
22.414999999999996 25.375999999999998
23.209 25.246999999999996
22.874999999999996 25.302000000000003
23.105999999999998 25.391000000000002
23.132 25.258999999999997
23.154999999999994 25.251
22.745 25.264999999999997
23.080000000000002 25.371999999999993
22.839 25.260000000000005
23.738 25.325999999999997
23.681 25.411999999999995
23.410999999999998 25.262999999999998
23.162999999999997 25.244
23.403000000000002 25.312999999999995
23.268000000000004 25.391
23.933999999999997 25.313999999999997
23.034 25.278
22.780000000000005 25.345000000000002
23.631999999999998 25.416
22.851 25.234999999999996
23.055999999999997 25.293
23.21 25.423999999999996
22.619999999999997 25.257999999999996
22.064 25.221
22.722 25.354
22.383999999999997 25.298
23.422 25.278
22.549999999999997 25.300999999999995
23.270000000000003 25.380999999999997
22.421 25.223000000000003
22.09 25.212999999999997
23.019000000000002 25.305
23.469 25.403000000000002
21.562 25.196
23.496 25.255000000000006
22.075 25.239
22.735 25.326999999999995
22.258999999999997 25.324999999999996
23.243 25.275000000000002
22.480999999999995 25.261999999999997
23.902 25.416
22.681 25.238
23.445 25.319999999999997
22.787999999999997 25.36
23.630000000000003 25.269000000000002
22.803999999999995 25.244
24.115000000000002 25.409
23.116999999999997 25.346000000000004
22.395 25.226
23.458000000000002 25.298
23.222999999999995 25.393999999999995
22.88 25.214000000000002
22.927999999999997 25.352999999999998
22.54 25.344
22.541000000000004 25.239
23.689999999999998 25.369999999999994
23.127 25.35
22.701999999999998 25.217
22.993999999999996 25.311
22.279 25.333
21.77 25.178
22.743999999999996 25.268
22.580000000000002 25.363999999999997
22.711999999999996 25.213
23.178 25.266
21.915 25.323999999999998
22.665 25.198999999999998
23.067999999999998 25.229000000000003
22.494999999999997 25.263
22.564999999999998 25.232
22.842 25.287
22.055000000000003 25.319999999999997
22.325 25.211
24.008 25.254000000000005
23.767999999999997 25.406000000000006
24.206 25.487
23.917999999999996 25.318
23.453 25.320999999999998
23.328000000000003 25.422
23.797 25.3
22.591 25.336000000000002
23.761 25.451
23.491999999999997 25.287
23.092 25.295999999999996
22.83 25.422
23.079 25.284000000000002
23.128 25.293
23.733 25.4
22.675 25.293
23.5 25.301000000000002
22.502999999999997 25.391
22.747 25.279
23.448999999999998 25.272
23.297000000000004 25.367
22.75 25.334
22.662 25.259000000000004
22.615000000000002 25.273999999999997
23.27 25.399999999999995
22.688 25.241000000000003
23.322 25.279999999999998
23.508 25.39
22.073999999999998 25.244
22.447 25.348000000000003
22.674 25.25
22.583000000000002 25.268
23.085000000000004 25.366
22.858999999999998 25.226000000000003
22.19 25.258999999999997
22.77 25.366999999999994
22.795999999999996 25.251
22.924 25.287
22.479 25.354
22.314 25.222
22.688999999999997 25.246999999999996
22.118 25.333999999999996
22.718 25.248000000000005
22.839 25.343
22.334 25.262999999999998
22.759999999999998 25.218999999999998
21.902 25.342000000000002
22.628999999999998 25.245
23.409999999999997 25.307000000000002
23.497 25.396
23.929000000000002 25.262
23.715 25.325000000000003
22.964000000000002 25.417999999999996
23.912 25.336000000000002
23.955999999999996 25.352000000000004
23.230999999999998 25.319999999999997
23.408999999999995 25.219
22.790000000000003 25.259000000000004
22.487 25.336000000000002
23.868000000000002 25.242000000000004
23.057 25.319000000000003
23.384 25.317
22.945 25.241000000000003
22.82 25.345000000000002
22.919 25.22
24.038000000000004 25.275
23.296 25.375999999999998
23.462 25.247000000000003
23.445 25.260000000000005
22.650999999999996 25.354
22.723 25.198999999999995
24.361 25.318
22.765 25.349
23.221 25.227000000000004
22.973999999999997 25.385
22.256999999999998 25.191999999999997
22.936999999999998 25.208000000000002
24.241 25.375999999999998
23.058999999999997 25.270000000000003
22.888 25.214000000000002
22.741 25.361
22.646 25.220000000000002
23.125999999999998 25.214000000000002
23.513 25.281
22.559 25.342
22.578 25.186000000000003
22.683 25.266
22.904000000000003 25.319999999999997
23.105999999999995 25.221000000000004
24.386 25.328
22.636000000000003 25.295999999999996
22.619 25.202
23.144 25.215999999999994
22.6 25.338999999999995
24.773 25.266
20.019 22.784000000000002
23.185 25.333
23.038999999999998 25.223000000000003
22.932999999999996 25.226000000000003
22.869999999999997 25.336000000000002
24.73 25.291999999999998
22.3 25.205
23.481 25.324
22.485000000000003 25.203999999999997
23.049999999999997 25.248000000000005
24.067999999999998 25.385
23.246 25.229000000000003
22.732 25.243
23.395 25.319999999999997
22.791 25.202
23.212000000000003 25.345000000000002
23.743000000000002 25.269
22.750000000000004 25.177
23.199 25.336000000000002
22.413 25.229000000000003
22.968 25.208000000000002
23.078000000000003 25.255
23.61 25.350000000000005
22.628999999999998 25.162000000000003
23.151999999999997 25.184
22.983999999999998 25.339
23.192999999999998 25.235000000000003
23.115999999999996 25.192999999999998
23.31 25.357000000000003
22.177000000000003 25.152
23.261000000000003 25.19
23.331 25.333
23.601 25.190999999999995
24.582999999999995 25.241000000000003
23.447000000000003 25.350999999999996
22.986 25.162000000000003
23.163 25.169000000000004
