16.554499999999997 9.8791
13.3245 9.7533
13.325800000000001 9.5
35.133750000000006 18.8275
12.789799999999998 8.6683
13.3885 8.8118
13.479100000000003 8.472299999999999
13.7486 8.6909
11.427999999999999 8.6721
13.1039 8.192300000000001
12.2781 8.562700000000001
13.690900000000001 8.483900000000002
18.940800000000003 9.175799999999999
13.9024 9.5863
14.3526 9.0653
12.347299999999999 8.9438
14.9815 8.8044
12.684599999999998 8.6025
15.009000000000002 8.9758
12.310699999999999 8.8767
13.040800000000003 8.9027
16.6207 9.256999999999998
14.681999999999999 9.437899999999999
12.879000000000001 9.2375
14.872 8.9368
14.216000000000001 9.016400000000003
11.189499999999999 8.7902
13.6985 8.967
13.9688 9.3513
15.357300000000002 9.4165
17.0334 9.8895
14.506000000000002 9.441099999999999
13.6374 9.0898
16.743599999999997 9.514600000000002
14.0101 9.2435
14.623999999999999 9.4207
14.374500000000001 9.5926
13.7963 9.843300000000001
13.0267 9.536299999999999
14.9931 9.354000000000001
12.920399999999999 9.268
12.314 8.882
14.416299999999998 9.0591
12.8967 8.961500000000001
12.533800000000001 9.0606
14.487599999999997 9.1256
13.5469 9.1849
14.150400000000001 9.3803
14.693000000000001 9.366699999999998
13.837 9.492199999999999
12.297799999999997 9.199699999999998
12.0742 8.9108
13.4482 9.2766
12.7888 9.564300000000001
13.467600000000001 9.498199999999999
13.341 9.7346
12.3198 9.285800000000002
12.296300000000002 9.2236
12.760399999999999 9.1474
12.709999999999999 9.492799999999999
10.2967 9.1723
13.0417 9.514700000000001
11.033 9.0049
13.175299999999998 9.160599999999999
13.2924 9.6178
11.753100000000002 8.961300000000001
12.085799999999999 8.849699999999999
9.9718 8.482400000000002
12.2304 8.322299999999998
11.3595 8.5888
13.162099999999999 9.0711
12.0114 8.799199999999999
11.8676 9.071499999999999
13.003300000000001 9.1371
12.9337 9.068700000000002
24.967499999999998 19.0969
11.7365 8.946499999999999
11.5157 8.4675
14.581799999999998 8.649000000000001
14.9513 9.15
16.3998 9.6999
11.5767 9.6143
14.7076 9.535
12.664 9.5357
12.4663 9.1273
14.0038 9.133099999999999
14.603 9.442800000000002
15.004099999999998 9.8309
15.143 9.9564
16.6228 9.6566
13.4544 9.237699999999998
15.6207 9.4512
14.250300000000001 9.379800000000001
13.6265 9.2925
13.023600000000002 9.0946
14.814 8.942900000000002
15.0092 9.5306
15.789 10.2828
17.041999999999998 9.9243
14.0913 8.9087
14.814 9.429099999999998
16.046999999999997 9.0669
14.273999999999997 9.322899999999999
16.0184 9.4039
14.923199999999998 9.3277
18.954 9.573099999999998
15.898000000000001 9.8992
17.955299999999998 9.7325
16.5136 9.6212
15.661 9.5205
15.805299999999999 9.2615
15.873000000000001 9.0843
16.933999999999997 9.7196
15.220999999999998 9.5788
17.758599999999998 9.7188
16.027 9.6559
19.195 9.9218
17.316 9.9745
15.674 9.8847
15.6065 9.5744
16.054000000000002 9.0286
14.646999999999998 9.235
18.539 9.5054
19.118000000000002 10.0023
17.945 9.766599999999999
20.324 9.7796
17.788 9.781699999999999
18.202 9.8884
17.724 9.8832
19.116 10.0488
14.996 9.69
18.485000000000003 9.529500000000002
18.278 10.3151
14.924999999999999 9.7987
19.697 9.937100000000001
17.468000000000004 10.362200000000001
18.036999999999992 10.3976
16.576999999999998 9.879100000000001
18.332 10.0604
14.178 9.962299999999999
18.272 9.3984
19.265000000000004 9.976600000000001
19.748 10.4986
18.166 10.455900000000003
19.739 10.065700000000001
19.0286 9.957899999999999
20.052999999999997 9.714
16.759999999999998 9.8348
14.600000000000001 9.7914
17.13 9.623500000000002
19.023 10.2616
22.551 10.8969
17.866 10.379900000000001
19.931 10.146999999999998
19.177000000000003 9.8783
19.48 9.8064
19.379 9.937199999999999
18.613 10.319600000000001
18.739 10.1694
18.939999999999998 10.0469
23.337000000000003 10.2763
22.947 10.388099999999998
23.162000000000003 10.8803
20.973000000000003 10.950700000000001
22.374 10.581199999999999
22.424999999999997 10.537
21.909 10.593199999999998
19.406 10.470500000000001
20.494 10.290999999999999
21.561 10.838099999999999
21.499999999999996 10.4795
21.921000000000003 10.731400000000002
25.207 10.9129
23.022000000000002 11.3947
20.485 10.517299999999999
21.730999999999998 10.2539
21.231 10.232399999999998
22.782999999999998 10.0029
23.971999999999998 10.227599999999999
24.343 10.238399999999999
23.378 10.433700000000002
25.714000000000002 10.507
24.267 10.7889
24.419 10.5432
22.506999999999998 10.5388
23.85 10.3057
22.660000000000004 10.274299999999998
23.554 10.5181
22.257 10.202100000000002
23.44 10.126699999999998
25.323 10.831800000000003
25.332 10.802399999999999
23.476999999999997 10.9024
22.961 10.763500000000002
21.211 10.4522
22.579 10.3935
26.622999999999998 11.258
24.373 11.140600000000003
23.787000000000003 10.6362
24.343999999999998 10.831
23.143 10.7155
25.831 10.8474
23.860999999999997 11.0257
23.016000000000002 10.8201
23.598 10.7812
22.650000000000002 10.804200000000003
26.395999999999997 10.6461
22.299999999999997 10.4301
22.153 10.6673
21.584999999999997 10.445
21.179 10.356399999999999
22.394000000000002 10.3265
21.109 10.279100000000001
21.747 10.3992
21.854 10.595099999999999
21.814 10.5784
20.636000000000003 10.5435
20.631 10.1096
20.808999999999997 10.7155
21.914 10.841500000000002
19.173000000000002 10.5284
19.087 10.0463
23.006 10.308699999999998
22.043 10.558200000000001
22.257 10.426499999999999
24.143 10.8084
23.886999999999997 11.303199999999999
24.302 11.1821
21.519 11.104
22.787 10.5711
21.515000000000004 10.207800000000002
19.816 10.061199999999998
21.842 10.341000000000001
20.121 9.8629
23.206000000000003 10.1824
24.457000000000004 10.313500000000001
21.905 10.3729
20.381 10.164600000000002
19.756999999999998 10.378099999999998
20.252 10.530299999999999
18.701 10.1825
18.000000000000004 10.1604
20.084000000000003 10.1746
20.207000000000004 10.5191
21.964 10.612600000000002
20.349999999999998 10.3597
20.415 10.019
22.929000000000002 10.1447
20.666000000000004 10.083300000000001
19.398 9.870500000000002
19.562 9.9457
23.377000000000002 10.207900000000002
22.201999999999998 10.5038
21.206999999999997 10.353100000000001
20.976 10.3963
22.41 10.2121
22.967 10.5576
20.650000000000002 10.9876
22.486 10.510900000000001
20.418000000000003 10.522399999999998
19.991999999999997 10.3717
19.691 9.9093
17.958 9.7201
19.898000000000003 9.890400000000001
22.281000000000002 10.418399999999998
19.087 9.8894
19.987999999999996 10.014000000000001
18.5202 9.765799999999999
19.888 10.1094
18.737000000000002 10.330800000000002
18.145999999999997 9.8169
18.387999999999998 10.2831
17.251 10.0385
18.102999999999998 9.898399999999999
19.187 10.000799999999998
16.33 9.8263
16.0411 9.8163
18.095 10.0398
16.27 9.961500000000001
17.418 9.7324
16.551 10.189199999999998
15.963 9.872299999999997
15.543 9.7641
15.634400000000001 9.367299999999998
14.6281 9.4486
14.9941 9.7861
15.543 9.5688
16.409699999999997 9.903200000000002
