37.539899999999996 5.8036900000000005
36.930600000000005 5.80352
37.21620000000001 5.845680000000001
38.071099999999994 5.841970000000001
38.521899999999995 5.84718
39.3162 6.068249999999999
37.36840000000001 5.7215
38.723200000000006 5.713830000000001
38.78050000000001 5.720339999999998
38.369400000000006 5.746419999999998
38.33929999999999 5.7332399999999994
38.94353000000001 5.962671999999999
38.1332 5.878230000000002
38.07978700000002 6.117599999999999
39.30519999999999 5.8516650000000014
37.6209 5.621419999999999
38.431099999999994 5.65042
37.6802 5.615420000000001
43.18666000000001 6.2107800000000015
38.170700000000004 5.566919999999999
38.96319999999999 5.6004499999999995
41.30071000000001 5.913570000000002
39.07450000000001 5.62982
38.4007 5.613669999999998
38.52460000000001 5.649379999999999
38.1469 5.64157
39.58599999999999 5.666929999999999
41.4716 5.725960000000001
42.96077999999999 5.95472
40.1317 5.72137
39.65309999999999 5.716509999999999
39.702300000000015 5.7083200000000005
39.6449 5.6908400000000015
38.4966 5.676740000000001
38.620799999999996 5.68568
37.762699999999995 5.680729999999999
38.972199999999994 5.710389999999998
38.92120000000001 5.68238
38.76190000000002 5.697239999999999
37.43920000000001 5.670979999999999
37.151700000000005 5.708609999999999
36.5361 5.671
36.13099999999999 5.664910000000001
37.1083 5.639799999999999
37.487599999999986 5.627689999999999
38.2367 5.6916
35.6424 5.624850000000001
34.38390000000001 5.5864899999999995
35.36119999999999 5.58232
35.9503 5.584840000000001
35.70339999999999 5.599320000000001
35.61910000000001 5.56786
36.16959999999999 5.59593
36.2356 5.596369999999999
33.880300000000005 5.51773
37.95680000000001 5.653130000000001
34.811299999999996 5.588810000000001
36.0672 5.5659600000000005
34.9666 5.58262
33.362 5.5281
34.04850000000001 5.522230000000003
33.322500000000005 5.510560000000001
32.0145 5.4573100000000005
33.685 5.51827
31.830199999999998 5.4642
32.18960000000002 5.46804
34.896730000000005 5.685920000000001
32.151199999999996 5.412029999999998
32.877 5.435859999999999
32.434599999999996 5.4506499999999996
30.94519999999999 5.400580000000001
30.888700000000004 5.39938
33.85255 5.8083290000000005
30.353499999999993 5.392699999999999
30.213099999999994 5.357890000000001
30.650599999999994 5.355799999999998
32.23430000000001 5.37268
31.887499999999996 5.397829999999999
30.631399999999992 5.372700000000002
29.8052 5.311229999999999
30.383400000000005 5.3173
28.789200000000005 5.3056100000000015
28.4651 5.294689999999999
27.7984 5.290749999999999
29.2838 5.315100000000001
29.571200000000008 5.28034
28.635699999999996 5.29174
29.141299999999998 5.31252
27.845799999999997 5.286809999999999
28.962300000000003 5.290410000000001
29.278199999999995 5.317929999999999
28.868100000000002 5.31626
29.1966 5.31459
28.8248 5.293360000000001
27.103599999999993 5.3077
27.519700000000007 5.3144300000000015
27.461299999999994 5.305100000000001
28.265699999999995 5.26878
27.366200000000006 5.255639999999999
27.7064 5.2559499999999995
26.8889 5.27739
27.010499999999993 5.263249999999998
26.6221 5.25262
25.875499999999995 5.234959999999999
27.078400000000002 5.2392
26.786700000000003 5.26877
26.4996 5.257390000000001
27.1059 5.258329999999999
26.527299999999993 5.28374
27.65694999999999 5.478690000000002
27.070300000000003 5.265269999999999
26.9127 5.272659999999998
27.073699999999995 5.223470000000001
27.258399999999995 5.23124
27.465999999999998 5.2433
27.004999999999995 5.219199999999999
26.4683 5.20901
25.968300000000006 5.213530000000001
25.732299999999995 5.211180000000001
29.55990000000001 5.457006000000002
27.6956 5.24609
26.521800000000002 5.20683
27.36309999999999 5.23797
27.7044 5.227780000000001
27.379100000000005 5.23468
27.926599999999997 5.248450000000002
28.618399999999994 5.261140000000001
28.1015 5.254689999999999
30.166099999999997 5.629701999999998
28.7723 5.328910000000001
28.729380000000006 5.29516
28.467800000000004 5.220270000000001
28.36803 5.355480000000001
28.0333 5.215909999999999
28.362599999999993 5.196699999999999
27.661399999999993 5.19185
28.142700000000005 5.210239999999999
27.62260000000001 5.20502
28.512999999999998 5.225669999999998
28.197799999999994 5.2203800000000005
27.048 5.200749999999999
27.766300000000005 5.205139999999999
27.787499999999998 5.234
28.7543 5.23195
31.547879999999996 5.459692999999999
30.691900000000004 5.29338
29.921800000000005 5.2534600000000005
31.972579999999994 5.468307000000001
30.97890000000001 5.271639999999999
32.07210000000001 5.291799999999999
31.998899999999995 5.37172
29.160400000000003 5.262550000000002
30.879299999999997 5.262469999999999
31.32729999999999 5.418339999999998
31.413200000000007 5.34746
31.936499999999988 5.3572999999999995
33.07119999999999 5.388729999999999
33.448399999999985 5.38971
34.087700000000005 5.403169999999999
34.78070000000001 5.433750000000001
34.992000000000004 5.421799999999999
35.347199999999994 5.457909999999999
36.56250000000001 5.50298
36.468199999999996 5.50973
34.694799999999994 5.48692
33.647499999999994 5.483250000000002
34.46789999999999 5.500260000000001
33.71180000000001 5.475949999999999
37.0571 5.510510000000001
37.141600000000004 5.595759999999999
36.1649 5.532420000000002
37.410000000000004 5.566249999999999
36.9811 5.569530000000001
37.893399999999986 5.5767999999999995
37.3283 5.593159999999999
36.8723 5.584259999999998
37.235000000000014 5.60653
36.95759999999999 5.622609999999999
36.9455 5.632019999999998
37.009899999999995 5.66915
37.99730000000001 5.684580000000001
38.89409999999999 5.6720999999999995
38.3732 5.6563500000000015
38.3179 5.65661
37.6347 5.675079999999999
38.09050000000001 5.692300000000001
39.2339 5.684300000000001
38.89769999999999 5.703400000000002
39.5547 5.736329999999999
40.1404 5.73295
39.5082 5.748330000000003
40.17920000000001 5.753890000000001
40.74529999999999 5.81143
39.056500000000014 5.79303
39.1508 5.814939999999999
39.056400000000004 5.773930000000002
39.11989999999999 5.7550799999999995
37.974599999999995 5.746220000000001
38.330600000000004 5.795480000000001
36.70730000000001 5.723840000000001
38.128 5.704269999999998
38.7072 5.717239999999999
37.954100000000004 5.7283
37.556099999999994 5.696130000000001
38.21190000000001 5.743490000000002
38.062400000000004 5.7333300000000005
37.2485 5.714049999999999
37.940400000000004 5.7161100000000005
37.7665 5.722169999999999
38.21789999999999 5.725249999999999
38.483699999999985 5.755189999999999
38.6848 5.739459999999999
38.21510000000001 5.738160000000001
38.4708 5.735120000000001
38.1934 5.721629999999999
37.6862 5.71208
39.42480000000001 5.736320000000001
39.174900000000015 5.77617
37.712399999999995 5.702520000000001
37.856899999999996 5.680830000000001
36.55150000000001 5.670419999999999
39.022800000000004 5.72384
37.1625 5.779459999999999
37.0897 5.78303
38.754400000000025 5.824139999999998
37.33680000000001 5.708379999999999
36.1904 5.67073
36.161 5.672840000000001
34.3391 5.61545
35.85449999999998 5.634029999999999
36.16459999999999 5.650400000000002
35.4683 5.654379999999999
35.77370000000003 5.747840000000001
37.34870000000001 5.6059600000000005
37.921400000000006 5.671430000000001
37.11709999999999 5.65667
37.26630000000001 5.742659999999999
38.31410000000002 5.75653
36.57739999999999 5.716730000000002
36.639 5.754980000000001
36.37780000000001 5.804589999999999
36.1587 5.78934
36.8028 5.874150000000001
37.434299999999986 5.99362
37.7537 5.938400000000001
37.0212 5.886330000000001
34.964299999999994 5.79251
35.4664 5.768740000000001
34.6148 5.777940000000001
34.913399999999996 5.7423399999999996
35.663599999999995 5.77477
35.4875 5.805679999999999
35.848 5.83489
33.72709999999999 5.703930000000001
33.67470000000001 5.718509999999998
35.4226 5.873675
34.4342 5.723360000000001
34.569799999999994 5.71306
35.132 5.742750000000001
35.777000000000015 5.75307
34.6593 5.761260000000002
34.55679999999999 5.76775
34.21 5.75245
34.4809 5.90478
34.85769999999998 5.721050000000002
34.1455 5.70267
33.4379 5.683890000000001
33.82830000000001 5.694350000000002
34.330000000000005 5.72773
35.08210000000001 5.734320000000001
36.1121 5.7947799999999985
35.27160000000001 5.73921
35.387100000000004 5.7385
35.691500000000005 5.72161
34.2776 5.713799999999999
34.70770000000001 5.73945
35.002300000000005 5.76011
33.9432 5.737610000000002
34.8358 5.722099999999998
34.60900000000001 5.696179999999999
34.88859999999999 5.714489999999999
34.7037 5.715629999999998
33.75300000000001 5.713189999999998
35.3284 5.816920000000001
35.34279999999999 5.727809999999999
32.77680000000001 5.61344
30.9659 5.541740000000001
28.710500000000007 5.43822
