9.3231 39.223
12.069500000000001 39.25470000000001
11.1726 39.2816
11.2231 39.264900000000004
10.750399999999999 39.2324
9.9466 39.2094
13.512400000000003 39.32919999999999
12.227800000000002 39.33079999999999
9.9272 39.22249999999998
13.522299999999996 39.2471
11.942599999999999 39.3076
9.830100000000003 38.19190000000002
15.3277 38.57670000000001
9.972200000000003 38.508900000000004
12.717 38.504999999999995
12.5567 38.59629999999999
9.934499999999998 38.4498
14.378199999999996 38.5247
11.0941 38.5933
9.891900000000001 38.4869
17.878200000000003 38.9701
11.325100000000003 38.9299
14.340800000000002 38.9918
15.0443 39.0961
13.0836 39.12509999999998
14.879499999999998 39.151799999999994
13.483899999999998 39.0639
9.979599999999998 38.7531
11.121199999999998 38.5855
13.4242 38.7062
9.725100000000001 38.5381
11.698000000000002 38.5194
13.7508 38.6979
9.405100000000001 38.522800000000004
10.529900000000001 38.580799999999996
13.460700000000003 38.6089
9.1523 38.5453
10.366599999999995 38.500699999999995
12.693200000000001 38.6948
9.896500000000003 38.54509999999999
13.024699999999998 38.6057
13.734400000000003 38.6977
10.042899999999998 38.55440000000001
12.4475 38.59360000000001
12.061399999999999 38.72160000000001
9.457699999999999 38.54759999999999
13.6062 38.67710000000001
10.753699999999998 38.737300000000005
9.139200000000002 38.623000000000005
14.344100000000005 38.853100000000005
10.1293 38.836299999999994
13.717400000000001 38.92380000000001
10.0878 38.829800000000006
8.9767 38.619699999999995
13.556899999999997 38.81270000000001
9.821200000000001 38.7094
14.440100000000003 38.8233
11.141200000000003 38.8432
9.811499999999999 38.76670000000001
14.599799999999997 38.9139
9.9034 38.7219
13.387300000000002 38.8039
10.886600000000001 38.848000000000006
8.947599999999998 38.698699999999995
13.7922 38.84130000000001
9.244599999999998 38.74720000000001
11.343800000000002 38.858899999999984
15.740800000000005 39.195800000000006
10.9538 39.09349999999999
13.545000000000002 39.141
13.872599999999998 39.1617
12.262300000000002 39.2085
11.8922 39.22580000000001
16.024499999999996 39.25849999999999
10.8838 39.0848
9.230500000000005 38.86929999999999
14.269499999999999 38.952000000000005
8.642500000000002 38.7562
12.3261 38.7872
10.454900000000004 38.89780000000002
8.6838 38.7663
12.837499999999999 38.956999999999994
8.738700000000001 38.739
13.810799999999999 38.965299999999985
8.732800000000001 38.85240000000001
11.4573 38.820100000000004
11.295 38.983
9.203300000000002 38.80540000000001
14.001699999999998 39.0144
8.788999999999998 38.8677
13.6964 38.930600000000005
9.665000000000003 38.932100000000005
8.909999999999997 38.8149
11.823599999999997 38.918
11.321299999999999 38.90449999999999
9.274500000000002 38.830900000000014
12.8422 38.8945
11.512099999999997 38.945600000000006
9.015399999999998 38.8593
13.883199999999999 39.015899999999995
8.850800000000001 38.8429
13.086900000000002 38.8688
11.884699999999997 38.99320000000001
10.576299999999998 38.9175
15.436000000000002 39.13250000000002
10.273399999999999 39.002900000000004
15.067 39.1087
10.064499999999997 39.02840000000001
12.405400000000002 39.013300000000015
10.557200000000002 39.11549999999999
9.183799999999998 38.9549
14.139199999999995 39.1069
9.4305 38.944599999999994
13.5374 39.016400000000004
9.7438 39.0471
9.2534 38.90080000000001
16.873599999999996 39.3771
10.388699999999998 39.2935
15.572300000000006 39.3896
14.2179 39.434999999999995
11.350599999999996 39.43879999999999
11.778700000000002 38.1847
11.468800000000002 39.017900000000004
10.813499999999996 38.946700000000014
11.670300000000005 38.93429999999999
10.813 38.93489999999999
11.016300000000001 38.93289999999999
13.459900000000003 39.1129
11.401599999999998 39.01739999999999
10.5693 39.0062
9.39 38.94199999999999
14.607100000000003 39.0775
9.964099999999997 38.897299999999994
10.633400000000002 38.8729
15.086699999999995 39.1005
9.325099999999997 38.9649
9.8598 38.910199999999996
14.139700000000003 39.07049999999999
9.907800000000003 38.9501
9.940999999999999 38.9339
14.532499999999999 39.1747
11.2639 39.2839
10.583100000000002 39.3681
13.212299999999995 39.4727
12.286800000000001 39.45460000000002
11.7063 39.468599999999995
10.821399999999997 39.48919999999999
10.573799999999997 39.42240000000001
12.8055 39.44269999999999
11.9454 39.3812
11.9908 39.3557
10.858900000000002 39.339999999999996
10.325199999999999 39.280800000000006
13.798800000000004 39.3786
12.7996 39.3347
9.6157 39.28459999999999
10.6422 39.24700000000001
12.5743 39.4084
9.934599999999998 39.30860000000001
8.9556 39.2502
12.3421 39.3765
11.530499999999998 39.31179999999999
9.423 39.2602
13.0743 39.3769
14.481899999999998 39.7135
17.591799999999996 39.819099999999985
12.224299999999998 39.7473
14.1498 39.740500000000004
14.642600000000003 39.79860000000001
13.258399999999998 39.8
12.441999999999998 39.80639999999999
10.853200000000001 39.58200000000001
14.230299999999998 39.6085
11.697800000000003 39.5151
12.445000000000004 39.439399999999985
12.1539 39.41940000000001
11.7706 39.3804
12.314100000000002 39.385999999999996
11.9886 39.5122
11.520299999999999 39.4243
11.256000000000004 39.4238
9.608400000000001 39.435999999999986
10.141300000000003 39.42059999999999
13.920000000000002 39.54869999999999
11.461600000000002 39.41630000000001
11.671299999999999 39.469500000000004
10.757200000000001 39.4553
9.9334 39.408800000000014
13.729999999999997 39.5686
11.185600000000004 39.4704
11.3074 39.4945
22.525799999999997 39.5907
39.9063 40.6801
33.49359999999999 40.55759999999999
23.271100000000004 40.223200000000006
13.0256 39.668800000000005
11.4255 39.46989999999999
11.347100000000003 39.4554
10.486899999999997 39.3191
10.013199999999998 39.22980000000001
11.736199999999998 39.4326
11.800799999999999 39.34209999999999
11.2682 39.247
11.376900000000003 39.400299999999994
11.140299999999996 39.488499999999995
13.611000000000004 39.509499999999996
12.226799999999995 39.505700000000004
11.466099999999999 39.53099999999999
10.218699999999997 39.5345
12.095299999999998 39.516600000000004
12.860100000000003 39.59060000000001
13.385700000000003 39.86769999999999
12.406299999999998 39.83250000000002
14.149600000000001 39.851000000000006
13.1787 39.8106
13.2383 39.83669999999998
14.161299999999994 39.909099999999995
13.324199999999998 39.898999999999994
13.280100000000001 39.89509999999999
12.515800000000002 39.87459999999999
10.908800000000001 39.73639999999999
9.979000000000001 39.6321
12.9503 39.64989999999998
12.169300000000002 39.53459999999998
11.5517 39.5176
13.347099999999996 39.50560000000001
12.971900000000003 39.63180000000002
11.9716 39.5543
15.892900000000001 39.62650000000001
13.295300000000001 39.653000000000006
11.711699999999999 39.69540000000001
13.473100000000004 39.690200000000004
13.858000000000004 39.7758
11.815599999999998 39.73130000000001
10.568299999999999 39.703300000000006
12.963099999999999 39.808699999999995
12.891799999999998 39.71370000000001
13.7236 39.8981
13.579399999999996 39.8686
13.528699999999999 39.578299999999984
11.920900000000003 39.52429999999999
11.0924 39.5386
10.935699999999999 39.546800000000005
10.7567 39.516799999999996
11.898599999999998 39.5674
10.4126 39.55439999999999
9.8658 39.5145
11.5093 39.572099999999985
11.486600000000001 39.54999999999999
10.936099999999998 39.533199999999994
10.809600000000001 39.533899999999996
10.9899 39.50500000000001
10.055799999999998 39.516400000000004
11.828200000000002 39.59489999999998
10.785300000000001 39.5558
9.917100000000001 39.5119
10.552200000000003 39.4914
10.736799999999999 39.52709999999999
11.058599999999998 39.57
10.764800000000001 39.5404
10.363000000000001 39.51339999999999
9.988800000000001 39.50209999999999
14.899100000000006 39.79789999999999
15.803299999999998 39.98170000000002
19.32840000000001 40.171600000000005
15.464899999999998 40.1184
14.318699999999998 40.11559999999999
13.248500000000005 40.0765
12.5328 40.11890000000001
15.4073 40.1523
13.286099999999998 40.06980000000001
11.617199999999999 39.92579999999998
11.7589 39.73610000000001
10.6701 39.6585
12.6613 39.678399999999996
13.486799999999995 39.76100000000001
11.464999999999998 39.711400000000005
10.98 39.6862
14.553900000000002 39.7842
10.926700000000002 39.721799999999995
10.632500000000002 39.6976
13.760200000000001 39.81399999999999
10.9855 39.7471
10.224599999999995 39.645199999999996
13.994899999999996 39.8213
11.543600000000001 39.8092
10.315799999999998 39.77719999999999
12.940199999999995 39.812999999999995
