40.745000000000005 7.0542
41.429 7.053400000000002
41.13099999999999 7.0672
40.779 7.073300000000001
40.0841 7.075100000000001
39.4399 7.061299999999999
39.764500000000005 7.0326
39.88539999999999 7.055800000000001
40.63440000000001 7.0477
39.507 7.066600000000001
40.81000000000001 7.0624
40.105000000000004 7.059399999999999
41.39 7.0557
41.496 7.0399
42.022999999999996 7.043900000000002
41.644999999999996 7.0257
42.25000000000001 7.0471
41.5014 7.035399999999998
41.9758 7.0367
42.285000000000004 7.051699999999999
43.14 7.0587
41.97 7.056799999999999
41.937999999999995 7.061000000000001
41.275000000000006 7.081499999999999
41.114 7.079500000000001
41.209999999999994 7.083600000000001
41.24600000000001 7.0661999999999985
41.93599999999999 7.059500000000001
40.05600000000001 7.0656
40.023999999999994 7.0482000000000005
40.001 7.0577999999999985
40.64699999999999 7.083099999999998
40.396 7.077399999999999
40.156 7.063700000000001
40.281800000000004 7.023099999999999
40.323 7.015999999999998
39.32599999999999 7.0417000000000005
39.315000000000005 7.029000000000001
39.653999999999996 7.0786
38.837 7.0680000000000005
38.477999999999994 7.0411
39.05499999999999 7.024899999999999
39.801 7.035299999999999
38.760000000000005 7.0379
39.32200000000001 7.0372
38.54900000000001 7.0442
39.42799999999999 7.040800000000001
39.11560000000001 7.039599999999998
39.8702 7.028899999999999
40.135400000000004 7.031799999999999
38.903999999999996 7.041900000000003
38.058 7.0151
38.633 7.0405
38.259 7.027200000000001
39.088 7.018199999999999
38.5648 7.041200000000002
38.7036 7.022600000000001
38.272499999999994 7.0348
39.46629999999999 7.0205
38.698 7.029900000000001
38.7076 7.028899999999999
37.735800000000005 7.0345
36.9587 7.051399999999999
36.14620000000001 7.063999999999998
36.8372 7.079900000000001
36.5924 7.072000000000001
36.119299999999996 7.049100000000001
36.03360000000001 7.0543000000000005
36.5749 7.019100000000002
36.461600000000004 7.024399999999999
37.3119 7.0343
36.71930000000001 7.045700000000002
37.3675 7.038800000000002
37.1502 7.0231
37.7096 7.035100000000001
36.8817 7.040399999999998
36.642 7.053299999999998
36.7799 7.0491
37.166199999999996 7.0524000000000004
36.6585 7.035500000000002
37.552099999999996 7.118400000000001
37.6597 7.048100000000002
37.38740000000001 7.068300000000001
36.27329999999999 7.092
36.6124 7.013
36.12610000000001 7.015599999999999
35.352700000000006 7.092799999999999
35.80779999999999 7.115200000000001
35.88790000000001 7.027199999999999
36.01400000000001 7.018500000000001
36.03500000000001 7.025200000000001
35.5315 7.0345
34.87600000000001 7.0214
36.034 7.0184
36.21699999999999 7.0494
35.482 7.034800000000001
35.0323 7.020000000000001
35.699 7.0135000000000005
34.805 7.0047000000000015
34.1638 7.0074
34.88700000000001 7.0299999999999985
35.017999999999994 7.021300000000001
35.980999999999995 7.022800000000001
35.41199999999999 7.024700000000002
35.248 7.0306999999999995
33.865 7.0478
34.291 7.042700000000002
35.232 7.029000000000001
36.00000000000001 7.0746
35.473 7.0356000000000005
36.79599999999999 7.040999999999999
37.125 7.024099999999998
37.299 7.029000000000001
36.421 7.029300000000001
36.8953 7.0503
35.92799999999999 7.0414
35.7041 7.0100999999999996
34.84909999999999 7.015499999999999
35.961400000000005 7.011299999999999
35.85080000000001 7.016599999999998
35.8447 7.0106
36.5756 7.010100000000001
36.457 7.0073
36.2269 6.998500000000001
36.526 6.998800000000001
36.3315 7.013200000000001
36.666900000000005 6.997099999999998
36.804899999999996 7.019699999999999
32.537099999999995 7.000399999999998
34.11109999999999 7.006699999999999
36.2105 7.005699999999999
35.0745 7.0088
35.8358 7.0208
36.6067 7.030200000000001
35.25540000000001 7.009899999999999
35.072100000000006 7.0159
35.3155 7.02
36.421699999999994 7.0145
36.541000000000004 7.016800000000001
36.41199999999999 7.016
36.86900000000001 7.006299999999999
36.364 7.025300000000001
36.224000000000004 7.041600000000001
36.699000000000005 7.010000000000001
36.549 7.0213
37.558 7.104999999999999
37.5 7.013299999999998
37.907999999999994 7.035299999999999
36.605 7.0336
37.678999999999995 7.014200000000001
36.324000000000005 7.024
36.368 7.025500000000001
36.48800000000001 7.012200000000002
36.995000000000005 7.0384
38.362 7.092
37.028 7.1075
38.277 7.120600000000002
40.24100000000001 7.1159
41.23399999999999 7.1325
40.846999999999994 7.071099999999999
40.685999999999986 7.0238000000000005
39.892999999999994 7.052599999999999
39.457 7.0429
39.40999999999999 7.0396
39.554 7.011100000000001
39.794000000000004 7.0265
39.219 7.029500000000001
39.428000000000004 7.0161
41.297 7.0041
41.770999999999994 7.012599999999999
39.976 7.005400000000001
41.521 7.033499999999999
41.437999999999995 7.042000000000001
41.827000000000005 6.9974
42.791000000000004 7.034100000000001
43.403999999999996 6.9860999999999995
44.08899999999999 7.000900000000001
43.88699999999999 7.0047
43.985 7.013200000000003
43.397000000000006 6.992400000000002
44.073000000000015 7.0016
43.732000000000006 7.04
43.904 7.011799999999998
44.354000000000006 7.027
43.462 7.0614
43.044999999999995 7.029099999999998
43.938 7.023700000000001
43.946999999999996 7.048199999999999
45.00800000000001 7.0493
44.97800000000001 7.038899999999999
45.414 7.0604999999999976
44.301 7.051200000000001
43.833 7.037200000000002
44.88099999999999 7.036200000000001
45.159000000000006 7.043899999999999
44.159 7.0463
44.549 7.0442
44.486000000000004 7.0495
43.72500000000001 7.0519
43.442 7.044199999999999
44.315 7.038799999999999
43.083000000000006 7.037100000000001
44.690000000000005 7.0501
43.535999999999994 7.0549
45.57 7.045699999999999
46.536 7.0428999999999995
47.612 7.027799999999999
45.349000000000004 7.0171
44.48 7.032900000000001
44.084999999999994 7.0318000000000005
44.32899999999999 7.04
44.07 7.019499999999999
41.114000000000004 7.0091
39.291 7.0065
39.608 7.019400000000001
42.489 7.018699999999998
42.79749999999999 7.020899999999998
42.2791 7.040400000000002
43.023999999999994 7.044600000000001
44.07470000000001 7.022999999999999
43.7507 7.023499999999999
43.8034 7.0246
44.0353 7.0283999999999995
43.9554 7.028900000000002
42.398 7.063999999999999
43.3633 7.0226999999999995
43.2423 7.0318000000000005
42.9529 7.054099999999999
42.634699999999995 7.042099999999999
42.714 7.0439
43.214200000000005 7.0870000000000015
42.717299999999994 7.102799999999999
43.786899999999996 7.1113
42.0434 7.0676999999999985
43.4048 7.098700000000001
42.975699999999996 7.064600000000001
39.3885 7.0773
38.926 7.075099999999999
42.7408 7.1482
41.89659999999999 7.106700000000001
42.5234 7.1149000000000004
42.5661 7.083099999999999
43.35259999999999 7.132600000000002
44.0713 7.0451000000000015
43.5169 7.0966000000000005
44.02370000000001 7.075500000000002
43.9512 7.0806000000000004
43.040299999999995 7.060799999999999
43.9586 7.089899999999999
42.8714 7.055600000000001
41.426899999999996 7.088
38.4276 7.043999999999998
41.031 7.0732
43.1038 7.0671
43.45290000000001 6.9595
43.4193 6.984300000000002
42.0819 6.960600000000001
43.3105 6.9433
43.3606 6.961899999999998
43.303200000000004 6.9783
42.4887 6.935200000000001
42.1055 6.924899999999999
42.192299999999996 6.943999999999999
41.2752 6.9285
41.7904 6.947500000000001
42.0742 6.937800000000001
42.7351 6.950200000000001
41.1852 6.926499999999999
40.0677 6.9412
39.824299999999994 6.9207
40.1358 6.930700000000001
40.050799999999995 6.9346000000000005
40.661199999999994 6.942800000000002
39.6381 6.940600000000001
40.50529999999999 6.945300000000001
41.2359 6.934700000000002
41.0996 6.931800000000001
40.3063 6.935700000000001
37.1066 6.9175
37.047399999999996 6.9281
36.2989 6.928500000000001
36.69740000000001 6.9247000000000005
37.37800000000001 6.922000000000001
37.296600000000005 6.948599999999999
36.68860000000001 6.955799999999999
36.026599999999995 6.927200000000002
38.178 6.955
39.866800000000005 6.963500000000002
