15.921460000000007 21.599400000000006
13.67405 20.358700000000002
13.672259999999994 20.591299999999997
14.666469999999999 20.773600000000005
11.838449999999998 20.502300000000005
13.62284 20.516000000000005
15.77285 21.3926
13.706959999999995 20.187499999999996
13.635510000000007 20.443500000000004
14.612490000000001 20.5804
11.917429999999992 20.374400000000005
13.720990000000006 20.532899999999998
15.693389999999994 21.511700000000015
13.576160000000002 20.314199999999992
13.556830000000003 20.513400000000008
14.609220000000004 20.8284
11.851780000000002 20.3349
13.446769999999997 20.550700000000006
15.48519 21.485600000000005
13.48819 20.24700000000001
13.50153 20.345099999999988
14.544649999999995 20.63350000000001
11.788819999999998 20.228299999999994
13.46715 20.5432
15.687569999999997 21.366300000000003
13.618170000000001 20.113800000000005
13.52382 20.34279999999999
14.473320000000008 20.500499999999995
11.77305 20.169200000000004
13.341410000000007 20.359800000000007
15.508369999999996 21.354800000000008
13.44183 19.9119
13.5577 20.386200000000006
14.506650000000002 20.4935
11.80838 20.1741
13.56019 20.4617
15.834920000000002 21.433000000000003
13.65979 20.1971
13.54208 20.503499999999995
14.46749 20.616899999999998
11.824339999999994 20.222400000000004
13.487749999999993 20.518800000000006
15.696959999999994 21.4052
13.59535 20.151899999999998
13.623249999999999 20.341
14.690629999999999 20.630599999999998
11.932989999999995 20.299400000000002
13.621529999999993 20.55280000000001
15.853349999999997 21.501200000000004
13.722510000000002 20.134299999999996
13.778039999999994 20.44689999999999
14.774409999999996 20.613100000000003
11.869159999999997 20.2033
13.688189999999997 20.4421
15.810690000000003 21.3727
13.794230000000004 20.1949
13.757879999999995 20.4222
14.778369999999994 20.704400000000003
12.069199999999999 20.309499999999996
13.744820000000002 20.571199999999997
15.862340000000005 21.36570000000001
13.636019999999997 20.196300000000004
13.607289999999997 20.373500000000007
14.707340000000006 20.5487
11.909309999999996 20.278399999999994
13.617780000000002 20.578799999999998
15.714059999999996 21.328000000000003
13.613889999999994 20.03309999999999
13.683120000000004 20.201100000000004
14.789079999999998 20.274
11.996680000000005 19.974000000000004
13.654569999999996 20.2712
15.703680000000004 21.294999999999998
13.665510000000003 20.11239999999999
13.695210000000005 20.38629999999999
14.680680000000004 20.625599999999995
11.96105 20.301199999999987
13.595620000000002 20.406399999999998
15.875329999999993 21.338000000000005
13.696969999999997 20.300500000000007
13.76471 20.363299999999995
14.521469999999997 20.665700000000008
12.062569999999996 20.428300000000007
13.561589999999999 20.7176
15.803550000000003 21.608599999999996
13.684370000000007 20.4037
13.719350000000002 20.493399999999998
14.660350000000012 20.7686
11.901339999999996 20.1783
13.62782999999999 20.7191
15.74142 21.503299999999996
13.731160000000006 20.3181
13.787329999999995 20.499999999999996
14.736800000000002 20.860200000000003
11.968980000000002 20.457800000000006
13.655500000000009 20.683899999999998
15.985950000000004 21.470700000000004
13.82737 20.393599999999996
13.85207 20.538
14.739360000000001 20.7181
11.892990000000001 20.352900000000005
13.60225 20.676099999999995
15.838100000000003 21.2723
13.549309999999995 20.3056
15.599630000000003 20.707666000000007
14.52018 20.69719999999999
12.119270000000002 20.1433
13.64857 20.375700000000005
15.791359999999994 21.214299999999998
13.876410000000003 20.287399999999998
13.715759999999996 20.3374
14.480580000000002 20.491000000000007
12.013869999999997 20.157999999999994
13.620780000000002 20.480400000000003
15.816539999999993 21.53289999999999
13.769469999999995 20.350099999999998
13.538540000000005 20.387900000000002
14.30931 20.6508
11.814469999999998 20.279799999999998
13.64135 20.6573
15.9156 21.465600000000006
14.102209999999998 20.3296
13.982829999999998 20.462400000000006
14.591000000000001 20.371699999999997
12.356250000000005 20.0652
13.880340000000006 20.471799999999998
16.058579999999996 21.281600000000005
13.874399999999994 20.282000000000007
13.739339999999995 20.346799999999995
14.492349999999998 20.5197
11.987609999999998 20.281199999999995
13.726380000000002 20.66109999999999
15.894929999999999 21.64119999999999
13.969230000000001 20.3979
13.835879999999994 20.512499999999996
14.49525 20.514799999999997
11.960649999999998 20.3442
13.612200000000001 20.61049999999999
15.922370000000003 21.418799999999997
13.986449999999994 20.167700000000004
13.713669999999992 20.337799999999998
14.58602 20.536600000000004
11.992390000000004 20.3578
13.767100000000001 20.644200000000005
16.111999999999995 21.405700000000007
14.117689999999996 20.283800000000003
13.980029999999996 20.4733
14.618809999999998 20.5058
12.25444 20.256199999999996
13.946030000000013 20.6148
16.174619999999997 21.373600000000003
14.190829999999993 20.291500000000003
13.8125 20.329400000000003
14.62457 20.566799999999997
12.129849999999998 20.201400000000007
13.850590000000002 20.35450000000001
16.102160000000005 21.399999999999984
14.213649999999998 20.271900000000002
13.864439999999997 20.387700000000006
14.50531 20.595399999999994
11.950999999999999 20.2238
13.848579999999998 20.612199999999994
15.692680000000001 21.417900000000003
13.99944 20.3348
13.712460000000004 20.3657
14.363180000000003 20.566000000000006
12.240729999999997 20.2471
13.901350000000006 20.629499999999997
15.809309999999993 21.266800000000003
14.13750999999999 20.34759999999999
13.728040000000005 20.4316
14.47572 20.701699999999995
12.08149 20.36670000000001
13.651329999999994 20.763099999999998
15.447699999999998 21.383799999999997
13.723040000000003 20.4044
13.36917 20.598099999999995
14.227840000000002 20.683399999999995
11.955630000000005 20.417700000000004
13.657319999999995 20.679900000000007
15.414969999999995 21.4887
13.832670000000002 20.531900000000007
13.441600000000006 20.61829999999999
14.291020000000005 20.8286
12.054670000000002 20.580599999999997
13.741930000000002 20.757099999999998
19.361669999999997 21.814100000000007
13.933370000000004 20.4221
13.510779999999997 20.628200000000007
14.31907 20.748900000000006
12.01995 20.525599999999997
13.693399999999995 21.04210000000001
16.20505 21.925299999999993
13.909320000000003 20.5811
13.55713 20.717700000000004
14.130120000000005 20.82979999999999
12.149059999999999 20.408400000000004
13.648310000000002 20.817200000000007
15.922250000000007 21.517599999999995
13.569080000000005 20.2139
13.905819999999997 20.380400000000005
14.039119999999999 20.617199999999997
12.01734 20.29479999999999
13.459690000000005 20.729300000000002
15.865190000000002 21.382199999999994
13.716740000000001 20.19380000000001
13.218339999999994 20.356800000000007
13.896139999999995 20.560800000000004
11.749870000000003 20.4127
13.364459999999994 20.673899999999996
15.886730000000002 21.46939999999999
13.41221 20.242400000000004
12.454799999999997 20.2965
13.823779999999996 20.767199999999995
11.732839999999998 20.52829999999999
13.325770000000004 20.664599999999993
15.889120000000002 21.5837
13.28459 20.3425
12.503299999999996 20.268400000000007
13.960779999999994 20.82129999999999
11.77876 20.49439999999999
13.285530000000001 20.7725
15.968239999999994 21.566499999999998
13.477030000000006 20.246199999999998
12.613840000000001 20.3249
14.014810000000006 20.706200000000003
11.86156 20.501499999999997
13.436049999999996 20.7527
16.063189999999995 21.715599999999995
13.417310000000002 20.412500000000005
12.565279999999998 20.263600000000004
13.97389 20.662699999999997
11.879779999999998 20.588599999999992
13.34939 20.633199999999995
15.977709999999995 21.586799999999997
13.494290000000001 20.2698
12.581700000000001 20.26359999999999
12.459730000000004 20.671499999999988
12.350530000000006 20.562200000000008
13.341759999999997 20.690800000000007
16.08974 21.735000000000003
13.386489999999998 20.527799999999996
12.65642 20.280000000000005
15.489939999999999 20.892299999999995
12.976750000000006 20.188499999999994
13.529299999999997 20.454199999999997
15.860770000000002 21.131600000000006
13.409889999999999 20.192699999999995
13.099269999999999 20.436200000000014
15.202770000000001 20.762
12.166680000000001 20.2304
13.518200000000002 20.452000000000012
16.316459999999996 21.4068
13.791389999999998 20.37870000000001
12.924319999999998 20.504462900000004
13.401760000000001 20.4741
11.71165 19.664499999999993
12.733840000000004 19.683899999999994
15.545219999999995 20.557100000000005
13.360579999999997 19.4749
16.80544 20.121900000000007
13.54577999999999 20.235899999999994
12.123339999999997 19.79479999999999
13.06612 20.291300000000007
15.72251999999999 21.4084
13.433939999999996 20.171900000000008
13.607299999999997 20.533700000000003
13.498649999999998 20.600899999999996
12.067929999999997 20.050800000000002
13.05992 20.442300000000007
15.615150000000003 21.2084
13.356319999999997 19.9797
13.580309999999999 20.195000000000004
13.513160000000003 20.3079
12.048399999999997 19.842500000000005
13.123269999999998 20.251699999999996
15.560550000000001 21.086199999999998
13.273240000000003 19.93780000000001
13.50944 20.2039
13.516249999999994 20.224700000000002
12.046799999999994 19.863400000000002
12.987349999999998 20.153000000000006
15.658070000000002 21.3118
13.390409999999992 20.005299999999988
13.729819999999993 20.144199999999994
13.654499999999997 20.237899999999996
12.180779999999995 19.869699999999998
13.009949999999998 20.222199999999997
