12.5 12.839999999999998
15.160000000000002 12.94
14.280000000000001 12.889999999999999
12.43 12.839999999999998
15.409999999999998 12.94
13.94 12.889999999999999
13.11 12.870000000000001
15.7 12.920000000000002
13.77 12.870000000000001
12.889999999999999 12.889999999999999
14.649999999999999 12.94
14.430000000000001 12.889999999999999
13.11 12.889999999999999
14.87 12.959999999999999
13.84 12.920000000000002
13.350000000000001 12.870000000000001
15.72 12.920000000000002
12.72 12.839999999999998
13.79 12.870000000000001
16.06 12.920000000000002
12.32 12.82
13.62 12.870000000000001
15.53 12.94
12.5 12.839999999999998
14.499999999999998 12.889999999999999
15.409999999999998 12.94
12.94 12.870000000000001
14.26 12.889999999999999
15.21 12.94
12.889999999999999 12.870000000000001
14.499999999999998 12.889999999999999
14.84 12.920000000000002
12.6 12.839999999999998
14.7 12.889999999999999
14.549999999999999 12.920000000000002
12.3 12.839999999999998
14.84 12.889999999999999
14.62 12.920000000000002
12.26 12.870000000000001
14.84 12.889999999999999
14.6 12.920000000000002
12.379999999999999 12.839999999999998
14.6 12.920000000000002
15.09 12.889999999999999
12.770000000000001 12.82
15.28 12.889999999999999
13.919999999999998 12.889999999999999
12.3 12.839999999999998
15.479999999999999 12.889999999999999
14.04 12.920000000000002
12.33 12.839999999999998
15.040000000000001 12.889999999999999
14.11 12.920000000000002
12.5 12.920000000000002
14.75 12.889999999999999
14.62 12.889999999999999
12.370000000000001 12.839999999999998
15.65 12.870000000000001
13.84 12.870000000000001
12.6 12.870000000000001
14.48 12.920000000000002
14.75 12.889999999999999
12.43 12.870000000000001
14.84 12.889999999999999
14.14 12.889999999999999
12.26 12.870000000000001
15.06 12.889999999999999
14.499999999999998 12.889999999999999
12.82 12.870000000000001
14.87 12.889999999999999
14.16 12.870000000000001
12.34 12.889999999999999
14.14 12.94
15.06 12.889999999999999
12.44 12.870000000000001
13.530000000000001 12.870000000000001
16.06 12.94
12.959999999999999 12.870000000000001
13.750000000000002 12.839999999999998
15.620000000000001 12.920000000000002
14.499999999999998 12.870000000000001
12.989999999999998 12.870000000000001
16.24 12.889999999999999
13.28 12.870000000000001
12.57 12.870000000000001
15.6 12.889999999999999
13.700000000000001 12.889999999999999
12.08 12.870000000000001
14.790000000000001 12.870000000000001
14.75 12.889999999999999
12.6 12.889999999999999
13.889999999999999 12.839999999999998
15.55 12.889999999999999
11.77 12.839999999999998
12.370000000000001 12.82
15.89 12.889999999999999
13.11 12.889999999999999
12.65 12.839999999999998
15.010000000000002 12.889999999999999
14.87 12.94
12.389999999999999 12.870000000000001
13.350000000000001 12.870000000000001
14.649999999999999 12.920000000000002
13.87 12.889999999999999
12.23 12.839999999999998
14.45 12.889999999999999
14.649999999999999 12.889999999999999
12.5 12.870000000000001
13.96 12.889999999999999
15.55 12.889999999999999
12.870000000000001 12.870000000000001
12.920000000000002 12.870000000000001
13.919999999999998 12.920000000000002
13.26 12.889999999999999
14.11 12.94
14.31 12.889999999999999
14.549999999999999 12.870000000000001
12.45 12.889999999999999
13.43 12.839999999999998
15.06 12.920000000000002
13.530000000000001 12.920000000000002
12.45 12.870000000000001
15.110000000000001 12.889999999999999
14.23 12.920000000000002
12.49 12.870000000000001
13.600000000000001 12.870000000000001
14.82 12.920000000000002
12.889999999999999 12.889999999999999
13.059999999999999 12.870000000000001
14.97 12.920000000000002
13.87 12.889999999999999
12.41 12.870000000000001
14.82 12.920000000000002
14.549999999999999 12.889999999999999
13.11 12.889999999999999
13.84 12.889999999999999
14.399999999999999 12.94
14.06 12.889999999999999
13.059999999999999 12.870000000000001
14.530000000000001 12.920000000000002
13.65 12.94
13.84 12.889999999999999
14.84 12.889999999999999
15.310000000000002 12.94
12.6 12.870000000000001
13.719999999999999 12.870000000000001
15.229999999999999 12.94
13.750000000000002 12.889999999999999
13.01 12.870000000000001
15.229999999999999 12.94
14.82 12.920000000000002
12.82 12.889999999999999
14.940000000000001 12.94
14.530000000000001 12.94
12.740000000000002 12.870000000000001
14.06 12.920000000000002
15.260000000000002 12.920000000000002
13.450000000000001 12.889999999999999
13.350000000000001 12.920000000000002
15.06 12.920000000000002
14.360000000000001 12.889999999999999
13.55 12.920000000000002
14.75 12.920000000000002
14.180000000000001 12.889999999999999
13.84 12.889999999999999
15.36 12.94
14.580000000000002 12.920000000000002
12.839999999999998 12.889999999999999
15.53 12.889999999999999
14.719999999999999 12.920000000000002
12.82 12.920000000000002
14.580000000000002 12.889999999999999
15.67 12.94
12.72 12.889999999999999
14.280000000000001 12.94
16.16 12.959999999999999
12.82 12.94
13.569999999999999 12.959999999999999
14.67 12.94
14.719999999999999 12.920000000000002
14.04 12.959999999999999
15.870000000000001 12.959999999999999
13.87 12.920000000000002
13.18 12.889999999999999
15.58 12.94
14.21 12.920000000000002
12.65 12.889999999999999
15.870000000000001 12.920000000000002
14.399999999999999 12.94
12.790000000000001 12.870000000000001
15.21 12.889999999999999
15.72 12.959999999999999
13.11 12.889999999999999
14.649999999999999 12.889999999999999
15.75 12.959999999999999
12.870000000000001 12.889999999999999
13.77 12.889999999999999
15.5 12.959999999999999
13.600000000000001 12.889999999999999
13.94 12.889999999999999
15.72 12.959999999999999
13.350000000000001 12.889999999999999
13.530000000000001 12.889999999999999
15.58 12.94
14.26 12.920000000000002
13.16 12.889999999999999
15.379999999999999 12.94
14.62 12.959999999999999
13.209999999999999 12.889999999999999
14.790000000000001 12.94
14.280000000000001 12.959999999999999
14.7 12.920000000000002
14.84 12.920000000000002
15.310000000000002 12.959999999999999
13.309999999999999 12.889999999999999
15.160000000000002 12.920000000000002
15.06 12.94
12.620000000000001 12.920000000000002
15.6 12.889999999999999
14.62 12.94
12.520000000000001 12.920000000000002
15.409999999999998 12.889999999999999
15.110000000000001 12.94
12.7 12.920000000000002
14.77 12.889999999999999
14.97 12.920000000000002
12.41 12.889999999999999
14.92 12.889999999999999
15.190000000000001 12.959999999999999
13.209999999999999 12.920000000000002
13.38 12.889999999999999
14.330000000000002 12.94
15.160000000000002 12.959999999999999
13.530000000000001 12.959999999999999
15.620000000000001 12.959999999999999
14.26 12.920000000000002
14.31 12.920000000000002
15.939999999999998 12.920000000000002
12.839999999999998 12.870000000000001
14.23 12.920000000000002
15.920000000000002 12.94
12.5 12.889999999999999
13.99 12.920000000000002
16.11 12.920000000000002
12.790000000000001 12.889999999999999
13.669999999999998 12.889999999999999
16.46 12.959999999999999
12.72 12.889999999999999
13.450000000000001 12.870000000000001
15.45 12.94
13.28 12.889999999999999
13.4 12.870000000000001
16.72 12.959999999999999
12.65 12.889999999999999
13.23 12.889999999999999
15.870000000000001 12.959999999999999
13.04 12.920000000000002
13.209999999999999 12.870000000000001
16.5 12.959999999999999
12.839999999999998 12.920000000000002
13.33 12.870000000000001
16.55 12.920000000000002
13.23 12.94
13.350000000000001 12.889999999999999
16.89 12.920000000000002
13.01 12.920000000000002
13.309999999999999 12.889999999999999
16.16 12.920000000000002
13.13 12.889999999999999
13.38 12.920000000000002
16.5 12.94
12.790000000000001 12.889999999999999
13.33 12.870000000000001
15.479999999999999 12.920000000000002
13.530000000000001 12.889999999999999
13.700000000000001 12.920000000000002
16.53 12.920000000000002
12.55 12.889999999999999
13.569999999999999 12.920000000000002
16.189999999999998 12.94
12.839999999999998 12.889999999999999
14.11 12.920000000000002
15.7 12.959999999999999
12.889999999999999 12.920000000000002
14.14 12.889999999999999
15.989999999999998 12.920000000000002
12.82 12.870000000000001
14.16 12.920000000000002
