13.493720000000001 20.0068
12.940989999999996 19.601699999999994
14.389009999999997 19.989000000000004
16.08487 20.7
11.882699999999996 19.642699999999998
14.246620000000007 20.048199999999998
13.485280000000003 20.11850000000001
12.896569999999999 19.601199999999995
14.336069999999998 20.11900000000001
16.009629999999994 20.851199999999988
11.92379 19.776399999999995
14.207700000000004 20.1589
13.675329999999999 20.1279
12.999880000000003 19.6522
14.455879999999999 20.160400000000003
16.03541 20.577699999999997
11.91986 19.683800000000005
14.477000000000004 20.046600000000016
13.663679999999994 20.125300000000006
13.030059999999999 19.694999999999993
14.444960000000002 20.051500000000008
15.99463 20.683399999999992
11.795799999999998 19.531499999999994
14.194900000000004 20.115
13.474870000000003 20.08620000000001
12.898909999999997 19.706499999999995
14.401139999999996 20.162800000000004
15.808769999999997 20.79
11.70228 19.837200000000006
14.136620000000008 20.174599999999998
13.350090000000003 20.2005
12.684959999999998 19.712000000000007
14.045779999999997 20.068699999999996
15.695639999999997 20.70830000000001
11.624500000000003 19.636700000000005
14.085320000000005 20.0898
13.50767 20.139
12.959150000000003 19.625499999999995
14.378449999999996 20.048499999999994
15.991039999999995 20.784000000000006
11.78602 19.741000000000003
14.199639999999997 20.16219999999999
13.390619999999998 20.098700000000004
12.870540000000002 19.855800000000013
14.305219999999998 20.076800000000006
15.94998 20.771399999999993
11.698859999999998 19.809300000000007
14.158309999999998 20.270000000000003
13.330650000000002 20.189699999999995
12.974159999999998 19.880899999999986
14.482649999999994 20.25649999999999
16.08004999999999 20.907000000000014
11.778799999999997 19.914399999999997
14.178149999999997 20.2986
13.350759999999998 20.381599999999995
12.869330000000001 19.753200000000003
14.25776 20.313100000000002
15.961340000000007 20.730199999999996
11.689939999999991 19.854900000000004
14.35985 20.212199999999996
13.595530000000004 20.2229
13.009680000000001 19.749699999999997
14.411669999999999 20.2245
16.046319999999994 20.764499999999995
11.779579999999997 19.7328
14.249989999999993 20.309699999999996
13.312570000000004 20.423500000000008
12.681839999999998 19.798700000000004
14.114849999999993 20.373099999999994
15.72028 20.9521
11.488250000000008 19.996899999999997
14.031180000000006 20.3613
13.247040000000002 20.334399999999995
12.776700000000002 19.84299999999999
14.262839999999995 20.451800000000006
16.051869999999997 20.927799999999998
11.727660000000002 19.914900000000003
14.048170000000008 20.339799999999993
13.425619999999999 20.26470000000001
12.734330000000002 19.778700000000008
14.124340000000005 20.338499999999996
15.679020000000005 20.679500000000004
11.496780000000005 19.90970000000001
13.887539999999992 20.22339999999999
13.2487 20.2644
12.824080000000002 19.973900000000004
14.175449999999998 20.3971
15.929649999999992 21.0194
11.766370000000007 19.93810000000001
14.180049999999996 20.24219999999999
13.454060000000002 20.319999999999997
12.794749999999997 19.867099999999986
14.24024999999999 20.324099999999994
15.88816 21.098500000000005
11.480799999999997 19.9493
14.035759999999996 20.345999999999997
13.393729999999998 20.3706
12.703969999999995 19.880999999999997
14.164969999999997 20.3553
15.889680000000006 20.9861
11.508219999999998 19.960000000000004
14.094169999999995 20.346200000000003
13.30933 20.458899999999996
12.71924 19.923
14.124640000000003 20.4405
15.880190000000002 20.9546
11.542519999999998 19.9088
14.05915 20.311100000000014
13.287670000000004 20.297199999999997
12.842770000000003 19.778100000000006
14.261239999999997 20.307099999999995
15.95269 21.018300000000007
11.69488 19.712499999999995
14.031740000000001 20.277
13.440430000000006 20.4611
12.791689999999997 19.8648
14.087180000000007 20.105600000000003
16.5719 20.875000000000007
13.611330000000002 20.610780000000002
14.066880000000001 20.366100000000003
13.37821 20.381700000000002
12.64168 19.93089999999999
14.06146 20.41529999999999
15.943490000000002 20.961700000000004
11.697909999999997 19.9134
14.031199999999997 20.467799999999997
13.398299999999999 20.385300000000004
12.751709999999994 19.9948
14.185279999999995 20.406899999999993
15.91117 21.004400000000015
11.667950000000005 19.8922
14.07374 20.4779
13.405929999999996 20.450699999999987
12.68915 20.030799999999992
14.085 20.3181
15.87284999999999 21.096700000000006
11.627730000000003 19.940700000000003
13.96519 20.345700000000004
13.552119999999999 20.808399999999995
12.866739999999998 20.192899999999998
14.046490000000004 20.279199999999996
15.660989999999996 20.887999999999998
11.518420000000004 19.82610000000001
13.98606999999999 20.3263
13.633359999999998 20.352899999999988
13.670850000000002 20.347026000000003
13.88567 20.35710000000001
15.772809999999996 20.861399999999993
11.539520000000001 19.681900000000006
13.927439999999997 20.265100000000018
13.463379999999997 20.140600000000003
13.085590000000003 19.781499999999998
14.169039999999999 20.429999999999996
16.129550000000016 20.712600000000002
11.808890000000002 19.485200000000006
14.226480000000002 19.932500000000005
13.482429999999997 19.915300000000002
12.829810000000002 19.5071
13.94653 19.8566
15.464719999999998 20.477899999999984
11.468069999999999 19.405199999999994
13.984460000000002 19.8562
13.42358 20.075499999999995
12.833379999999996 19.68249999999999
13.914479999999996 19.8893
15.514940000000005 20.6871
11.5022 19.496800000000004
13.842189999999995 20.121499999999994
13.437840000000001 20.196999999999996
12.958600000000004 19.756300000000007
14.043449999999998 20.194300000000005
15.74030999999999 20.8753
11.397450000000003 19.7345
14.247440000000006 20.321299999999994
13.625069999999992 20.311
12.751390000000004 19.553000000000004
14.019380000000004 20.1713
15.66469 20.723400000000005
11.578569999999997 19.816200000000002
13.984979999999997 20.151199999999996
13.481720000000003 20.202899999999993
12.875699999999998 19.802799999999998
14.016080000000002 20.2043
15.768220000000005 21.044399999999992
11.645320000000003 19.893299999999993
14.093060000000001 20.3601
13.552699999999998 20.36420000000001
12.889680000000004 19.853800000000003
14.004950000000008 20.297
15.745280000000001 20.862600000000004
11.60242 19.779100000000003
14.10322 20.330400000000004
13.580960000000001 20.373500000000003
12.818550000000004 19.8088
13.873320000000005 20.280299999999997
15.63146 20.80210000000001
11.588880000000003 19.687399999999997
13.999500000000001 20.171500000000012
13.668389999999997 20.2128
12.970459999999996 19.513499999999993
14.062159999999993 20.015499999999996
15.54612 20.673699999999997
11.58596 19.716300000000004
14.06856 20.07300000000001
13.716770000000004 20.055300000000003
12.964459999999999 19.658400000000004
14.033500000000004 20.166600000000006
15.971749999999993 20.665300000000002
11.708719999999994 19.759300000000003
14.184519999999992 20.254099999999998
13.660620000000003 20.230700000000002
13.026649999999995 19.772599999999983
13.997689999999999 20.1526
15.713340000000004 20.825100000000003
11.568830000000004 19.7139
13.99747 20.115400000000015
13.49643 20.124800000000008
12.824759999999996 19.7012
14.01561 20.073799999999995
15.774469999999999 20.625300000000003
11.689529999999998 19.7475
14.40614 20.3071
13.678950000000004 20.205999999999996
12.890510000000003 19.723200000000002
13.971339999999996 20.084500000000002
15.650339999999996 20.69319999999999
11.592030000000001 19.636799999999994
14.040879999999998 20.081
13.65875 20.14550000000001
12.977000000000002 19.612800000000007
14.11955999999999 20.011999999999997
15.879489999999997 20.8874
11.732339999999999 19.740200000000012
14.217179999999995 20.25
13.861570000000004 20.3919
13.092710000000002 19.835399999999996
14.274309999999993 20.337000000000007
15.793500000000005 20.712899999999994
11.564119999999999 19.836200000000005
14.139289999999995 20.2818
13.706579999999995 20.3145
13.070879999999994 19.8609
14.086839999999995 20.3014
15.974929999999995 20.856300000000005
11.710220000000003 19.893600000000003
14.22251 20.368799999999993
13.674809999999999 20.521199999999997
13.045669999999998 19.87260000000001
14.109659999999998 20.30199999999999
15.667379999999994 20.854700000000012
11.53303 19.606800000000007
14.127289999999999 20.22869999999999
13.616269999999997 20.32800000000001
13.109529999999994 19.6924
14.12982 20.150000000000016
15.75561999999999 20.675699999999996
11.633289999999997 19.686299999999992
14.088439999999993 20.1262
13.508020000000004 20.213399999999996
12.86193 19.8094
13.986869999999993 20.053600000000007
15.687879999999998 20.597299999999997
11.4608 19.6508
13.956850000000001 20.103500000000004
13.52814 20.104999999999997
12.816220000000001 19.620000000000005
14.15903 19.90550000000001
15.741890000000003 20.690299999999993
11.610639999999997 19.6511
13.790790000000003 19.7973
14.051809999999993 20.059899999999992
12.98771 19.649199999999997
14.127609999999995 19.985100000000006
15.482939999999996 20.7875
11.496569999999998 19.554199999999998
14.030379999999997 19.998500000000003
13.455350000000003 19.8362
12.94575 19.2927
13.757669999999994 19.749299999999998
16.459769999999995 20.97001
11.554310000000001 19.254099999999998
14.799019999999993 20.1534
13.865789999999995 20.3624
12.959040000000005 19.709600000000002
13.730599999999995 19.899099999999997
15.837609999999994 20.802399999999995
11.559460000000001 19.567500000000003
13.862279999999997 20.0051
