12.581600000000002 9.5314
12.0087 9.530700000000003
11.664499999999999 9.625500000000002
11.4814 9.654900000000001
12.326300000000002 9.7745
11.897899999999998 9.6184
13.4879 9.592999999999998
12.2077 9.6783
11.561499999999999 9.5425
11.6921 9.171500000000002
12.2462 9.4305
10.9825 9.325399999999998
13.2213 9.816899999999999
13.477799999999998 9.6646
13.235199999999999 10.0012
13.098899999999999 10.178899999999999
12.968300000000003 10.403300000000002
12.966799999999997 9.6818
14.216999999999999 9.4706
13.3407 10.001599999999998
13.4859 9.8703
12.481499999999999 9.9383
13.413399999999998 9.730500000000001
13.684000000000001 10.438099999999999
13.484399999999999 10.451500000000001
15.398299999999999 10.5824
13.521699999999997 10.411000000000001
13.511800000000001 10.678800000000003
14.660800000000002 10.794800000000002
13.5936 10.1909
13.5993 9.888100000000001
14.126900000000001 9.933499999999999
15.478 9.9355
14.699000000000002 10.107800000000001
13.631000000000002 9.946299999999999
14.114 9.882399999999999
16.389 10.1188
14.746500000000001 10.237499999999999
14.9124 10.2612
15.578 10.223
16.207 9.7667
15.642000000000003 9.6272
12.684000000000001 9.3599
16.3 9.813999999999998
16.527 9.8691
13.179599999999999 9.5028
13.151299999999999 9.4392
12.947600000000003 9.5109
13.987700000000004 9.3368
15.532000000000002 9.798199999999998
13.404399999999999 9.696100000000001
12.962800000000001 9.9709
12.969 10.1629
11.576999999999998 9.824800000000002
13.174 9.300300000000002
12.8611 9.8546
13.738100000000001 9.5527
12.030999999999999 9.2378
13.581400000000002 9.6483
14.610999999999999 9.773400000000002
15.119999999999997 9.9471
13.4669 9.553500000000001
14.014 9.890200000000002
14.762 9.8074
14.118999999999998 9.8915
13.1931 9.7138
11.756699999999999 9.5302
12.9138 9.6941
12.1948 9.5533
12.456 9.498200000000002
13.5495 9.545300000000001
12.425200000000002 8.973500000000001
14.3811 9.236
13.325999999999999 9.8735
13.54 9.9331
13.546 9.899999999999999
12.551199999999998 9.4853
12.870899999999999 10.1364
13.207800000000002 9.642699999999998
12.7633 9.3403
11.316200000000002 9.2727
14.197000000000001 9.7819
11.876000000000001 9.463600000000003
12.029699999999998 9.2091
13.2294 9.455100000000002
11.975 9.4996
13.804400000000003 9.265
14.366000000000001 9.659999999999998
14.612999999999998 10.0087
13.301000000000002 9.8262
13.4041 9.662799999999999
14.921999999999999 10.011500000000002
15.141999999999998 10.3513
13.4591 10.0601
12.670199999999998 9.8027
14.285000000000004 9.587200000000001
16.266000000000002 9.784400000000002
15.481 9.9104
15.120000000000001 10.022
15.0786 9.550199999999997
18.409 10.3034
17.264000000000003 10.180200000000001
15.851 10.2021
16.145999999999997 9.743699999999999
17.282000000000004 10.1154
16.628 10.232199999999999
15.604000000000001 9.789200000000001
16.478 9.655899999999999
17.436 10.3439
16.666 9.8389
17.543999999999997 10.348199999999999
19.293 10.2975
17.596999999999998 10.111
16.006 9.832699999999999
14.533000000000005 9.830400000000001
15.344000000000001 9.6376
17.423000000000002 9.664
18.817999999999998 9.9661
19.020999999999997 10.1719
17.782999999999998 9.824699999999998
18.545 10.265600000000001
17.407 10.0604
16.011 9.641
16.051000000000002 9.8225
15.4834 10.0369
16.229 9.8559
17.278000000000002 9.8849
19.043 10.121
17.284 10.2571
18.404000000000003 10.1109
17.005 9.974799999999998
17.093999999999998 10.3653
18.194999999999997 10.394200000000001
20.657000000000004 10.6614
18.263000000000005 10.2705
17.042 9.9939
19.762 10.2097
18.231 10.4341
18.855 10.707600000000001
17.801000000000002 10.453999999999999
17.880000000000003 10.389899999999999
18.389999999999997 10.354800000000001
19.769 10.282499999999999
19.302000000000003 10.1894
20.528000000000002 10.184299999999999
17.814 10.4763
17.998 10.489399999999998
17.051 10.3259
18.483 10.300800000000002
18.511999999999997 10.325800000000001
18.891 10.5239
17.681 10.169400000000001
17.126 9.7546
17.638 9.845799999999999
17.851 10.0798
15.697 10.236799999999999
18.106 10.2281
19.371000000000002 10.005500000000001
18.555000000000003 9.994999999999997
19.38 10.223799999999999
19.12 10.533
20.344 10.2225
21.762999999999998 10.225
20.171 10.4679
19.194999999999997 10.3299
17.944000000000003 10.338400000000002
17.973999999999997 10.4127
19.29 10.262099999999998
21.194999999999997 9.9613
21.276999999999997 10.7552
23.887000000000004 10.867600000000001
24.836 11.049999999999999
25.861 11.1582
25.706 11.212000000000002
26.489 11.452700000000002
23.157 11.211500000000001
23.918999999999997 10.701
23.529 10.623600000000001
20.514 10.6676
21.507999999999996 10.0901
23.494 10.549800000000001
24.441000000000003 10.7299
24.950000000000003 10.8667
22.994000000000003 10.908800000000001
23.118 11.083000000000002
24.904000000000003 10.874400000000001
25.547000000000004 10.749300000000002
27.075 11.1841
23.747 10.8238
22.586 10.560699999999999
25.453000000000003 10.8202
24.956 10.8646
26.607999999999997 10.735299999999997
23.705000000000002 10.779599999999999
23.152 10.814499999999999
26.753 10.588100000000003
23.109 11.054700000000002
25.159 10.5941
21.895 10.2704
27.820999999999994 10.6754
26.527999999999995 10.6431
26.831000000000003 10.762799999999999
22.98 10.468200000000003
22.973 10.4819
26.177 10.8541
24.237 10.724900000000002
22.411 10.6908
20.71 10.419599999999999
21.922 10.6426
24.16 10.675200000000002
23.288 10.8838
27.188999999999997 10.665500000000003
23.621 10.735600000000002
21.950999999999997 10.997399999999999
24.273 10.9318
21.821 10.3695
22.736 10.213799999999999
23.042 10.4781
23.942000000000004 10.747000000000002
20.695 10.227400000000001
25.378999999999998 10.375499999999999
21.200000000000003 10.418199999999999
24.197 10.4352
25.489 10.5845
22.242 10.8633
22.992 10.5269
23.484999999999996 10.586100000000002
22.154000000000003 10.5962
20.944 10.7059
22.053 10.976099999999999
22.789 11.025599999999999
21.438 10.5855
20.357999999999997 10.366699999999998
17.057 9.864500000000001
20.732 10.672300000000002
21.667 11.260299999999999
20.612 10.6716
22.195 10.835499999999998
24.000000000000004 10.674999999999999
20.623 9.4453
21.6589 9.6428
20.509999999999998 9.6539
21.208 9.965200000000001
21.496000000000002 11.091900000000003
26.578000000000003 10.6277
23.234999999999996 11.412500000000001
22.557000000000002 11.1867
26.21879 11.6151
24.144000000000002 10.499099999999999
22.938 10.277600000000001
21.095 10.079400000000001
20.965 9.7313
20.764999999999997 9.533800000000001
25.038000000000004 9.390799999999999
23.608000000000004 9.7689
23.136000000000003 9.873499999999998
23.581000000000003 10.137000000000002
24.349 10.215499999999999
25.123 10.487799999999998
21.41 10.2685
19.430999999999997 9.844300000000002
22.822000000000003 10.244700000000002
23.564 9.947799999999999
23.736000000000004 10.0223
20.279000000000003 9.7916
19.984 9.971499999999999
22.013 10.1771
20.389000000000003 10.5187
19.52 9.757399999999999
17.098 9.716499999999998
16.146 9.487100000000002
20.661999999999995 9.528899999999998
20.55 10.1648
18.648 10.0185
17.823 9.9273
19.483999999999998 9.812800000000001
16.426 9.903399999999998
23.098 9.681199999999999
21.2337 10.125200000000001
17.7898 9.884699999999999
17.252000000000002 9.6551
21.343999999999998 10.3617
17.971400000000003 10.198099999999998
16.097 9.6218
18.255899999999997 9.5612
13.906199999999998 9.1603
17.1811 8.921
13.528699999999999 9.2296
