22.54 6.256
24.86 6.258
23.809 6.258
23.602 6.257
23.957 6.258
27.125 6.261
24.073999999999998 6.259999999999999
19.833000000000002 6.258
23.072 6.258
24.09 6.2589999999999995
24.811000000000003 6.259
28.022000000000002 6.257
25.562 6.262
26.325 6.260000000000001
25.147 6.260000000000001
24.549000000000003 6.258
26.580000000000005 6.262
25.311 6.268
27.936 6.263000000000001
25.147 6.260000000000001
27.57 6.260000000000001
26.117999999999995 6.260000000000001
24.267 6.258
26.228 6.256
17.969 6.254
23.748 6.256
24.97 6.257
26.239999999999995 6.262
25.275000000000002 6.261
20.306 6.263000000000001
22.675 6.255000000000001
26.313000000000002 6.258
23.786 6.260000000000001
27.503 6.260000000000001
26.025 6.257
27.704 6.255999999999999
23.358999999999998 6.260000000000001
25.031 6.258
26.087 6.261
26.683999999999997 6.264
23.353 6.2589999999999995
25.0 6.261
20.263 6.255999999999999
23.944000000000003 6.255999999999999
24.524 6.257
25.696 6.262
23.236 6.260000000000001
25.750999999999998 6.2589999999999995
28.102 6.2620000000000005
27.833 6.260000000000001
22.576999999999998 6.261
28.51 6.2620000000000005
25.226000000000003 6.260000000000001
26.373 6.260000000000001
28.496999999999993 6.257
25.994 6.260000000000001
29.7 6.261
29.23 6.257
28.107 6.260000000000001
24.597 6.254
25.958000000000002 6.256
23.407000000000004 6.254999999999999
27.996 6.257
26.123 6.2620000000000005
29.87 6.258
27.172 6.261
27.894 6.2589999999999995
29.321 6.260000000000001
25.420000000000005 6.263000000000001
28.565 6.2639999999999985
25.806 6.264
29.955000000000005 6.264
28.681 6.264
28.253 6.263000000000001
26.782000000000007 6.268
28.252999999999993 6.268
29.333 6.265
26.862 6.266000000000001
27.856 6.262
27.778000000000002 6.268
28.247 6.267
28.095000000000002 6.266000000000001
28.204 6.263000000000001
27.57 6.263000000000001
29.821 6.262999999999999
30.322 6.265
30.572 6.267
26.525 6.268999999999999
26.953000000000003 6.268999999999999
30.414 6.266000000000001
31.201 6.263000000000001
30.413 6.266000000000001
29.083000000000002 6.265
29.571 6.264
28.058 6.2620000000000005
22.211 6.260000000000001
30.608999999999998 6.265
29.559 6.260000000000001
28.693 6.268999999999999
28.797 6.267
28.187 6.262
27.545 6.2589999999999995
27.026000000000007 6.261
27.997 6.260000000000001
24.195 6.258
25.89 6.259999999999999
28.063000000000006 6.264
29.284 6.260000000000001
28.166999999999998 6.258
28.772000000000002 6.257
29.524 6.257
28.381 6.258
23.705000000000002 6.2589999999999995
26.96 6.262
26.073999999999998 6.258
29.194 6.258
28.565 6.261
27.619000000000003 6.262
26.758 6.2700000000000005
25.745 6.262
26.3 6.260000000000001
28.766000000000002 6.265999999999999
28.394 6.265999999999999
28.277 6.265
27.753 6.262
26.935 6.265999999999999
27.687 6.266000000000001
27.679 6.265
25.751 6.267
27.57 6.266000000000001
27.802 6.265
24.151999999999997 6.260000000000001
22.436 6.260000000000001
27.545 6.262999999999999
26.244999999999997 6.262999999999999
28.699 6.262999999999999
26.238 6.262999999999999
24.479999999999997 6.261
27.789 6.260000000000001
23.926 6.261
27.612 6.262999999999999
24.871 6.261
26.983 6.263000000000001
27.367 6.262
25.556 6.260000000000001
25.017999999999997 6.265
25.324 6.263000000000001
21.692000000000004 6.267
18.559 6.261
20.826 6.261
26.214 6.264
28.047 6.263000000000001
26.849 6.265
29.131 6.267
25.842 6.2700000000000005
27.96 6.263000000000001
23.12 6.264
24.157 6.264
16.882 6.261
24.156999999999996 6.261
26.636 6.261
27.85 6.268
26.531 6.267
26.294 6.264
20.043999999999997 6.262
22.174999999999997 6.2589999999999995
27.690000000000005 6.262
24.286 6.263000000000001
21.439999999999998 6.2620000000000005
27.655 6.267
20.752 6.261
24.964000000000002 6.264
27.008000000000003 6.2589999999999995
25.945999999999998 6.261
24.724999999999998 6.265999999999999
19.11 6.266999999999999
22.443 6.264
24.543 6.265
26.996000000000002 6.264
24.823999999999998 6.266000000000001
22.553 6.264
26.642 6.267
24.579 6.262
22.997 6.268
20.898 6.264
24.497999999999998 6.264
25.147 6.263000000000001
24.78 6.259
25.445 6.264
27.118 6.258
24.976000000000003 6.261
26.837 6.258
26.122999999999998 6.255999999999999
22.497999999999998 6.264
25.733 6.264
24.224999999999998 6.267
24.926000000000002 6.268
26.891 6.265
24.921000000000003 6.265
24.390000000000004 6.2589999999999995
25.275 6.263000000000001
26.196 6.259999999999999
25.819000000000003 6.262
27.143 6.260000000000001
26.708 6.260000000000001
25.311000000000007 6.262
24.952 6.260000000000001
27.564 6.268
26.228 6.265
25.665 6.261
24.549 6.263000000000001
25.378 6.261
24.316 6.266000000000001
26.374 6.267
24.427 6.271
25.043 6.269000000000001
26.368 6.266999999999999
25.587 6.266000000000001
24.366000000000003 6.262999999999999
25.531 6.266000000000001
21.588 6.262999999999999
26.318 6.262999999999999
24.524 6.261
24.805 6.257
24.638999999999996 6.258
27.299999999999997 6.2589999999999995
26.739 6.265
27.075 6.2700000000000005
25.537 6.266000000000001
24.895 6.272
26.727 6.268
26.239 6.273
26.812 6.265999999999999
27.971 6.263000000000001
26.012999999999998 6.267
27.014 6.257
25.342 6.262
27.204 6.261
26.861 6.263000000000001
27.642 6.263000000000001
27.174 6.263000000000001
27.673 6.265999999999999
27.624 6.260000000000001
26.923000000000002 6.262
27.02 6.261
25.922 6.263000000000001
25.226000000000003 6.265999999999999
28.059 6.267
27.051000000000002 6.265999999999999
27.32 6.268999999999999
21.014000000000003 6.268
25.445999999999998 6.267
25.756 6.262
25.275 6.267
27.343 6.261
27.73 6.263000000000001
26.209 6.260000000000001
27.558 6.262
27.948 6.267
28.081999999999997 6.264
25.635 6.263000000000001
27.466 6.266000000000001
24.848 6.268999999999999
27.246 6.2700000000000005
26.838 6.274
22.082 6.272
25.184 6.267
21.753 6.269000000000001
22.814999999999998 6.263000000000001
26.483 6.261
25.69 6.262
25.128999999999994 6.261
25.581 6.262
27.435 6.258
22.040000000000003 6.264
27.491 6.263000000000001
25.623 6.262
27.161 6.267
26.941 6.268999999999999
28.582 6.273
25.275 6.267
26.929 6.268
27.179000000000002 6.267
27.172 6.265
26.128999999999998 6.2700000000000005
26.22 6.27
27.044999999999998 6.273999999999999
27.63 6.2700000000000005
