8.804400000000003 34.811
9.517299999999999 34.82999999999999
9.405199999999999 34.82999999999999
9.545399999999999 34.842
8.427100000000001 34.824
10.818800000000001 34.836999999999996
10.550399999999998 34.867000000000004
9.6557 34.839
9.412299999999998 34.833999999999996
10.1383 35.207
10.753400000000001 34.894
10.139600000000002 34.852
9.785099999999998 34.84299999999999
9.2763 34.839999999999996
8.042 34.82799999999999
8.5352 34.81799999999999
8.3569 34.815
9.1057 34.824
8.2459 34.815
8.9374 34.83
8.694700000000001 34.83599999999999
8.9234 35.092000000000006
8.4755 34.82799999999999
9.307099999999998 34.858
8.7896 34.842
9.278199999999998 34.846
8.9723 34.833
8.8307 34.833000000000006
8.7747 34.827
9.534300000000002 34.83599999999999
9.3944 34.861
9.816399999999998 34.848
8.009 34.833
7.9778 35.05800000000001
7.6962 34.824
7.6149 34.821000000000005
8.406100000000002 34.82399999999999
8.2523 34.81799999999999
8.3237 34.815000000000005
8.764899999999999 34.81799999999999
9.2502 34.821000000000005
8.101399999999998 34.82399999999999
7.953400000000001 34.827999999999996
7.427200000000001 34.809
6.938899999999999 34.784000000000006
6.620400000000001 34.959999999999994
7.2008 34.775
7.4327000000000005 34.815000000000005
8.0396 34.80400000000001
8.2001 34.796
8.166299999999998 34.803
7.390700000000002 34.778000000000006
7.0291 34.787
6.3011 34.766000000000005
6.712400000000001 34.766000000000005
6.803900000000001 34.760000000000005
7.240800000000001 34.791
6.7421 34.769000000000005
7.345099999999999 34.784000000000006
7.4026 34.79
7.8564 34.79600000000001
7.785 34.791
8.4587 34.808
7.7784 34.800000000000004
8.205100000000002 34.821
7.0387999999999975 34.79
7.472700000000001 34.794
6.844299999999999 34.784000000000006
7.121000000000002 34.784000000000006
6.7457 35.105
7.3699 34.772000000000006
7.3862999999999985 34.793
8.046100000000001 34.817
7.184299999999999 34.793
7.612499999999998 34.787
7.378500000000001 34.8
7.8429 34.793
8.776 34.827000000000005
8.749 34.833
8.8463 34.830999999999996
8.995999999999999 34.852
7.709 34.83
7.898100000000001 34.809
7.454499999999999 34.875
8.652899999999999 34.92300000000001
7.789999999999997 34.876
9.0609 34.839
8.327000000000002 34.830999999999996
8.3475 34.82699999999999
7.619900000000001 34.803
8.2646 34.818
8.1749 34.805
8.802700000000002 34.818999999999996
8.754199999999999 34.831
10.072100000000002 34.84299999999999
8.4586 34.821
9.009 34.82399999999999
8.330799999999998 34.784000000000006
9.5925 34.787
8.2896 34.787
9.701500000000001 34.809
9.7696 34.836999999999996
9.9679 34.81199999999999
9.6219 34.815000000000005
9.6597 34.825
10.349800000000002 35.285
10.978499999999999 34.852
10.6939 34.858
10.092099999999999 34.858
11.339399999999996 34.882
11.014000000000001 34.873000000000005
10.768599999999998 34.870000000000005
10.9205 34.870000000000005
11.840100000000001 34.915
11.052700000000002 34.888000000000005
11.1882 34.879000000000005
10.772999999999998 34.879000000000005
10.868400000000001 34.924
10.161700000000003 34.924
10.3583 34.870000000000005
10.8905 34.870000000000005
9.986899999999997 34.839999999999996
10.363000000000003 34.870000000000005
9.9495 34.882000000000005
10.5429 34.879
11.234900000000003 34.888000000000005
10.708000000000002 34.873000000000005
11.4885 34.849000000000004
12.184200000000002 34.873
11.945900000000002 35.472
10.5658 34.89699999999999
10.852299999999998 34.879
11.762099999999998 34.909
11.5413 34.93
10.521000000000003 34.906
10.5801 34.909
10.033600000000002 34.888000000000005
9.7034 34.87
10.233600000000001 34.876000000000005
11.572300000000002 34.882000000000005
10.9845 34.903000000000006
10.780399999999998 35.161
9.047200000000002 34.84899999999999
9.596400000000003 34.861
10.3002 34.879
9.902800000000001 34.864
10.3377 34.867
11.2938 34.900000000000006
10.449700000000002 34.876000000000005
11.1722 34.89699999999999
10.130600000000001 34.858
10.997499999999999 34.852
11.4364 34.858
12.518600000000003 35.156000000000006
10.987999999999998 34.864
11.712800000000003 34.858
12.636599999999998 34.897
10.9377 34.879
11.115400000000001 34.858
10.8744 34.852
10.2009 34.846
10.276000000000002 34.842
10.529 34.879
12.4983 34.915
12.639599999999998 34.94199999999999
11.410499999999999 35.278999999999996
10.6461 34.873000000000005
12.4954 34.888000000000005
12.1533 34.882000000000005
10.658400000000002 34.855
10.835899999999997 34.861
11.53 34.888000000000005
11.956700000000001 34.916
13.041599999999997 34.96
12.5062 34.945
13.018099999999999 34.957
13.481899999999996 34.97500000000001
13.6032 35.294
12.936899999999998 34.933
12.223800000000002 34.900000000000006
11.4537 34.882
11.449100000000001 34.891
12.2855 34.906
11.551099999999998 34.879000000000005
9.798499999999997 34.87
10.7791 34.867000000000004
13.1165 34.95100000000001
12.464200000000002 34.92999999999999
12.2087 34.912
11.882100000000001 35.423
11.9391 34.962999999999994
12.062200000000002 35.007
12.742099999999997 34.961
13.398600000000002 34.94499999999999
12.8526 34.912
13.2883 34.906000000000006
12.600800000000001 34.906
12.537499999999998 34.90299999999999
11.868199999999998 34.894
11.327199999999998 34.891
12.545800000000002 34.897
12.3295 34.909
12.491700000000002 34.912
13.092799999999999 34.936
13.081999999999999 34.92999999999999
11.795300000000001 34.9
12.721999999999998 34.927
11.7404 34.894
12.536300000000002 34.90599999999999
12.9053 34.918
13.945499999999997 34.951
13.301599999999999 34.954
11.924 34.9
12.2559 35.299
13.320100000000004 35.062000000000005
13.192699999999999 34.924
11.4647 34.894000000000005
10.867499999999998 34.882000000000005
11.321699999999996 34.873000000000005
12.1795 34.906000000000006
11.518999999999998 34.888
11.9682 34.897
12.432000000000002 34.90299999999999
11.7037 34.885
12.617600000000001 34.91799999999999
12.354800000000003 34.94199999999999
11.909099999999997 35.003
10.3526 34.873000000000005
11.4571 34.888000000000005
11.378799999999998 34.894
11.220500000000001 34.87899999999999
11.4285 34.885
13.096599999999997 34.92399999999999
11.302399999999999 34.897
12.272300000000001 34.903
13.090399999999999 34.93599999999999
13.419500000000001 34.939
12.718900000000003 35.471000000000004
12.6592 35.003
11.4367 34.9
11.609800000000002 34.888
12.082 34.894
12.332800000000004 34.909
11.955499999999997 34.894
11.596100000000002 34.9
11.223799999999997 34.88499999999999
12.495199999999999 34.915
12.1483 34.909
12.510499999999999 34.921
11.393 35.099999999999994
11.465499999999999 34.885
11.0524 34.876000000000005
10.620100000000003 34.861
10.789900000000003 34.873
11.0484 34.879
10.6821 34.876
11.315199999999997 34.864
12.467899999999997 34.912
12.2512 34.90299999999999
12.1193 34.89699999999999
12.887400000000001 34.906000000000006
12.768400000000002 35.333999999999996
12.560600000000003 35.041
11.680499999999999 34.90299999999999
12.0439 34.903000000000006
11.755500000000001 34.906
11.319899999999999 34.903
11.2347 34.885
12.286200000000003 34.93
12.126299999999999 34.924
12.8098 34.94199999999999
11.2594 34.90299999999999
10.515899999999997 34.873000000000005
10.829799999999999 35.169
11.439100000000002 34.94199999999999
10.8551 34.888
11.845499999999998 34.909
10.759599999999999 34.891
10.776499999999999 34.882
10.574800000000002 34.879000000000005
10.833700000000002 34.888
10.077700000000002 34.879
9.7511 34.858000000000004
9.8025 34.870000000000005
10.174999999999999 34.879000000000005
10.7805 35.28399999999999
11.8843 34.94
11.128899999999998 34.88799999999999
