12.592999999999998 11.899999999999999
12.633 11.868000000000002
12.495000000000001 11.869
12.546000000000001 11.867000000000003
12.368 11.841000000000003
12.731 11.829999999999998
12.570999999999998 11.801999999999998
12.536 11.791
12.217 11.742999999999999
12.380999999999997 11.69
12.590000000000002 11.670999999999998
12.39 11.658
12.065000000000001 11.664
12.139 11.664
12.181000000000001 11.556
12.163000000000002 11.536
12.088000000000001 11.540000000000001
11.934000000000001 11.528999999999998
12.1 11.514000000000001
12.144499999999999 11.507000000000001
12.1566 11.487999999999998
12.217 11.456999999999999
11.981 11.424000000000001
11.908299999999999 11.415000000000001
11.7368 11.415000000000001
11.8026 11.407
11.5931 11.402000000000001
11.0638 11.379999999999999
11.2285 11.362
11.282 11.332999999999998
11.2463 11.318
11.1917 11.318999999999999
11.103 11.304000000000002
11.533 11.272999999999998
11.3257 11.270000000000001
11.1617 11.267000000000001
11.270100000000001 11.278
11.3541 11.356
11.6324 11.408
11.300799999999999 11.421000000000001
11.393500000000001 11.424000000000001
11.122400000000003 11.408000000000001
10.871199999999998 11.399000000000003
10.4222 11.376
10.3966 11.360999999999999
10.484300000000001 11.357
10.189 11.353
9.8212 11.363999999999999
9.886299999999999 11.358
9.938299999999998 11.333
9.525699999999999 11.308
9.774899999999999 11.346000000000002
9.355200000000002 11.399000000000001
9.549 11.439
9.181899999999999 11.481999999999998
8.7815 11.449000000000002
8.685399999999998 11.359000000000002
8.7718 11.349
8.3741 11.357000000000001
8.4991 11.350999999999999
8.5709 11.350000000000001
8.3383 11.366000000000001
8.536200000000001 11.359
8.236799999999999 11.387
8.5618 11.408000000000001
8.3 11.402999999999999
8.3543 11.413
8.538 11.425
8.3628 11.437000000000003
8.448500000000001 11.434000000000003
8.0864 11.413
7.7541 11.401
7.878099999999997 11.398
7.7177999999999995 11.414
7.538700000000001 11.471
7.6149 11.495
7.502700000000001 11.547
7.8011 11.577
7.946099999999999 11.580999999999998
8.0957 11.616999999999999
7.902899999999999 11.652
7.857199999999999 11.635000000000002
8.2705 11.634000000000002
8.2572 11.654
8.332799999999999 11.666000000000002
8.326199999999998 11.657
8.910799999999998 11.701
9.269600000000002 11.745000000000001
8.9436 11.852000000000002
9.218399999999999 12.0
9.478800000000001 12.162999999999998
9.464999999999998 12.302000000000001
9.204500000000001 12.405000000000001
10.299 12.447
10.011899999999999 12.472
9.994100000000001 12.500999999999998
10.4225 12.545
10.1955 12.541000000000002
10.802100000000001 12.674
11.0984 12.758000000000003
10.7365 12.795000000000002
10.7709 12.811
10.909700000000003 12.838
10.901100000000001 12.851
11.5373 12.834000000000001
10.9742 12.822999999999999
11.3986 12.814999999999998
11.942000000000002 12.824
12.081999999999999 12.832999999999997
12.686 12.847
13.046 12.863999999999997
12.799000000000001 12.905999999999999
13.007 12.974
13.106000000000002 12.939000000000004
13.307000000000002 12.897
13.094 12.893000000000002
13.229 12.878
13.333 12.883000000000003
13.523000000000001 12.868000000000002
13.780000000000001 12.870000000000005
13.968999999999998 12.863000000000003
14.329 12.886000000000001
14.144000000000002 12.911
14.197000000000001 12.911999999999999
14.267 12.920000000000002
14.078 12.905999999999999
14.618 12.905
15.803 12.961
16.003 12.995000000000001
15.839999999999998 13.014000000000001
16.314000000000004 13.035000000000002
15.602000000000002 13.065999999999999
14.552000000000001 13.07
14.251 13.074
14.727 13.084000000000001
14.713000000000001 13.099
14.582999999999998 13.113
16.747999999999998 13.117
14.649000000000001 13.146000000000003
15.093 13.161999999999999
15.442 13.226
15.273 13.258000000000001
15.479 13.294
15.633999999999999 13.288
15.689999999999998 13.245000000000001
15.381 13.231000000000002
15.642999999999999 13.224
16.487 13.245
16.142 13.261000000000001
16.225 13.252
16.01 13.263000000000002
16.139 13.276
16.999 13.269999999999998
17.028000000000002 13.289000000000001
17.498 13.343000000000002
17.004 13.370999999999999
17.396 13.367
17.517999999999997 13.4
18.191000000000003 13.398
17.776 13.385000000000002
18.304 13.370000000000001
18.535 13.370999999999999
18.743000000000002 13.363999999999997
18.898 13.409
18.892000000000003 13.451000000000002
19.484 13.488
20.0 13.491999999999999
20.291999999999998 13.533999999999999
20.603999999999996 13.545000000000002
19.688 13.562
20.022 13.629
18.59 13.645999999999999
18.909 13.652000000000001
19.434 13.672
19.049000000000003 13.715
19.233999999999998 13.778000000000002
19.451999999999998 13.833
21.168 14.020000000000001
21.240000000000002 14.143
20.154 14.224
20.171 14.214000000000002
20.194000000000003 14.238999999999999
20.071 14.237
20.244999999999997 14.269000000000002
19.946 14.289000000000001
20.123 14.313000000000004
19.814999999999998 14.357999999999999
20.163000000000004 14.386
20.251 14.398
20.026000000000003 14.448
20.526999999999994 14.477
20.253 14.492000000000003
20.398999999999997 14.518
20.764999999999997 14.497000000000002
20.586 14.493
20.764000000000003 14.501000000000003
20.962 14.515000000000002
21.334999999999997 14.529999999999998
22.038 14.504999999999999
21.328 14.506
20.575 14.514000000000001
21.292 14.549999999999999
20.730000000000004 14.564
20.514 14.533000000000001
20.414999999999996 14.533
20.288999999999994 14.554999999999998
24.84177 16.337600000000002
22.362000000000002 14.686900000000003
21.317 14.0887
20.953999999999997 14.194999999999999
20.301 14.203
20.880999999999997 14.229
21.105 14.241999999999999
20.424 14.273999999999997
20.884999999999998 14.276999999999997
20.065 14.279
20.176 14.288
19.659 14.302999999999999
20.650000000000002 14.302999999999999
20.447 14.334
19.868 14.346999999999998
21.085 14.354
20.7 14.336000000000002
20.322000000000003 14.325000000000001
20.194000000000003 14.337
20.375 14.341999999999999
20.352999999999998 14.389
19.909 14.408000000000001
19.977 14.439000000000002
19.557999999999996 14.414
19.184000000000005 14.418999999999999
19.299000000000007 14.422999999999996
19.541000000000004 14.400999999999996
19.486 14.408000000000001
19.492 14.418000000000001
20.003999999999998 14.434999999999999
20.216 14.443999999999999
20.728 14.452000000000002
20.427 14.468999999999998
20.345999999999997 14.488999999999999
20.052 14.526
20.647 14.546000000000001
20.382999999999996 14.521999999999998
20.925 14.501999999999999
20.182 14.525000000000002
19.668000000000003 14.546999999999999
19.944 14.545
19.648000000000003 14.575
19.831999999999997 14.623
19.586000000000002 14.681
19.458 14.645
19.692 14.623
18.773 14.648
18.604000000000003 14.589000000000002
18.668000000000003 14.580000000000002
19.419 14.649999999999999
18.458 14.658
19.204 14.641000000000002
19.451 14.656000000000002
19.046000000000003 14.649000000000001
18.802000000000003 14.653999999999998
18.403 14.649999999999999
18.384999999999998 14.655999999999997
17.840999999999998 14.652999999999999
17.778 14.636000000000001
17.976999999999997 14.591000000000001
17.994 14.57
17.696 14.549999999999999
17.827 14.531000000000002
17.592000000000002 14.506000000000002
17.349 14.494000000000002
17.328000000000003 14.469000000000001
17.092 14.498
17.604 14.467000000000002
17.608 14.463999999999999
17.074 14.445
16.322 14.337
15.540999999999999 14.124999999999998
15.645999999999999 13.918
15.129000000000001 13.776
15.200000000000003 13.691999999999998
14.960999999999999 13.656000000000002
15.229000000000001 13.606000000000002
14.248 13.524
14.011999999999997 13.501000000000001
13.904999999999998 13.488
14.107999999999999 13.435
13.958 13.397
