38.34209999999999 6.252809999999999
37.7627 6.260049999999999
39.13040000000001 6.269590000000001
38.8117 6.306920000000001
39.342899999999986 6.29275
38.8573 6.306159999999999
38.211600000000004 6.291020000000001
38.421600000000005 6.26806
38.712499999999984 6.27832
42.09730000000001 6.318450000000002
41.9905 6.35891
40.8492 6.34271
41.7124 6.342299999999999
40.9261 6.327030000000001
41.60980000000001 6.387060000000003
42.0514 6.406929999999998
41.53380000000001 6.393329999999999
40.366699999999994 6.39413
42.2652 6.401320000000001
41.1818 6.34404
42.14140000000002 6.37386
42.06719999999999 6.40927
41.791000000000004 6.43832
41.45520000000002 6.401040000000001
42.02029999999999 6.399020000000001
41.4818 6.410310000000001
42.16080000000001 6.42316
42.68309999999999 6.404490000000002
44.594980000000014 6.619249999999999
44.000700000000016 6.597989999999999
44.01031000000001 6.602855000000001
43.0282 6.3928899999999995
43.91809999999999 6.665270000000002
41.745000000000005 6.305999999999999
41.56709999999999 6.339660000000001
40.25289999999998 6.2620200000000015
42.24689999999999 6.275600000000001
41.021200000000015 6.263079999999999
40.5156 6.28674
39.97389999999999 6.280150000000001
40.8587 6.291860000000001
40.791699999999985 6.33075
40.474899999999984 6.307760000000001
39.2019 6.258610000000001
39.613600000000005 6.272779999999998
39.620599999999996 6.27736
39.765699999999995 6.24731
39.7581 6.2798300000000005
41.2323 6.30805
41.785900000000005 6.29725
40.24999999999997 6.236070000000001
40.05309999999999 6.22399
39.56790000000001 6.200360000000001
38.751700000000014 6.189309999999999
38.2345 6.19086
37.9635 6.162810000000001
37.84600000000001 6.18212
37.44920000000001 6.177859999999999
37.9337 6.1941
37.8692 6.177650000000001
38.62529999999998 6.180669999999999
37.84819999999999 6.155950000000001
37.30939999999999 6.15445
37.163799999999995 6.1415099999999985
37.1094 6.142680000000001
37.59890000000001 6.175010000000001
36.94181000000002 6.294929999999999
35.9011 6.0491
35.80280000000001 6.046120000000001
34.33960000000001 6.050179999999999
33.934000000000005 6.04008
34.0729 6.03357
33.973199999999984 6.044710000000001
33.7032 6.01728
34.37939999999999 6.011440000000001
36.089500000000015 6.06013
34.51350000000001 6.052709999999999
32.427200000000006 6.00615
31.340200000000003 5.985570000000001
31.449700000000007 5.934069999999999
32.5473 5.9477
32.377500000000005 5.94543
31.134400000000007 5.938399999999999
30.77780000000001 5.91328
31.53309999999999 5.9236
31.048199999999998 5.90023
32.080000000000005 5.90493
30.832000000000008 5.899999999999999
31.4894 5.877599999999999
31.275000000000002 5.88261
32.57050000000001 5.91438
32.1406 5.97523
32.11309999999999 5.968800000000001
32.3296 5.992470000000001
31.668000000000003 6.049979999999998
34.288700000000006 6.039270000000001
33.5297 6.02672
32.703500000000005 6.0017
32.50269999999998 5.977780000000001
32.0473 5.95255
31.098390000000002 6.042310000000001
30.572700000000008 5.910210000000001
31.200099999999992 5.884940000000001
30.41090000000001 5.855589999999999
30.152499999999993 5.87342
30.221499999999995 5.8683499999999995
30.21230000000001 5.87766
30.018499999999992 5.8787199999999995
30.488 5.890799999999999
29.493900000000007 5.863620000000001
30.056 5.881859999999999
30.74709999999999 5.90693
28.928999999999995 5.913249999999998
29.353599999999997 5.865729999999999
30.673000000000002 5.92741
30.2572 5.8843999999999985
29.949700000000018 5.912249999999999
29.19440000000001 5.895510000000001
29.129899999999985 5.853080000000001
30.832500000000014 5.86158
30.460000000000004 5.878929999999999
29.963599999999985 5.86746
29.9724 5.868340000000001
29.572000000000003 5.870590000000001
30.01529999999999 5.866680000000001
30.032799999999988 5.85953
31.469390000000008 6.053889999999999
30.656899999999997 5.854529999999999
32.588 6.047220000000002
31.223699999999994 5.859679999999999
31.324800000000007 5.863879999999997
30.5079 5.87768
30.1894 5.885509999999998
34.065509999999996 6.531450999999999
30.727099999999997 5.7216
30.50050000000001 5.711599999999999
30.0216 5.710399999999997
29.945300000000003 5.729000000000001
30.037600000000005 5.734650000000001
32.03060000000001 5.760389999999999
31.782000000000004 5.785369999999999
31.687199999999997 5.788890000000001
30.89679999999998 5.77778
31.9384 5.796269999999999
32.616899999999994 5.8475600000000005
32.67030000000001 5.84205
32.3726 5.8468
32.4677 5.877660000000001
31.20949999999999 5.858560000000001
32.28709999999999 5.864879999999999
32.8176 5.93034
32.276970000000006 6.04576
32.0775 5.81348
33.00769999999999 5.829360000000001
32.83370000000001 5.844079999999999
34.3903 5.905139999999999
34.87690000000001 5.9746
36.924091999999995 6.653358000000001
39.47846 6.9124219999999985
34.403400000000005 5.7485800000000005
34.59700000000001 5.785231
35.28877 5.84232
34.56849999999999 5.582740000000001
34.50099999999999 5.61654
35.2983 5.65808
34.36100000000001 5.623799999999999
34.205 5.643159999999999
37.5325 5.74372
38.993300000000005 5.943660999999998
38.09659999999999 5.780240000000002
36.542 5.708340000000002
36.49809999999999 5.723220000000001
36.2427 5.72187
36.7478 5.740659999999998
36.90289999999999 5.7966700000000015
36.2382 5.680879999999999
36.7588 5.783929999999998
36.9848 5.7940499999999995
37.4388 5.797160000000001
37.7877 5.8241900000000015
37.91589999999999 5.817999999999999
39.71382000000002 6.025743000000001
38.4303 5.82517
39.44759999999999 5.83097
39.68220000000001 5.878050000000001
40.81900000000001 5.893399999999998
41.041399999999996 6.125253
38.08130000000001 5.816819999999998
37.899100000000004 5.797619999999999
38.13380000000001 5.883970000000001
37.609299999999976 5.86911
39.4043 5.8796300000000015
39.666399999999996 5.915169999999998
38.62650000000001 5.868509999999999
38.2368 5.830450000000001
37.526199999999996 5.854279999999999
39.818880000000014 6.03438
38.5996 5.89208
39.21540000000001 5.88607
39.128399999999985 5.86757
40.07480000000002 5.872799999999999
39.656700000000015 5.906879999999998
38.58939999999999 5.85288
36.5032 5.8441600000000005
37.01550000000001 5.845910000000002
37.1448 5.827780000000001
37.7156 5.811160000000001
37.0702 5.8215400000000015
36.8769 5.8471199999999985
37.399500000000025 5.833899999999999
38.8162 5.833310000000001
38.2537 5.82782
37.67940000000001 5.86312
37.965499999999984 5.862570000000001
37.377599999999994 5.83743
37.63890000000002 5.856870000000002
37.67269999999999 5.862579999999999
37.466300000000004 5.87884
43.02273 6.444440000000001
39.1987 5.789200000000001
39.87500000000001 5.7576600000000004
41.2335 5.799449999999999
38.26579 6.079707000000001
37.29016 5.83328
36.037000000000006 5.69422
36.3334 5.673470000000001
38.1176 5.824079
37.81350000000001 5.85554
37.0609 5.677860000000002
36.2402 5.62213
36.6292 5.631770000000003
37.06600000000001 5.64596
37.50379999999999 5.675289999999999
38.070000000000014 5.694279999999999
38.4587 5.721280000000001
37.178700000000006 5.651669999999999
37.45660000000001 5.675580000000002
36.039 5.7114199999999995
33.7107 5.64937
34.16239999999999 5.635159999999999
34.39149999999999 5.6498800000000005
34.895500000000006 5.63561
36.74079999999999 5.66282
37.9035 5.6937700000000016
37.6961 5.73099
37.495999999999995 5.705659999999998
38.539300000000004 5.751200000000002
38.19429999999999 5.761890000000001
37.806 5.7517499999999995
38.196200000000005 5.770090000000001
39.408899999999996 5.82471
38.219500000000004 5.76537
38.331999999999994 5.87657
36.104299999999995 5.757360000000001
35.44960000000001 5.798660000000002
33.83019999999999 5.70917
34.206300000000006 5.672129999999999
33.944500000000005 5.6695600000000015
35.0644 5.70633
36.607099999999996 5.76249
37.5209 5.837450000000002
36.71480000000001 5.80441
35.944099999999985 5.79221
35.6111 5.78512
35.9925 5.7859300000000005
34.66859999999999 5.731650000000002
36.630100000000006 5.758239999999999
36.87500000000001 5.800450000000001
36.548300000000005 5.813710000000001
36.19599999999999 5.75653
35.9569 5.752769999999999
35.30740000000001 5.730290000000001
35.677 5.744020000000002
36.12289999999999 5.77263
35.724799999999995 5.76059
35.0427 5.7437
36.20699999999999 5.772889999999999
37.242 5.750399999999998
36.259699999999995 5.7746
36.90959999999999 5.7726799999999985
37.3108 5.7646
35.9123 5.75058
35.311699999999995 5.78603
36.5983 5.761819999999999
37.3066 5.805969999999999
35.99060000000001 5.760070000000001
35.132200000000005 5.7697
35.8892 5.773980000000001
