40.58 10.871200000000002
41.599000000000004 10.899399999999996
41.338 10.884799999999998
41.732 10.930500000000002
42.343 11.080099999999998
42.249 11.0672
41.569 10.950700000000001
42.344 10.8962
41.474 10.847499999999998
41.403 10.8523
42.38 11.006800000000002
41.128 11.577700000000002
42.086 11.2257
41.85499999999999 11.1887
40.933 11.2467
41.17900000000001 11.2123
41.669 11.1542
43.02400000000001 11.1969
43.289 11.222699999999998
43.623000000000005 11.1295
43.253 11.36
42.059 11.3686
42.357 11.269400000000001
42.13000000000001 11.305299999999999
41.365 11.0671
41.787 11.039
40.575 10.9841
40.168000000000006 10.8398
39.68899999999999 10.905400000000002
39.702000000000005 10.9396
39.448 10.9009
38.97800000000001 10.855799999999999
38.237 10.7932
37.973 10.714000000000002
37.599000000000004 10.6621
37.316 10.5042
36.44500000000001 10.379000000000001
36.47 10.199599999999998
36.06300000000001 10.200600000000001
35.20600000000001 10.198199999999998
34.360600000000005 9.979199999999999
33.783500000000004 9.8047
33.3749 9.790799999999999
32.896899999999995 9.6435
32.005 9.5476
32.173 9.5833
31.957 9.561100000000001
30.11379999999999 9.395000000000001
29.596499999999992 9.195999999999998
30.330299999999998 9.075
29.476699999999994 9.0916
28.428099999999993 8.9977
28.1024 9.0008
27.525599999999994 8.921199999999999
26.741799999999998 8.8244
26.871599999999994 8.5957
26.768199999999997 8.451600000000001
25.710299999999997 8.4224
24.898600000000002 8.307100000000002
25.5526 8.2417
25.8271 8.1043
25.225199999999997 8.074300000000001
24.6283 7.886100000000002
22.8959 7.577
23.135699999999996 7.8262
21.932800000000004 7.8454
20.668300000000002 7.754900000000001
20.1783 7.6528
19.699799999999996 7.5393
18.703900000000004 7.4438
18.220899999999997 7.4128
17.422500000000003 7.3231
17.032700000000002 7.2728
16.8128 7.179899999999999
16.319399999999998 7.134199999999999
16.3636 7.0462
15.8988 7.0267
15.488399999999999 6.963499999999999
15.029100000000001 6.8909
13.765700000000002 6.500299999999999
13.251600000000002 6.4719
13.060700000000002 6.410099999999999
17.42127 7.223589999999999
12.745000000000001 6.533599999999999
13.051400000000001 6.499099999999999
13.007300000000003 6.4525
12.3447 6.418299999999999
11.8743 6.3687000000000005
12.080700000000002 6.322199999999999
12.158599999999998 6.317399999999999
11.826 6.2895
11.391499999999999 6.267000000000002
10.570599999999999 6.207200000000001
10.014600000000002 6.2097999999999995
9.508299999999998 6.187600000000001
9.6431 6.161800000000001
9.375700000000002 6.144200000000001
9.458000000000002 6.112299999999999
9.338700000000005 6.097600000000001
9.225200000000001 6.084200000000001
9.4214 6.0652
9.278699999999999 6.055700000000001
9.2323 6.010199999999999
9.344199999999999 6.0038
8.956299999999999 5.981399999999999
8.727400000000001 5.9738999999999995
8.5822 5.9535
8.479000000000001 5.935600000000001
8.411900000000001 5.906899999999999
8.5258 5.8872
8.5257 5.8814
8.138499999999999 5.853700000000001
8.018600000000001 5.838400000000001
7.957600000000002 5.8294
8.176499999999999 5.812799999999999
8.3682 5.8062
7.9079 5.792
8.019400000000001 5.7705
7.9704 5.766100000000001
7.9545 5.752
7.937899999999997 5.7494999999999985
7.614999999999999 5.7361
7.8081 5.729299999999999
8.169500000000001 5.7338000000000005
7.920800000000002 5.715400000000001
7.8549999999999995 5.7377
7.844199999999998 5.7311
8.294599999999999 5.7586
8.393900000000002 5.7494
8.6894 5.776
8.925300000000002 5.7653
8.7561 5.769700000000001
9.1468 5.7612000000000005
9.5547 5.754700000000001
10.0442 5.7711999999999986
10.258200000000002 5.782
10.546399999999997 5.822900000000001
10.5796 5.8387
11.2097 5.8639
12.148699999999998 5.855899999999999
12.417600000000002 5.9262999999999995
12.419300000000002 5.930000000000001
12.651699999999998 5.983900000000002
13.095600000000001 5.9916
14.115999999999998 6.013
14.836299999999996 6.0538
16.096500000000002 6.1046
16.172900000000006 6.161499999999999
16.3329 6.2442
17.0272 6.331600000000001
17.7753 6.346799999999998
18.4068 6.360900000000001
20.785 6.3749
22.0681 6.496200000000001
22.7734 6.562800000000002
23.510799999999996 6.6462
23.517199999999995 6.7700999999999985
23.8733 6.801700000000002
24.686799999999998 6.9288
24.773899999999998 7.118
25.4325 7.244599999999999
25.7778 7.2878
27.504899999999992 7.465
29.237999999999996 7.631200000000001
29.779 7.755799999999999
30.72000000000001 7.8054999999999986
30.911999999999995 8.053600000000001
31.129000000000005 8.268099999999999
32.23600000000001 8.3561
33.982 8.6968
34.609 8.9626
35.06600000000001 9.091000000000001
36.661 9.4091
36.334 9.533800000000001
38.083999999999996 9.751999999999999
34.919 9.053
38.05500000000001 10.0825
38.447 10.1625
38.17700000000001 10.302999999999999
39.167 10.382200000000001
39.095 10.4776
40.146 10.6521
41.54 10.748399999999997
41.565 11.088
42.397 11.259199999999996
41.961999999999996 11.2442
41.929 11.194700000000001
41.91999999999999 11.241200000000001
42.711999999999996 11.2389
42.974000000000004 11.3648
43.31499999999999 11.4686
43.842000000000006 11.4676
43.106 11.4572
43.388 11.4516
42.790000000000006 11.4517
44.25799999999999 11.5087
44.816 11.768299999999998
46.44600000000001 11.732499999999998
47.38 11.6684
48.52199999999999 11.739299999999997
47.858 11.7944
47.375000000000014 11.820599999999995
46.275000000000006 11.898700000000002
45.79100000000001 11.839400000000001
44.519 11.711200000000002
45.445 11.749799999999997
46.400000000000006 11.700600000000001
46.218999999999994 11.8051
46.758 11.850599999999998
46.856 11.9467
47.837999999999994 11.945999999999998
48.083999999999996 11.930699999999998
48.24 12.0659
48.041 12.112499999999999
48.66 12.2367
47.650999999999996 12.364899999999999
47.276999999999994 12.3453
46.727999999999994 12.337999999999997
47.687999999999995 12.1102
48.758 12.211500000000001
49.423 12.0796
49.523 12.199399999999999
48.17899999999999 12.3825
47.787 12.287900000000002
48.39200000000001 12.4412
47.546 12.5412
48.748000000000005 12.372599999999998
48.44199999999999 12.3597
48.028000000000006 12.3411
49.212 12.43
49.13600000000001 12.4407
48.565 12.435899999999997
49.922 12.6448
50.06699999999999 12.689200000000003
50.855 12.707700000000003
52.323 12.7756
50.891 12.7577
49.426 12.7418
48.248000000000005 12.6388
47.237 12.507499999999999
47.68900000000001 12.547999999999998
48.407 12.486099999999999
48.428 12.512400000000001
47.435 12.387899999999998
47.521 12.4363
48.126999999999995 12.465800000000003
47.431 12.4475
48.837 12.6069
48.59 12.7265
48.34300000000001 12.878499999999999
48.333 12.984599999999999
48.75500000000001 12.9576
48.90400000000001 12.828700000000001
48.061 12.723600000000001
48.97 12.632600000000002
48.296000000000014 12.578099999999997
47.71500000000001 12.476999999999999
47.418 12.5139
47.518 12.479399999999998
48.07799999999999 12.426499999999999
46.690999999999995 12.393199999999997
46.599 12.429099999999998
47.363000000000014 12.303499999999998
46.06499999999999 12.2876
44.519 12.1597
44.52900000000001 12.0346
44.830999999999996 11.844600000000002
44.42699999999999 11.860899999999999
43.698 11.7082
43.42100000000001 11.6965
43.896 11.551800000000002
44.029999999999994 11.6457
43.735 11.6959
43.309 11.621599999999995
43.11099999999999 11.614099999999999
42.84500000000001 11.520400000000002
42.778999999999996 11.400599999999999
43.147999999999996 11.232800000000003
41.352 11.191600000000001
41.81 11.124400000000001
42.297 11.3572
41.674 11.167199999999998
41.002 11.065800000000001
41.203 10.9857
40.95099999999999 11.032899999999996
40.82600000000001 10.9429
40.92600000000001 10.9865
40.93300000000001 10.989399999999998
