13.7952 9.125199999999998
12.8525 8.8535
12.4519 8.7834
11.4203 8.611099999999999
13.120500000000002 8.530100000000001
13.384199999999998 8.7603
12.1235 8.8706
12.433300000000001 8.7119
12.2756 8.7739
11.988900000000001 8.6275
13.614199999999999 8.7308
12.1827 9.3745
10.6889 9.012499999999998
11.085 8.6895
12.516200000000003 9.029000000000002
11.489100000000002 9.1879
11.755 8.9109
11.8763 9.1079
10.275699999999999 8.704
12.761799999999997 8.5374
12.9468 9.253
10.841000000000001 8.934899999999999
11.835899999999999 8.5753
12.5692 8.4071
12.634199999999998 8.8446
12.290900000000002 8.732099999999999
13.153 9.0725
12.379399999999999 9.478399999999999
13.7594 9.349900000000002
11.396499999999998 9.1948
12.1859 9.079600000000001
13.4055 9.106499999999999
12.324799999999998 9.2055
13.930200000000001 9.279
13.1717 9.4182
14.309999999999997 9.3688
14.285999999999998 9.6119
13.798000000000002 9.1016
13.787000000000003 9.0716
13.911599999999996 8.9781
13.921700000000001 9.518600000000001
12.2781 9.9668
13.1846 9.486699999999999
12.289499999999997 9.2852
12.849499999999999 9.1798
11.7476 9.3462
13.505600000000001 9.1498
11.916400000000001 9.156699999999999
11.4972 8.913399999999998
12.219800000000001 8.7475
11.6662 9.2788
11.905600000000002 8.873100000000003
11.5551 8.934899999999999
13.119200000000001 9.212500000000002
13.642499999999998 9.778599999999999
12.872999999999998 9.6115
11.3308 8.9249
10.451699999999999 8.7317
11.252200000000002 9.0062
10.342799999999999 8.7136
14.138699999999998 8.945
13.188999999999998 8.8309
11.8675 9.099599999999999
10.4421 8.681700000000001
14.739699999999997 9.478499999999999
11.0059 9.0506
11.3085 9.018799999999999
11.3241 8.6203
11.550099999999999 9.0888
11.782599999999999 9.2902
11.470299999999998 8.7047
9.832900000000002 8.3061
10.980399999999998 8.6979
12.4786 9.440999999999999
10.6167 9.4048
10.4208 9.159400000000002
10.359000000000002 9.138499999999999
11.2881 8.5462
10.6849 8.495800000000001
12.6047 9.0467
11.0162 9.0317
12.252199999999998 8.645999999999999
13.569999999999999 9.096900000000002
10.5952 8.941699999999999
12.4669 8.9663
14.0618 9.1396
12.9776 8.8841
12.174000000000001 8.549900000000001
12.614999999999998 8.770299999999999
11.6768 8.44
15.4161 9.4509
15.076799999999999 9.502300000000002
12.820899999999998 9.0151
12.806000000000001 8.806899999999999
15.401000000000002 9.203999999999999
14.4259 9.5348
13.7853 8.732000000000001
15.2253 8.855699999999999
16.450300000000002 9.7531
14.378000000000002 9.321
16.161 9.472900000000001
13.931 8.7944
15.9509 9.057099999999998
15.9491 9.385499999999999
15.261700000000001 9.281699999999999
14.652300000000002 9.0532
15.165000000000001 9.0297
15.1784 9.3205
14.937000000000001 9.4174
15.571000000000002 9.7558
16.1785 9.3234
16.265600000000003 9.703700000000001
15.018400000000002 9.387099999999998
16.948999999999998 9.4383
17.093000000000004 9.2694
15.02 9.323
17.032000000000004 10.035
15.498000000000001 9.688999999999998
16.579400000000003 9.4823
16.518300000000004 9.645000000000001
18.224999999999998 10.0144
16.146 9.4908
16.0176 9.222199999999999
16.770000000000003 9.2164
14.383 9.443
17.802 9.2919
18.318999999999996 9.790299999999998
17.628000000000004 9.689499999999999
16.511 9.5466
17.786 9.9353
15.925 9.4253
16.377 9.0357
16.664 9.352
17.3321 9.668000000000001
15.899 10.131699999999999
19.42 9.880299999999998
18.583999999999996 10.192600000000002
19.436 9.7265
18.380000000000003 9.733400000000001
14.543000000000001 9.552900000000001
17.7852 9.2831
17.496499999999997 9.452399999999999
17.878000000000004 9.5773
15.089 9.5064
20.231 9.447000000000001
19.301000000000002 9.574
19.988999999999997 10.058899999999998
17.447000000000003 9.634300000000001
16.348999999999997 9.2183
18.744 9.4579
17.259 9.5092
17.410000000000004 9.664100000000001
18.203999999999997 9.7094
17.53 9.4195
19.205 9.592
17.238 9.4508
20.378 9.580300000000001
17.167000000000005 9.6567
18.313000000000002 9.4645
15.193999999999999 9.0724
17.341 9.146299999999998
17.502000000000002 9.311
17.097 9.332500000000001
18.697 9.2946
19.375000000000004 9.7139
17.877 9.889399999999998
17.161 9.3647
18.982 9.615
17.31 9.6046
16.711999999999996 9.081500000000002
19.804000000000002 9.7981
19.066000000000003 9.792699999999998
19.112999999999996 9.845200000000002
20.134999999999998 9.767500000000002
18.058000000000003 9.207600000000001
18.971999999999998 9.2935
16.331 8.644499999999999
19.238 9.5674
20.017000000000003 9.664800000000001
19.595000000000002 9.5615
22.130000000000003 10.065299999999999
21.122 9.680900000000001
20.985 9.643899999999999
19.877 9.2453
18.735 9.414
19.073999999999998 9.353800000000001
19.186999999999998 9.2997
21.189000000000004 9.5482
19.989 9.343499999999999
25.119999999999997 9.9292
22.912 10.0188
23.296000000000003 10.481499999999999
22.084 9.9855
21.285999999999998 9.655
19.833000000000002 9.5739
20.813000000000002 9.5868
20.691 9.869399999999999
18.048000000000002 9.8309
24.630999999999997 10.047699999999999
21.593 10.031500000000001
23.102 9.831
20.172999999999995 9.6345
20.744 9.8453
19.552999999999997 10.679200000000002
21.659 10.245899999999999
18.529 10.099100000000002
20.443 10.2965
21.394000000000002 10.2604
22.314999999999998 10.5323
21.457 11.029900000000001
19.508 10.382200000000001
18.536 10.0792
17.837 10.1059
18.629 10.0086
18.672 9.674900000000001
16.721 9.510300000000003
21.562 10.0018
20.185 10.514000000000001
19.799000000000003 10.4502
16.900000000000002 9.604599999999998
17.198 9.3678
17.517000000000003 9.2334
19.316 9.735999999999999
17.236 9.236900000000002
15.357999999999999 9.2639
22.236 10.0411
19.4762 10.7816
20.347 10.215499999999999
17.447000000000003 9.8459
18.977000000000004 10.0091
16.601000000000003 9.4308
15.904000000000002 9.342899999999998
16.179 9.1675
16.363200000000003 9.0127
20.500500000000002 9.7035
19.301 9.9095
19.275 9.9732
17.229000000000003 9.451699999999999
18.673 9.411799999999998
19.206 10.0124
18.072000000000003 10.1566
17.716000000000005 9.9728
15.239000000000003 9.9055
19.865 10.1507
17.713000000000005 9.940800000000001
18.3 9.719799999999998
19.303 9.804599999999999
18.918000000000003 9.7063
18.305 10.093700000000002
23.411 10.758999999999999
21.588 10.964
21.022999999999996 10.915099999999999
22.732000000000003 10.6399
24.398 11.127699999999999
20.415 10.739200000000002
21.732000000000003 10.362499999999999
19.706999999999997 10.5009
17.954 10.2236
17.456 10.0619
17.994999999999997 9.8229
21.456 9.8748
18.290000000000003 10.2844
20.791999999999998 10.1667
19.465000000000003 10.401299999999999
16.679999999999996 9.6827
17.985999999999997 9.662899999999999
15.6141 9.467999999999998
15.972999999999999 9.347599999999998
17.345699999999997 10.3909
15.483999999999998 10.0435
16.495 9.4595
15.504000000000001 9.6739
16.568 9.7246
15.442 9.809299999999999
15.042000000000003 9.5315
14.435799999999999 8.9375
12.4651 9.1139
12.776499999999999 8.827300000000001
13.392599999999998 9.1312
12.3715 8.8894
12.580599999999997 9.2335
11.8889 9.373900000000003
15.674500000000002 9.4231
13.500399999999999 9.033199999999999
12.8111 8.9062
11.180200000000001 8.9835
12.104800000000001 8.9822
11.0037 9.4308
