12.4033 5.962400000000001
12.1599 5.957
12.0196 5.954
12.6174 5.9486
11.9252 5.9441
13.373099999999999 5.9599
12.600700000000002 5.9755
12.0855 5.9555
12.5426 5.956
12.1473 5.9517
11.993 5.9495
10.5804 5.930400000000001
12.416599999999999 5.980600000000001
11.3435 5.950900000000001
12.1196 5.9714
10.6883 5.9251
11.632299999999999 5.9609000000000005
12.4329 5.9623
11.548399999999999 5.959300000000002
10.7523 5.9266000000000005
11.116000000000001 5.9632000000000005
10.412099999999999 5.9419
12.7159 5.966100000000001
9.690199999999999 5.919600000000001
11.2038 5.943999999999999
11.8156 5.9456999999999995
10.858199999999998 5.9373
11.3238 5.950400000000002
12.0074 5.9532
11.898499999999999 5.9609000000000005
11.5816 5.944000000000001
11.6988 5.9456
10.305499999999999 5.9303
11.0732 5.940300000000001
11.2492 5.9396
11.1504 5.9372
10.3427 5.930199999999999
10.2976 5.9219
9.3031 5.9205
10.181899999999999 5.9257
11.782700000000002 5.9411000000000005
12.0128 5.9662
10.8887 5.9478
13.135 5.974799999999999
12.0487 5.9614
10.350299999999999 5.9304
10.850499999999998 5.935
9.7128 5.9296
12.979000000000001 5.9838000000000005
11.7122 5.948600000000001
11.654700000000002 5.956300000000001
12.3484 5.964600000000001
11.7278 5.960800000000001
12.117199999999999 5.960000000000001
12.2183 5.9662
10.8947 5.9487
11.554099999999998 5.928099999999999
11.070700000000002 5.9273
10.727900000000002 5.923399999999999
11.319799999999999 5.930499999999999
11.0206 5.9281
11.165399999999998 5.927299999999999
10.5141 5.924899999999999
11.076699999999999 5.935099999999999
10.9915 5.9389
10.4201 5.9258
9.6143 5.9082
9.2563 5.907500000000001
9.6325 5.9089
9.650500000000001 5.9241
8.328000000000001 5.915100000000001
8.389299999999999 5.9135
7.782699999999999 5.908899999999999
7.4698 5.8961
7.471500000000001 5.921899999999999
7.1159 5.9068000000000005
7.341900000000001 5.9127
7.578299999999999 5.922
7.8293 5.927200000000001
8.67 5.9457
8.2951 5.9334
8.374699999999999 5.9417
7.306799999999999 5.9205
7.660499999999999 5.9326
8.5919 5.9411
7.9751 5.9403999999999995
8.4663 5.930400000000001
7.6517 5.9425
8.0127 5.9409
7.750099999999999 5.9379
7.096200000000001 5.9312
7.2091 5.9409
7.3798 5.9531
7.614800000000001 5.9601
7.639399999999999 5.9629
6.6291 5.944100000000001
6.191900000000001 5.944100000000001
5.7700000000000005 5.9251000000000005
6.9205999999999985 5.959300000000002
8.0864 5.9904
6.551500000000001 5.966100000000001
7.030399999999999 5.9655
7.946000000000001 5.989700000000001
7.553400000000001 5.9669
7.848399999999998 5.9852
7.5145 5.9714
7.112099999999999 5.969900000000001
7.196899999999999 5.962399999999999
7.219 5.9663
7.3837 5.9540999999999995
6.928200000000001 5.9609000000000005
6.2873 5.956300000000001
6.1545000000000005 5.951700000000001
6.1674999999999995 5.933200000000001
7.0851999999999995 5.9547
7.747699999999999 5.9663
7.2296 5.958399999999999
7.1654 5.9509
7.328099999999998 5.949600000000001
6.934399999999999 5.9456
6.4719999999999995 5.935699999999999
6.5666 5.9456
6.3424000000000005 5.9281
7.325799999999999 5.928800000000001
7.3182 5.9364
7.811099999999999 5.9433
7.9823 5.948600000000001
7.1923 5.934100000000001
7.4666999999999994 5.9235999999999995
7.063999999999999 5.9241
7.1563 5.9296
7.5431 5.9304
7.842300000000001 5.9364
8.3665 5.952500000000001
8.0597 5.937100000000002
7.2013 5.9365000000000006
7.7476 5.935
7.1823999999999995 5.9205
6.864000000000001 5.9165
7.1209999999999996 5.917400000000001
7.1114999999999995 5.914200000000001
7.2037 5.9143
6.7588 5.9227
7.0671 5.9296
6.9772 5.927200000000001
6.828999999999999 5.931
7.344 5.9255
7.0786 5.934199999999999
7.1701 5.9434
7.5752 5.9547
6.6208 5.948
6.9718 5.9479
7.2449 5.9753
7.360900000000001 5.985300000000001
7.2771 5.9959999999999996
8.217799999999999 5.9973
6.781100000000001 5.969200000000001
7.072300000000001 5.9714
7.7369 5.9889
7.0527999999999995 5.9806
7.067799999999999 5.9738999999999995
7.224099999999998 5.9816
6.718399999999999 5.9876
7.681800000000001 5.9837
7.617 5.9859
7.502700000000001 5.9792000000000005
7.359999999999999 5.9937000000000005
8.511700000000001 6.0081
7.409700000000001 5.9754
8.757299999999999 5.9951
8.057599999999999 5.9845
7.7492 5.983700000000001
8.188 5.9723
9.259599999999999 5.9914
9.065199999999999 5.9648
8.9983 5.9738
8.7811 5.9593
8.2773 5.9417
9.0426 5.947899999999999
8.891300000000001 5.9547
8.553399999999998 5.942799999999999
8.7382 5.9349
8.680399999999999 5.946400000000001
9.013499999999999 5.9472
8.700099999999999 5.9487
8.788699999999999 5.9464
8.0917 5.9397
8.3916 5.938000000000001
8.5618 5.9289
8.743099999999998 5.9281
7.807800000000001 5.9128
8.237400000000001 5.9296
8.177200000000001 5.9235999999999995
8.138100000000001 5.9149
8.2452 5.923400000000001
8.1092 5.9204
8.568900000000001 5.9225
8.221300000000003 5.9144000000000005
7.9338999999999995 5.9188
8.019400000000001 5.9219
8.219100000000001 5.921899999999999
8.5234 5.922000000000001
7.965700000000001 5.9282
7.903299999999999 5.9212
8.6145 5.939399999999999
8.312100000000001 5.919
8.451400000000001 5.915
9.417 5.940299999999999
9.322999999999999 5.9425
9.4398 5.9311
9.1918 5.9395
8.136 5.930199999999999
9.236799999999999 5.958500000000001
9.032100000000002 5.9349
9.4105 5.9289000000000005
9.842 5.9594
9.9703 5.954000000000001
10.175999999999998 5.376499999999999
10.156100000000002 5.955399999999999
10.259599999999999 5.9532
10.1262 5.9668
9.2743 5.956200000000001
8.7436 5.9586
9.059099999999999 5.9684
8.5275 5.953899999999999
10.0946 5.9761
9.6371 5.970700000000001
9.994800000000001 5.952300000000001
9.7661 5.962300000000001
10.184800000000001 5.957599999999999
9.241 5.9479
9.4775 5.9395
9.3745 5.934100000000001
9.8003 5.9363
8.631000000000002 5.9424
11.0711 5.968500000000001
11.034899999999999 5.9952
12.7612 5.998900000000001
10.3292 5.9807999999999995
12.404599999999999 6.008
10.148499999999999 5.9494
11.495199999999999 6.0004
12.3875 5.986800000000001
11.611099999999999 5.9882
12.255199999999999 6.0044
12.860200000000003 5.991200000000001
12.955400000000001 6.005800000000001
12.2088 5.9907
12.1141 5.9822
12.857199999999999 5.9959
13.0438 6.002000000000001
13.0247 5.986800000000001
11.839699999999997 5.9737
13.1358 5.989000000000001
11.5768 5.9807
12.015099999999999 5.979100000000001
12.264300000000002 5.977600000000001
11.5905 5.9692
11.943200000000001 5.9685
11.1175 5.962999999999999
11.9231 5.9685
11.344199999999999 5.963099999999999
11.507800000000001 5.9769000000000005
12.290199999999999 5.989800000000001
12.946 6.0013000000000005
11.5318 5.96
12.955 5.9776
12.216000000000001 5.977600000000001
12.5223 5.9816
11.5006 5.9700999999999995
12.417699999999998 5.9784
10.879800000000001 5.959199999999999
11.7153 5.9768
11.6644 5.9622
12.8084 5.9921999999999995
10.4046 5.935699999999999
12.492199999999997 5.9617
10.872399999999999 5.950899999999999
12.0217 5.986700000000001
11.2178 5.9639999999999995
12.2208 5.980600000000001
12.2258 5.957199999999999
12.2406 5.9843
11.9071 5.9754000000000005
12.771300000000002 5.9908
12.797 5.9968
13.379000000000001 6.0173000000000005
12.4289 5.986700000000001
