16.348000000000003 8.544699999999999
15.250000000000002 8.652700000000001
12.919500000000001 8.764000000000001
14.8565 9.0365
13.925799999999999 8.7332
11.992799999999999 8.3705
14.948 8.619400000000002
16.6712 8.9003
13.8428 9.0782
14.257699999999998 8.6278
14.682500000000001 8.3219
13.3951 7.700400000000002
14.740199999999998 8.083999999999998
14.1426 8.698400000000001
11.6496 8.152999999999999
16.76 8.3466
15.311 8.9569
13.902800000000001 8.8733
13.6745 9.1785
13.886400000000002 8.8436
11.9917 8.1959
14.274399999999998 8.1893
16.445999999999998 8.79
16.014300000000002 9.2536
13.189600000000002 8.9839
13.719499999999998 8.999500000000001
13.988 8.7699
13.8151 8.6979
12.801100000000002 8.2314
13.203400000000002 7.926900000000001
12.7283 8.7744
14.594900000000003 8.423399999999999
16.842000000000002 8.9216
16.338599999999996 9.0298
13.678800000000003 9.397300000000001
14.091500000000002 8.740499999999999
14.137000000000002 8.8086
13.1517 8.4995
12.472599999999998 8.0742
14.583000000000002 8.672
14.756899999999998 9.1108
12.9946 8.596600000000002
14.971200000000001 8.6966
14.002600000000001 8.804
13.1357 8.699300000000001
14.052700000000002 8.7709
16.343400000000003 8.8333
12.526299999999999 8.7386
12.6978 8.1295
14.2843 8.707500000000001
12.336799999999998 8.4661
14.0958 8.799299999999999
14.923800000000002 8.6836
11.604000000000001 8.3116
15.5003 9.021899999999999
12.464400000000001 9.1859
12.0471 8.5619
11.9577 8.7225
15.411699999999998 9.4562
14.446100000000001 9.3881
13.6105 9.459599999999998
14.3915 9.1946
12.1474 8.7935
13.849300000000001 8.4541
13.150900000000002 9.022899999999998
11.501 8.136000000000001
9.5258 7.483100000000001
15.158999999999997 8.502199999999998
14.774400000000002 8.9617
14.077300000000001 8.695500000000001
14.1129 8.3968
12.999600000000001 8.3814
12.6948 8.140600000000001
12.702399999999999 7.988800000000001
10.9255 7.878100000000001
10.187100000000001 7.468500000000001
10.246599999999999 7.2213
12.445599999999999 7.8275
14.578200000000002 8.2895
11.9235 8.556399999999998
13.017399999999999 8.7907
13.160500000000003 8.8396
12.757500000000002 8.6747
13.203500000000002 8.2977
11.841 8.285700000000002
12.9331 8.0587
14.047299999999998 8.1757
14.003000000000002 8.504399999999999
14.750000000000002 8.5291
13.9401 8.1705
14.039000000000001 8.285499999999999
16.336000000000002 8.965600000000002
16.625300000000003 9.276600000000002
15.124199999999998 8.7756
14.7312 8.702200000000001
12.990599999999999 8.514499999999998
15.8136 8.6477
15.425 9.0916
13.0016 8.877
15.467 8.7913
16.328 8.9887
12.728699999999998 8.5628
18.631 8.934499999999998
16.358 9.466499999999998
15.684999999999999 8.9322
17.177 8.798900000000001
19.909000000000002 9.0596
16.4685 9.0328
16.194999999999997 8.3042
14.835300000000002 8.8223
16.158 9.0308
15.622 8.9907
19.282000000000004 9.256
15.5994 9.0489
16.005000000000003 9.0309
16.927000000000003 9.386300000000002
16.813 9.399999999999999
15.918000000000001 8.584
16.141 8.487300000000001
21.273 9.6059
20.226000000000003 9.8616
18.980999999999998 9.3933
18.856999999999996 9.7203
18.881 9.967899999999998
16.564999999999998 9.226499999999998
17.213 8.824499999999999
17.217000000000002 8.7727
14.792 8.709900000000001
18.689999999999998 9.0136
17.73 9.1484
21.295 9.6532
17.482999999999997 9.549500000000002
18.899 9.2909
19.084 9.386700000000001
17.365000000000002 9.175299999999998
17.963 9.408000000000001
17.487 9.7624
19.295000000000005 9.5708
18.482 9.354600000000001
20.163999999999994 9.8273
21.55 10.0864
20.805 9.8934
17.401 9.4561
16.139 8.611500000000001
15.658 8.0723
18.035999999999998 8.9061
12.975600000000002 8.3219
19.066000000000003 8.3933
22.648000000000003 9.849
19.473 9.5875
18.076 9.6084
19.237 9.2082
18.29 8.6965
17.714000000000002 9.041799999999999
16.678 9.1815
14.673 8.5754
20.674 8.3535
24.776999999999997 9.2833
21.851000000000003 9.335600000000001
23.462999999999997 9.4316
20.588 9.437
22.669999999999998 9.567499999999999
20.373 8.948799999999999
18.644 8.8866
19.006 9.222799999999998
19.812 9.374900000000002
27.290000000000003 9.671699999999998
21.303 9.6178
21.111 9.2034
20.301000000000002 8.999600000000001
23.364 9.681099999999999
20.147999999999996 9.7477
20.961999999999996 9.7433
16.977999999999994 9.253800000000002
21.499 9.026699999999998
24.325 9.5091
25.901000000000003 10.0923
22.988999999999997 10.313600000000001
23.696 9.9552
22.398 9.768899999999999
21.27 9.3937
21.131 9.3344
20.23 9.007200000000001
22.556 9.1349
27.005999999999997 10.1191
24.923000000000002 9.9543
24.230999999999998 10.009
24.708999999999996 10.1311
25.877 9.959399999999999
22.043999999999997 9.662400000000002
22.315 9.304699999999999
22.211 9.530399999999998
22.99 9.7331
25.157 9.928900000000002
27.290999999999997 10.698899999999998
21.587999999999997 10.4062
18.951 9.5027
24.892000000000003 9.2142
22.659 9.612400000000001
18.451 9.3915
19.715 8.867799999999999
20.082000000000004 9.0142
23.426000000000002 9.3818
22.842 9.770100000000001
20.409 9.5727
21.767 9.513
23.096 9.494900000000001
24.996 9.636200000000002
19.366 9.350800000000001
22.12 9.446
22.913999999999994 9.2825
21.983 9.593300000000001
26.651999999999997 10.5371
20.21 10.5089
18.706999999999997 10.0619
22.025000000000002 9.6504
25.095 9.666200000000002
21.29 9.645999999999999
22.109999999999996 9.529599999999999
22.813 9.6353
23.397 9.961399999999998
23.476 10.0586
23.409000000000002 10.230200000000002
19.392 9.6601
21.069 9.361299999999998
25.840000000000003 9.5993
22.066 10.421700000000001
17.885 9.5243
21.032 9.536499999999998
20.33 9.918600000000001
22.756999999999998 9.387699999999999
21.377999999999997 9.747599999999998
19.436 9.902099999999999
20.128 9.478100000000001
21.52 9.5247
24.687999999999995 9.704
21.875000000000004 10.2559
21.474 10.0854
22.688000000000002 9.9784
24.439000000000004 9.846400000000001
22.683999999999997 9.9594
18.22 9.5141
21.142999999999997 9.4284
20.513 9.5071
21.563 9.597799999999998
24.023 9.859599999999999
20.067 9.6907
21.443 9.669399999999998
22.130000000000003 9.5923
23.346999999999994 9.395
20.195999999999998 9.537
17.917 9.460799999999999
22.134 9.734199999999998
19.113000000000003 9.4203
25.386000000000003 9.9456
22.345000000000002 9.8664
22.937 10.0504
21.528 10.0704
23.184 9.670799999999998
18.475 9.290700000000001
18.641000000000002 9.024700000000001
20.993000000000002 9.748499999999998
16.915999999999997 9.2883
23.312 9.1801
20.552999999999997 9.4639
21.198 9.323300000000001
18.509999999999994 9.168399999999998
25.788 9.5262
18.758000000000003 9.5932
18.1115 9.182599999999999
16.548000000000002 9.1339
16.608000000000004 9.1605
18.664 9.0562
19.332 9.2321
22.8447 9.4976
19.804000000000002 9.4717
19.270999999999997 9.1364
18.567 9.122000000000002
14.0911 8.5931
14.827499999999999 8.6386
15.3278 8.537700000000001
17.891299999999998 8.5229
15.263399999999999 9.0539
15.0055 9.262800000000002
14.223799999999997 8.989400000000002
12.2729 8.376000000000001
14.4009 8.368900000000002
10.424 7.7674
