39.69020000000001 19.7665
35.13490000000001 19.7463
35.395 19.772
36.214200000000005 19.849100000000004
33.8776 19.8098
34.92960000000001 19.849900000000005
34.5434 19.774000000000004
31.21919999999999 19.77470000000001
34.13990000000001 19.861100000000008
35.398300000000006 19.919900000000005
35.53109999999999 19.767800000000005
32.7838 19.770200000000003
35.7342 19.843300000000003
32.999600000000015 19.818800000000007
35.678 19.77830000000001
32.1947 19.777000000000008
35.5174 19.8121
39.95409999999999 19.946299999999997
37.192499999999995 19.867900000000006
32.87349999999999 19.7937
36.3221 19.815900000000003
35.52479999999999 19.8006
35.7004 19.8044
35.37480000000001 19.8356
35.18699999999999 19.821000000000005
34.39649999999999 19.846900000000005
32.9202 19.8332
31.7855 19.809500000000003
35.862399999999994 19.389300000000002
30.852199999999996 19.798500000000008
35.72540000000001 19.908299999999997
32.9082 19.8395
36.19700000000002 19.834000000000007
36.108399999999996 19.8552
34.81859999999999 19.816100000000006
33.11200000000001 19.844400000000007
38.187 19.845999999999997
31.557199999999995 19.822800000000008
38.7062 19.8454
31.0517 19.822600000000005
34.8304 19.838600000000003
30.1892 19.828600000000005
35.32300000000001 19.836500000000008
34.2304 19.8662
34.85499999999998 19.849600000000002
30.508300000000006 19.856900000000007
37.541099999999986 19.891000000000002
30.980599999999992 19.9057
32.6258 19.86810000000001
31.716300000000004 19.88360000000001
29.46699999999999 19.890400000000003
30.99609999999999 19.876700000000007
34.6943 19.883800000000004
30.719599999999996 19.895700000000005
31.34900000000001 19.888
27.93869999999999 19.881
30.299599999999998 19.877200000000002
29.596600000000002 19.941200000000006
26.496500000000005 19.926100000000005
26.349 19.890200000000004
28.883899999999997 19.937800000000003
28.728500000000007 19.928700000000003
28.98030000000001 19.950600000000005
29.237600000000004 19.917500000000004
24.4316 19.877900000000007
26.795500000000004 19.887000000000004
24.6187 19.874000000000006
27.134700000000006 19.887400000000003
24.3546 19.881500000000006
27.5842 19.9204
25.31219999999999 19.9355
24.1994 19.897400000000005
22.514300000000002 19.879500000000007
23.937199999999997 19.884200000000003
23.876299999999997 19.888000000000005
23.568800000000003 19.8905
26.48910000000001 19.912300000000002
22.92630000000001 19.9359
22.6783 19.903000000000006
24.309700000000003 19.894000000000002
21.603499999999993 19.892900000000004
22.411900000000003 19.935100000000002
22.663 19.948000000000004
21.1091 19.924900000000004
20.919999999999995 19.898300000000003
21.324900000000007 19.884600000000002
21.770899999999997 19.8903
22.7348 19.8954
22.296700000000005 19.899400000000004
22.401200000000003 19.902
23.121100000000002 19.911800000000003
22.135199999999998 19.898000000000003
22.626499999999997 19.8988
22.650799999999997 19.8987
23.4804 19.9292
23.830300000000005 19.966800000000003
25.025900000000007 19.951700000000002
24.4952 19.9185
25.072400000000002 19.917700000000004
23.066700000000004 19.911600000000004
23.463500000000007 19.914700000000003
23.790999999999997 19.95960000000001
24.3854 19.968000000000004
24.040199999999995 19.941400000000005
23.480800000000006 19.93050000000001
23.727699999999995 19.922900000000006
23.476600000000005 19.92920000000001
23.8082 19.94590000000001
23.29019999999999 19.992700000000006
23.1213 20.024600000000007
22.7353 20.010400000000008
23.773700000000005 20.03230000000001
23.821200000000005 20.025300000000005
24.806199999999997 19.97640000000001
25.154100000000007 19.951200000000004
25.183399999999995 19.952000000000005
27.3293 19.967900000000004
26.616699999999998 20.004
26.971400000000003 20.025100000000005
26.477600000000006 19.997100000000003
26.871600000000008 20.041700000000002
27.2381 20.034500000000005
27.071499999999997 19.987000000000005
27.014300000000002 19.95390000000001
29.2452 19.987500000000004
30.177100000000003 19.9586
30.034600000000005 19.916300000000003
28.10979999999999 19.889600000000005
28.359999999999985 19.869600000000005
27.523999999999997 19.844600000000007
29.02939999999999 19.836100000000005
29.566399999999998 19.89860000000001
27.99749999999999 19.9195
28.0254 19.8517
27.7953 19.7963
27.596300000000003 19.7319
28.393599999999992 19.6765
27.50080000000001 19.6578
27.82570000000001 19.654000000000003
27.19920000000001 19.564000000000004
30.170500000000004 19.461000000000002
30.087299999999995 19.4165
30.25380000000001 19.512900000000005
29.229199999999995 19.420700000000004
29.323499999999996 19.451200000000004
28.7999 19.4432
30.676400000000005 19.462400000000006
28.87020000000001 19.3732
30.4685 19.338600000000007
29.510800000000003 19.2464
30.362799999999996 19.149900000000002
29.95070000000001 19.081700000000005
33.0065 19.102200000000007
31.597200000000008 19.050000000000008
31.568799999999996 18.988000000000007
28.957800000000006 18.9063
33.1775 18.86360000000001
34.73230000000001 18.931200000000008
32.1324 18.921900000000008
30.601700000000005 18.858200000000007
32.986200000000004 18.872200000000007
32.891999999999996 18.852400000000006
32.50979999999999 18.855800000000006
31.950100000000003 18.845700000000008
33.32789999999999 18.846700000000006
35.0963 18.860300000000006
37.2937 18.876100000000005
35.2711 18.876000000000005
33.516200000000005 18.896300000000004
34.611200000000004 18.928900000000006
36.900600000000004 18.901800000000005
42.48250000000001 18.917700000000004
45.506099999999996 19.014200000000006
38.52439999999999 19.0026
40.31909999999999 19.0026
42.843300000000006 18.943700000000003
39.52160000000001 18.957200000000004
41.53070000000001 18.929000000000002
37.4125 18.930300000000003
41.6867 18.992100000000004
38.7684 19.009600000000006
37.664600000000014 18.954
39.3911 19.00400000000001
41.98499999999999 19.065000000000005
45.62920000000001 19.1124
41.428300000000014 19.155700000000003
39.11340000000001 19.024200000000004
40.6892 18.9879
38.3548 18.953300000000002
40.6821 18.969400000000004
40.11479999999999 19.0044
45.624199999999995 19.031600000000005
43.39539999999999 19.101900000000004
45.9524 19.072900000000008
44.53909999999999 19.08820000000001
42.58 19.156100000000006
42.247299999999996 19.21400000000001
45.359800000000014 19.153700000000008
44.8714 19.18030000000001
45.33450000000001 19.1686
47.350199999999994 19.214100000000006
46.613500000000016 19.224000000000004
42.9259 19.199
41.4831 19.112700000000004
42.802899999999994 19.057700000000004
40.738899999999994 19.0731
39.2619 19.075100000000003
40.900999999999996 19.089600000000004
40.463600000000014 19.110100000000003
39.604600000000005 19.151899999999998
37.22580000000001 19.1254
38.83519999999999 19.074800000000007
38.8332 19.0838
40.692299999999996 19.107300000000006
40.16469999999999 19.128000000000007
41.573899999999995 19.108000000000004
44.59960000000001 19.127900000000007
43.962 19.188800000000004
40.645799999999994 19.143700000000003
44.2122 19.1447
41.938700000000004 19.173000000000005
39.89759999999999 19.1089
37.917 19.1371
42.886599999999994 19.201300000000003
48.554700000000004 19.388700000000004
42.428000000000004 19.3027
41.8408 19.175400000000003
42.942099999999996 19.1582
43.37780000000001 19.151400000000002
40.9656 19.127899999999997
39.8327 19.138600000000004
42.286300000000004 19.256100000000004
40.03270000000001 19.206400000000002
41.5246 19.137100000000004
38.9328 19.1013
41.947500000000005 19.124900000000007
40.607499999999995 19.161
46.55049999999999 19.1805
47.424800000000005 19.245300000000004
46.005900000000004 19.210900000000006
48.5594 19.2521
44.851600000000005 19.125500000000002
43.05699999999998 19.134800000000006
43.272299999999994 19.143900000000006
43.8845 19.135500000000008
49.324900000000014 19.150100000000005
43.759100000000004 19.151400000000006
46.32570000000002 19.140100000000004
45.10549999999999 19.185000000000002
44.2464 19.1504
43.95830000000001 19.117400000000004
44.7896 19.16080000000001
43.8897 19.123900000000003
43.91729999999999 19.222300000000008
42.5002 19.2047
42.800899999999984 19.206400000000006
39.790200000000006 19.1752
42.6551 19.158300000000004
43.971799999999995 19.188800000000008
43.8217 19.163000000000004
42.32170000000001 19.153200000000005
43.782000000000004 19.180300000000006
39.68039999999999 19.14560000000001
41.3322 19.141500000000004
40.813599999999994 19.109600000000004
41.91380000000001 19.095800000000004
39.62190000000001 19.105100000000004
43.17269999999999 19.141000000000005
38.4711 19.0838
41.11920000000001 19.058500000000006
39.4768 19.061600000000002
43.38430000000001 19.173800000000004
41.95490000000001 19.101300000000002
41.890899999999995 19.114100000000008
42.023 19.124700000000008
42.8526 19.104700000000005
35.221000000000004 19.046300000000006
35.179199999999994 19.0494
36.2947 19.0485
40.2131 19.066800000000004
34.9309 19.110300000000002
37.6627 19.057100000000002
36.75300000000001 19.046100000000003
36.44309999999999 19.050700000000003
45.650900000000014 19.168100000000006
43.671200000000006 19.197000000000003
47.2491 19.4871
39.4583 19.690800000000003
