16.0506 91.03700000000002
15.897099999999998 91.09400000000001
15.9753 90.98900000000003
17.393 91.22000000000001
17.388199999999994 91.227
16.422200000000004 90.94200000000001
15.9471 90.84700000000002
15.801700000000002 91.03
16.248100000000004 91.07999999999998
15.7591 90.94300000000001
14.910699999999999 90.569
14.975500000000002 90.856
14.711800000000002 90.741
15.764599999999994 91.128
15.9825 91.265
16.268299999999996 91.55699999999999
15.994800000000003 91.064
16.6737 90.97199999999998
17.033999999999995 91.209
15.2223 90.81700000000001
16.470299999999998 91.07400000000001
15.464300000000003 90.84400000000001
16.172099999999997 91.109
16.0079 91.32500000000003
15.195899999999995 90.97000000000001
16.744299999999996 91.49999999999997
16.3254 91.37700000000001
15.757100000000001 91.213
17.040799999999997 91.544
16.775100000000002 91.65700000000001
17.5852 91.66900000000003
18.273200000000003 91.70199999999997
18.3331 91.55799999999998
19.0015 91.60900000000001
19.656300000000005 91.835
20.417199999999998 91.85000000000001
20.38050000000001 91.83000000000003
20.2402 92.084
18.5472 92.095
19.730600000000003 92.166
20.180299999999992 92.09099999999998
19.0677 92.09199999999996
18.99179999999999 92.13199999999998
18.29330000000001 91.95
19.359200000000005 92.024
20.914699999999996 92.08899999999998
21.09710000000001 92.153
19.039600000000004 92.019
19.691199999999995 92.20499999999998
19.245199999999997 92.10300000000001
18.7988 92.183
19.0785 92.08900000000001
17.340199999999996 91.90400000000001
17.907999999999998 91.953
18.3475 92.12500000000001
18.079099999999997 92.149
18.107099999999996 91.981
16.936600000000002 91.61700000000002
17.878000000000004 91.84300000000005
16.764799999999997 91.839
17.3704 91.87000000000003
17.250899999999998 91.90100000000002
16.5129 91.806
17.35820000000001 91.778
17.522699999999997 91.90899999999998
16.996800000000004 92.00099999999999
17.606599999999997 92.075
17.757800000000003 91.783
16.485899999999997 91.44
15.643299999999998 91.52300000000001
14.698199999999998 91.30000000000001
15.195499999999997 91.16300000000003
15.120999999999999 91.42699999999999
15.4934 91.34699999999997
16.1935 91.54899999999999
14.726300000000005 91.086
15.2195 91.16000000000001
15.543000000000001 91.597
14.5104 90.94000000000003
15.833800000000004 91.44800000000001
13.738899999999997 91.039
14.622300000000003 91.04299999999999
14.3142 90.82600000000002
13.770300000000002 90.61000000000003
14.396699999999996 91.05699999999997
14.348399999999998 90.79199999999999
16.747399999999995 91.13700000000003
14.766000000000002 90.58999999999997
13.565 90.70499999999998
13.384200000000005 90.63700000000001
13.742200000000004 90.67300000000002
13.668199999999997 90.79599999999999
14.9031 90.62599999999998
13.1655 90.44700000000002
13.078500000000002 90.39599999999999
12.1042 90.19999999999997
13.874599999999997 90.60300000000001
13.902700000000001 90.94100000000002
12.734699999999998 90.603
13.848700000000008 90.74099999999999
13.595699999999997 90.513
13.6186 90.49999999999999
13.213699999999998 90.2
12.6502 90.17599999999997
12.226899999999997 90.139
11.707500000000003 89.91199999999999
11.421299999999999 89.89000000000001
11.905900000000004 89.86699999999999
13.1786 90.085
13.589500000000001 90.25299999999999
12.3542 89.61799999999998
13.309399999999997 90.07099999999998
12.464599999999997 89.88199999999999
11.7706 89.67699999999995
13.855299999999998 90.41399999999999
13.501800000000003 90.194
12.4522 89.714
11.699000000000002 89.28599999999997
12.577899999999998 89.81699999999998
9.9296 88.67899999999996
10.5193 89.16599999999997
13.2511 90.37899999999998
11.453500000000002 89.80099999999997
12.042000000000002 89.36399999999998
11.7479 89.30499999999995
11.343900000000003 89.59499999999998
11.765899999999998 89.37399999999995
10.9471 89.00899999999999
11.9183 89.46000000000001
10.9981 88.73299999999996
12.6281 88.84699999999998
11.933700000000002 89.10399999999997
11.336500000000001 88.99099999999999
12.3108 89.99299999999997
10.6817 89.23999999999997
13.0719 90.03000000000002
11.6693 89.568
12.8308 89.70599999999997
13.936600000000004 90.269
12.818600000000005 90.08899999999997
12.004899999999997 89.77099999999994
11.548799999999996 89.78099999999998
12.795299999999997 90.15599999999999
11.6335 89.65199999999999
12.7803 89.85099999999997
13.969299999999999 90.691
13.9663 90.08500000000001
15.027 90.50700000000003
13.741700000000003 90.08800000000001
14.193099999999998 90.36
13.5369 90.14399999999999
14.133799999999999 90.411
14.864699999999997 90.764
13.639699999999994 90.33200000000004
13.300699999999999 90.199
14.9561 90.613
16.0324 91.30799999999998
15.404500000000002 90.92400000000002
15.271300000000004 90.867
17.0931 91.34499999999998
16.358 91.28200000000001
15.668900000000004 90.94300000000001
16.557099999999995 91.07300000000002
16.974799999999995 91.13000000000001
16.4841 91.291
16.491 91.17299999999999
17.094599999999996 91.48299999999999
15.975200000000001 91.266
16.5879 91.57399999999998
18.568300000000004 91.91400000000002
18.510900000000003 91.974
17.4375 91.61600000000001
16.665300000000006 91.28599999999999
18.7387 91.731
19.778399999999998 92.178
18.9259 91.903
18.5523 91.745
18.104799999999997 91.743
20.502200000000002 92.22300000000001
19.989000000000004 92.23100000000001
19.1583 92.06800000000001
20.835300000000004 92.28599999999997
24.199299999999997 92.38600000000002
20.736600000000006 92.10099999999997
20.4234 92.179
22.4493 92.36700000000006
20.7268 92.33599999999998
20.479299999999995 92.21199999999999
21.019700000000007 92.251
22.463099999999997 92.37600000000006
20.3326 92.09500000000006
20.628499999999995 92.22900000000001
22.617099999999994 92.42600000000004
19.607599999999998 92.213
20.310900000000004 92.30100000000002
20.556900000000006 92.24199999999999
23.1239 92.41400000000004
20.680200000000003 92.18199999999999
20.23790000000001 92.119
23.218000000000004 92.21400000000001
21.434200000000008 92.20700000000002
19.226499999999998 91.93399999999998
20.298099999999998 92.085
24.451200000000007 92.36200000000004
22.26609999999999 92.21600000000002
21.113300000000006 92.16299999999997
21.0338 92.20299999999999
23.6082 92.4370000000001
20.1664 92.174
20.030300000000008 92.17999999999999
18.726499999999998 90.12
21.508500000000005 92.35500000000002
19.1 92.147
19.883200000000002 92.14899999999999
20.025699999999997 92.11199999999998
21.5875 90.31600000000002
21.071399999999997 92.20199999999998
21.3591 92.03699999999998
21.351700000000005 92.0
23.7421 92.32900000000002
21.721 92.26599999999999
22.147100000000002 92.38900000000004
20.784699999999997 92.27800000000002
20.583000000000006 92.17200000000003
20.309299999999993 92.32500000000002
22.9795 92.37800000000001
21.481399999999997 92.071
21.602399999999996 92.062
23.795299999999997 92.36500000000001
23.344400000000004 92.202
21.759199999999996 90.28099999999996
21.536 92.18700000000001
23.097399999999997 92.25
23.243799999999993 92.29300000000002
24.4721 92.38600000000005
21.799999999999997 92.35800000000003
21.056500000000003 92.15299999999999
21.4897 92.24800000000002
20.460999999999995 92.112
21.069100000000002 92.24000000000004
19.655699999999996 92.12699999999998
20.259800000000006 92.16700000000002
20.8565 92.21400000000004
20.9876 92.20000000000003
21.330199999999998 92.22000000000003
22.201400000000003 92.20300000000002
21.972800000000003 92.281
21.0471 92.32000000000002
21.499399999999998 92.31
20.350800000000007 92.31900000000002
19.6664 92.173
21.519499999999997 92.17200000000003
20.0969 92.19199999999998
22.512199999999993 92.336
20.9649 92.26300000000002
23.088600000000007 92.411
20.995 92.22600000000001
21.960999999999995 92.39100000000002
22.140700000000006 92.316
23.3013 92.30499999999998
21.2289 92.19400000000002
20.459999999999994 92.197
21.209600000000005 92.30700000000004
19.1298 91.99300000000001
20.748099999999997 92.24800000000002
20.5301 92.19599999999998
22.834100000000003 92.091
21.293599999999998 92.036
22.1265 92.30900000000004
19.8368 92.11299999999999
19.125899999999998 91.90100000000001
20.567299999999992 92.17799999999998
19.652199999999997 92.028
18.568900000000003 91.979
18.570700000000002 91.78699999999999
19.990599999999993 91.93100000000001
18.1931 91.81900000000002
19.509099999999997 92.04100000000001
17.974399999999996 91.862
19.1456 91.87499999999999
19.725999999999992 91.74799999999999
18.7878 91.74000000000001
19.90790000000001 91.83800000000001
18.825400000000002 91.647
20.127500000000005 91.94599999999998
19.7154 92.12300000000003
20.20019999999999 92.144
17.320499999999996 91.58699999999999
