15.2945 9.0849
12.299299999999999 8.8978
13.0076 8.4458
12.2843 9.010900000000001
12.051100000000002 8.9829
12.206399999999999 9.1727
14.2908 9.1766
12.7279 9.086500000000001
11.3613 8.5064
13.153299999999998 9.186699999999998
12.874499999999998 9.459
14.209299999999999 8.843
12.2948 8.6682
11.136800000000003 8.6086
12.5785 8.7176
12.793899999999999 9.1721
13.572400000000002 9.3512
13.481499999999999 8.6221
11.8049 9.0319
12.0398 8.734
11.5229 8.719899999999999
10.8735 8.5272
12.2253 8.2671
15.115400000000001 8.740499999999999
14.3477 9.251600000000002
13.337100000000001 9.2302
13.2793 9.413599999999999
12.436899999999998 8.9748
14.4189 9.099400000000001
12.318399999999999 8.9345
10.5561 8.1401
11.6484 8.3568
14.410300000000001 8.483699999999999
12.814 8.8607
11.763300000000001 8.6749
13.122700000000002 8.8198
14.967799999999997 9.456999999999999
14.1567 9.178199999999999
12.7025 8.8761
10.1928 8.3667
11.9137 8.5028
14.698 9.1887
14.454 9.2206
14.723 9.0599
15.434000000000001 9.6205
14.3979 9.386299999999999
16.759 9.6982
13.932999999999998 9.7143
14.010099999999998 9.2897
12.4023 9.1208
14.5031 9.6541
12.909299999999998 8.6362
14.331000000000001 8.973400000000002
14.486000000000002 9.626399999999999
12.114 9.265500000000001
13.241900000000001 8.9526
11.994799999999998 9.0566
11.700700000000001 8.6679
12.4386 8.8163
13.5184 8.875200000000003
14.968799999999998 9.112
11.349200000000002 8.484499999999999
13.009300000000001 8.408600000000002
13.094800000000001 9.0095
13.294900000000002 8.789
11.243599999999999 8.677
10.1516 8.268199999999998
13.166999999999998 8.9404
11.078399999999998 9.0462
12.703700000000001 8.900899999999998
10.889199999999999 8.670300000000001
11.667800000000002 8.5982
11.849000000000002 8.876599999999998
11.780999999999999 9.244000000000002
11.7943 8.629000000000001
10.189200000000001 8.4071
11.8489 8.3878
12.164 8.7863
12.632899999999998 8.7588
15.461999999999998 9.126600000000002
12.617299999999998 8.910900000000002
13.455 8.748000000000001
13.398800000000003 8.7066
11.333000000000002 8.7286
12.650399999999998 8.889300000000002
12.578999999999999 9.1469
13.383299999999998 9.204899999999999
15.900899999999998 9.5279
13.6021 9.646799999999999
14.035900000000002 8.9613
13.891699999999998 9.249100000000002
13.367799999999999 8.960899999999999
12.087799999999998 8.575400000000002
11.5252 8.4736
12.205300000000001 8.0432
12.4831 8.559
16.8083 9.144100000000002
14.7238 9.9163
15.22 9.408299999999999
16.568 9.3321
15.320999999999998 9.253900000000002
14.674199999999999 9.068900000000001
15.584999999999999 9.6037
15.161999999999997 9.6021
14.379999999999999 9.231200000000001
18.078 9.5115
18.413 10.148800000000001
16.923 9.407499999999999
17.546999999999997 8.8651
16.847 9.694
14.581900000000001 9.443999999999999
14.75 9.182400000000001
14.758000000000001 9.174800000000001
14.640000000000002 9.126199999999999
16.774 9.4057
17.648000000000003 9.9812
17.412 9.7678
17.449 9.695800000000002
16.138 9.5426
15.597999999999997 9.511199999999999
17.029999999999998 9.4326
15.669 9.516100000000002
17.110999999999997 9.8643
17.845999999999997 9.8148
15.978 9.5853
19.366000000000003 10.1021
18.15 10.3244
16.793 9.829400000000001
15.638 9.467100000000002
18.988 9.894400000000001
13.825999999999999 9.7692
15.795600000000002 9.3878
17.6379 9.6798
16.404000000000003 9.745000000000001
19.034000000000002 10.186699999999998
17.978 10.3576
16.160999999999998 9.9273
17.0 9.276599999999998
16.114 9.433100000000001
16.4081 9.7103
14.601000000000003 9.533999999999999
14.3417 9.278599999999999
14.144000000000002 9.211400000000001
19.757 9.2978
20.287 10.291999999999998
17.697999999999997 10.047
15.726999999999999 9.204999999999998
16.275000000000002 9.071099999999998
19.039 8.8746
19.307000000000002 9.4755
15.726999999999999 10.080599999999999
15.55 9.1909
20.6 9.420399999999999
17.417999999999996 9.819799999999999
18.323 9.630600000000001
18.48 9.3967
20.967000000000002 9.570399999999998
19.732999999999997 9.684399999999998
20.006 10.059
20.053 9.891699999999998
15.348 9.4533
25.747999999999998 9.801900000000002
19.456 9.897900000000002
18.029999999999998 9.5422
19.545 9.8093
18.148 9.431799999999999
18.921000000000003 9.1934
16.288 9.181199999999999
18.781 9.4503
20.458 9.5273
21.195999999999998 9.751100000000001
19.257 9.3991
19.139000000000003 9.193100000000001
18.514 9.3325
20.787999999999997 9.580799999999998
22.248999999999995 10.5123
18.550000000000004 10.1191
20.44 9.667
18.934 9.7821
23.74 9.977
21.241000000000003 9.7974
21.965 9.9346
20.74 9.789299999999999
21.307 9.7258
26.688000000000002 10.0618
22.762999999999998 10.1832
19.484 10.2933
21.370999999999995 10.3381
19.843 10.206800000000001
23.317000000000004 10.116200000000001
19.491999999999997 10.246799999999999
19.750000000000004 9.791600000000003
18.734 10.100599999999998
21.784 10.033900000000001
23.283 10.6093
20.498 10.232199999999999
21.386 10.000200000000001
17.914 9.368599999999999
22.953999999999994 9.5571
20.431 9.622399999999999
19.167 9.5361
21.673 9.8342
19.06 9.767900000000001
24.946999999999996 10.198799999999999
21.006 10.830300000000001
20.113000000000003 10.612400000000001
17.157 10.049
19.327 9.7224
22.14 10.762599999999999
19.117 10.7376
18.250999999999998 10.3641
20.755 10.401299999999999
20.180999999999997 10.0489
21.284 10.6029
19.134999999999998 10.452
17.64 9.6515
18.554000000000002 9.4739
17.023000000000003 9.7148
17.063 9.605199999999998
15.691400000000003 9.1653
19.872 9.8587
21.713 10.3283
18.346 10.3604
20.436 10.1671
16.248 9.8479
19.637999999999998 9.691399999999998
17.276 9.570500000000001
16.047 9.5839
16.476 9.160400000000001
19.592000000000002 10.081700000000001
24.189 10.3232
19.732 9.861699999999999
20.542999999999996 10.288
18.833 10.27
19.307 9.944200000000002
18.009999999999998 9.370099999999999
19.695000000000004 9.6357
17.512 9.5006
19.403000000000002 9.5255
24.18 10.211300000000001
23.381 10.9006
21.669 10.0897
17.352000000000004 9.737000000000002
18.099999999999998 10.0204
14.046999999999999 9.526699999999998
17.069999999999997 9.3088
19.551 9.6123
18.388 9.5981
16.967 9.6973
31.207 11.090400000000002
21.355 10.936599999999999
20.865000000000002 10.5301
23.995 10.568
21.745000000000005 10.786100000000001
18.665 10.1927
20.282999999999998 10.014899999999999
17.477 9.8923
22.850000000000005 9.881899999999998
24.715999999999998 11.3695
19.567 10.837999999999997
18.351 10.5172
19.138 10.0509
18.414 9.809700000000001
15.759400000000001 9.4947
14.3698 8.974599999999999
13.578700000000001 8.987400000000001
18.272000000000002 9.0732
21.498 10.0897
14.765 9.6828
15.059399999999998 9.3196
12.523200000000001 8.851400000000002
16.337799999999998 9.3821
14.6593 9.985499999999998
15.0838 9.8849
12.3387 9.4514
16.2231 9.2649
20.8487 10.504700000000001
14.8046 9.5872
12.6059 9.4334
12.260299999999999 8.741700000000002
11.683 8.5596
12.9049 8.7595
12.145 8.7924
12.2897 8.454500000000001
13.438600000000001 8.784799999999999
18.6529 9.6674
13.378200000000001 9.061100000000001
11.0022 8.9566
