13.915700000000003 8.4873
13.162 8.4848
13.463999999999999 8.3166
13.753800000000002 8.745899999999999
15.606 8.8973
14.594999999999997 9.0973
13.965999999999998 8.9174
15.111399999999996 8.675300000000002
28.4912 15.202400000000003
16.8586 11.3232
13.203999999999999 9.121099999999998
13.490999999999998 8.6869
15.0086 9.1158
12.765799999999999 8.913400000000001
12.954799999999999 8.5852
13.261999999999999 8.6624
13.219 8.7669
15.581 9.0698
15.27 9.2811
14.591000000000001 9.5799
16.286 9.354999999999999
14.939000000000002 9.100700000000002
13.950399999999998 9.2784
13.390699999999997 8.8334
13.904999999999998 8.790899999999999
14.863000000000001 9.1003
15.546000000000001 8.9704
15.149000000000001 9.233299999999998
13.613499999999998 8.7932
16.121 9.0191
14.436000000000002 9.281000000000002
14.577099999999998 9.4181
16.2246 9.4263
17.112 9.343499999999999
14.278999999999996 9.3497
16.3222 10.4549
16.248 10.4958
15.096000000000002 9.9352
15.781 9.5864
15.442 9.448
17.355 9.549999999999999
17.04 9.7911
15.895999999999999 9.802400000000002
16.037000000000003 9.686399999999997
16.482 9.7157
15.527999999999997 9.740900000000002
15.6 9.3808
15.033000000000001 9.7637
13.933000000000002 9.6518
14.11 9.0594
15.010000000000002 9.2339
14.544899999999997 9.6535
15.225000000000003 9.460799999999999
13.237500000000002 9.0648
15.816999999999998 9.714900000000002
14.751999999999999 9.3888
12.793000000000001 9.033700000000001
13.538 9.5302
12.828000000000001 9.488
12.719000000000003 9.3962
12.308399999999997 9.4105
13.0106 8.9432
12.6888 8.941699999999999
12.937999999999999 8.578899999999999
12.197500000000002 8.524899999999999
12.28 8.598700000000001
12.8852 9.2669
12.8431 9.333699999999999
12.1455 8.8746
11.866299999999999 8.8309
11.5273 8.628699999999998
12.1899 9.0397
11.5293 9.0651
12.9726 8.825899999999999
13.019400000000001 9.2862
12.906999999999998 9.0313
13.928500000000001 9.728299999999999
12.887100000000002 9.2686
13.275 8.8532
14.255999999999998 8.769
14.615999999999998 8.871100000000002
13.918099999999999 8.841299999999999
11.7777 8.801400000000001
13.194999999999999 8.8031
13.598000000000003 8.848999999999998
14.1827 8.9802
14.556 8.999199999999998
15.154 9.3349
13.715999999999998 9.264100000000001
14.706 8.9244
14.866000000000001 9.2391
15.302 8.9795
14.341000000000001 8.904100000000001
16.106 9.067900000000002
17.16 9.3793
17.882 9.4889
19.175000000000004 9.1386
19.535 9.3278
15.653 9.178799999999999
16.476 9.0977
16.711000000000002 9.0827
16.096999999999998 9.2525
16.307 9.398500000000002
15.830000000000002 8.976899999999999
17.628 9.2304
16.925 9.079800000000002
17.944 9.2739
16.55 9.5301
18.102 9.1769
17.560000000000002 9.2836
16.479 9.0614
17.083 9.0029
16.78 9.3506
17.014000000000003 9.140299999999998
19.832 9.3298
17.509 9.457299999999998
17.764000000000003 9.1987
16.775 8.776399999999999
17.558 8.879
17.424 9.056499999999998
19.23 9.2588
20.101000000000003 9.520000000000001
18.528 9.311200000000001
17.376 9.1528
19.258 9.4139
21.132 9.6998
19.247000000000003 9.593599999999999
18.917 9.624299999999998
18.492 9.144700000000002
17.582 9.25
19.895000000000003 9.564000000000002
16.732999999999997 9.4388
19.512999999999998 9.7057
18.579 9.2448
17.885 8.949000000000002
17.819 8.970600000000001
17.024 9.1445
16.129999999999995 8.981300000000001
18.467 9.275899999999998
19.240000000000002 9.756200000000002
18.026999999999997 10.0889
17.946 9.4184
16.092000000000002 9.470099999999999
17.487 9.3748
20.493 9.320999999999998
17.689999999999998 9.4236
15.427999999999997 8.709699999999998
15.870000000000003 8.805599999999998
17.714 8.7926
17.761 9.4712
20.775999999999996 9.421199999999999
19.025 9.3624
20.659 9.385
21.109 9.551000000000002
19.544999999999998 9.575600000000001
20.086000000000002 9.6736
21.198 9.9333
21.892999999999997 10.1486
18.723 10.153500000000001
19.692 9.5169
17.649 9.6555
21.295 9.530299999999999
23.666000000000004 10.0021
19.224999999999998 9.5694
20.042999999999996 9.494299999999999
19.246 9.495099999999999
21.097 9.3926
23.363 9.9043
23.361 10.024899999999999
22.296000000000003 9.515100000000002
25.264999999999997 9.8333
26.647 10.5499
21.717000000000002 10.2757
20.615000000000002 9.4586
23.499 10.041699999999999
22.352999999999994 9.8451
24.735000000000007 9.7341
21.342999999999996 9.6964
22.408 9.422099999999999
22.287 9.464699999999999
26.069000000000003 9.8248
24.115 9.792000000000002
22.748999999999995 9.6754
24.233 9.327100000000002
22.482999999999997 9.7001
24.343999999999998 9.7888
21.85 9.827300000000001
23.311999999999998 9.6126
24.565 9.5344
27.095000000000002 9.860299999999999
24.388999999999996 10.4709
24.047 10.3023
25.691000000000003 10.0635
24.785 10.2746
25.123 9.8621
23.794000000000004 9.498600000000001
19.822 9.2705
22.884 9.6517
26.035999999999998 9.6164
23.450000000000003 10.333300000000001
29.071 10.1738
24.866999999999997 10.3535
22.469 9.6876
21.692 9.4026
20.977999999999998 9.5856
21.378999999999998 9.285
21.742 9.414700000000002
19.307 9.287199999999999
22.096 10.0032
20.482999999999997 10.3905
28.225999999999996 10.409600000000001
25.080000000000002 10.8743
22.944 10.2467
19.605 9.647400000000001
23.654999999999998 10.1408
26.0414 10.418099999999999
19.762 8.8104
21.199999999999996 9.308
21.659 9.7434
22.354999999999997 9.4572
23.902 9.797699999999999
24.080999999999996 9.450800000000001
21.051000000000002 9.2276
21.599 9.310199999999998
20.901 9.2303
19.427000000000003 9.2911
24.874000000000006 9.647799999999998
19.243 9.810400000000001
19.105999999999998 9.183600000000002
30.415999999999997 10.2065
22.205 10.4656
20.291 10.0197
17.79 8.973499999999998
22.023 9.0654
20.125 9.0376
19.988999999999997 9.109300000000001
18.372 9.3305
21.116 9.525699999999999
29.409999999999993 10.021099999999999
21.288999999999998 9.8122
22.788999999999998 10.1483
20.110999999999997 9.948999999999998
19.778000000000002 9.643099999999999
18.229 9.5096
19.984999999999996 10.1381
20.552 10.129200000000003
20.415999999999997 9.6263
22.898000000000003 9.5208
18.392 9.813999999999998
20.048 9.8973
19.196999999999996 9.954799999999999
18.539 9.379299999999999
17.16 9.1345
17.641000000000002 8.8249
17.521000000000004 9.138
19.796999999999997 9.1834
23.081 10.1617
21.395999999999997 9.912600000000001
18.926 9.7874
20.605999999999998 9.8664
18.529 10.0271
19.519999999999996 9.6527
18.056 9.305100000000001
17.415 9.2257
21.396 9.2421
22.241999999999997 9.344600000000002
20.150999999999996 9.364700000000001
19.843999999999994 9.3285
22.163 9.6536
19.404 9.5676
19.720000000000002 9.3882
16.116000000000003 9.0951
14.687999999999999 8.628699999999998
18.903 9.1243
20.151999999999997 9.123500000000002
17.483999999999998 8.959800000000001
20.078000000000003 9.449100000000001
19.001 9.819299999999998
17.293999999999997 9.177699999999998
16.194000000000003 8.982600000000001
16.3694 9.244299999999999
14.500500000000002 9.253100000000002
16.195400000000003 9.0839
15.611 8.649899999999999
17.103 8.740399999999998
15.480000000000002 8.782600000000002
16.7175 8.819199999999999
17.707 9.0835
