11.379499999999998 5.844210000000002
11.4028 5.8512
11.2888 5.8509
11.4142 5.88788
11.331100000000003 5.8439000000000005
11.493400000000005 6.0000800000000005
11.4063 5.83259
11.253200000000001 5.82486
11.313900000000002 5.846669999999998
11.380300000000004 5.83675
11.5463 5.833200000000001
11.2767 5.83565
11.294699999999997 5.85397
11.2629 5.866370000000001
11.0982 5.844770000000001
11.325799999999997 5.810350000000001
11.227700000000002 5.809370000000001
11.3493 5.829949999999999
11.3241 5.890300000000002
11.292599999999998 5.805650000000002
11.1166 5.808450000000001
11.271500000000003 5.80315
11.429300000000001 5.819299999999999
11.467499999999996 5.830600000000002
11.481000000000002 5.7940499999999995
11.508699999999997 5.792699999999999
11.462999999999997 5.792500000000001
11.3748 5.8159
11.267500000000002 5.823300000000002
11.1243 5.909300000000002
11.057699999999999 5.921100000000002
11.334000000000001 5.889100000000001
11.4727 5.8289
11.476600000000001 5.8304
11.3426 5.8203000000000005
11.3087 5.806600000000001
11.300799999999999 5.8472
11.186599999999999 5.797600000000001
11.4474 5.7812
11.327199999999998 5.785900000000001
11.3189 5.8523
11.205599999999997 5.829399999999999
11.135200000000003 5.7905
11.113299999999999 5.789500000000001
11.137900000000002 5.791599999999998
11.100300000000002 5.795100000000001
11.110100000000001 5.797199999999999
11.070200000000002 5.796799999999999
11.099999999999998 5.7882
10.9806 5.7928
11.1153 5.797300000000001
11.171599999999996 5.7945
11.201600000000001 5.782500000000003
10.975499999999997 5.790900000000001
10.913599999999999 6.019800000000001
10.981899999999998 5.7911
11.119099999999998 5.796000000000001
11.086399999999996 5.7846
11.0707 5.791100000000001
10.917899999999998 5.7913000000000014
11.1353 5.792400000000001
11.0928 5.7968
10.962 5.7923
11.012099999999998 5.802399999999999
10.967799999999999 5.8002
11.131499999999999 5.7965
11.253699999999998 5.8048
11.1699 5.797699999999999
10.956299999999999 5.7867
11.057699999999999 5.7916500000000015
11.203299999999999 5.788350000000001
11.1455 5.792050000000001
11.189499999999999 5.79845
11.254100000000001 5.794800000000001
11.0641 5.783050000000001
11.157599999999999 5.799300000000001
11.292400000000002 5.844850000000001
11.092700000000004 5.807
10.725099999999998 6.011650000000001
10.535999999999998 5.786300000000001
10.708899999999996 5.788850000000001
10.561099999999998 5.7936499999999995
10.601399999999996 5.781249999999999
10.609100000000002 5.789499999999999
10.6216 5.799149999999998
10.863700000000001 5.7953
10.743499999999997 5.8008999999999995
10.796800000000003 5.807300000000001
10.748900000000003 5.8096000000000005
10.817700000000002 5.833900000000002
10.836400000000001 5.843599999999999
10.828300000000002 5.801800000000001
10.801200000000003 5.797300000000001
10.718700000000002 5.7857
10.659099999999999 5.7947000000000015
10.917400000000002 5.795200000000001
11.096399999999997 5.789500000000001
11.0685 5.792799999999999
11.033700000000005 5.797300000000001
10.846299999999998 5.7787999999999995
10.8987 5.785
10.838099999999997 5.784900000000002
10.9901 5.957400000000001
11.0547 5.8586
11.033200000000003 5.8134999999999994
11.0602 5.856999999999999
10.982400000000004 5.795800000000002
10.819900000000004 5.802200000000002
10.563099999999997 5.7989
10.437500000000002 5.7873
10.465000000000002 5.8101
10.5266 5.8415
10.889600000000003 5.8607
10.878800000000002 5.899700000000001
10.9401 5.8074
10.967099999999999 5.7966999999999995
11.1428 5.809500000000002
11.044199999999996 5.8152
11.1799 5.807300000000001
11.139200000000002 5.816900000000001
11.0666 5.687599999999999
11.140399999999996 5.812300000000002
11.011999999999997 5.80695
11.030600000000002 5.695300000000001
11.489899999999995 5.811800000000001
11.96903 6.007200000000001
11.393200000000002 5.7783
11.1645 5.959299999999999
11.123800000000005 5.801440000000001
11.163200000000002 5.81449
11.3058 5.88593
11.192199999999998 5.7876199999999995
11.270100000000003 5.802869999999999
11.1161 5.792069999999999
11.156700000000006 5.792320000000001
11.2222 5.804799999999998
11.189299999999996 5.812669999999999
11.146400000000003 5.8104499999999994
11.1906 5.807430000000001
11.246399999999998 5.806820000000001
11.5335 5.817110000000001
11.678700000000001 5.822300000000002
11.727599999999997 5.807290000000002
11.783200000000003 5.810990000000002
11.446 5.800600000000001
11.583 5.817
11.6128 5.846800000000001
11.544300000000005 5.869689999999999
11.514999999999995 5.8551899999999995
11.451 5.91599
11.222100000000005 5.816490000000001
11.417400000000004 6.040870000000002
11.3717 5.8155699999999975
11.568200000000001 5.83434
11.403099999999998 5.875590000000002
11.2319 5.828920000000001
11.312399999999998 5.822520000000001
11.1845 5.818320000000003
11.094199999999997 5.816199999999999
11.2693 5.824140000000001
11.128699999999997 5.821570000000001
11.208899999999996 5.819960000000001
11.164899999999998 5.824230000000001
11.146500000000001 5.826950000000002
11.320400000000001 5.81986
11.198599999999999 5.828759999999999
11.164099999999998 5.828360000000001
11.164399999999999 5.83014
11.124899999999997 5.82925
11.203900000000003 5.950760000000001
11.387200000000004 5.9694400000000005
11.3067 5.962490000000002
11.2352 5.839149999999999
11.292600000000004 5.85086
11.897900000000002 5.94266
12.010900000000001 6.052650000000001
11.976600000000003 5.85324
11.930299999999999 5.832430000000001
11.142499999999997 5.838949999999999
11.038600000000002 5.83795
11.123800000000001 5.839239999999999
11.082799999999995 5.839740000000002
11.2307 5.83015
11.536600000000002 5.838049999999999
11.580900000000002 5.839260000000001
11.4919 5.838649999999999
11.486500000000003 5.835859999999999
11.510099999999998 5.847059999999997
11.505299999999998 5.84246
11.508200000000002 5.83365
11.5377 5.8455499999999985
11.619700000000002 5.84576
11.339800000000002 5.832950000000003
11.056099999999999 5.8408299999999995
10.9905 5.8375400000000015
10.9852 5.842830000000002
11.173000000000002 5.86092
10.989 5.893699999999999
10.964399999999998 5.83354
11.016799999999998 5.85084
11.070900000000004 6.00924
11.1982 5.835019999999999
11.1921 5.823840000000002
11.1438 5.831759999999999
11.3457 5.862560000000001
11.4155 5.92336
11.211500000000001 5.869560000000002
11.241600000000002 5.836760000000003
11.2633 5.826139999999999
11.190400000000004 5.872140000000002
11.1796 5.95614
11.173399999999999 5.870940000000001
11.205100000000002 5.827440000000001
11.318699999999998 5.820740000000002
11.399900000000002 5.81333
11.2794 5.820929999999999
11.350999999999999 5.82013
11.3465 5.820239999999999
11.2023 5.81772
11.235199999999997 5.8177
11.067900000000002 5.8461
11.058400000000002 5.834189999999998
11.0182 5.848670000000002
11.055200000000003 5.8170899999999985
11.176799999999998 6.04909
11.2142 5.82089
11.072399999999998 5.809900000000001
11.115200000000002 5.81258
11.1666 5.8221
11.263600000000002 5.8248
11.322399999999998 5.81029
11.1706 5.81708
11.262 5.80749
11.202200000000003 5.806089999999999
11.134200000000002 5.813889999999998
11.283799999999996 5.81199
11.548499999999995 5.82217
11.499 5.822970000000001
11.235 5.81387
11.314499999999999 5.812860000000001
11.7619 5.821559999999999
11.685799999999997 5.818660000000001
11.448900000000002 5.832870000000002
11.3827 5.82497
11.5542 5.839070000000001
11.558900000000001 5.898950000000002
11.565200000000003 5.86007
11.479000000000003 5.821560000000001
11.441400000000002 5.98695
11.523500000000004 5.8240300000000005
11.509799999999998 5.81393
11.4975 5.81812
11.6112 5.81501
11.391500000000002 5.817200000000001
11.2909 5.814100000000001
11.282300000000003 5.82091
11.211500000000001 5.8251100000000005
11.211299999999996 5.818620000000001
11.29 5.819119999999999
11.370900000000002 5.81261
11.507200000000001 5.80592
11.536100000000001 5.807140000000001
11.4543 5.799040000000001
11.410199999999996 5.81534
11.4284 5.817240000000002
11.543000000000001 5.811950000000001
11.475399999999997 5.809949999999999
11.530100000000001 5.807629999999999
11.453500000000002 5.808629999999999
11.345600000000001 5.822140000000001
11.372700000000002 5.81564
11.413500000000003 5.82144
11.418700000000003 5.840140000000001
11.472400000000002 5.9907499999999985
11.544600000000003 5.819640000000001
11.5446 5.81294
11.569700000000001 5.806339999999999
11.667500000000002 5.803730000000001
11.509200000000002 5.79635
11.495400000000002 5.805739999999999
11.490999999999998 5.84444
11.496000000000002 5.885249999999999
11.416300000000001 5.930339999999999
11.3435 5.92334
11.5197 5.829540000000001
11.392400000000004 5.832840000000001
11.334100000000003 5.830629999999998
11.225899999999996 5.858440000000002
