13.296 6.72
13.866 6.687
16.308 6.645
14.993 6.654999999999999
14.599 6.6530000000000005
14.142000000000001 6.656
15.519 6.662999999999999
14.934999999999999 6.647
14.937999999999999 6.644
13.571 6.645000000000001
15.173 6.6610000000000005
14.395000000000003 6.663000000000001
14.777000000000001 6.652000000000001
15.870000000000003 6.644
15.567 6.6339999999999995
14.584 6.627000000000001
15.584999999999999 6.638000000000001
13.984999999999998 6.63
15.875 6.637
15.011 6.6290000000000004
10.757 6.714
7.905000000000001 6.805999999999999
7.775000000000001 6.83
8.299999999999999 6.847
7.502000000000001 6.876
8.849 6.861000000000001
7.516 6.848
12.036 6.731
9.053 6.787
8.051 6.855
9.488 6.773
10.245000000000001 6.6129999999999995
11.742999999999999 6.620000000000001
13.662000000000003 6.665
16.083 6.659
17.095 6.644
14.679 6.642999999999999
15.702 6.642
14.667 6.6530000000000005
12.839 6.659
10.513 6.6419999999999995
14.6 6.657
15.863999999999997 6.658
16.798 6.659
17.2 6.6530000000000005
15.283 6.64
13.879 6.646000000000001
15.994999999999997 6.656
15.445 6.658
16.832 6.641
16.309 6.646000000000001
15.559999999999999 6.633
13.184999999999999 6.64
14.017000000000001 6.6419999999999995
13.995000000000001 6.648
15.223 6.645000000000001
15.949000000000002 6.664000000000001
14.78 6.6419999999999995
11.77 6.691999999999999
11.371 6.7330000000000005
13.324 6.715999999999999
14.421999999999999 6.69
12.558 6.6979999999999995
11.999 6.724000000000001
10.532 6.670999999999999
10.299 6.683
9.836 6.706999999999999
10.654 6.697
9.475999999999999 6.681999999999999
9.139999999999999 6.7139999999999995
9.072 6.752
10.671999999999999 6.749
11.683 6.786999999999999
12.484 6.795999999999999
14.969 6.689
14.373999999999999 6.624
15.369 6.627999999999999
15.860000000000001 6.6339999999999995
15.212 6.656
15.704 6.634999999999999
15.109 6.691
16.278000000000002 6.681000000000001
14.206 6.677
16.974 6.662
11.331 6.677
14.831000000000003 6.664000000000001
16.663999999999998 6.677
16.712 6.654999999999999
13.336 6.628
16.384999999999998 6.622999999999999
13.894 6.627
14.472 6.628
17.127 6.6339999999999995
13.738999999999999 6.627
13.719999999999999 6.7
14.847 6.63
14.118 6.64
16.797 6.6290000000000004
14.648 6.630999999999999
13.462000000000002 6.624
12.620000000000001 6.625
12.533 6.620000000000001
11.789000000000001 6.634000000000001
12.677 6.634999999999999
11.498999999999999 6.670000000000001
11.334 6.660000000000001
13.522 6.6659999999999995
14.963999999999999 6.6469999999999985
14.255 6.670000000000001
14.49 6.6610000000000005
16.114 6.659
15.409 6.639
12.65 6.648
16.552999999999997 6.634999999999999
15.708 6.633
15.756 6.626
14.902 6.657
13.11 6.702
11.754999999999999 6.741
10.009 6.848
10.654000000000002 6.8580000000000005
12.65 6.769
16.882 6.626
14.981 6.619999999999999
15.729 6.6659999999999995
15.758999999999999 6.654999999999999
17.360999999999997 6.648
14.869 6.654999999999999
16.756999999999998 6.641
13.985 6.620000000000001
14.902000000000001 6.636
16.610999999999997 6.622999999999999
14.987 6.64
14.215000000000003 6.626
14.35 6.641
14.103000000000002 6.621
11.805 6.644
15.234 6.641
14.347999999999999 6.703
14.706 6.654999999999999
13.961000000000002 6.68
14.227 6.672000000000001
14.809 6.683
14.654 6.682
14.450000000000001 6.659999999999999
17.556 6.632000000000001
14.696000000000002 6.64
13.003 6.618
12.095999999999998 6.647
14.163 6.628
14.113999999999999 6.659
14.798 6.635000000000001
13.934 6.6530000000000005
14.657 6.627000000000001
14.737 6.651999999999999
14.833000000000002 6.627
14.925999999999998 6.658
13.402999999999999 6.631000000000001
13.455 6.654999999999999
15.067999999999998 6.644
15.107000000000001 6.645999999999999
16.33 6.63
16.156000000000002 6.645000000000001
13.061 6.627
14.737 6.654999999999999
13.738 6.632000000000001
10.297 6.726
11.618 6.6979999999999995
9.48 6.717999999999999
9.542 6.715
10.056999999999999 6.74
11.370000000000001 6.788999999999999
13.48 6.653999999999999
14.966000000000001 6.633
15.35 6.669
15.061000000000002 6.635000000000001
14.748999999999999 6.6659999999999995
15.292 6.638
12.272 6.666999999999999
12.975999999999999 6.694999999999999
13.944 6.707000000000001
15.171000000000001 6.712999999999999
15.265 6.665
14.984 6.641
10.962000000000002 6.659
12.241 6.6850000000000005
13.211 6.663999999999999
14.265 6.64
13.377 6.67
15.235000000000001 6.645999999999999
9.985 6.772
12.47 6.752
15.610999999999997 6.697
13.774999999999999 6.648
14.514 6.665
14.978 6.645999999999999
14.499 6.668
13.833 6.648
14.737 6.670000000000001
15.045999999999998 6.641
15.222 6.683
16.889000000000003 6.645
11.302999999999999 6.680999999999999
14.381 6.685
14.007 6.681000000000001
14.626 6.677
12.97 6.67
14.349 6.664000000000001
12.977 6.645000000000001
12.839 6.625
13.629 6.6610000000000005
15.494 6.649000000000001
13.136999999999999 6.675000000000001
15.528 6.653
10.534 6.734999999999999
14.371 6.678000000000001
12.802 6.659
15.572 6.645000000000001
12.976 6.660000000000001
14.046999999999999 6.644000000000001
12.485 6.657
10.904 6.634000000000001
12.553 6.665
14.917000000000002 6.669
13.699999999999998 6.701
13.707999999999998 6.672000000000001
12.705 6.726999999999999
14.462 6.768000000000001
14.844000000000001 6.732
15.875 6.659
16.299 6.67
15.882 6.636
12.145999999999999 6.636
12.897 6.656999999999999
13.656000000000002 6.662
13.757 6.669
16.538000000000004 6.702
13.357000000000003 6.658
13.929 6.744
16.943 6.662
16.653 6.656
15.329 6.658
15.405999999999997 6.662999999999999
14.826 6.667000000000001
15.639999999999999 6.665
16.209999999999997 6.668
16.211000000000002 6.67
16.833 6.651999999999999
16.268 6.6789999999999985
16.214000000000002 6.659
12.248000000000001 6.68
13.669 6.737
14.405999999999999 6.736000000000001
16.462000000000003 6.696000000000001
14.371 6.645
14.203 6.642
14.942999999999998 6.703
13.827 6.739000000000001
13.886000000000001 6.731000000000001
15.097 6.6930000000000005
14.792 6.657
16.275000000000002 6.6419999999999995
10.33 6.741
11.616 6.76
12.267999999999999 6.717
12.683 6.639
13.91 6.664000000000001
16.421999999999997 6.662
16.665 6.651
15.647999999999998 6.645
16.205 6.687
15.042 6.626
6.3154 6.660000000000001
9.675999999999998 6.699000000000001
12.627000000000002 6.752999999999999
14.616999999999999 6.707000000000001
16.641000000000002 6.663999999999999
15.925 6.662
14.535 6.694
16.919 6.664000000000001
12.447 6.658
14.790999999999999 6.644
15.084999999999999 6.651
13.755 6.648999999999999
14.304 6.667000000000001
13.11 6.647
10.926 6.781
15.744000000000003 6.702
