13.721 12.506
14.462 12.534999999999998
13.488 12.518
13.691 12.534999999999998
13.734000000000002 12.515
13.104 12.49
14.156000000000002 12.519
13.677 12.504000000000001
13.681000000000001 12.501000000000001
14.922999999999998 12.547
14.228 12.524999999999997
13.797 12.534
15.472 12.568000000000001
13.623 12.552
12.78 12.495000000000001
13.591999999999999 12.529000000000002
12.725 12.501000000000001
13.455 12.485999999999999
12.848 12.501999999999999
13.467 12.503999999999998
13.907 12.534999999999998
12.951 12.487
13.026000000000002 12.506
13.291999999999998 12.500999999999998
13.837 12.513
13.907999999999998 12.509999999999998
13.153 12.509999999999998
14.185 12.547
13.106000000000002 12.506999999999998
15.078999999999997 12.574
13.641 12.556999999999999
13.163999999999998 12.543
14.671999999999999 12.581999999999999
14.521 12.572999999999999
14.505 12.559999999999999
14.902000000000001 12.586999999999998
12.936 12.57
14.458000000000002 12.626999999999999
14.662999999999998 12.598
12.862000000000002 12.544
13.350000000000001 12.523000000000001
13.791 12.594999999999997
13.098999999999997 12.586
11.751999999999999 12.597000000000003
12.367 12.658
13.573000000000002 12.742
13.065999999999999 12.689999999999998
15.966 12.607000000000001
13.918 12.578
13.62 12.562999999999999
13.099 12.566000000000003
13.156 12.568999999999999
13.428 12.572
14.515 12.676000000000002
13.373000000000001 12.692999999999998
13.186 12.716
13.172999999999998 12.677
14.593 12.73
12.666 12.625
13.373000000000001 12.592
12.948 12.575
12.482 12.58
11.565 12.562000000000001
11.884 12.560000000000002
12.931999999999999 12.565000000000001
12.156999999999998 12.551000000000002
13.677 12.586999999999998
13.062000000000001 12.559000000000001
12.961 12.541999999999998
13.373000000000001 12.562999999999999
12.263 12.549
11.259 12.527
10.8123 12.520000000000001
14.030000000000001 12.647999999999998
11.699 12.608
11.812 12.574
12.369 12.593000000000002
11.940999999999999 12.570999999999998
13.614999999999998 12.612000000000002
12.473 12.58
13.721 12.619999999999997
12.895000000000001 12.576
12.535000000000002 12.578
12.43 12.578
13.302 12.620999999999999
12.560999999999996 12.588
11.956 12.591
11.898 12.578999999999999
12.875000000000004 12.6
11.645999999999999 12.572
12.683 12.584999999999999
12.181000000000001 12.568999999999999
12.969999999999999 12.57
11.960999999999999 12.547999999999998
12.620999999999999 12.559000000000001
14.117 12.610000000000001
12.901000000000002 12.594
13.23 12.586
12.415999999999999 12.565999999999999
12.448 12.557000000000002
12.097999999999999 12.572
12.715000000000002 12.614
13.086999999999998 12.692999999999998
12.707 12.746000000000002
14.886 12.884
12.678999999999998 12.664
14.111 12.65
13.032 12.620000000000001
14.076 12.65
15.859000000000002 12.645999999999999
19.429000000000002 12.82
16.660000000000004 12.742
11.639 12.629999999999999
13.05 12.629999999999999
11.926 12.625999999999998
13.337 12.659
11.758000000000001 12.65
12.062 12.635
12.036999999999999 12.620999999999999
12.120000000000001 12.623999999999999
13.568999999999997 12.678999999999998
16.613 12.833
16.982999999999997 12.817
14.492999999999997 12.744999999999997
15.838 12.777000000000003
12.872999999999998 12.717999999999998
12.962000000000002 12.725
13.035 12.718000000000002
13.020999999999999 12.719
12.351 12.687999999999999
12.776000000000002 12.684999999999999
12.486 12.673000000000002
12.245 12.671
12.133 12.667
12.337000000000002 12.684999999999999
12.3302 12.703000000000001
11.535 12.652000000000003
11.3559 12.635000000000002
12.113999999999999 12.665
13.081999999999999 12.699
11.659 12.655999999999997
12.196 12.666999999999998
11.781 12.643
12.246000000000002 12.636
11.841 12.629000000000001
12.155 12.65
14.365 12.781999999999998
12.684999999999999 12.738
12.398000000000001 12.719
11.577 12.692
11.873000000000001 12.702
12.501000000000001 12.715000000000002
12.377999999999998 12.699
12.246000000000002 12.7
12.456 12.708
12.517999999999999 12.702
12.969 12.72
15.637 12.833
14.646999999999998 12.881
12.799 12.771000000000003
13.917000000000002 12.78
13.536999999999999 12.796
13.391999999999998 12.770999999999999
13.599 12.760000000000002
13.688999999999998 12.742
13.194 12.73
13.928 12.75
14.136 12.756
13.549 12.736999999999998
13.469000000000001 12.723
13.943999999999997 12.764000000000001
14.039000000000001 12.775999999999998
14.443 12.791
13.157000000000002 12.756
12.351 12.767000000000001
13.132 12.777
13.543 12.784999999999998
12.913999999999998 12.764999999999999
13.057000000000002 12.762
12.848 12.773000000000001
12.915 12.737000000000002
13.014999999999999 12.740000000000002
13.025999999999998 12.751999999999999
12.953999999999999 12.732
12.831999999999999 12.705
13.219 12.741
13.36 12.741
12.620000000000001 12.733
12.605 12.726
11.960999999999999 12.715000000000002
12.773999999999997 12.736
13.064 12.774
12.591999999999997 12.745000000000001
12.958000000000002 12.751000000000001
13.516 12.781
13.697999999999999 12.777
12.946 12.764000000000001
13.083999999999998 12.741
13.075999999999999 12.765
13.735 12.758
13.611999999999998 12.762
12.786 12.742999999999999
12.558000000000003 12.731
12.931999999999999 12.822
12.045000000000002 12.747
11.976999999999999 12.756
13.234000000000002 12.82
11.016 12.745999999999999
12.364 12.78
11.375 12.719
11.554 12.716
12.354 12.744
11.892999999999999 12.731
12.513 12.761
12.103000000000002 12.762
11.748 12.741
11.885 12.738
11.939000000000002 12.738
12.005999999999998 12.744
11.709999999999999 12.736999999999998
11.639999999999999 12.73
11.371 12.725
12.322000000000001 12.745999999999999
13.255 12.786
14.898 12.842
15.708 12.878
15.824 12.958
15.029 12.955
14.596 12.922
13.322999999999999 12.903999999999998
13.477 12.897
13.724 12.899
12.988 12.869
13.726000000000003 12.885
13.428 12.879999999999999
13.51 12.9
12.891 12.85
13.428999999999998 12.866
13.697000000000001 12.879
14.517 12.897999999999998
14.343 12.886000000000001
14.578 12.892000000000001
14.273 12.895000000000001
13.699999999999998 12.876999999999999
14.011000000000001 12.886000000000001
13.88 12.883
14.493 12.889999999999999
12.839999999999998 12.879
13.527000000000001 12.902
13.247 12.876000000000001
13.763 12.886999999999999
13.227 12.875
13.952 12.876999999999999
14.682 12.921
14.236 12.988999999999997
14.841000000000001 13.011999999999999
14.231 12.98
15.407000000000002 13.061
16.099 13.081000000000001
17.278 13.144999999999998
15.957000000000003 13.087000000000002
14.753 13.019999999999998
15.626000000000001 13.028999999999998
14.991 13.03
14.765 13.003
15.033000000000001 13.024000000000003
14.902999999999999 13.001999999999999
14.505 13.006
16.102999999999998 13.055
14.794000000000002 12.997999999999998
14.823 13.008999999999999
13.449 12.955
13.641 12.951
14.392 12.988
13.338 12.958999999999998
13.425999999999998 12.965000000000002
13.072999999999999 12.940999999999999
13.824 12.959999999999999
13.827 12.962000000000002
14.365 12.983
13.666 12.971
12.947000000000001 12.943999999999999
14.812999999999999 12.982999999999997
16.223 13.074999999999998
14.506 13.022
14.658 13.012
13.556000000000001 12.968000000000002
13.065000000000001 12.949
