16.5294 8.4055
16.991600000000002 8.5398
13.556399999999998 8.6661
14.410100000000003 8.639999999999999
15.78 8.514
14.838199999999999 8.8299
11.6437 8.129299999999999
13.2206 8.172500000000001
12.101399999999998 7.936999999999999
15.740000000000002 8.130700000000001
16.7164 8.7502
14.826900000000002 8.8075
16.404600000000002 8.8365
16.253899999999998 8.7007
13.167000000000002 8.579999999999998
12.397300000000001 8.1799
12.3913 8.3405
12.049699999999998 8.169
14.834100000000003 8.3274
16.876799999999996 8.908100000000001
13.2973 8.9948
13.183799999999998 8.1115
15.4611 8.5317
12.897400000000001 8.2342
11.990499999999999 8.0477
13.1087 8.453800000000001
13.395500000000002 8.206299999999999
14.2462 8.4681
16.4585 8.474100000000002
13.527599999999998 8.710700000000001
13.322700000000001 8.2841
13.880600000000001 8.2428
12.3442 8.2693
16.0627 8.6036
15.234300000000001 8.6178
14.877 8.950800000000001
20.5 9.5865
18.044 9.5238
15.159 9.1124
13.839000000000002 9.0537
17.237000000000002 9.009599999999999
12.469499999999996 8.590200000000001
13.673300000000003 8.3443
11.940000000000001 8.306799999999999
11.461599999999999 7.8468
18.5611 8.7101
15.909 9.201200000000002
12.9636 8.862200000000001
13.561800000000002 8.4877
14.8453 9.3596
11.8446 8.5602
12.668700000000003 8.235199999999999
13.3492 8.588999999999999
10.778200000000002 7.897800000000001
15.273699999999998 8.619
12.3088 8.743400000000001
14.11 8.663
13.3282 8.6181
12.2768 8.2222
10.301800000000002 8.2451
13.187100000000001 8.1482
12.578600000000002 8.2573
11.6748 7.8627
13.8603 8.495000000000001
12.662800000000002 8.2115
13.238900000000001 8.3817
13.421399999999997 8.576599999999997
12.284999999999998 8.9416
11.907399999999999 8.7859
11.257100000000001 8.248399999999998
15.2087 8.6352
11.8143 7.9644
12.4745 8.0906
12.247399999999999 8.1139
12.7286 8.5049
13.3319 8.3982
12.493500000000001 8.4459
11.3661 8.709800000000001
12.024 7.9322
14.0105 8.197799999999999
15.184000000000001 8.186300000000001
13.040099999999999 8.749600000000001
13.1165 8.7979
14.7653 8.6474
16.1628 9.1589
14.2711 9.286
13.265699999999999 8.9121
14.078 8.8095
14.484400000000003 8.805499999999999
15.676000000000002 8.735599999999998
14.726799999999999 8.2138
14.5109 8.3957
14.1349 8.351799999999999
13.8537 8.126
15.2725 8.536299999999999
13.4266 8.3756
12.5043 8.120800000000001
14.587000000000003 8.7624
16.5548 8.8487
16.218100000000003 8.6932
16.802999999999997 9.392900000000001
13.5824 9.048899999999998
13.534299999999998 8.572099999999999
19.4709 9.114999999999998
15.036300000000002 9.520000000000001
14.326 9.110499999999998
15.888399999999999 9.4298
17.851999999999997 9.2613
19.862000000000002 9.7821
17.397 9.6332
16.903 9.6413
18.023999999999997 9.695400000000001
17.439 9.769200000000001
15.951 8.9671
14.822400000000002 8.6562
15.677800000000003 8.323
16.471000000000004 8.605699999999999
19.152 8.759599999999999
18.248000000000005 9.2835
20.762999999999998 9.5662
17.294999999999998 9.2919
20.344999999999995 9.4836
17.689000000000004 9.4712
18.147999999999996 9.6987
16.9807 9.4931
17.7175 9.2305
17.843 9.002099999999999
17.145 8.6654
17.565 8.612
16.521 8.641600000000002
18.891000000000002 9.082
15.665999999999997 9.1196
17.619 9.236600000000001
15.02 8.934099999999999
17.959000000000003 8.855
17.245 9.5091
19.492999999999995 9.4464
20.225 9.569799999999999
18.585 9.631800000000002
18.576999999999995 10.079200000000002
16.35 8.9062
16.54 8.8511
15.812999999999999 8.8956
17.696 8.991999999999999
21.041999999999998 9.4487
20.382 9.6778
18.836 10.2647
18.163999999999998 9.3803
18.737000000000002 9.613000000000001
18.771000000000004 9.593499999999999
20.016000000000002 9.563799999999999
18.119000000000003 9.165099999999999
20.458000000000002 9.690299999999999
20.133 10.1854
20.508000000000003 9.398700000000002
23.610000000000003 9.551199999999998
21.258 9.770499999999998
20.407000000000004 9.8464
19.885 9.2184
21.021 9.462
21.417 9.7357
18.721 9.2941
19.399 9.229000000000001
20.500999999999998 9.268600000000001
22.698 9.693200000000001
20.636000000000003 9.6553
20.571 9.552500000000002
22.387999999999998 9.5653
24.697 10.392800000000001
25.019000000000002 10.5914
24.516999999999996 10.590399999999999
21.252 10.2849
22.082 10.0057
24.991000000000003 10.227
22.810000000000002 9.9484
20.871000000000002 9.7162
20.583000000000006 9.8022
23.930999999999997 9.940999999999999
24.332 10.134599999999999
25.704 10.073799999999999
24.305 9.869800000000001
24.966 10.1252
23.31 10.0487
23.496 9.971200000000001
23.971999999999998 9.597500000000002
22.717000000000002 9.611600000000001
24.095 9.5891
23.963000000000005 10.098799999999999
23.472 9.866499999999998
28.509 10.1118
24.438 10.0792
26.093 10.4131
21.997 10.1441
22.125999999999998 9.9354
23.896 10.0773
23.358 9.787799999999999
24.589 9.942899999999998
23.034000000000002 9.457799999999999
21.651999999999997 9.8261
24.679999999999996 10.114399999999998
26.310999999999996 10.3905
21.954000000000004 10.053499999999998
22.451 9.975200000000001
22.820999999999998 9.8047
20.790999999999997 9.548599999999999
24.537999999999997 9.678899999999999
23.159000000000002 9.696999999999997
24.377999999999993 9.6847
23.974000000000004 9.845199999999998
24.948999999999998 10.055799999999998
21.661 9.965399999999999
21.626999999999995 9.752500000000001
21.139000000000003 9.6083
22.276 9.992099999999999
24.145 9.953
24.556 10.219399999999998
21.875 9.968899999999998
22.352 10.0441
21.429 10.1216
23.143 10.2637
22.060999999999996 9.826799999999999
21.387000000000004 9.8693
20.735999999999997 9.800600000000001
21.810999999999996 9.576799999999999
22.677 9.6508
21.641 9.7782
25.886 10.261299999999999
23.299999999999997 10.4831
22.811999999999998 10.3926
20.138 9.778
21.375000000000004 9.6574
21.235 9.410899999999998
21.537 9.333700000000002
20.325000000000003 9.5136
23.417 9.692399999999997
20.526999999999997 9.688099999999999
20.884000000000004 9.8483
24.185000000000002 10.029000000000002
23.723000000000003 10.045100000000001
24.278999999999996 10.3821
24.585000000000004 10.380700000000001
22.147 10.3437
22.241 10.097399999999999
24.056999999999995 10.1849
24.599 10.5091
20.96 10.2148
21.701999999999998 9.8688
21.332 9.4677
21.035 9.2331
22.512999999999998 9.453899999999999
21.707 9.732000000000001
20.086 9.831400000000002
19.682 9.468000000000002
20.75 9.5151
20.226 10.0016
25.914999999999992 10.5256
23.169 10.369100000000001
20.504 9.9737
21.865 9.531600000000001
22.134999999999998 9.352899999999998
21.445 9.6305
19.936999999999998 9.5023
24.151999999999997 9.5619
20.732 9.6752
20.277 9.4641
19.919999999999998 9.780899999999999
19.240999999999996 9.3803
21.423000000000002 10.060599999999999
21.105999999999998 9.8665
20.188 9.9185
17.884 9.668099999999999
17.674 9.8359
18.232999999999997 9.7806
21.186 10.1448
19.534 9.947
16.402 9.4055
19.319999999999997 9.6436
17.937000000000005 10.126199999999997
17.657 9.605899999999998
15.409 9.5915
16.594 9.7629
15.525699999999997 9.962299999999999
15.9126 9.521700000000001
16.918 9.7801
14.329 9.4855
14.9147 9.4515
14.9482 9.054599999999999
14.427000000000001 8.707500000000001
