15.098299999999993 19.025800000000004
15.226399999999995 19.130599999999998
15.170699999999998 19.03349999999999
15.243499999999996 19.141600000000004
14.904199999999998 19.141000000000005
15.382399999999997 19.1782
15.408 19.17330000000001
15.1776 19.118899999999993
15.123299999999995 19.0694
15.282900000000007 19.0547
15.579799999999999 19.062999999999995
15.318500000000004 19.069499999999987
15.158900000000003 19.092600000000004
15.147900000000009 19.110999999999997
15.132399999999993 19.037400000000005
15.203099999999994 19.108399999999996
15.032199999999998 19.088899999999995
15.116999999999999 19.139400000000013
15.147699999999997 19.188599999999987
15.0982 19.19459999999999
15.089899999999998 19.246599999999997
15.292500000000006 19.195199999999996
15.218199999999998 19.030199999999994
15.204999999999993 19.037700000000005
15.060499999999996 19.0132
14.995499999999995 19.0929
15.055800000000003 19.160099999999993
14.9649 19.039200000000008
15.026999999999996 19.004600000000003
15.045000000000003 19.009600000000006
14.9919 18.963399999999996
15.058200000000003 18.948600000000006
14.931799999999997 18.9817
15.168899999999997 19.0424
14.9586 19.067499999999995
14.776800000000003 18.9664
14.870599999999992 19.0774
14.9678 19.055600000000002
15.041299999999996 19.040500000000005
15.343499999999995 19.019400000000005
15.288899999999996 19.108900000000002
15.1614 19.143400000000014
15.039799999999993 19.021799999999995
15.129399999999993 19.021699999999996
15.026100000000001 18.9797
14.99380000000001 19.007699999999993
14.838200000000004 19.02349999999999
14.681599999999994 18.82690000000001
14.951699999999999 19.102800000000002
14.903000000000006 19.0788
14.678099999999997 19.068599999999993
15.1568 19.0055
14.966099999999999 18.9725
15.017400000000002 18.963699999999996
14.957099999999995 19.053800000000003
14.936000000000005 19.07239999999999
14.763099999999996 19.096400000000003
14.812100000000001 19.034600000000005
14.737599999999995 19.067399999999996
14.830300000000001 19.0832
14.813600000000001 19.0382
14.790999999999995 19.043500000000005
14.9533 19.159100000000002
14.734499999999992 19.118199999999995
14.634999999999994 19.1007
14.714199999999995 19.062700000000003
14.806600000000003 19.090299999999996
14.940199999999992 19.08719999999999
14.961999999999998 19.033799999999996
14.980300000000002 19.1286
14.883199999999999 19.124800000000004
15.008 19.16340000000001
15.007699999999998 19.0759
14.9428 19.101499999999998
14.818200000000001 19.10050000000001
14.723900000000006 19.115899999999993
14.765899999999998 19.0457
14.959200000000001 19.134300000000007
14.874999999999991 19.102099999999993
14.878900000000003 19.14439999999999
14.778100000000006 19.071699999999993
14.847500000000005 19.1362
15.0813 19.161599999999996
15.137299999999993 19.1153
15.177999999999999 19.167600000000007
15.099899999999995 19.172699999999995
15.069000000000004 19.11800000000001
15.091699999999996 19.124499999999994
14.965799999999998 19.063200000000005
15.085899999999993 19.048199999999998
15.253200000000005 19.0224
15.281500000000001 19.121799999999997
15.224699999999993 19.2357
15.659899999999993 19.2386
15.586900000000004 19.15970000000001
15.517800000000001 19.147100000000002
15.475999999999997 19.078600000000005
15.345899999999999 19.0508
15.429999999999994 19.0003
15.472700000000003 19.048
15.402299999999999 19.12810000000001
15.333399999999997 19.007400000000015
15.289699999999993 19.063299999999998
15.376300000000004 19.047800000000002
15.281799999999999 19.104899999999994
15.288800000000005 19.104800000000008
15.445100000000005 19.069600000000005
15.626900000000004 19.127799999999997
15.461800000000004 19.147600000000004
15.471100000000002 19.106900000000003
15.446300000000008 19.063800000000004
15.457400000000002 19.01640000000001
15.305 19.022100000000005
15.179 18.926400000000008
15.305100000000001 19.023499999999988
15.3434 19.035000000000004
15.140200000000004 19.050199999999997
15.170899999999993 19.011499999999998
15.107299999999999 19.060299999999998
15.329000000000011 18.982600000000012
15.330599999999992 18.9367
15.2513 18.916699999999995
15.232899999999997 18.938799999999993
15.207800000000004 19.024599999999996
15.129599999999993 19.0477
15.055999999999994 19.114099999999997
15.185599999999988 19.1096
16.000799999999995 19.018699999999995
16.115799999999997 19.039499999999997
16.058099999999996 19.092899999999993
16.123599999999996 19.0368
15.819499999999998 19.016000000000005
15.424200000000003 18.989099999999986
15.396499999999996 19.051800000000004
15.356499999999999 19.018799999999995
15.338900000000002 18.969800000000003
15.370699999999998 19.006400000000003
15.401200000000006 19.114100000000004
15.344499999999995 19.0319
15.325800000000006 19.081300000000002
15.476300000000002 19.036100000000005
15.548099999999998 19.109399999999997
15.378599999999992 19.0358
15.517599999999998 19.073299999999996
15.504699999999987 19.179399999999994
15.476099999999992 19.13279999999999
15.305300000000004 19.158499999999993
15.450899999999995 19.179299999999998
15.307500000000005 19.1151
15.358000000000004 19.140799999999995
15.482599999999996 19.094099999999994
15.542699999999995 19.1277
15.693400000000002 19.130800000000008
15.751800000000001 19.1332
15.776099999999996 19.107400000000005
15.750199999999998 19.036400000000004
15.615600000000002 18.9618
15.612100000000009 19.03380000000001
15.824799999999989 19.06029999999999
15.759299999999998 18.9907
15.895499999999988 18.97180000000001
15.874000000000002 19.0196
15.871600000000004 19.079600000000006
15.889399999999998 19.0539
15.752299999999996 19.1016
15.762999999999986 19.152200000000008
15.769300000000003 19.201200000000004
16.330299999999998 19.237800000000004
16.5434 19.15190000000001
16.016 19.105400000000007
15.879499999999993 19.140900000000002
15.610400000000006 19.075200000000002
15.607199999999999 19.084800000000005
15.5418 19.136400000000005
15.230700000000006 18.9117
15.528500000000001 19.084600000000005
15.484799999999996 19.073200000000007
15.936900000000003 19.111000000000004
16.055700000000005 19.079900000000002
15.6641 19.039499999999997
15.6149 18.972600000000003
15.567899999999996 18.98080000000001
15.4413 18.993300000000005
15.644800000000004 19.1148
15.581999999999995 19.101000000000003
15.529900000000008 19.002050000000008
15.332 19.056800000000003
15.334099999999996 19.011300000000006
15.197200000000002 19.070899999999998
15.2745 19.067
15.142399999999997 18.99680000000001
15.282800000000005 19.0594
15.451599999999996 19.021
15.627100000000006 18.968400000000006
15.4989 18.9655
15.525500000000003 18.893200000000004
15.495299999999993 18.932299999999998
15.593999999999994 18.924800000000005
15.6114 18.912399999999998
15.537 18.910500000000006
15.484899999999993 18.980599999999992
15.5023 18.922299999999996
15.540299999999995 18.875700000000002
15.546499999999996 18.897399999999994
15.322700000000008 18.893300000000004
15.424699999999994 18.967399999999994
15.498900000000004 18.961199999999998
15.3675 18.7343
15.676599999999999 18.732300000000006
15.896300000000005 18.8692
16.085900000000006 19.0133
16.008699999999997 18.9442
16.24798999999999 19.103746999999995
15.9264 19.01909999999999
15.735500000000002 18.991600000000002
15.734700000000002 18.7666
15.6399 18.782700000000002
15.656200000000004 18.866400000000006
15.614699999999996 18.856900000000003
15.773299999999999 18.8231
15.789799999999998 18.938799999999997
15.845500000000007 18.867800000000006
15.754899999999994 18.908399999999997
15.78699999999999 18.851699999999997
15.696600000000002 18.840999999999998
15.631 18.8213
15.612499999999999 18.900099999999995
15.585300000000002 19.023600000000005
15.636400000000005 18.932500000000005
15.704100000000002 18.9017
15.6838 18.927100000000006
15.683999999999992 18.910400000000006
15.562800000000001 18.84170000000001
15.585900000000002 18.85470000000001
15.5647 18.964099999999995
15.7876 18.86339999999999
15.747 18.8498
15.7516 18.84539999999999
15.663000000000002 18.814199999999996
15.664599999999998 18.8003
15.722399999999997 18.7948
15.868399999999989 18.878300000000007
15.751300000000004 18.8825
15.789199999999996 18.9354
15.583000000000006 18.8641
15.635699999999995 18.774799999999995
15.661200000000001 18.806600000000003
15.661600000000004 18.879500000000007
15.553899999999999 18.926599999999997
15.4679 18.998300000000004
15.428099999999995 19.010700000000003
15.52119999999999 19.019199999999998
15.451199999999995 18.9356
15.495599999999996 18.898700000000005
15.466899999999988 18.9541
15.507899999999996 19.0294
15.4767 18.913999999999998
15.61239999999999 18.9094
15.626700000000005 18.9431
15.732299999999997 18.940400000000007
15.672599999999992 18.871900000000004
15.629700000000001 18.969699999999996
15.601600000000005 18.968300000000003
15.42869999999999 18.973500000000012
15.391300000000003 18.9908
15.518500000000001 18.948500000000003
15.371299999999996 18.909400000000005
15.477800000000002 18.864800000000002
15.458499999999992 18.898500000000006
15.573100000000004 18.9507
15.618699999999993 19.035100000000003
15.671399999999993 19.00380000000001
15.648899999999996 19.0174
15.693499999999991 19.020500000000006
15.630799999999997 18.983499999999996
15.581399999999999 18.975100000000005
15.517499999999998 19.0076
15.585099999999999 18.895199999999992
15.511 18.957400000000003
15.442700000000006 18.9636
15.386799999999996 18.967800000000004
15.454799999999993 18.934099999999997
15.508100000000002 18.911399999999997
15.7009 18.880900000000008
15.663799999999997 18.90010000000001
15.742199999999992 19.006999999999998
15.567200000000009 18.94969999999999
15.62399999999999 18.933199999999996
