10.9113 9.5676
14.269000000000002 9.6293
12.665900000000002 9.7223
10.2566 9.056000000000001
12.1355 9.105800000000002
10.8672 9.0723
13.323500000000003 8.881900000000002
11.4645 9.0424
11.632600000000002 9.0301
9.8326 8.5676
11.6266 8.903
12.991 9.200999999999999
11.934700000000001 9.423799999999998
12.673000000000002 9.567099999999998
11.310599999999999 8.8606
13.054900000000004 8.6619
11.207699999999999 9.0602
10.205599999999999 9.1156
10.9706 9.0755
10.6975 9.1192
10.532900000000001 9.087200000000001
9.496900000000002 8.7224
10.2877 8.6412
9.1246 8.573400000000001
9.3554 8.4517
11.2799 8.9509
9.084 8.7124
9.2921 8.430299999999999
11.3126 8.6744
10.8096 9.2066
10.173399999999999 9.0777
11.564599999999999 9.0979
11.289299999999999 9.031
11.378799999999998 8.8352
13.069599999999998 8.7845
12.7081 9.071900000000001
11.6158 8.697000000000001
12.2197 8.722599999999998
11.4368 9.117
10.9889 8.992799999999997
10.5265 8.821399999999999
11.2778 8.582499999999998
9.0894 8.436400000000003
10.1778 8.663000000000002
9.328100000000001 8.312999999999999
8.4474 8.4085
8.8911 8.216499999999998
10.4357 8.4392
9.4997 8.2636
10.4986 8.468699999999998
10.8775 8.7562
10.445599999999999 8.3921
9.482800000000001 8.8331
11.038200000000002 8.9452
8.3149 8.858000000000002
10.659 8.3171
9.2638 8.796300000000002
10.3468 8.615
9.6041 8.892399999999999
10.4467 8.6266
8.260299999999999 8.0827
10.386700000000001 8.7104
10.763900000000001 8.9804
9.6104 9.089
8.8112 8.2094
9.4556 8.9488
9.678799999999999 9.2014
9.3181 9.427200000000001
9.805399999999999 8.5357
7.8816999999999995 7.7147
9.693399999999999 8.4248
9.9695 9.1745
10.2065 8.586
9.8409 8.336300000000001
9.4361 8.828899999999997
9.422 8.990499999999999
8.8708 8.803399999999998
11.3429 8.9799
8.069700000000001 8.372
8.681999999999999 7.7287
11.6119 8.9071
11.7354 9.528599999999997
9.9782 9.057599999999999
11.721300000000001 9.809199999999999
9.2129 9.4649
9.672 8.8601
12.7679 8.881499999999999
8.860899999999999 8.6279
8.3382 8.1718
11.0909 8.8513
10.769100000000002 9.296899999999999
9.055100000000001 8.3348
10.6406 9.1446
9.4619 8.9389
9.668 8.8101
11.183599999999998 8.664000000000001
9.074000000000002 8.2738
9.46 8.046000000000001
12.6799 8.7735
11.6555 9.218599999999999
10.887599999999997 9.235
12.905800000000001 9.773599999999998
10.9652 9.845200000000002
10.7659 9.192100000000002
9.0364 8.658300000000002
8.4153 8.508100000000002
9.987599999999999 8.7136
9.406900000000002 8.9752
12.648299999999999 9.061200000000001
10.990400000000001 8.9399
13.462899999999998 9.597199999999999
12.775500000000001 9.661399999999999
10.639700000000001 9.431499999999998
8.8888 8.9359
9.4553 8.3712
10.211000000000002 9.147599999999999
8.0601 8.707
11.516699999999998 8.5946
12.676700000000002 8.9854
14.344500000000002 9.739199999999999
11.5031 9.7802
12.028699999999999 9.5736
9.707699999999999 9.060599999999999
10.565199999999999 8.883700000000001
9.4324 8.911
8.9475 8.916600000000003
9.8252 8.631199999999998
12.4781 8.9691
13.172799999999999 9.826
10.415899999999999 9.6285
12.326300000000002 9.665799999999999
12.898100000000001 9.6428
11.786999999999999 9.919199999999998
10.460199999999999 9.1497
8.6402 8.954799999999999
9.013300000000001 8.2207
9.9725 8.512500000000001
15.411699999999998 9.8533
11.6864 10.2977
11.467600000000001 9.832900000000002
11.4152 9.371400000000001
11.0706 9.296100000000001
11.355100000000002 9.264
9.3046 8.5204
9.8008 8.383199999999999
10.179399999999998 8.122800000000002
14.640900000000002 9.2002
11.882499999999999 9.76
13.091700000000001 9.487000000000002
11.4929 9.619999999999997
13.315000000000001 9.875300000000001
11.2427 9.576899999999998
12.129199999999999 9.7834
9.704699999999999 9.596900000000002
9.0376 9.102499999999997
10.9038 9.069199999999999
13.8379 9.75
13.836599999999999 9.732099999999999
11.5625 9.385700000000002
11.6498 9.1927
11.9158 9.7972
10.7772 9.468
11.360599999999998 9.4637
10.576 8.8725
12.418800000000001 9.3064
13.377100000000002 9.4389
12.327 9.414499999999999
14.513499999999999 10.0065
13.061 9.9349
12.2088 9.885299999999999
11.9191 9.473700000000001
12.355100000000002 9.3733
10.774700000000001 9.235
13.8294 9.401299999999999
13.414599999999998 9.9899
15.473 10.206299999999999
13.440000000000001 9.7794
13.472999999999999 9.958399999999997
11.6878 9.8347
11.552800000000001 9.3452
12.6352 9.0213
12.1416 9.289200000000001
13.0704 9.4833
14.7412 9.920500000000002
15.108000000000002 10.239300000000002
12.7525 9.8393
13.7437 9.409999999999998
11.825899999999999 9.4163
12.2068 9.5581
11.096000000000002 9.103
11.1152 9.287300000000002
12.8747 9.770900000000001
17.506 10.4847
16.021 10.3567
16.994999999999997 10.1311
16.512999999999998 10.023000000000001
12.567400000000001 9.554900000000002
11.618999999999998 9.253
11.758300000000002 9.0312
12.804599999999999 9.1583
12.588199999999999 9.412999999999998
14.2448 9.8215
16.2294 10.6882
15.308 10.7226
14.455100000000002 10.613900000000001
13.320400000000001 10.5642
13.5268 10.3958
10.9999 9.7369
12.514399999999998 9.8401
15.5172 10.396600000000001
12.5416 10.277600000000001
13.7606 10.1958
14.5149 10.084800000000001
13.445999999999996 9.9919
13.190999999999997 9.7067
14.038400000000001 9.906799999999999
12.660000000000002 9.873399999999998
12.4873 9.698500000000001
14.477300000000001 10.1388
13.328800000000001 10.024
10.537700000000001 9.5751
13.2544 9.4071
17.1554 10.324
14.516000000000002 10.4737
12.664700000000002 10.4353
11.0085 9.6805
11.1638 9.493900000000002
12.4048 9.3913
14.331999999999997 9.1748
12.176799999999998 9.482899999999999
11.433300000000001 9.783100000000001
15.082799999999999 10.4426
13.3495 10.372200000000001
13.353699999999998 10.183200000000001
12.8417 9.5806
13.4916 9.9529
12.1631 10.0419
11.6965 9.509000000000002
13.228800000000001 9.5564
12.034199999999998 10.152899999999999
15.8965 10.145900000000001
14.1116 10.408300000000002
13.352599999999997 10.066500000000001
13.3287 9.672799999999999
11.334600000000002 9.791
10.148499999999999 9.169599999999999
9.5417 9.278899999999998
10.7523 8.865699999999999
12.947999999999999 9.675699999999999
12.8604 10.4146
14.6873 10.4999
17.2627 10.4681
14.183800000000002 10.349900000000002
12.5442 9.9946
10.8853 9.836500000000001
10.4839 9.242999999999999
10.94 9.3856
11.007899999999998 9.4233
12.5614 9.3931
11.9774 9.6605
13.602999999999998 9.9854
14.005 10.289499999999999
12.3997 9.5758
10.892 9.7967
10.0608 9.5037
12.9639 9.400200000000002
10.665000000000001 10.038100000000002
11.276900000000001 9.380400000000003
13.8573 10.285099999999998
13.531099999999995 10.451800000000002
11.087000000000002 9.772100000000002
9.8762 9.286599999999998
10.4258 9.525900000000002
8.818100000000001 8.728
10.2004 8.385299999999999
12.8403 9.121
10.542499999999999 9.077700000000002
11.640999999999998 9.1812
13.2952 9.4809
10.839500000000001 9.4094
11.1668 9.9193
14.023600000000002 9.8609
9.6968 9.530000000000001
10.4457 8.822499999999998
9.995499999999998 8.5228
10.6256 8.7517
11.5399 9.115200000000002
10.864500000000001 9.323
