40.1451 66.43499999999999
39.1625 66.375
40.726299999999995 66.45800000000001
38.65099999999999 66.497
34.26240000000001 66.73499999999999
33.0312 66.50600000000001
33.5009 66.38100000000001
44.8631 66.748
46.14600000000001 66.559
45.5042 66.698
47.857699999999994 66.95200000000001
45.516600000000004 66.823
44.355700000000006 66.82499999999999
43.377399999999994 66.922
41.587599999999995 66.82500000000002
44.514700000000005 66.88899999999998
37.6315 66.82999999999998
36.4787 66.70599999999999
34.226299999999995 66.56599999999999
44.7694 66.81300000000002
47.993399999999994 66.94200000000001
47.75829999999999 66.99500000000002
48.824400000000004 66.947
50.8436 66.961
46.9053 66.71
45.453999999999986 66.44099999999999
49.2828 66.258
45.6673 65.962
42.158899999999996 65.53599999999999
38.6594 65.0546
38.92799999999999 64.90939999999998
45.8134 65.0248
49.657999999999994 65.448
49.706199999999995 65.642
50.8733 65.591
50.129900000000006 65.71500000000002
46.370000000000005 65.772
46.3343 65.852
44.7135 65.87999999999998
46.071 65.94299999999998
41.23730000000001 65.80699999999999
40.052499999999995 65.776
40.4486 65.789
48.168299999999995 66.32100000000001
50.3551 66.96100000000001
49.7682 67.142
51.4063 67.15299999999999
50.44299999999999 67.07300000000001
48.89170000000001 67.097
47.672699999999985 67.04199999999999
50.9092 67.065
48.879799999999996 67.12299999999999
41.8966 66.953
38.81850000000001 66.689
37.71199999999999 66.56700000000002
44.38569999999999 66.393
44.90840000000001 66.358
43.009699999999995 66.44400000000002
44.837199999999996 66.39999999999999
43.2063 66.41900000000001
40.448 66.65999999999998
42.9413 66.71400000000001
39.4263 66.683
37.8757 66.71800000000002
32.72359999999999 66.603
32.709300000000006 66.527
33.537299999999995 66.534
38.928999999999995 66.69699999999999
41.844800000000006 66.73200000000001
38.8551 66.74000000000001
42.37859999999999 66.78299999999999
40.048300000000005 66.744
37.77339999999999 66.74799999999999
36.580200000000005 66.729
35.38640000000001 66.7
34.3319 66.684
30.112999999999996 66.65500000000002
28.026999999999997 66.597
29.520299999999995 66.53099999999998
34.105500000000006 66.56799999999998
36.3045 66.65699999999998
33.2283 66.716
38.8501 66.80599999999998
35.519800000000004 66.646
34.67340000000001 66.726
34.648999999999994 66.678
34.1855 66.64699999999999
36.704299999999996 66.647
32.794900000000005 66.585
27.9034 66.48500000000001
29.568399999999993 66.52399999999999
35.357299999999995 66.579
36.46090000000001 66.652
35.49059999999999 66.689
37.77120000000001 66.70799999999998
38.7268 66.74499999999999
33.491600000000005 66.678
34.9823 66.693
36.8599 66.78500000000001
36.784400000000005 66.8
30.04340000000001 66.51899999999999
28.8669 66.468
28.803600000000003 66.48299999999999
41.737700000000004 66.717
46.818000000000005 66.677
44.61449999999999 66.42299999999999
43.31339999999999 66.46699999999998
40.0418 66.82500000000002
38.6346 66.85699999999999
38.52569999999999 66.896
39.0844 66.95400000000001
36.6694 66.904
30.859199999999998 66.85799999999999
28.830900000000003 66.80300000000001
27.497300000000003 66.72399999999999
36.383300000000006 66.869
38.096999999999994 66.893
36.1918 66.917
44.343700000000005 66.99499999999999
40.3751 66.91999999999999
37.258599999999994 66.97800000000001
36.68740000000001 66.969
39.546600000000005 67.025
39.021499999999996 67.054
30.0398 66.92000000000002
29.083200000000005 66.90000000000002
26.593199999999996 66.90400000000001
37.297799999999995 66.957
39.236599999999996 66.92
36.7623 66.97800000000001
40.8533 66.99900000000001
38.48149999999998 66.98600000000002
37.560399999999994 66.977
36.0048 66.96300000000001
36.7386 66.95499999999998
35.342 66.93900000000002
30.768200000000007 66.92799999999998
29.0484 66.87799999999999
29.360800000000005 66.80799999999999
35.33920000000001 66.85100000000001
40.525099999999995 66.963
39.467200000000005 67.014
42.666199999999996 66.986
41.0234 67.00699999999999
47.05709999999999 67.08599999999998
44.622299999999996 67.106
38.9343 66.958
37.7852 66.985
31.479899999999994 66.89
27.717699999999994 66.8
28.019200000000005 66.77500000000002
38.913399999999996 66.95800000000001
41.758300000000006 66.98700000000001
38.18909999999999 66.98200000000001
41.3089 66.98899999999998
42.191700000000004 67.013
37.9839 66.978
40.3636 67.032
42.68440000000001 67.05699999999999
39.088899999999995 67.031
34.04840000000001 66.844
33.9179 66.934
32.951499999999996 66.69800000000001
45.22820000000001 66.884
45.768999999999984 66.866
43.171499999999995 66.953
45.71370000000001 67.02899999999998
46.30660000000001 66.88900000000001
44.8578 66.79399999999998
48.188500000000005 66.85700000000001
46.59899999999999 66.674
47.9211 66.58900000000003
42.934599999999996 66.43
43.460899999999995 66.249
42.3448 65.786
51.988600000000005 65.82499999999999
58.225100000000005 65.738
57.64670000000001 65.69259999999998
62.72059999999999 65.75410000000002
59.694999999999986 65.71890000000002
58.090999999999994 65.69050000000001
61.342000000000006 65.66359999999999
62.204499999999996 65.814
59.4676 65.77899999999998
56.694900000000004 65.86800000000001
53.74709999999999 65.90600000000002
51.71000000000001 65.80600000000003
61.9266 65.903
63.1383 65.844
63.79670000000001 65.895
67.6608 65.97499999999998
59.91909999999999 65.90600000000002
53.73940000000002 65.84199999999998
55.68010000000001 65.883
60.23010000000001 66.067
55.2345 66.213
46.62670000000001 66.145
43.8747 66.02799999999999
42.703599999999994 65.981
48.6295 66.143
48.020100000000006 66.22099999999999
45.821099999999994 66.186
50.0776 66.462
48.1743 66.585
44.525200000000005 66.544
43.573699999999995 66.41600000000001
45.4592 66.37600000000002
43.6102 66.343
37.90110000000001 66.245
35.0667 66.08799999999998
34.1221 66.01599999999999
45.04160000000001 66.10399999999998
49.303599999999996 66.167
47.296899999999994 66.305
51.5385 66.446
48.37399999999999 66.999
45.63020000000001 67.05800000000002
49.5051 67.069
46.9546 67.02599999999998
48.1571 66.98299999999999
44.5587 66.754
50.338599999999985 66.80100000000002
50.27840000000001 66.717
56.330699999999986 66.656
60.2834 66.994
55.4619 67.07700000000001
62.170500000000004 67.254
58.55490000000001 67.26299999999998
54.914799999999985 67.18400000000001
54.73050000000001 67.22099999999999
55.93560000000001 67.209
54.9131 67.00000000000001
51.5745 67.11399999999999
46.1359 66.89
44.598400000000005 66.72999999999999
52.2652 67.00099999999999
54.30440000000001 67.18399999999998
52.556799999999996 67.193
58.0752 67.242
54.172200000000004 67.16700000000002
53.79729999999999 67.162
48.662200000000006 67.106
45.9982 67.082
46.4387 67.135
41.365899999999996 67.06400000000001
39.5987 66.984
37.7727 66.83000000000001
47.2794 67.015
47.333 66.95499999999998
47.150600000000004 66.83500000000001
49.45120000000001 66.83899999999998
45.750600000000006 66.828
44.0437 66.794
42.9895 66.732
40.79600000000001 66.62199999999999
40.371399999999994 66.57400000000001
33.536 66.486
33.698600000000006 66.778
33.934400000000004 66.86599999999999
45.026399999999995 66.92899999999999
42.867599999999996 66.895
39.750800000000005 66.84200000000003
42.57340000000001 66.939
42.840300000000006 67.02499999999999
38.91759999999999 66.914
39.5332 66.89
40.4575 66.881
40.0565 66.939
33.1046 66.74700000000001
32.125 66.64
32.2626 66.59999999999998
37.9584 66.39999999999998
42.516799999999996 66.27300000000001
38.5742 66.277
39.3911 66.558
36.696000000000005 66.88199999999999
35.138799999999996 66.861
36.6372 66.95899999999999
35.1896 66.899
34.2301 66.909
30.6728 66.90299999999999
34.7914 67.04299999999999
33.5653 67.00200000000001
40.226299999999995 66.972
38.7218 66.98299999999999
36.7268 66.98200000000001
40.23609999999999 67.02500000000002
37.9889 67.02
