42.987590000000004 8.13462
43.622299999999996 8.15142
43.678020000000004 8.204719999999998
44.93421000000001 8.157419999999998
44.08511 8.18492
43.07202 8.188119999999998
43.90811 8.230719999999998
43.72011 8.189519999999998
43.14702 8.18042
42.61502 8.11622
43.060210000000005 8.160419999999998
43.40849 8.27502
42.786590000000004 8.198919999999998
42.85202 8.188019999999998
43.776019999999995 8.157420000000002
43.54211 8.17412
43.21302 8.16962
42.77311 8.120719999999999
43.025299999999994 8.11162
43.309020000000004 8.12402
43.1523 8.143719999999998
43.38340000000001 8.17572
43.84421 8.16812
43.93321 8.16492
43.76911 8.157320000000002
43.72411 8.140519999999999
43.50611000000001 8.145219999999998
43.16992 8.160519999999998
43.090300000000006 8.17732
42.921299999999995 8.151419999999998
42.89502 8.17592
42.89049 8.16362
43.2483 8.15132
43.23202 8.17272
42.784110000000005 8.18192
42.74983 8.13622
42.9874 8.10872
42.88883 8.14832
42.83368 8.12852
43.08982999999999 8.21542
42.92644 8.223220000000001
42.76716 8.16662
42.667440000000006 8.21082
42.638540000000006 8.22782
42.35854 8.06762
42.551539999999996 8.12232
42.418730000000004 8.221519999999998
42.07163 8.14062
42.10873 8.137719999999998
42.29716 8.16812
42.65654 8.186319999999998
43.064350000000005 8.17122
43.34025 8.215420000000002
42.91954 8.19392
43.18844 8.15262
42.81562999999999 8.16662
42.68053999999999 8.23672
42.29625 8.198620000000002
42.49835 8.223220000000001
42.48425000000001 8.201430000000002
42.23673 8.21222
42.396060000000006 8.15892
41.86954000000001 8.16052
42.015969999999996 8.11322
41.73397000000001 8.15602
41.661350000000006 8.137720000000002
41.86335 8.25352
41.808060000000005 8.241420000000002
41.89434999999999 8.21242
41.50206000000001 8.16832
41.24054 8.20162
41.283440000000006 8.17412
41.008630000000004 8.13612
42.15716 8.17732
41.83116 8.154419999999998
41.17916 8.12532
41.03197 8.16512
41.05125 8.20642
40.747060000000005 8.157320000000002
40.73335 8.135919999999999
40.81316 8.12692
40.36025 8.14522
40.66763 8.207819999999998
40.556630000000006 8.16982
40.83754 8.160519999999998
41.19135 8.20332
41.83954 8.25652
40.94844 8.18642
41.15601999999999 8.18952
40.67821000000001 8.183419999999998
40.3934 8.02602
40.78445000000001 8.169620000000002
40.814350000000005 8.18032
41.05683 8.17732
41.19863 8.259720000000002
40.74754 8.247419999999998
40.863110000000006 8.088920000000002
41.42421 8.178920000000002
41.325630000000004 8.18352
40.689350000000005 8.107120000000002
40.99025 8.168320000000001
40.52044000000001 8.19722
40.60625 8.15452
41.003440000000005 8.17132
40.77644 8.15752
41.06992 8.16372
40.96683 8.21552
41.45483 8.18952
41.82635 8.15152
40.71054 8.11342
41.671020000000006 8.22509
40.76472999999999 8.128639999999999
40.66073000000001 8.17743
40.75354 8.11033
41.014540000000004 8.15303
41.38635000000001 8.173030000000002
41.638630000000006 8.11023
41.021629999999995 8.113430000000001
40.88473 8.128730000000001
40.990730000000006 8.18203
41.14835 8.233930000000003
41.425489999999996 8.16553
41.23648999999999 8.19012
40.77635 8.220519999999999
41.070299999999996 8.20842
41.58611 8.06821
40.74563 8.12141
40.82444 8.19021
40.96425 8.15501
40.60763000000001 8.16422
41.89483 8.18702
41.03544 8.161119999999999
41.00263 8.14592
40.71573 8.16582
40.63083 8.12462
41.07654000000001 8.062019999999999
41.437830000000005 8.11542
41.976259999999996 8.127320000000001
42.13254 8.165519999999999
41.45344 8.13812
41.45463 8.135019999999999
40.898160000000004 8.13062
40.73473 8.124419999999999
41.357350000000004 8.040420000000001
42.49016 8.121419999999999
42.23554 8.177719999999999
41.91735 8.072519999999999
41.471630000000005 8.171719999999999
41.96544000000001 8.205319999999999
41.52254 8.205320000000002
40.91106000000001 8.151919999999999
41.132059999999996 8.101420000000001
41.39243999999999 8.187019999999999
41.143629999999995 8.11512
42.27806 8.142619999999999
41.85735 8.21902
41.59525000000001 8.144320000000002
41.70410999999999 8.18692
42.93911 8.209919999999999
42.75563 8.212819999999999
42.138630000000006 8.19322
42.32192 8.092319999999999
42.614020000000004 8.14742
42.93692 8.190019999999999
43.108349999999994 8.15652
43.666399999999996 8.10902
43.49550000000001 8.15472
43.10292 8.18692
43.151830000000004 8.19162
43.444630000000004 8.138119999999999
44.43363 8.190119999999999
44.28625 8.12742
44.15091999999999 8.14112
44.279630000000004 8.16572
43.756440000000005 8.17012
44.30483 8.15332
45.37934999999999 8.180819999999999
45.47083000000001 8.16562
45.33025 8.16732
45.42162999999999 8.112119999999999
45.47583 8.106020000000001
45.445350000000005 8.11062
46.196630000000006 8.18562
46.696540000000006 8.159619999999999
46.88834999999999 8.22352
46.36754 8.187019999999999
46.28125000000001 8.21312
46.32516 8.235819999999999
46.489729999999994 8.13072
45.769110000000005 8.15192
44.779970000000006 8.13222
44.23224999999999 8.15952
43.70035 8.136920000000002
44.35363 8.165720000000002
43.93802 8.16562
42.949630000000006 8.15812
42.93134999999999 8.18552
42.73554 8.07872
42.559729999999995 8.16862
42.98644 8.133719999999999
44.38383 8.203909999999999
44.181349999999995 8.20091
44.07843999999999 8.159809999999998
43.42035 8.18561
43.39554 8.13831
42.32025 8.084109999999999
42.58963 8.13381
42.68234999999999 8.112409999999999
42.60944 8.106309999999999
42.78425 8.10481
42.699349999999995 8.13531
43.33354 8.08201
43.63321 8.127709999999999
44.0263 8.09881
43.37734999999999 8.12432
43.65654000000001 8.09852
44.324439999999996 8.09082
44.27997 8.130419999999999
44.48234999999999 8.12752
45.16525000000001 8.18092
44.977250000000005 8.19022
45.635250000000006 8.19002
45.72643999999999 8.15342
45.245250000000006 8.14732
45.184349999999995 8.12152
44.57844 8.127619999999999
44.51463 8.127519999999999
44.280919999999995 8.13972
44.12783 8.179319999999999
43.65935 8.199220000000002
43.70554 8.19612
43.67735 8.20382
43.47506 8.15032
44.26163000000001 8.16722
44.53035 8.15642
44.463629999999995 8.19312
44.12635 8.100119999999999
43.94354 8.12602
43.505250000000004 8.16262
43.158629999999995 8.21142
43.11473 8.103019999999999
42.79044 8.283320000000002
43.082350000000005 8.24042
42.994159999999994 8.34722
42.72354 8.10632
42.73544000000001 8.10472
42.64416000000001 8.139819999999999
42.50492 8.101719999999998
42.50692 8.17492
42.35292 8.17492
42.26735 8.155119999999998
42.18173 8.086509999999999
42.0904 8.09251
42.5964 8.15051
42.639489999999995 8.15051
42.81659 8.13081
43.061400000000006 8.11111
43.407250000000005 8.12011
43.022349999999996 8.10631
42.50335 8.1859
42.723729999999996 8.193299999999999
42.68054 8.2087
42.47954 8.1935
42.46163000000001 8.2377
42.197630000000004 8.1585
42.65716 8.109600000000002
42.68716 8.1522
42.734159999999996 8.1189
42.13815999999999 8.1142
42.27944 8.1081
42.43225 8.094600000000002
41.91297 8.1494
41.38125 8.1263
41.784440000000004 8.10481
41.72254000000001 8.100209999999999
42.009440000000005 8.135409999999998
41.57635 8.081909999999999
41.961349999999996 8.11871
42.040440000000004 8.14601
41.53553999999999 8.065110000000002
41.44962999999999 8.109509999999998
42.04654000000001 8.13251
41.79025 8.138609999999998
42.388349999999996 8.10031
42.274539999999995 8.13681
41.92344 8.13531
42.25335 8.15211
41.679539999999996 8.17201
