13.8885 7.713100000000001
10.5058 7.782400000000001
10.212300000000003 7.454300000000001
10.6051 7.308299999999999
12.525 7.420400000000001
11.8203 8.042799999999998
11.947399999999998 7.6264
11.0732 7.549199999999999
10.259 7.669100000000001
11.587900000000001 7.417800000000001
9.785900000000002 6.904599999999999
9.5639 6.968600000000001
9.191199999999998 7.2298
14.0091 7.689799999999999
10.4527 7.585
11.257200000000001 7.3204
10.8276 7.7492
9.4768 7.488300000000001
11.154900000000001 7.1129
10.809600000000001 7.422999999999999
10.5749 6.893199999999999
8.485099999999997 6.751600000000001
13.1913 7.7806
9.4793 7.392899999999999
8.6136 7.1099000000000006
10.881599999999999 7.08
9.1964 7.026700000000001
9.680500000000002 7.385300000000002
10.4788 7.519400000000001
9.3693 7.336099999999999
10.3642 7.8156
14.2008 7.6461999999999986
11.3138 7.3616
10.3487 6.9983
11.147599999999999 7.1866
12.961500000000001 7.646100000000001
12.7411 7.820399999999999
22.6914 15.714300000000003
10.736 7.683199999999999
9.6871 7.4683
13.4579 7.9291
10.456900000000001 7.9769
10.4951 7.6988
10.3139 7.549299999999999
10.1277 7.5386
10.820599999999999 7.799500000000001
8.729 7.4119
8.4154 6.980500000000001
11.500499999999999 7.234099999999999
13.5745 8.3914
11.746 8.2156
10.191099999999999 7.502700000000001
8.4297 6.8307
10.7488 7.243400000000001
11.426400000000001 7.7497
9.665700000000001 8.3559
9.2452 7.3147
9.669599999999997 7.222800000000001
15.257399999999999 7.9979
10.363700000000001 8.474300000000001
9.825500000000002 8.133399999999998
9.600100000000001 7.2410000000000005
9.639600000000002 7.114499999999999
10.8359 7.652699999999999
9.8443 7.251399999999999
10.801200000000001 7.495299999999999
7.846499999999998 6.9502
10.449499999999999 7.2464
9.2466 7.141800000000001
9.156500000000001 7.2982
8.728200000000001 7.043099999999999
10.0411 7.355499999999999
10.779000000000002 7.595099999999999
7.906600000000001 7.1562
9.0136 6.930199999999999
7.3951 6.618200000000001
9.607399999999998 6.904600000000001
9.383700000000001 7.2411
7.789399999999999 6.8809
7.8668000000000005 7.131
9.917399999999999 7.334700000000001
9.8299 7.6116
11.7796 7.7595
8.925799999999999 7.3260000000000005
9.8652 7.069699999999999
9.828100000000001 7.724800000000001
10.2909 7.7921000000000005
8.9794 7.469200000000001
8.359000000000002 7.2113
8.6539 6.993099999999999
10.1791 7.4068
12.0012 7.554600000000001
10.520200000000003 7.946600000000001
9.002400000000002 7.5150999999999994
10.4741 7.9865
12.136300000000002 8.2907
8.6592 8.0711
8.3011 7.418900000000001
8.104399999999998 7.0863
8.879199999999999 6.7329
11.1283 7.636200000000001
12.197899999999997 7.873800000000002
9.2818 7.2159
9.809099999999999 7.1769
12.355599999999999 7.7527
9.8362 8.2112
9.6386 7.946099999999999
8.3594 7.2563
8.1542 7.1968000000000005
11.702 7.350099999999999
14.9301 8.5926
11.5387 8.1827
11.460999999999999 7.909199999999999
12.274099999999999 8.075000000000001
10.069199999999999 7.8887
11.0117 8.2333
9.7128 7.802899999999998
9.112300000000001 7.427099999999999
13.4747 8.461099999999998
14.902699999999996 9.0707
11.8155 8.633800000000003
10.397 7.9734
9.997800000000002 7.738600000000001
9.1637 7.6447
11.573300000000001 7.8843
10.142800000000001 7.8469999999999995
10.5213 8.049299999999999
11.965200000000001 8.0597
14.057400000000001 8.1966
13.791400000000001 8.335600000000001
11.022400000000001 7.919999999999999
12.7399 8.1376
11.6443 7.678999999999999
10.970999999999998 7.9087000000000005
10.3719 7.882800000000001
9.385499999999999 7.572200000000001
10.453000000000001 8.1258
13.0796 8.61
11.6344 8.3728
11.526399999999999 8.558200000000001
12.424200000000003 8.658100000000001
11.2659 7.991200000000001
10.5778 8.243500000000001
10.917499999999999 8.2943
12.161399999999999 8.4994
12.0286 8.6993
14.8947 8.78
11.750399999999999 8.245199999999999
10.959100000000003 7.6498
11.3857 8.1468
11.2104 8.2742
10.170900000000001 8.507200000000001
10.4179 7.5798000000000005
11.749300000000002 8.0124
10.810999999999998 8.064
13.657900000000001 8.6129
13.0363 8.601799999999999
11.3658 8.1452
11.0792 7.738200000000001
10.7666 7.729
9.433499999999999 7.2349
9.908299999999999 7.180700000000001
11.175799999999999 7.532599999999999
10.314400000000001 8.150599999999999
12.5729 7.961399999999999
11.818900000000001 7.9551
12.206399999999999 7.859299999999999
11.3222 7.987200000000001
13.2008 8.4789
11.6925 8.2907
10.8308 8.1554
12.5445 8.4316
10.747000000000002 8.2944
13.4508 8.072
14.329999999999998 9.1246
13.980700000000002 8.509
12.925 8.1834
12.6383 8.2841
11.748899999999999 8.0168
11.6494 8.076799999999999
12.2364 8.5352
12.054800000000002 8.068900000000001
12.598600000000001 8.0763
14.0237 8.1739
13.509499999999996 8.7371
12.659899999999999 8.566600000000001
12.6754 8.512
12.6556 8.0149
13.0165 8.2068
14.1567 8.6865
12.5072 8.4695
13.088099999999999 8.696200000000001
14.034099999999999 8.4603
14.149000000000001 8.6639
16.125 8.486400000000001
13.924600000000002 8.927999999999999
12.5927 8.368999999999998
13.9658 8.1795
13.0884 8.129100000000001
13.1871 8.141200000000001
14.324099999999998 8.673600000000002
13.041500000000001 8.5215
13.5028 8.5368
12.799599999999996 8.233799999999999
13.0817 9.1532
14.164000000000001 8.4229
13.6984 8.410200000000001
13.953899999999999 8.3883
14.048 8.4393
15.376500000000002 9.0215
12.8356 8.880899999999999
15.3059 8.939200000000003
13.968900000000001 8.6869
12.237499999999999 8.727099999999998
11.0607 8.649999999999999
11.691 8.2115
16.9184 8.2119
14.389299999999999 8.234
14.841000000000001 8.408999999999999
13.983900000000002 8.3831
12.521199999999999 8.2367
15.690999999999999 8.412099999999999
11.919699999999999 8.3899
11.9955 8.140199999999998
10.928600000000001 7.863300000000001
11.1622 7.4394
12.876800000000003 7.986599999999999
13.428199999999999 8.0619
12.7883 8.5641
10.772100000000002 8.0575
14.3488 8.1107
12.4828 8.317300000000001
10.280000000000001 7.799600000000001
12.427100000000001 8.0333
12.3874 8.104
11.4374 8.192200000000001
10.9496 7.6034999999999995
13.626400000000002 8.0818
12.074700000000002 8.208400000000001
12.4329 7.836799999999999
13.829999999999998 8.363800000000001
14.6563 8.8283
12.654999999999998 8.7709
12.9599 8.2088
11.1971 7.9902
10.4045 7.6241
11.8923 7.850300000000002
12.131400000000001 8.17
11.6235 7.879499999999999
10.944899999999999 7.8546000000000005
11.366100000000001 7.774399999999999
11.526900000000001 7.9526
10.8067 7.8222
11.7228 8.078500000000002
11.29 8.252600000000001
11.9252 8.4731
11.6005 8.426499999999999
11.145599999999998 7.9491000000000005
12.0836 8.456
12.674 8.5353
11.9171 8.446700000000002
11.9804 8.012
9.485000000000001 8.005700000000001
11.300099999999999 8.203800000000001
13.0106 8.2132
12.884599999999999 8.6391
10.0172 8.3723
10.3355 7.805300000000001
11.6481 8.3659
11.6207 8.2788
10.852 8.2811
10.0519 7.8694
8.9434 7.4909
12.3399 7.6466
11.593199999999998 7.747300000000001
10.7911 8.2482
10.6799 7.7473
10.610800000000001 7.6134
11.6113 7.856400000000001
10.4991 8.4591
8.8898 7.7189000000000005
9.737099999999998 7.719200000000001
10.3852 7.7961
12.9947 8.303600000000001
10.605 8.5212
10.155299999999999 7.8904000000000005
9.504100000000001 7.4841999999999995
9.9293 7.591200000000001
