38.69500000000001 10.0115
40.989000000000004 10.042100000000001
36.886 10.0129
38.4 10.0312
37.678 10.011500000000002
37.538999999999994 10.02
37.781000000000006 10.025500000000001
39.342999999999996 10.052700000000002
43.044 12.0901
47.89226000000001 12.5442
48.880700000000004 10.923399999999999
51.8889583 8.917108
73.6676 9.143887000000001
65.57499999999999 6.4504
44.712 5.2642
46.847 5.981699999999999
47.485 6.182
38.885999999999996 5.431
40.82 5.584600000000001
41.457 5.7729
47.109 6.7741
52.786 7.6852
53.913999999999994 6.9845999999999995
39.70380000000001 6.1242
37.53399999999999 6.198
42.315 6.3127
40.486999999999995 6.3484
40.333999999999996 6.438500000000001
56.904999999999994 8.2917
55.65199999999999 8.326
57.225 8.4609
38.029999999999994 6.7133
64.42799999999998 9.5604
40.979 6.8575
42.379999999999995 6.9540999999999995
54.637 8.8799
78.997 10.892299999999997
73.456 10.881899999999998
54.909 9.121599999999999
38.854 7.479899999999999
40.13700000000001 7.7194
38.66699999999999 7.7629
39.1 7.8124
38.55 7.882700000000001
40.162 7.9285
40.75899999999999 7.9803
39.172999999999995 7.993900000000001
35.408 7.977200000000001
41.202000000000005 8.033900000000001
36.979 8.0552
38.242000000000004 8.090100000000001
42.199 8.1482
39.916000000000004 8.141399999999999
40.108 8.1414
38.35999999999999 8.136100000000003
41.894 8.1751
41.371 8.2085
37.294000000000004 8.1994
34.46 8.1803
38.321000000000005 8.2093
36.199999999999996 8.2055
38.309999999999995 8.229999999999999
39.032000000000004 8.245899999999999
34.965999999999994 8.2427
37.011 8.261099999999999
36.297000000000004 8.265600000000001
35.463 8.256499999999999
36.12200000000001 8.261000000000001
35.379000000000005 8.2414
34.61900000000001 8.234599999999999
35.666 8.247399999999999
34.74 8.215300000000001
35.318000000000005 8.2183
35.358 8.219899999999999
31.157999999999998 8.177999999999999
33.484 8.175500000000001
32.96 8.176400000000001
29.792999999999996 8.1328
35.009 8.149600000000001
36.722 8.2048
34.941 8.232
35.208 8.2564
36.782000000000004 8.2809
35.652 8.2902
35.927 8.3008
32.462999999999994 8.2886
31.191000000000003 8.2489
33.162 8.2443
34.067 8.2412
33.304 8.2413
34.099999999999994 8.238399999999999
31.351000000000003 8.2321
33.91199999999999 8.244499999999999
31.361999999999995 8.238199999999999
34.206 8.264
32.743 8.2688
32.323 8.262799999999999
28.451999999999998 8.247599999999998
29.564999999999998 8.2383
30.668 8.258000000000001
24.917 8.2078
25.094 8.1849
26.608999999999998 8.155700000000001
29.974999999999994 8.186300000000001
30.212 8.180100000000001
26.819 8.160499999999999
26.561999999999998 8.1513
28.227000000000004 8.129100000000001
27.847 8.1133
26.333999999999996 8.1047
23.837000000000003 8.0682
24.478 8.058099999999998
24.221 8.0368
25.024 8.0354
25.070000000000004 8.0284
26.013 8.0207
28.345000000000002 8.040600000000001
26.128000000000007 8.046899999999999
27.718999999999998 8.0597
23.752000000000002 8.0375
23.633 8.017
22.567999999999998 7.9834000000000005
24.366000000000003 7.9582
22.91 7.9278
26.322999999999997 7.9422999999999995
22.54 7.9393
25.109 7.951299999999999
24.865999999999993 7.9445000000000014
22.654 7.910900000000002
21.037000000000003 7.885000000000001
20.229 7.858999999999999
21.895999999999997 7.816299999999998
23.237999999999996 7.836999999999998
23.890000000000004 7.845400000000001
21.98 7.8292
18.823 7.7858
21.708 7.772699999999999
20.072000000000003 7.738500000000001
19.615 7.7362
18.9 7.708600000000001
18.637999999999998 7.691200000000001
17.237 7.6621999999999995
18.241000000000003 7.6462
19.311 7.634900000000002
18.974000000000004 7.6591000000000005
16.226 7.6143
15.742 7.5669
13.389999999999999 7.524700000000001
17.719999999999995 7.527200000000001
16.383 7.5127
18.592000000000002 7.5715
19.226000000000003 7.643299999999999
19.839000000000002 7.6964999999999995
18.473 7.7208
22.177999999999997 7.7545
20.564 7.772800000000002
23.494 7.8095
25.086 7.864299999999999
22.353 7.8902
24.136999999999993 7.91
23.997 7.9315
23.964000000000006 7.9712000000000005
22.497 7.971100000000001
23.311 7.992600000000001
25.549 8.003200000000001
24.544 8.0093
22.238 7.9986
27.839000000000002 8.0506
21.224 8.017800000000001
22.938 8.0314
25.242000000000004 8.0398
25.002999999999997 8.058300000000001
23.811999999999998 8.0674
25.898 8.085700000000001
23.877000000000002 8.084200000000001
25.617999999999995 8.094800000000003
24.868000000000006 8.0813
26.237 8.0719
29.297 8.0932
28.168000000000003 8.1437
27.461999999999996 8.1741
26.837 8.1756
30.753000000000004 8.197
29.7 8.224499999999999
28.229000000000003 8.2106
30.169 8.2397
30.590999999999998 8.2474
33.888 8.355799999999999
29.288999999999998 8.3739
32.104 8.3954
30.116999999999994 8.3724
29.705000000000005 8.390900000000002
30.446999999999996 8.3725
30.364 8.373999999999999
34.048 8.3831
33.78 8.407800000000002
32.56 8.410700000000002
31.664 8.4168
30.470999999999997 8.4106
30.175 8.3877
29.913 8.3649
31.593999999999994 8.3679
29.439999999999998 8.3724
33.629999999999995 8.384800000000002
29.270000000000003 8.3555
32.76 8.376999999999999
32.727000000000004 8.3893
34.262 8.4091
27.885999999999996 8.3771
31.623 8.3923
31.759999999999998 8.393699999999999
33.318999999999996 8.3924
33.253 8.3985
36.149 8.461
32.394999999999996 8.4686
35.922 8.497599999999998
31.227 8.483899999999998
32.635000000000005 8.4913
32.367999999999995 8.467
34.863 8.5114
32.793 8.5069
34.162 8.523700000000002
36.161 8.5252
32.632000000000005 8.4839
35.764 8.4794
36.675999999999995 8.514500000000002
33.14999999999999 8.519099999999998
34.57300000000001 8.516
35.976 8.5282
34.634 8.5328
34.543 8.5205
36.067 8.5174
36.27 8.5266
33.637 8.5266
31.448999999999998 8.5266
33.749 8.5219
36.15500000000001 8.5222
37.964999999999996 8.549500000000002
34.863 8.558700000000002
34.699 8.5601
31.813999999999997 8.555700000000002
35.61699999999999 8.5678
30.795 8.5236
33.586 8.524999999999999
36.333 8.5312
32.253 8.5097
33.73500000000001 8.5174
34.564 8.5281
35.24 8.5312
32.028 8.5311
33.132 8.5236
35.336 8.532699999999998
31.956 8.5296
34.543000000000006 8.5494
32.684000000000005 8.5311
34.62 8.5341
34.117999999999995 8.545
32.726 8.5372
31.549 8.5296
33.290000000000006 8.5343
33.861 8.540299999999998
33.102 8.550899999999999
30.375999999999998 8.5355
34.172 8.5601
33.39699999999999 8.5662
36.142 8.585999999999999
32.909000000000006 8.5738
33.012 8.5738
35.931000000000004 8.5815
34.074 8.589
34.077 8.5891
36.864 8.622899999999998
34.634 8.6288
32.012 8.6014
34.17 8.6149
38.463 8.6364
39.501999999999995 8.6792
36.727000000000004 8.699000000000002
38.63799999999999 8.7251
35.96600000000001 8.717400000000001
32.573 8.685399999999998
32.489000000000004 8.658000000000001
32.236999999999995 8.641
31.479999999999997 8.616499999999998
34.662 8.6472
35.397999999999996 8.6564
39.789 8.7022
37.826 8.7204
