44.25109999999999 21.0635
45.35679999999998 21.0669
47.415800000000004 21.0719
47.03980000000001 21.076700000000002
48.05739999999999 21.079599999999996
47.562400000000004 21.0842
47.39959999999999 21.089899999999997
47.9919 21.096400000000003
48.09660000000001 21.0995
48.357499999999995 21.1025
48.70889999999999 21.1074
48.69070000000001 21.1071
49.58159999999999 21.1115
50.054999999999986 21.1142
50.87580000000001 21.117100000000004
48.3571 21.120600000000003
49.78629999999999 21.125300000000006
49.987600000000015 21.126600000000007
49.79550000000001 21.129999999999995
51.453400000000016 21.132800000000003
50.068100000000015 21.1346
48.941700000000004 21.136400000000005
46.09889999999999 21.139300000000002
50.442999999999984 21.14410000000001
52.57800000000002 21.14550000000001
49.160800000000016 21.147800000000007
46.293699999999994 21.15100000000001
46.78050000000001 21.1561
45.263999999999996 21.1592
44.069599999999994 21.162099999999995
42.653 21.163599999999995
43.7899 21.165
40.86359999999999 21.1672
39.73489999999999 21.168699999999998
39.199099999999994 21.17019999999999
38.50469999999999 21.171099999999992
37.95159999999999 21.174199999999992
37.34900000000002 21.178399999999993
35.21200000000001 21.178899999999995
33.34629999999999 21.181599999999992
32.54539999999999 21.181299999999993
31.263600000000004 21.183199999999992
30.396999999999995 21.184399999999993
30.432599999999997 21.18489999999999
30.7319 21.187899999999992
30.73679999999999 21.188299999999995
29.522399999999983 21.186199999999992
28.4838 21.18839999999999
27.50729999999999 21.189199999999992
25.7413 21.189999999999994
25.734 21.190899999999996
26.446400000000004 21.191999999999997
26.414800000000007 21.192099999999993
25.833299999999998 21.191799999999997
24.560200000000002 21.193399999999997
24.290500000000012 21.192199999999996
22.2689 21.1913
23.4034 21.192099999999996
22.289600000000007 21.193099999999994
21.764600000000005 21.191099999999995
20.937499999999993 21.192399999999996
20.2401 21.188899999999997
19.0431 21.189199999999992
18.831500000000002 21.187099999999994
18.428399999999996 21.18809999999999
17.6996 21.186699999999995
17.156599999999997 21.186499999999995
16.299099999999996 21.187599999999996
15.752500000000003 21.1857
15.5615 21.183699999999998
15.413599999999999 21.181099999999994
15.063100000000004 21.18
14.566500000000001 21.1795
14.116999999999999 21.179000000000002
13.766700000000004 21.1745
12.537400000000002 21.174899999999994
13.633700000000005 21.171799999999998
13.7573 21.171699999999998
13.615400000000003 21.169699999999995
13.189300000000003 21.169699999999995
13.067200000000001 21.1675
13.130000000000003 21.1651
12.667900000000001 21.1634
12.523400000000004 21.162699999999997
12.380700000000001 21.1605
12.450000000000001 21.1591
11.984399999999999 21.157099999999996
11.880999999999997 21.155799999999996
11.221300000000003 21.1562
11.2882 21.1555
11.235199999999999 21.1533
10.661399999999999 21.1517
11.3109 21.151599999999995
10.687600000000003 21.149599999999996
10.953899999999999 21.1467
11.021099999999999 21.144499999999997
10.651199999999998 21.143599999999996
10.741 21.1424
9.654699999999997 21.1415
9.229300000000002 21.141699999999997
8.5714 21.1406
8.9893 21.136499999999998
10.1624 21.137900000000002
10.3933 21.135
11.178000000000004 21.134700000000006
11.409200000000002 21.132800000000003
11.144899999999998 21.1321
11.4084 21.129100000000005
11.784100000000002 21.129100000000005
11.4331 21.126600000000003
11.524799999999995 21.1229
11.353400000000002 21.12
10.149500000000002 21.1206
11.455500000000002 21.1183
12.100199999999997 21.117200000000004
11.874299999999998 21.116500000000002
12.2377 21.113800000000005
12.1971 21.112300000000005
12.498099999999996 21.109400000000004
9.506900000000002 21.111600000000003
11.718000000000002 21.107500000000005
12.143199999999998 21.10470000000001
12.442400000000003 21.1032
13.059399999999998 21.104200000000002
12.831100000000003 21.102700000000002
12.884800000000002 21.1013
13.200699999999996 21.101999999999997
12.874299999999995 21.1004
13.0111 21.101599999999998
13.775000000000004 21.1001
13.792300000000001 21.1011
13.932500000000003 21.0992
13.951299999999994 21.099599999999995
13.372200000000001 21.098999999999997
12.196200000000001 21.098599999999994
12.366199999999997 21.0991
14.189499999999999 21.0993
14.255400000000002 21.096800000000005
14.600700000000005 21.097000000000005
13.920499999999999 21.096600000000002
12.830300000000003 21.096799999999998
13.051500000000003 21.093400000000003
13.9351 21.0955
15.354000000000001 20.761100000000003
27.6005 21.0968
24.436799999999995 21.093300000000006
17.818800000000003 21.093200000000003
17.902199999999993 21.093700000000005
18.277100000000008 21.093100000000003
18.842299999999998 21.0925
18.862999999999996 21.095900000000004
19.6178 21.098000000000003
19.7882 21.097500000000004
16.926000000000002 21.09550000000001
16.4337 21.096200000000003
17.0364 21.098000000000006
17.4705 21.098499999999998
17.968300000000003 21.098399999999998
18.343199999999996 21.097400000000004
18.9929 21.0971
19.224199999999996 21.098900000000004
19.92139999999999 21.0981
20.05959999999999 21.1001
20.5065 21.100299999999997
21.0519 21.1037
21.602399999999992 21.1032
21.487900000000007 21.103799999999996
21.82909999999999 21.104899999999997
22.275699999999997 21.104699999999998
22.500899999999998 21.1078
23.431700000000003 21.1086
23.9238 21.112300000000005
24.263400000000004 21.1126
25.000399999999996 21.114800000000002
24.8908 21.116400000000002
25.5207 21.118200000000005
26.01739999999999 21.121000000000002
26.158399999999993 21.122200000000007
26.236600000000003 21.121800000000004
26.676099999999998 21.121800000000004
26.6297 21.122100000000003
27.2675 21.1229
27.840500000000006 21.12250000000001
27.928800000000003 20.779600000000006
28.3786 20.852430000000002
28.45729999999999 20.856710000000003
28.120299999999997 20.856700000000004
28.442100000000003 20.85929
28.749799999999993 20.86042
29.230099999999997 20.86075
29.459900000000005 20.863200000000003
29.579799999999995 20.861450000000005
29.559599999999993 20.862220000000004
29.708900000000003 20.862780000000004
30.334099999999992 20.87261000000001
30.4731 20.886810000000004
31.359900000000003 20.88585
31.896000000000015 20.886400000000005
32.29590000000001 20.8868
33.401899999999976 20.89
32.94980000000001 20.8906
33.585399999999986 20.8939
34.4148 20.893299999999996
35.71630000000001 20.8956
35.996900000000004 20.897099999999995
35.934000000000005 20.8979
36.866200000000006 20.899899999999995
36.4373 20.899999999999995
37.1467 20.901299999999996
37.29459999999998 20.9022
38.53069999999999 20.9043
38.134899999999995 20.905800000000003
37.64619999999999 20.907600000000002
37.634399999999985 20.9095
37.36670000000001 20.9117
36.80520000000001 20.9118
36.391 20.912200000000002
37.23799999999999 20.912000000000003
37.112099999999984 20.9156
37.20689999999999 20.9162
36.7448 20.9151
36.71640000000001 20.9167
36.5186 20.918500000000005
35.671200000000006 20.918600000000005
35.281699999999994 20.9187
35.4998 20.918400000000002
35.25309999999999 20.919500000000003
35.576899999999995 20.923099999999998
35.52869999999999 20.9245
35.197100000000006 20.9264
34.336999999999996 20.929199999999998
34.806099999999994 20.9303
35.05950000000001 20.930899999999994
35.220800000000004 20.931999999999995
35.41519999999999 20.935299999999994
35.759899999999995 20.934999999999995
35.316500000000005 20.936199999999996
35.011199999999995 20.935599999999997
35.17629999999999 20.936199999999996
34.8898 20.936499999999995
35.11649999999999 20.9367
34.01850000000001 20.937
34.4462 20.9396
34.920399999999994 20.940699999999996
36.225699999999996 20.942399999999996
36.7709 20.9426
36.119400000000006 20.9456
36.124399999999994 20.946599999999997
35.88880000000001 20.948399999999996
37.163799999999995 20.949900000000003
37.55949999999999 20.9505
37.324600000000004 20.953800000000005
37.88499999999999 20.9566
37.55180000000001 20.9593
38.639300000000006 20.9613
38.607200000000006 20.9619
39.909000000000006 20.9651
40.33379999999999 20.966100000000004
40.889300000000006 20.9662
41.2953 20.968099999999996
42.12329999999999 20.9705
42.63190000000001 20.9707
42.79160000000001 20.973999999999997
40.730900000000005 20.9727
41.9781 20.9749
42.35190000000001 20.9769
42.74259999999999 20.977500000000003
42.41379999999999 20.9796
46.48019999999998 20.983399999999996
50.777300000000004 20.988799999999998
53.00189999999999 20.993599999999997
53.7283 20.992599999999996
54.522100000000016 20.994899999999994
56.08870000000002 20.998399999999997
56.66669999999999 20.999799999999993
56.106400000000015 21.004799999999996
58.371300000000005 21.006899999999995
58.18150000000001 21.0111
60.00050000000001 21.016199999999998
62.560099999999984 21.0287
64.04710000000001 21.047200000000004
64.8979 21.052500000000002
65.01670000000003 21.0586
65.42210000000001 21.066000000000003
65.35519999999997 21.072699999999998
66.66760000000001 21.079399999999996
68.838 21.082999999999995
68.96800000000003 21.087099999999996
