14.066300000000002 8.758600000000001
13.538500000000003 8.935199999999998
9.590399999999999 8.3278
9.7835 7.859799999999999
10.0231 7.8878
9.1861 7.7622
12.823100000000002 7.6606000000000005
13.1655 8.2366
14.238999999999999 8.9497
12.820400000000001 8.754299999999999
12.7935 8.597799999999998
10.3212 7.9885
9.1474 7.7796
8.4096 7.4311
9.5668 7.511899999999999
14.0708 7.9123
12.4764 8.3884
13.084499999999998 8.4322
11.201799999999999 8.6202
12.049000000000001 8.5362
10.786900000000001 8.5953
9.4652 8.4273
7.727100000000001 7.548299999999999
8.1247 7.338799999999999
11.728300000000003 7.9898
11.111799999999999 8.132200000000001
12.3514 8.294599999999999
10.243500000000001 8.199499999999999
10.0637 8.373700000000001
10.182799999999999 8.225100000000001
9.1175 7.852200000000001
9.3803 8.152199999999999
10.6057 7.933599999999999
11.6712 7.8916
11.974000000000002 8.129399999999999
17.1802 8.539299999999999
13.2943 8.965
11.4862 8.301300000000001
11.889800000000001 8.172799999999999
9.305499999999999 7.784199999999999
10.6229 8.0299
11.7634 8.4417
10.988900000000001 8.4064
11.046199999999999 8.5577
14.202700000000002 8.663499999999999
11.934000000000001 8.6427
11.8656 8.763900000000001
10.846300000000001 8.3088
9.535200000000001 8.1985
10.534699999999999 8.380299999999998
10.0686 7.6836
9.683500000000002 7.764799999999999
10.857399999999998 7.870099999999999
13.781000000000002 8.168899999999999
10.694599999999998 8.512899999999998
10.561200000000001 8.3655
10.6985 7.9788000000000014
10.0015 7.6979999999999995
8.7843 7.984000000000001
8.3641 7.4225
9.8158 7.4872
10.6236 7.805199999999998
9.0739 7.8788
11.295300000000001 8.3709
9.766699999999998 8.2921
9.8542 8.2523
8.0387 8.125399999999999
9.1986 7.727700000000001
9.0749 8.211099999999998
8.954799999999999 8.3195
11.909199999999998 8.678600000000001
8.7044 8.341099999999999
11.196200000000001 8.3103
9.3416 8.0127
9.3788 8.0405
10.3004 8.200700000000001
8.1359 8.1687
9.204700000000003 8.0801
10.0927 8.306999999999999
11.1837 8.837899999999998
11.430900000000001 8.506800000000002
9.257299999999999 8.012
9.0387 7.7407
8.451900000000002 7.415799999999999
9.187500000000002 7.4140999999999995
8.1095 7.6517
9.1592 7.8062000000000005
11.3783 8.256
11.400800000000002 8.3529
12.3109 8.4374
11.1923 8.784600000000003
9.091899999999999 8.3651
9.4628 8.380600000000001
7.562399999999999 8.0068
9.9584 8.039200000000001
8.5998 7.968500000000001
11.960899999999999 8.494700000000002
10.7944 8.8753
9.9881 8.704999999999998
11.0741 9.108899999999998
10.4027 8.3858
9.1403 7.6735999999999995
10.031099999999999 7.4943
11.5399 8.1692
9.181799999999999 8.0064
10.4749 7.7547999999999995
13.517199999999999 8.3434
11.0538 8.458300000000001
11.612300000000001 8.911000000000001
9.108000000000002 8.5052
9.177699999999998 7.911599999999999
11.399200000000002 7.6235
10.4894 8.287399999999998
10.8471 8.3556
9.119100000000001 8.186599999999999
10.633300000000002 8.283800000000001
12.9574 8.703800000000001
11.6519 9.1671
10.691400000000002 8.8466
9.2825 8.074699999999998
10.8788 8.1358
11.718799999999998 8.204799999999999
10.720600000000001 8.417699999999998
10.551300000000001 8.1112
12.322099999999999 8.1779
11.454500000000001 8.258600000000001
13.646600000000001 9.0829
10.7647 8.779
10.110199999999999 7.976
11.889199999999999 8.3515
11.1523 8.526800000000001
11.314000000000002 8.4503
10.315800000000001 8.1346
13.192099999999998 7.987
13.9734 8.481
13.647 9.0806
13.036200000000001 8.641
13.334500000000002 9.1097
12.159899999999999 9.140700000000002
9.6191 8.6665
11.0624 8.9006
12.0635 8.921600000000002
15.628800000000002 8.9713
14.9279 9.5401
12.608 9.006499999999999
13.9357 9.0246
14.975600000000004 9.0738
12.243299999999998 8.966000000000001
10.300500000000001 8.5125
11.095099999999999 8.714500000000001
13.0807 8.260799999999998
11.723199999999999 8.6034
14.569499999999996 8.8836
12.931499999999998 9.061600000000002
11.1696 8.2393
12.021999999999998 8.1049
13.184999999999999 8.889
13.0524 9.064900000000002
11.5605 8.5242
8.5489 7.8248999999999995
10.445 7.655300000000001
13.392199999999999 8.408600000000002
12.1018 8.8196
11.7739 9.0746
11.310400000000001 8.1423
13.025799999999998 8.886499999999998
14.119500000000002 8.926799999999998
10.7545 8.4102
9.9763 8.223200000000002
10.956600000000002 8.345600000000001
11.3277 8.405100000000001
13.1751 8.254199999999999
12.6585 8.427
14.1091 8.753400000000001
12.156500000000001 8.5643
14.612 8.8073
12.4773 8.857
10.8624 8.1871
13.568299999999997 8.6676
13.248299999999999 8.875499999999999
17.885700000000003 9.484800000000002
14.454000000000002 9.242599999999998
13.815 8.749600000000001
15.45 9.2818
17.365 9.033199999999999
14.9973 8.862499999999999
13.565 8.2275
14.034300000000002 8.7672
15.392 9.0313
16.691000000000003 9.226099999999999
13.62 8.9481
17.137 9.2469
14.6994 9.1526
13.9429 8.9054
15.1724 9.225399999999999
13.162299999999998 9.004999999999999
13.833400000000001 9.4138
13.7784 9.0415
14.335999999999999 8.941100000000002
13.3456 9.1676
14.1725 9.3076
12.840399999999999 9.4167
12.929500000000003 9.2499
13.9249 8.9175
13.187 8.817599999999999
12.662 8.585400000000002
14.9234 8.628499999999997
11.479299999999999 8.553600000000001
13.705799999999998 8.459400000000002
13.526399999999999 8.909600000000001
13.5597 8.8208
11.6421 8.3921
14.0764 8.4171
11.537100000000002 8.4566
12.8691 8.4128
15.401000000000002 9.2463
12.717100000000004 9.4006
12.881900000000002 8.935599999999999
13.1208 8.8069
13.044199999999998 9.0389
11.4374 9.3142
14.516800000000002 9.019900000000002
13.5209 8.9427
15.420599999999999 9.1874
14.814999999999998 9.2511
15.229999999999999 9.267099999999997
12.2518 9.2005
12.2819 9.0932
12.220199999999998 8.7722
11.130400000000002 8.535700000000002
12.7218 8.7575
14.0674 8.6863
12.721400000000003 8.5651
13.331999999999999 9.1515
14.066299999999998 9.112
12.887099999999998 9.3492
11.498999999999999 8.276599999999998
11.6558 8.273299999999999
12.1545 8.625200000000001
12.7722 9.029800000000002
13.045200000000001 8.8417
14.045 8.827299999999997
13.5284 8.596
12.421 8.606
12.058200000000001 8.5469
11.4883 8.4892
11.069199999999999 8.021099999999999
11.468799999999998 8.271
11.4427 8.793399999999998
12.2741 8.8623
13.8767 8.9832
11.418499999999998 8.645700000000001
12.0611 8.4743
11.9728 8.8178
11.188099999999999 8.397099999999998
11.578700000000001 7.945399999999999
11.4525 8.6693
11.385 8.7436
10.273600000000002 8.6091
14.296500000000002 8.6501
13.244499999999999 8.946599999999998
11.0859 8.457399999999998
10.4251 8.613999999999999
11.1873 8.810299999999998
11.2388 8.550999999999998
10.0901 8.498
10.7076 8.4575
8.8296 7.953100000000002
12.962400000000002 8.398
12.546399999999998 8.7455
9.6603 8.270199999999999
9.2576 7.6235
12.024899999999999 8.287899999999999
11.366400000000002 8.279000000000002
10.469899999999999 8.4814
10.5712 8.312100000000001
9.918600000000003 8.5655
11.788400000000001 8.881100000000002
16.3821 9.2218
11.619399999999999 8.756400000000001
12.439599999999999 8.8056
12.872 9.1052
12.063600000000001 8.552200000000001
12.304 8.7021
10.8741 8.684899999999999
10.9051 7.928099999999999
9.550300000000002 8.2339
12.332899999999999 7.958199999999999
