11.384300000000003 5.881679999999999
11.475100000000001 5.871289999999999
11.401299999999999 5.86429
11.495099999999999 5.873170000000001
11.78 5.869169999999999
11.546699999999998 5.8754599999999995
11.508599999999996 5.8912700000000005
11.438600000000001 5.898360000000002
11.372699999999998 5.8986600000000005
11.370499999999998 5.892060000000001
11.268699999999999 6.072959999999999
11.3372 5.87765
11.391799999999998 5.87466
11.536000000000003 5.869929999999999
11.500900000000003 5.87441
11.448500000000001 5.880340000000001
10.9985 5.888140000000001
11.131299999999996 5.881810000000001
11.174600000000002 5.8880099999999995
11.142299999999999 5.895209999999999
11.062800000000001 5.883319999999999
11.057599999999999 5.8778
11.072199999999999 5.8763999999999985
10.982300000000002 5.893190000000001
11.049000000000001 5.951589999999999
11.031400000000001 5.901389999999999
11.041699999999995 5.89461
11.025999999999998 5.88169
11.121799999999999 5.86851
11.157699999999995 5.878889999999999
11.239200000000002 5.876559999999999
11.226400000000003 5.884159999999999
11.137700000000002 5.874579999999999
11.053 5.876449999999999
11.114099999999999 5.974949999999998
11.046600000000007 5.977850000000001
11.093600000000002 5.8863499999999975
11.090400000000002 5.890899999999999
11.046099999999997 5.892600000000001
10.987900000000002 5.890500000000001
10.957100000000002 5.885299999999999
10.9221 5.8805
10.875799999999998 5.8706999999999985
10.910099999999998 5.873799999999998
10.911100000000001 5.8765
10.9873 5.885499999999999
11.0947 5.877800000000001
11.097300000000002 5.876499999999998
11.116999999999999 5.8719
11.055299999999999 5.878100000000001
11.171899999999999 5.877699999999999
11.3859 5.9171999999999985
11.0867 5.871400000000001
10.9327 5.8637
11.052900000000005 5.869399999999998
11.031400000000001 5.8793999999999995
11.2562 5.985800000000001
11.0645 5.8769
10.9555 5.870999999999999
10.9018 6.071699999999999
11.0725 5.929500000000001
11.1187 5.9926
11.163199999999996 5.965099999999999
11.064499999999997 5.895099999999999
11.04 5.876899999999998
10.836299999999998 5.878099999999999
10.8046 5.867699999999999
10.767700000000001 5.870499999999999
10.772700000000002 5.870199999999998
10.766399999999997 5.8722
10.812500000000004 5.8671
10.889500000000005 5.8633000000000015
10.8958 5.8642
10.9968 5.8642
10.9912 5.8691
10.918399999999998 5.8697
10.8915 5.8702
10.788200000000002 5.884199999999999
10.742099999999997 5.8819
10.7805 5.8789
10.8433 5.8761
10.663599999999999 5.884499999999999
10.723700000000001 5.886500000000001
10.846800000000002 6.075000000000001
10.8986 5.893000000000001
10.984600000000002 5.8991999999999996
11.109999999999998 5.891500000000001
11.0737 5.8993
10.910400000000003 5.884100000000001
11.069000000000003 5.8846
11.0174 5.8841
11.087699999999995 5.884400000000001
11.009800000000002 5.879000000000001
10.971999999999998 5.8732000000000015
10.934899999999997 5.870699999999999
10.876400000000002 5.8784
10.929000000000002 5.890199999999999
10.846 6.0471
10.9391 5.8937
11.0617 5.979
11.0515 5.957400000000001
10.994000000000002 5.888699999999999
10.929799999999998 5.887699999999999
10.854299999999997 5.898700000000002
10.813900000000002 5.8931000000000004
10.7355 5.895800000000001
10.6834 5.889799999999999
10.701200000000004 6.072699999999999
10.763000000000002 5.886799999999997
10.765199999999998 5.883300000000001
10.758900000000002 5.890900000000001
10.910699999999999 5.883499999999999
10.6256 5.891399999999999
10.627099999999999 5.8978
10.751600000000002 5.894500000000001
10.7861 5.888299999999999
11.32 5.8771
11.513599999999997 5.870850000000003
11.4401 5.88125
11.283299999999997 5.8851
10.920800000000003 5.887550000000001
10.823799999999999 5.89815
10.674600000000002 5.890549999999999
10.755999999999997 5.894650000000001
10.907 5.8918
10.9225 5.899799999999999
10.755400000000002 5.9041000000000015
10.599 5.897899999999999
10.814100000000003 5.8956
11.085199999999999 5.898
11.0944 5.896000000000001
10.991600000000004 6.0623
11.063300000000005 5.9003999999999985
10.9984 5.912899999999999
11.014200000000002 5.961900000000001
11.0764 5.943800000000001
11.041 5.98
10.960199999999999 5.9733
11.0123 5.8916
10.9379 5.893599999999999
11.005600000000001 5.891800000000001
10.986899999999999 5.896300000000001
10.9634 5.888699999999999
10.991299999999999 5.9085
10.9035 5.912499999999998
11.013 5.9102999999999986
10.964899999999997 5.984300000000001
10.9471 5.910099999999999
10.910100000000002 5.908500000000001
10.878300000000001 5.9038
10.8578 5.913099999999999
10.862300000000001 5.917699999999999
10.697299999999998 5.908899999999999
10.841199999999999 5.986599999999999
10.8378 6.039299999999998
10.920399999999999 6.033
11.132699999999996 6.033000000000001
11.638399999999999 5.9087
11.618399999999998 5.9943
11.3097 5.9633
11.350700000000003 5.912300000000001
11.400999999999998 5.914899999999999
11.548700000000002 5.910600000000002
11.257199999999997 5.929700000000001
11.088400000000002 5.927700000000001
11.040899999999997 5.923100000000001
11.061800000000002 5.915800000000001
11.0032 5.911600000000002
11.0375 5.9079000000000015
11.2106 5.918099999999999
11.037400000000002 5.9096
11.065000000000003 5.915499999999999
11.037899999999999 5.915199999999999
11.0107 5.909599999999999
10.942400000000001 5.9128
11.010899999999998 5.914099999999999
11.0656 5.917500000000002
11.052900000000003 5.919499999999999
10.9929 5.907699999999998
11.016900000000003 5.912799999999999
11.037899999999999 6.090800000000001
11.0529 5.920100000000001
11.232000000000006 5.9151
11.178700000000003 5.912700000000001
11.107299999999999 5.915100000000002
11.2526 5.915700000000001
11.2687 5.914700000000002
11.290700000000001 5.913900000000001
11.2307 5.9148
11.1796 5.9144000000000005
11.205800000000005 5.913000000000001
11.231800000000003 5.918700000000001
11.166599999999999 5.9167
11.1414 5.9128
11.106199999999998 5.909999999999999
11.184299999999999 5.924200000000001
11.2032 5.915700000000001
11.1785 5.917699999999999
11.190799999999998 5.9593
11.125300000000003 5.9783
11.126999999999997 5.9884
11.2605 5.9744
11.3028 5.922799999999999
11.224899999999998 5.923900000000001
11.202200000000003 6.115100000000001
11.2217 5.923200000000003
11.1518 5.9266
11.2409 5.9116
11.242700000000003 5.9059
11.1897 5.929600000000001
11.1099 6.062000000000001
11.1601 5.978000000000001
11.092000000000002 5.911100000000001
11.298500000000004 5.931
11.213999999999999 5.9529000000000005
11.1912 5.9625
11.190899999999997 5.921899999999999
11.259400000000005 5.921600000000001
11.296300000000002 5.911699999999999
11.250200000000001 5.917700000000002
11.1991 5.9106
11.118500000000004 5.9092
11.179699999999999 5.9088
11.168800000000001 5.909
11.082299999999998 5.902799999999999
11.1424 5.908400000000002
11.081300000000004 5.908
11.043900000000002 5.9144999999999985
11.152400000000002 6.092
11.205099999999998 5.9298
11.1128 5.925700000000002
11.188099999999999 5.9418000000000015
11.238900000000001 6.032999999999999
11.3062 5.9429
11.2451 5.9289000000000005
11.306600000000003 5.935199999999999
11.2424 5.928200000000001
11.269500000000003 5.9669
11.2531 5.8995000000000015
11.3082 5.8922
11.293799999999996 5.8870999999999984
11.2572 5.8900999999999994
11.447100000000002 5.906499999999999
11.431500000000002 5.9028
11.485999999999999 5.906999999999999
11.406400000000001 5.907500000000001
11.2748 5.9706
11.1744 5.8978
11.0399 5.8881999999999985
11.127400000000002 5.893999999999999
11.159299999999998 5.883499999999998
11.216199999999997 5.9495999999999984
11.135100000000001 6.036099999999998
11.0829 5.9385
11.1165 5.896199999999999
11.122900000000001 5.8922
11.276500000000004 5.8926
11.2147 5.8908000000000005
11.340099999999998 5.8917
11.3054 5.886499999999999
11.1934 5.8839
11.238 5.893899999999999
11.1926 5.900199999999999
11.109400000000003 5.899399999999998
11.086099999999997 5.901999999999999
11.143300000000004 5.9011000000000005
11.1004 5.902400000000001
11.1995 5.899900000000001
11.182700000000004 5.8871
11.167100000000001 5.8902
11.139100000000003 5.8978
11.1443 5.898299999999998
11.111700000000003 5.893199999999999
11.176100000000002 5.9005
11.143399999999996 5.888
11.1567 5.904099999999998
11.151399999999999 5.900199999999998
11.159600000000001 6.0831
11.0296 5.897200000000001
11.075200000000002 5.9092
11.000400000000003 5.904899999999998
11.029599999999999 5.901299999999999
11.002799999999997 5.888299999999998
11.143 5.890599999999998
11.223799999999995 5.889200000000001
11.334499999999998 5.892300000000001
11.375500000000006 5.867799999999999
11.3105 5.922699999999999
