9.4368 11.896
9.3106 11.804
10.1417 11.809999999999999
10.043099999999999 11.797
9.7119 11.82
9.201800000000002 11.801
9.2946 11.657
8.9049 11.609900000000001
9.0316 11.5438
9.182599999999999 11.4932
8.7242 11.492200000000002
8.7865 11.4868
8.776599999999998 11.4798
8.976599999999998 11.4542
8.4396 11.3987
8.5027 11.3666
8.217600000000001 11.3426
8.5427 11.3176
8.503 11.316600000000001
8.4132 11.290499999999998
8.210700000000001 11.2619
8.395000000000001 11.2474
8.2258 11.240900000000002
8.2237 11.247800000000002
8.071900000000001 11.2498
8.0818 11.2428
8.2946 11.209099999999998
7.975800000000001 11.204099999999999
7.830000000000001 11.2247
8.0124 11.279500000000002
7.985699999999999 11.336599999999999
8.054400000000001 11.360100000000001
7.985700000000001 11.351099999999999
8.276399999999999 11.3531
8.0094 11.3671
8.1998 11.3611
8.0248 11.335999999999999
7.9875 11.315999999999999
7.916299999999998 11.328499999999998
8.0718 11.4722
7.9948999999999995 11.5559
8.2971 11.536399999999999
7.827899999999999 11.5159
7.5294 11.516900000000001
7.772899999999999 11.5173
7.5348 11.5208
7.869599999999998 11.514299999999999
7.841599999999999 11.5173
7.6362999999999985 11.508799999999999
7.663700000000001 11.499799999999999
7.6209 11.4588
7.8338 11.438200000000002
7.7071999999999985 11.4247
7.8559 11.4237
7.365500000000001 11.4192
7.9575000000000005 11.4067
7.714799999999999 11.4197
7.207499999999999 11.4217
7.5874 11.417699999999998
7.279899999999999 11.4161
7.0982 11.534299999999998
6.662 11.533299999999999
6.979399999999999 11.533800000000001
6.723000000000001 11.5363
7.149499999999999 11.5328
7.4891 11.5358
6.6329 11.5438
6.898599999999999 11.539299999999999
6.4193 11.4983
6.655900000000001 11.4803
6.5680000000000005 11.4512
6.317100000000001 11.4422
6.3331 11.450200000000002
6.411 11.4613
6.4162 11.4818
6.5583 11.4823
6.582599999999999 11.4798
6.496499999999999 11.501799999999998
6.614000000000001 11.5519
6.239999999999999 11.598000000000003
6.498799999999999 11.638999999999998
6.5148 11.676
6.492799999999999 11.690000000000001
6.790100000000001 11.72
6.8038 11.776
6.7383 11.828000000000001
6.657500000000001 11.842
6.813 11.847
6.794700000000001 11.932
6.997800000000002 12.044
7.2707 12.159999999999998
7.659900000000001 12.31
7.401299999999999 12.392999999999999
7.252599999999999 12.425
7.3813999999999975 12.45
7.3487 12.465
7.5807 12.48
7.942999999999999 12.517999999999999
7.9727 12.644
8.0715 12.726
7.954399999999999 12.772999999999998
7.934900000000002 12.778
8.1335 12.778
8.341999999999999 12.803999999999998
8.2556 12.809999999999999
8.369 12.815999999999999
8.737200000000001 12.823
8.674299999999999 12.813999999999998
8.3664 12.814
8.6997 12.845
8.992899999999999 12.873999999999999
9.075199999999999 12.876000000000001
8.839699999999999 12.879000000000001
9.484300000000001 12.899
9.287300000000002 12.927
9.832500000000003 12.935000000000002
10.408000000000001 12.924000000000003
10.351599999999998 12.934000000000001
10.9419 12.939
10.4939 12.961999999999998
11.205800000000002 12.967
10.348 12.973
10.4943 12.977
10.524000000000001 12.982
10.8553 12.973
11.207999999999998 12.968999999999998
10.912600000000001 12.97
10.6903 13.006
10.999600000000001 13.025
11.318999999999999 13.038
11.0113 13.049000000000003
11.160300000000001 13.04
10.7203 13.044
11.2449 13.062999999999999
11.3471 13.007
11.222399999999999 12.874999999999998
11.932799999999999 12.918000000000001
12.3011 12.967999999999998
11.187 12.977
11.4058 12.985999999999997
11.056000000000001 13.027
11.2149 13.145999999999999
11.409199999999998 13.178999999999998
11.5672 13.208
11.559000000000001 13.232
11.0741 13.255
11.1412 13.248
11.1329 13.213999999999999
10.9541 13.225000000000001
10.981300000000001 13.267999999999999
11.1138 13.305
10.9164 13.383000000000001
11.0746 13.432000000000002
11.6212 13.455999999999998
11.514499999999998 13.491
10.9983 13.532
11.137900000000002 13.559
11.727599999999999 13.551999999999998
11.9719 13.599999999999998
11.721100000000002 13.666
11.739999999999998 13.682999999999998
12.331999999999999 13.670000000000002
12.112699999999998 13.652999999999999
12.3934 13.642000000000001
11.875 13.635999999999997
11.6453 13.629
11.7487 13.63
11.621599999999999 13.626999999999997
11.7712 13.614999999999998
12.472 13.624999999999998
12.374 13.689000000000002
12.311 13.705
12.531999999999998 13.700000000000001
12.677 13.766
12.321000000000002 13.766
12.675 13.771999999999998
13.095 13.802
13.160999999999998 13.882
12.429 13.889999999999999
12.471 13.895
12.205 13.906000000000002
12.320999999999998 13.938
12.47 13.953
12.638 13.963999999999999
12.781999999999998 14.002999999999998
12.864 14.046
12.568000000000001 14.064000000000002
12.675 14.049999999999999
12.760000000000002 14.052000000000001
12.431000000000001 14.06
12.418 14.066
12.389999999999999 14.066999999999998
12.213 14.030999999999999
12.498 14.035
12.272 14.049999999999999
12.039999999999997 14.039000000000001
12.253500000000003 14.069
12.3616 14.106000000000002
12.137 14.13
11.9331 14.153000000000002
12.495000000000001 14.132
13.028 14.121
12.5029 14.133000000000001
12.209999999999999 14.137000000000002
12.257000000000001 14.118
12.466999999999999 14.097999999999999
12.817 14.072
12.305000000000001 14.063999999999998
12.883999999999999 14.064000000000002
12.315 14.072
11.739700000000001 14.122000000000002
11.646299999999998 14.157000000000004
12.0059 14.137999999999998
17.111700000000003 15.686
12.53666 13.020600000000002
13.306000000000001 13.9914
11.550599999999998 13.4125
11.676400000000001 13.431700000000003
11.4787 13.4436
11.7111 13.4556
11.7018 13.459299999999999
11.8428 13.450099999999999
11.497299999999997 13.4437
11.9273 13.440200000000003
12.131 13.5083
11.6139 13.5413
11.608500000000001 13.5525
11.6033 13.5625
11.0995 13.5786
11.379 13.555099999999998
11.7135 13.563499999999998
12.0326 13.5817
11.913899999999998 13.612899999999998
11.3993 13.617799999999999
11.509 13.591899999999999
11.377400000000002 13.6098
11.2719 13.5811
11.3216 13.5667
11.397300000000001 13.5739
11.1418 13.608899999999998
11.206399999999999 13.610500000000004
11.1493 13.625499999999999
11.565900000000001 13.5909
11.7952 13.625000000000002
11.322899999999999 13.658600000000002
10.9622 13.6572
11.265 13.662199999999999
10.9764 13.7235
11.213899999999999 13.766
10.8999 13.766899999999998
11.1376 13.766900000000001
10.870899999999999 13.794
10.6935 13.801999999999998
11.104 13.769900000000002
10.9512 13.771
10.6926 13.765999999999998
10.797300000000002 13.789000000000001
11.123999999999999 13.797
10.6259 13.786000000000001
10.7656 13.785
10.983 13.785
10.928 13.8
10.6953 13.776
10.597900000000001 13.718
10.523299999999999 13.655000000000001
10.363699999999998 13.613
10.0552 13.597999999999999
10.1296 13.578000000000001
10.5709 13.494
10.4692 13.436
9.9695 13.432999999999998
9.812999999999999 13.463
9.9597 13.405000000000001
9.936200000000001 13.372
9.750700000000002 13.352999999999998
9.676699999999999 13.327
9.2998 13.300999999999998
9.0775 13.2413
9.0319 13.137199999999998
8.9376 13.025
8.991699999999998 12.939300000000001
8.8732 12.8441
8.8512 12.772999999999998
8.7888 12.7435
8.7767 12.717499999999998
8.688 12.6568
8.196799999999998 12.5997
8.2877 12.5642
