14.601000000000003 8.8738
15.909999999999998 9.0755
15.132000000000001 9.6081
13.297999999999998 9.4586
14.7 9.2654
13.297 9.119
12.101999999999999 7.8188
10.497699999999998 7.678100000000001
17.5938 14.754300000000004
14.596900000000002 9.9001
16.029 9.178
19.789 9.2049
19.6198 8.939599999999999
13.104 9.702099999999998
12.618300000000001 8.397599999999999
14.522499999999999 8.5966
13.602399999999998 8.453199999999999
13.274200000000002 8.6646
13.028 8.664200000000001
12.624000000000002 8.688600000000001
13.805100000000001 8.910499999999999
13.925299999999998 8.9458
12.867999999999999 8.8036
12.501999999999999 8.4818
13.0165 9.0686
14.7933 8.778100000000002
12.791 8.805299999999999
13.250600000000002 8.5118
13.444899999999999 8.681999999999999
14.574000000000002 8.9912
15.24 9.497800000000002
14.582 8.8374
14.445 8.9428
13.888 8.998000000000001
12.970600000000001 9.3251
14.053999999999997 9.2086
15.221000000000002 8.9306
13.77 8.966999999999999
15.104399999999998 8.952200000000001
15.2702 8.980599999999999
15.260000000000002 9.1553
14.889999999999997 9.1981
15.371300000000002 9.1609
16.363 9.3619
15.747000000000003 9.695899999999998
12.298 9.5817
13.841999999999999 9.234300000000001
16.041999999999998 9.335799999999999
14.218 9.3294
14.542 9.1571
14.251000000000003 9.3905
13.76 9.3354
14.315 9.5803
14.815999999999999 9.3358
14.136 9.1703
14.4256 9.202400000000003
13.0203 9.1685
12.2552 8.836800000000002
12.616900000000001 8.562700000000003
13.569999999999999 8.7491
13.944999999999999 8.8034
15.863700000000003 9.143399999999998
13.164099999999998 8.8824
13.3863 9.531300000000002
12.8885 9.295899999999998
12.960099999999999 9.039800000000001
13.744599999999998 8.7677
12.924 9.1388
12.739 8.795800000000002
11.8582 8.555300000000003
13.749999999999998 8.7558
12.5636 8.8908
11.901700000000002 8.457500000000001
11.4757 8.807500000000001
11.559199999999999 8.8946
10.5373 8.4729
11.637900000000002 8.9709
11.6341 8.8361
12.2473 8.915400000000002
11.4022 8.546199999999999
12.015999999999998 9.047
11.492999999999999 9.1004
13.728100000000001 9.193700000000002
12.7806 9.420300000000001
12.6238 8.8318
13.020800000000001 8.7999
12.4431 8.610199999999999
12.8107 8.5167
13.491 9.210700000000001
14.736000000000002 9.218300000000001
14.729999999999999 8.943200000000001
16.073999999999998 9.110800000000001
16.1829 9.190900000000001
15.768 8.9805
17.845 9.0905
16.205 9.196200000000001
16.262999999999998 9.131400000000001
17.251 8.918000000000001
16.541 9.373899999999999
15.039000000000001 9.1845
15.948999999999996 9.1264
15.799 9.024700000000001
15.966000000000003 9.3195
14.808100000000001 9.050099999999999
15.235 8.93
17.116 9.2172
16.887 8.954500000000003
18.589 9.282200000000001
19.02 9.717
19.226000000000003 10.172399999999998
20.303 10.1491
16.833999999999996 9.5631
16.523000000000003 8.9231
19.953000000000003 9.1697
16.127000000000002 9.1987
17.518 9.0107
20.076 9.439099999999998
18.468 9.5306
18.386 9.740799999999998
18.601 9.445899999999998
17.919 9.4023
20.0 9.4084
17.919999999999998 9.244900000000001
18.981 9.358
18.386999999999997 9.2409
21.154 9.7416
20.891 9.795
20.291 9.7618
18.214999999999996 9.4481
17.183 8.8869
21.262999999999998 9.423200000000001
17.754999999999995 9.7332
19.812 9.7522
17.163999999999998 9.6998
18.026999999999997 9.477399999999998
17.783 9.410499999999999
18.724 9.3258
18.407 9.2052
19.035 9.347599999999998
18.232 9.481200000000001
16.865999999999996 9.6529
17.462999999999997 9.385299999999999
17.471 9.070999999999998
18.392000000000003 9.2807
17.067 8.8779
16.192999999999998 8.864300000000002
16.051000000000002 8.688500000000001
17.301000000000002 8.539199999999997
18.257 9.2303
16.956000000000003 9.1928
17.89 9.4344
18.534 9.5046
18.868 9.8986
19.444 9.791299999999998
17.93 9.1384
17.719 8.8367
20.7481 9.152200000000002
18.171 9.3308
19.837 9.3795
20.715999999999998 9.5609
20.281000000000002 9.5557
19.789 9.330300000000001
19.326 9.1774
20.852999999999998 9.36
19.306 9.092
23.514000000000003 9.700899999999999
19.922999999999995 9.3043
17.813000000000002 9.177100000000001
19.472999999999995 9.0532
20.224999999999998 9.502300000000002
18.74 9.756599999999999
18.523999999999997 9.357299999999999
18.872000000000003 9.241
21.864 9.518799999999999
22.295000000000005 10.112499999999999
22.582 10.166900000000002
21.057000000000002 10.0342
19.214000000000002 9.6835
20.831000000000003 9.6679
22.884 9.9454
19.816 9.7635
22.160000000000004 9.7082
20.386 9.2045
22.604000000000003 9.4277
24.243000000000002 9.9155
20.674999999999997 9.577
21.434 9.6347
22.576999999999998 9.686900000000001
24.709999999999997 10.168
22.011 10.3667
18.562 9.838399999999998
21.688000000000002 10.0601
23.911999999999995 9.7143
26.251 10.295399999999997
22.107999999999997 9.934999999999999
20.403000000000002 8.9989
23.011 9.529599999999999
25.397000000000002 10.1989
25.387999999999998 10.455300000000001
21.815 10.533399999999999
21.146 9.737699999999998
23.21 10.1627
25.733 10.4963
22.689 10.1224
19.452 9.3637
19.425 9.2924
24.711 10.0254
24.979000000000003 10.9757
22.965 10.3758
21.884000000000004 9.742999999999999
20.416 9.497499999999999
21.675 9.7494
22.414 9.601199999999999
18.890000000000004 9.3015
20.129 9.218399999999999
22.512999999999998 9.559199999999999
23.491000000000003 9.785400000000001
20.413999999999998 9.9157
20.142 9.8768
20.333000000000002 9.724599999999999
19.439999999999998 9.741000000000003
24.377 9.840200000000001
17.982 9.649500000000002
19.176999999999996 9.3639
20.079 9.377099999999999
22.145 9.808600000000002
22.456 10.325999999999999
20.18 9.542
19.322000000000003 9.2297
18.5 9.4402
22.953999999999997 9.8707
17.822 9.5937
19.587000000000003 9.194099999999999
19.537999999999997 8.895
21.069000000000003 9.195400000000001
21.909 9.2944
20.420000000000005 9.903900000000002
20.577 9.5292
19.121999999999996 9.1283
20.266000000000002 9.271
20.699999999999996 9.234100000000002
18.22 8.9385
18.916 9.2969
21.051000000000002 9.7454
21.895000000000003 9.473299999999998
17.414 9.3788
21.572000000000003 9.579400000000001
20.053 9.923199999999998
18.652 9.5602
20.548000000000002 9.528699999999999
17.540000000000003 9.6958
19.561999999999998 9.4523
21.028 9.9046
19.059 10.072600000000001
19.921 10.033399999999999
18.348 9.427200000000001
19.814 9.3624
20.163999999999998 9.618099999999998
21.632999999999996 9.5298
18.488000000000003 9.600499999999998
19.85 9.5818
19.307000000000002 9.685799999999999
18.555 9.488199999999999
19.147000000000002 9.7368
17.968 9.3192
18.361000000000004 9.278599999999997
19.647000000000002 9.5862
20.445 9.724300000000001
17.942999999999998 9.808
17.796 9.606100000000001
17.351999999999997 9.435200000000002
18.262 9.3536
17.167500000000004 9.279499999999999
16.127799999999997 8.8354
16.402900000000002 9.054700000000002
18.5204 9.6812
17.173 9.7579
16.065 9.4431
17.915 9.4768
16.483000000000004 9.5871
15.6537 9.3279
17.905 9.626000000000001
15.629000000000001 9.3516
14.1905 9.2138
15.032700000000002 9.0825
14.667 8.764199999999999
16.459799999999998 8.915700000000001
18.718 9.2232
