31.409 21.440999999999995
20.288 13.947000000000001
20.363 13.958
25.590999999999998 17.596999999999998
20.257 13.989
20.104 13.923
20.081 14.018999999999998
25.245 17.560000000000002
28.754 20.972
20.886 13.940000000000003
26.513 17.559
33.58899999999999 24.537
20.403000000000002 13.929
40.391 28.304000000000002
31.677 20.918
20.299 14.007
20.899 14.006999999999998
19.66 13.935
25.629999999999995 17.688000000000002
24.421 17.753999999999998
28.407 20.959999999999997
20.044 13.947
20.611 14.018999999999998
20.000999999999998 13.953
20.959 13.965
19.519000000000002 14.018999999999998
20.807000000000002 13.995
25.11 17.646
29.572 21.538
25.384 17.753999999999998
20.971 13.947000000000001
19.88 13.916
30.396 20.979
23.639 17.469
29.698999999999998 21.136
25.208 17.56
20.025000000000002 13.941
20.318 13.953000000000001
20.482999999999997 14.018999999999998
20.385 14.024999999999999
26.825 21.009
25.312 17.493
25.17 17.475
32.14 21.142999999999997
29.075 21.087999999999997
20.203 13.941
25.343 17.64
31.916 21.265
20.27 14.024999999999999
20.196 13.988999999999999
25.157999999999998 17.219
20.209 14.018999999999998
23.31 17.314999999999998
20.288 13.959000000000001
20.46 14.068999999999999
20.093 14.030999999999999
32.117 21.393000000000004
20.886 13.977
19.512 14.068
20.887 14.018999999999998
19.69 13.977
20.948 14.001000000000003
19.580000000000002 14.081
20.826 14.013
25.451 17.511
20.374 13.965
24.39 17.493
24.322 17.632
20.123 13.977
22.869999999999997 17.505000000000003
25.067 17.589
26.520000000000003 17.62
21.516000000000002 13.971
23.871000000000002 17.475
32.232 21.393
33.619 24.883
20.904 14.056
19.422 13.965000000000002
27.656 17.694
19.689 14.024999999999999
20.52 14.026
19.605 13.953000000000001
20.691000000000003 14.043
20.037 14.014000000000001
20.16 13.995
19.544 13.953
20.855999999999998 14.087
19.605 14.020000000000001
20.715999999999998 13.977
20.081 13.971
20.429 14.074
20.276 14.024999999999999
19.781 13.977
25.762999999999998 17.803
23.133 17.773
30.822000000000006 21.404999999999998
19.102999999999998 14.018999999999998
25.11 17.627000000000002
23.395000000000003 17.505000000000003
29.961 20.605
23.817000000000004 17.328
20.556 14.075
19.927999999999997 13.988999999999999
20.124 13.965
20.74 14.068
19.525000000000002 14.001
21.227999999999998 13.947
19.519000000000002 14.030999999999999
21.344 14.030999999999999
19.391 13.965
21.057000000000002 14.001000000000003
19.422 14.061000000000002
20.391000000000005 14.012999999999998
19.555999999999997 13.953
20.098 14.055000000000001
35.399 24.852999999999998
19.947 13.965000000000002
28.26 20.526999999999997
44.741 31.70799999999999
25.605 17.767
31.353999999999992 21.551
21.386999999999997 13.971
18.811 14.019
21.471999999999998 14.049
19.134 13.971
24.205 17.730999999999998
19.629 14.049
32.299 21.264
24.195 17.505000000000003
21.038999999999998 14.087
19.744999999999997 14.056
32.550000000000004 21.471999999999998
20.246 14.055000000000001
25.476 17.840999999999998
24.438 17.707
20.215 14.043
23.919999999999998 17.766
26.281 17.700000000000003
19.708000000000002 14.031000000000002
20.483999999999998 14.063
20.825 13.940000000000003
34.089000000000006 25.219
31.794000000000004 21.538
33.117000000000004 25.08
20.983999999999998 13.977
19.072999999999997 14.030999999999999
26.898 17.547
25.165 17.523
26.659 17.619
19.543 14.020000000000001
32.086999999999996 21.441000000000003
25.226 17.657999999999998
20.232999999999997 13.947
24.787 17.326999999999998
25.5 17.34
20.288 13.965
37.781000000000006 28.839
21.814 14.019
20.416999999999998 14.068
29.767 20.629
24.524 17.266000000000002
27.479 17.426
20.165 14.013
20.531 14.019
20.43 14.062
20.496 14.001
20.41 13.971
21.313 14.068
19.953000000000003 14.05
21.112000000000002 13.965
20.543999999999997 14.036999999999999
30.975 21.593999999999998
30.358999999999998 21.526999999999997
34.138000000000005 20.727
29.444 20.642
32.22 21.429
21.021 14.024999999999999
40.477000000000004 25.305
26.801000000000002 17.729999999999997
30.743000000000002 21.496000000000002
21.196 14.062
19.568 13.965
22.039 14.049
48.958 34.345
21.093 14.008
25.562 17.790999999999997
26.378 17.778999999999996
20.624000000000002 14.007
20.581 14.093
20.587 13.983
33.002 21.483
21.343999999999998 14.105
20.319000000000003 13.959
26.673000000000002 17.779999999999998
29.133000000000003 21.607000000000003
30.25 21.49
20.802 14.007
20.697 14.074
24.463 17.729999999999997
20.928 14.049
20.892 14.057
20.404 14.001000000000003
26.538 17.822999999999997
20.685000000000002 14.049999999999999
25.886000000000003 17.449
30.383 20.825000000000003
30.06 20.923
34.087999999999994 20.947
28.24 17.872
29.723 20.880000000000003
24.506 17.381
21.057000000000002 14.087
29.955 20.788999999999998
34.26499999999999 23.992
39.147999999999996 28.669
30.463 20.587000000000003
25.329 17.382
20.765 14.087
25.616 17.309
19.811 14.105
35.294000000000004 23.986
19.611 13.995
21.118 14.091999999999999
24.317000000000004 17.364
32.025000000000006 20.671999999999997
19.25 14.075
21.662 14.001
19.519 14.043
21.064 14.105
19.470000000000002 14.007
20.715 14.086000000000002
27.113 21.265
20.202 14.014
21.131 14.043
19.017999999999997 14.087
21.429 14.02
19.011999999999997 14.056
24.152 17.37
31.348 21.246
35.949999999999996 24.815000000000005
24.913999999999998 17.846999999999998
31.005999999999993 21.514999999999997
20.209 14.067000000000002
20.563000000000002 14.099999999999998
20.763 14.026
20.631 14.062
20.543999999999997 14.112
25.061 17.553
20.244999999999997 13.982999999999999
26.233 17.627
24.054000000000002 17.699999999999996
20.361 14.007
20.441 14.085999999999999
20.289 14.099
20.879 14.013
19.946 14.093
21.105999999999998 14.075000000000001
19.751 14.061000000000002
20.862 14.129999999999999
25.231 17.608
32.301 21.221
24.647 17.785999999999998
25.135 17.571
20.832 14.055000000000001
25.189 17.705999999999996
20.855 14.043
20.185 14.068
26.558000000000003 17.889
26.134999999999998 17.749
25.105 17.834
21.472 14.093
18.805 14.007
21.648999999999997 14.049
18.634 14.118
21.538 14.030999999999999
19.5 14.013
20.885000000000005 14.111
21.227999999999998 14.081
19.25 14.038
21.693 14.118
18.848 14.049999999999999
21.593 14.038
18.782 14.087
21.955 14.093
19.635 14.008
21.002000000000002 14.105
20.842 14.074
19.824 14.019
