16.43 12.959999999999999
13.33 12.959999999999999
14.06 12.959999999999999
15.97 12.94
12.839999999999998 12.94
14.16 12.989999999999998
15.840000000000002 12.959999999999999
12.82 12.920000000000002
14.16 12.959999999999999
15.840000000000002 12.989999999999998
12.6 12.94
14.14 12.94
15.72 12.989999999999998
13.04 12.94
14.180000000000001 13.01
15.58 12.989999999999998
13.4 12.94
14.940000000000001 13.01
15.8 12.959999999999999
13.18 12.920000000000002
14.7 12.989999999999998
15.989999999999998 12.959999999999999
13.11 12.959999999999999
14.84 12.959999999999999
15.7 12.94
12.94 12.959999999999999
14.7 12.959999999999999
15.310000000000002 12.989999999999998
13.089999999999998 12.94
15.14 12.959999999999999
13.99 12.989999999999998
14.7 12.959999999999999
14.77 12.959999999999999
15.870000000000001 12.989999999999998
13.18 12.94
15.110000000000001 12.989999999999998
15.45 12.959999999999999
13.13 12.920000000000002
15.21 12.989999999999998
15.53 12.94
13.96 12.920000000000002
15.770000000000001 12.989999999999998
16.14 12.959999999999999
13.38 12.959999999999999
14.84 12.959999999999999
15.409999999999998 12.94
13.11 12.959999999999999
14.77 12.959999999999999
15.55 12.959999999999999
13.38 12.959999999999999
14.6 12.959999999999999
16.09 12.989999999999998
13.5 12.94
14.940000000000001 12.959999999999999
15.770000000000001 12.989999999999998
13.059999999999999 12.94
14.399999999999999 12.959999999999999
15.82 12.989999999999998
13.01 12.920000000000002
14.31 12.959999999999999
15.409999999999998 12.959999999999999
12.959999999999999 12.94
14.430000000000001 12.94
16.33 12.989999999999998
13.16 12.94
13.96 12.989999999999998
16.11 12.959999999999999
12.989999999999998 12.94
13.819999999999999 12.959999999999999
16.5 12.959999999999999
13.309999999999999 12.94
13.87 12.94
15.8 12.989999999999998
13.750000000000002 12.94
13.889999999999999 12.94
14.580000000000002 12.989999999999998
14.89 12.959999999999999
13.4 12.94
15.58 13.01
16.939999999999998 12.989999999999998
13.089999999999998 12.959999999999999
14.16 13.01
15.939999999999998 12.959999999999999
12.959999999999999 12.94
13.55 12.989999999999998
15.36 13.01
14.67 12.989999999999998
13.719999999999999 12.959999999999999
15.110000000000001 12.959999999999999
14.45 12.989999999999998
13.11 12.94
13.5 12.959999999999999
13.26 12.920000000000002
15.5 12.870000000000001
13.79 12.870000000000001
16.04 12.889999999999999
13.23 12.870000000000001
13.43 12.889999999999999
14.330000000000002 12.920000000000002
15.72 12.870000000000001
13.87 12.870000000000001
14.530000000000001 12.870000000000001
15.920000000000002 12.989999999999998
13.750000000000002 12.989999999999998
12.989999999999998 12.94
16.259999999999998 12.989999999999998
13.5 12.989999999999998
12.82 12.94
14.97 12.959999999999999
15.160000000000002 12.989999999999998
12.72 12.94
13.530000000000001 12.94
16.85 13.01
13.26 12.959999999999999
12.989999999999998 12.94
16.14 12.989999999999998
14.499999999999998 12.959999999999999
12.889999999999999 12.94
14.48 12.989999999999998
15.310000000000002 13.01
13.65 12.959999999999999
13.750000000000002 12.989999999999998
16.14 12.989999999999998
15.310000000000002 13.01
13.089999999999998 12.989999999999998
15.479999999999999 12.989999999999998
15.409999999999998 13.01
13.18 12.959999999999999
13.84 12.94
15.379999999999999 12.989999999999998
13.889999999999999 13.01
12.94 12.959999999999999
15.870000000000001 12.989999999999998
14.38 12.989999999999998
12.870000000000001 12.959999999999999
14.97 12.989999999999998
15.409999999999998 12.989999999999998
13.48 12.959999999999999
14.21 12.959999999999999
15.870000000000001 13.01
14.06 12.94
13.16 12.94
16.7 13.01
13.43 12.959999999999999
12.959999999999999 12.959999999999999
15.75 13.01
14.09 12.959999999999999
13.530000000000001 12.959999999999999
14.940000000000001 12.959999999999999
16.04 13.01
13.18 12.959999999999999
13.719999999999999 12.959999999999999
16.72 12.989999999999998
13.13 12.959999999999999
13.04 12.959999999999999
16.11 13.01
14.580000000000002 12.989999999999998
13.26 12.94
15.620000000000001 12.989999999999998
15.110000000000001 12.989999999999998
12.920000000000002 12.989999999999998
15.479999999999999 13.01
16.75 13.01
13.62 12.959999999999999
14.21 12.989999999999998
17.36 13.04
13.84 12.959999999999999
13.600000000000001 12.989999999999998
15.65 13.059999999999999
15.409999999999998 13.01
13.4 12.989999999999998
16.53 13.04
14.75 12.989999999999998
13.13 12.989999999999998
14.180000000000001 13.01
14.23 12.989999999999998
16.21 13.01
15.36 12.989999999999998
16.14 12.989999999999998
13.48 12.989999999999998
14.77 12.989999999999998
16.53 13.01
14.01 12.989999999999998
14.09 12.989999999999998
17.5 13.04
13.569999999999999 12.989999999999998
13.700000000000001 12.989999999999998
17.5 13.01
14.530000000000001 13.01
13.65 13.01
16.869999999999997 13.01
14.45 12.989999999999998
13.059999999999999 12.989999999999998
16.41 12.989999999999998
15.09 13.01
13.16 12.989999999999998
15.8 12.989999999999998
15.14 13.01
13.18 12.959999999999999
15.36 12.989999999999998
15.840000000000002 13.01
13.309999999999999 12.959999999999999
14.87 12.989999999999998
16.55 13.01
13.209999999999999 12.959999999999999
14.48 12.959999999999999
16.7 13.04
13.530000000000001 12.959999999999999
13.99 12.959999999999999
15.939999999999998 13.01
13.94 12.959999999999999
13.750000000000002 12.94
16.82 13.01
13.919999999999998 12.989999999999998
13.350000000000001 12.94
16.85 13.01
13.96 12.989999999999998
13.209999999999999 12.94
16.72 13.01
13.99 12.989999999999998
13.23 12.94
15.770000000000001 13.01
14.99 12.989999999999998
13.5 12.959999999999999
16.97 13.01
14.6 12.959999999999999
13.48 12.959999999999999
15.55 13.01
15.260000000000002 13.01
13.089999999999998 12.989999999999998
16.53 13.04
15.479999999999999 13.01
14.14 12.989999999999998
16.85 13.04
15.770000000000001 13.04
13.350000000000001 12.989999999999998
15.82 13.01
15.21 12.989999999999998
13.5 12.959999999999999
15.920000000000002 13.01
15.82 13.01
13.43 12.989999999999998
16.04 13.01
15.479999999999999 12.989999999999998
13.350000000000001 12.959999999999999
15.770000000000001 13.04
15.110000000000001 12.989999999999998
13.5 12.959999999999999
15.53 12.989999999999998
15.310000000000002 12.959999999999999
13.13 12.959999999999999
15.82 13.01
14.92 12.989999999999998
13.18 12.959999999999999
15.840000000000002 13.01
15.040000000000001 12.989999999999998
13.04 12.94
15.310000000000002 12.989999999999998
15.379999999999999 12.989999999999998
13.059999999999999 12.959999999999999
15.190000000000001 12.989999999999998
15.160000000000002 12.989999999999998
12.920000000000002 12.959999999999999
14.67 12.959999999999999
15.160000000000002 12.989999999999998
14.04 12.989999999999998
16.02 12.959999999999999
15.409999999999998 13.01
13.26 12.959999999999999
16.04 13.089999999999998
14.26 13.16
14.38 13.11
15.8 13.04
15.7 12.959999999999999
13.16 12.959999999999999
16.14 12.959999999999999
14.75 12.959999999999999
13.18 12.959999999999999
16.31 12.959999999999999
14.77 12.959999999999999
13.700000000000001 12.959999999999999
16.06 12.959999999999999
15.55 13.33
13.18 13.26
16.5 13.16
14.530000000000001 13.04
13.26 12.959999999999999
16.11 12.989999999999998
