13.65 24.768
13.467 24.774
13.361 24.773999999999997
13.107 24.768
13.113000000000003 24.774
13.214 24.774
13.184000000000001 24.774
12.724999999999998 24.774
12.765 24.774
12.684000000000001 24.774
12.787 24.774
13.075999999999999 24.774
14.057 24.774
13.434 24.774
12.485 24.774
12.092 24.774
11.298 24.768
10.376000000000001 24.768
10.632 24.768
10.259 24.768
10.699 24.768
10.607999999999999 24.768
10.377 24.768
10.569 24.768
12.414 24.774
12.278 24.774
12.463000000000001 24.774
12.729000000000001 24.768
12.584000000000001 24.768
12.499 24.768
12.461 24.768
12.315999999999999 24.768
12.249 24.768
12.387999999999998 24.768
11.939000000000002 24.768
11.831999999999999 24.768
12.504999999999999 24.768
12.042000000000002 24.768
11.776 24.768
11.468000000000002 24.768
11.225 24.768
11.858999999999998 24.768
11.068999999999999 24.768
11.277 24.768
11.174999999999999 24.774
10.908999999999999 24.774
11.068999999999999 24.774
11.072 24.774
11.376999999999999 24.774
11.512 24.774
10.648 24.768
10.388 24.768
10.26 24.756
10.37 24.762
10.302999999999999 24.762
10.532 24.762
9.402999999999999 24.756
8.837 24.75
8.822000000000001 24.756
8.608999999999998 24.756
8.938000000000002 24.756
8.902000000000001 24.75
8.565999999999999 24.75
9.036 24.768
8.984 24.78
9.661999999999999 24.799
11.939 24.823
11.978000000000002 24.793
12.291 24.768
11.692 24.768
11.749 24.762
11.923 24.756
13.924 24.768
12.844 24.768
11.969 24.768
11.282999999999998 24.762
12.1 24.762
12.161 24.762
12.001999999999999 24.768
11.594 24.762
11.532 24.762
12.189 24.768
12.293000000000001 24.768
11.795 24.768
12.004999999999999 24.768
12.305 24.768
12.0 24.762
12.674000000000001 24.768
12.276000000000002 24.768
12.536999999999999 24.768
12.679000000000002 24.768
12.578999999999999 24.768
11.812999999999999 24.768
12.622 24.768
12.475 24.768
12.802 24.768
12.564999999999998 24.768
12.677000000000001 24.768
12.753 24.768
12.710000000000003 24.768
12.711 24.762
12.763 24.762
13.273000000000001 24.768
13.019 24.768
12.991 24.768
12.787 24.786
13.464 24.78
13.013 24.793
13.223 24.78
13.260000000000002 24.768
12.992999999999999 24.768
13.385999999999997 24.768
13.474 24.768
13.418 24.78
13.785 24.78
13.159 24.774
13.343 24.768
13.135 24.768
13.061 24.768
13.196 24.768
13.482 24.768
12.997 24.768
12.61 24.768
12.753 24.773999999999997
13.219 24.773999999999997
13.452 24.773999999999997
12.892000000000001 24.773999999999997
12.768 24.768
12.613000000000001 24.773999999999997
12.251999999999999 24.768
12.484 24.773999999999997
12.518 24.768
12.543 24.768
12.418999999999999 24.768
12.345 24.768
13.028 24.768
12.745999999999999 24.768
12.555 24.762
12.107 24.773999999999997
11.78 24.773999999999997
12.084999999999999 24.768
12.161 24.768
12.412 24.768
12.366 24.768
12.708000000000002 24.768
12.228 24.768
12.301 24.768
12.155 24.768
12.216 24.768
12.201999999999998 24.762
12.228 24.768
12.177 24.768
12.540000000000001 24.768
11.937999999999999 24.768
12.332 24.768
11.85 24.768
11.953999999999999 24.768
12.115 24.768
12.686 24.768
12.690000000000001 24.768
12.423 24.768
12.645999999999999 24.768
12.681999999999999 24.768
13.126 24.768
13.177999999999997 24.774
12.842999999999998 24.793
12.948 24.811
12.891 24.774
13.299 24.774
13.161999999999999 24.762
13.036999999999999 24.768
13.199 24.768
13.667000000000002 24.768
13.838999999999999 24.768
13.791 24.768
13.502999999999998 24.768
12.894 24.768
13.074000000000002 24.768
13.036999999999999 24.768
13.255999999999998 24.762
13.379000000000001 24.762
12.558 24.768
12.891 24.768
12.925 24.768
13.138 24.768
12.605 24.768
12.576 24.768
12.903999999999998 24.762
12.593000000000002 24.768
12.598 24.768
12.9 24.768
13.191 24.768
13.091999999999999 24.768
12.93 24.768
13.044 24.768
12.699 24.768
12.459000000000001 24.768
12.546000000000001 24.768
12.619 24.768
12.424 24.768
12.497 24.768
12.562999999999999 24.768
12.834999999999999 24.768
12.284 24.768
12.814 24.768
13.303999999999998 24.774
13.974 24.779999999999998
13.516 24.768
9.68 24.756
12.951 24.768
13.024 24.768
12.768 24.768
12.709999999999999 24.768
13.035999999999998 24.768
12.555 24.773999999999997
12.586 24.768
12.842 24.768
12.324000000000002 24.768
12.676000000000002 24.768
12.658 24.768
12.927 24.768
12.237 24.768
12.479 24.768
12.555 24.768
12.509999999999998 24.768
12.747 24.768
12.219000000000001 24.762
12.041 24.768
11.956999999999999 24.768
12.479 24.768
12.423 24.768
13.034 24.773999999999997
12.873000000000001 24.768
12.494 24.774
12.189 24.768
12.286 24.768
12.442 24.768
12.155 24.768
12.081999999999999 24.768
12.008 24.768
12.528 24.774
12.36 24.779999999999998
12.597999999999999 24.768
12.335 24.768
12.570999999999998 24.779999999999998
12.525 24.773999999999997
12.347 24.774
12.274000000000001 24.779999999999998
12.392 24.774
12.235999999999999 24.774
12.503 24.774
12.081 24.768
11.867999999999999 24.773999999999997
12.359 24.779999999999998
12.891 24.768
12.61 24.768
12.179 24.779999999999998
11.530000000000001 24.779999999999998
11.524000000000001 24.779999999999998
11.96 24.779999999999998
12.271 24.779999999999998
12.82 24.779999999999998
12.805 24.786
12.695 24.779999999999998
12.494 24.798
12.436999999999998 24.798
12.252999999999998 24.786
12.224 24.786
11.778 24.786
11.418999999999999 24.779999999999998
12.128000000000002 24.786
11.902000000000001 24.786
12.661999999999999 24.792
12.873000000000001 24.786
12.726 24.786
13.077 24.786
13.141 24.786
12.711 24.786
13.0 24.786
13.676000000000002 24.792
13.486 24.792
13.614999999999998 24.792
13.305 24.786
13.358 24.786
13.774999999999999 24.786
13.526 24.786
13.571 24.792
13.751 24.792
