15.048899999999998 19.670699999999997
15.24709999999999 19.656499999999998
14.826900000000007 19.723500000000005
14.9832 19.736099999999997
15.338900000000002 19.838200000000008
15.112100000000003 19.826900000000002
14.943699999999998 19.855600000000003
15.014300000000006 19.693600000000004
14.784900000000004 19.643899999999995
15.048800000000004 19.654300000000003
14.911599999999995 19.637099999999997
14.819099999999999 19.795000000000005
14.716400000000002 19.795700000000018
14.9677 19.7544
15.069200000000006 19.7511
15.147699999999997 19.69460000000001
14.488700000000001 19.57840000000001
14.878299999999994 19.67599999999999
15.005400000000007 19.62340000000001
15.170900000000001 19.70969999999999
14.915499999999998 19.766999999999992
14.915300000000004 19.8298
14.75669999999999 19.782299999999996
14.687099999999992 19.714999999999996
14.709199999999994 19.670500000000008
14.617900000000002 19.712099999999992
14.575800000000003 19.783499999999997
14.589200000000002 19.756999999999998
14.656599999999997 19.749000000000006
14.799199999999999 19.7823
14.8272 19.754299999999997
14.829600000000001 19.7404
14.635899999999996 19.716700000000003
14.674899999999994 19.682799999999997
14.652299999999999 19.674399999999995
14.650099999999997 19.661899999999992
14.663399999999996 19.647400000000008
14.683400000000008 19.64719999999999
14.709399999999997 19.652
14.639899999999994 19.681900000000006
14.5188 19.700200000000006
14.471299999999998 19.660599999999995
14.301899999999998 19.6892
14.430600000000002 19.612800000000004
14.477499999999996 19.652200000000004
14.6009 19.744300000000006
14.691800000000008 19.707800000000006
14.660100000000002 19.802400000000002
14.663699999999999 19.765500000000003
14.655999999999993 19.7905
14.770500000000004 19.8731
14.881899999999995 19.829500000000003
14.604499999999994 19.871799999999997
14.449499999999999 19.9334
14.557100000000004 19.876499999999997
14.420899999999998 19.8239
14.4349 19.7335
14.546999999999999 19.70210000000001
14.391999999999996 19.713600000000003
14.473100000000008 19.762300000000003
14.466000000000005 19.840500000000002
14.579599999999997 19.902700000000006
14.621800000000002 19.905299999999997
14.729999999999999 19.967900000000004
14.463600000000001 19.932100000000005
14.383000000000004 19.912300000000002
14.281099999999997 19.885899999999996
14.322699999999996 19.8661
14.265600000000001 19.94740000000001
14.3173 19.910899999999994
14.395999999999997 19.856500000000004
14.542900000000003 19.799000000000003
14.613899999999994 19.70880000000001
14.725599999999996 19.742600000000003
14.614999999999995 19.8292
14.5508 19.7903
14.387500000000003 19.757700000000007
14.4541 19.82589999999999
14.235900000000004 19.867400000000004
14.222200000000004 19.91430000000001
14.238000000000001 19.7965
14.134899999999998 19.832500000000007
14.118150000000002 19.805300000000003
14.217599999999994 19.712399999999995
14.228200000000001 19.831700000000005
14.258500000000005 19.90159999999999
14.388599999999993 19.808300000000003
14.5582 19.8068
14.344000000000001 19.6744
14.391200000000001 19.699400000000008
14.36950000000001 19.702099999999998
14.564499999999999 19.771
14.566700000000003 19.7846
14.641299999999996 19.823
14.2311 19.582200000000004
14.325299999999999 19.601
14.413 19.564899999999994
14.485600000000002 19.876600000000003
14.529799999999998 19.693600000000007
14.747400000000003 19.642999999999994
14.6921 19.857799999999997
14.666399999999996 19.704599999999996
14.530400000000004 19.69329999999999
14.471399999999996 19.580200000000005
14.470599999999992 19.601000000000003
14.366069999999997 19.563000000000006
14.293099999999995 19.697400000000002
14.258000000000001 19.7021
14.343199999999992 19.755200000000006
14.343199999999994 19.719499999999996
14.301999999999996 19.754400000000004
14.533399999999999 19.810900000000004
14.297299999999996 19.6904
14.252299999999995 19.697600000000005
14.244299999999996 19.7511
14.334000000000003 19.657199999999996
15.035199999999993 19.659000000000002
15.29629999999999 19.765299999999993
15.090400000000006 19.692899999999998
15.078999999999995 19.6918
14.599800000000002 19.664100000000005
14.488100000000003 19.69349999999999
14.345600000000006 19.803000000000008
14.4229 19.798700000000004
14.4725 19.722999999999992
14.580699999999998 19.765200000000004
14.270899999999997 19.669099999999993
14.120599999999994 19.745799999999996
14.326600000000001 19.8085
14.472899999999997 19.766399999999997
14.453200000000004 19.663399999999996
14.426600000000006 19.6842
14.410099999999998 19.652499999999993
14.463399999999998 19.693199999999997
14.258599999999994 19.685499999999987
14.449199999999998 19.673299999999998
14.5284 19.8212
14.458299999999987 19.70460000000001
14.4322 19.732400000000002
14.480799999999999 19.736100000000004
14.421699999999996 19.693099999999998
14.388699999999996 19.6604
14.293900000000004 19.632600000000004
14.3609 19.642299999999995
14.185 19.734000000000005
14.218100000000003 19.765599999999992
14.2377 19.728199999999994
14.179200000000003 19.634700000000002
14.166099999999998 19.666900000000002
14.345799999999997 19.853299999999997
14.2585 19.798399999999997
14.273000000000003 19.866899999999998
14.313799999999999 19.8682
14.284099999999993 19.873199999999997
14.2623 19.801999999999996
14.282199999999998 19.5082
14.415400000000004 19.559300000000004
15.397199999999994 19.7515
14.996299999999998 19.78375
14.529299999999997 19.654099999999996
14.647099999999998 19.618599999999997
14.655000000000005 19.556
14.952900000000003 19.5534
14.5607 19.504400000000004
14.502599999999987 19.5688
14.520499999999995 19.6902
14.404999999999998 19.6494
14.331600000000005 19.667800000000003
14.408000000000007 19.797999999999995
14.729000000000001 19.761799999999997
14.486199999999997 19.830800000000004
14.427600000000002 19.842199999999995
14.351000000000003 19.722099999999998
14.3733 19.814
14.39620000000001 19.7455
14.313999999999998 19.6496
14.384400000000008 19.791500000000006
14.393399999999993 19.7438
14.317499999999999 19.689999999999998
14.236600000000003 19.499899999999997
14.5096 19.698099999999997
14.6292 19.758699999999987
14.667899999999992 19.7015
14.6043 19.6413
14.3913 19.688299999999998
14.597800000000003 19.728599999999993
14.662099999999995 19.764300000000006
14.607999999999999 19.755400000000005
14.488399999999995 19.67759999999999
14.527199999999995 19.675299999999986
14.465799999999994 19.652700000000006
14.769600000000002 19.673600000000015
14.6481 19.618599999999994
14.581400000000002 19.780599999999996
14.379700000000003 19.827800000000003
14.511299999999999 19.7423
14.460700000000001 19.682899999999997
14.528300000000002 19.6892
14.474000000000006 19.778
14.494499999999999 19.699099999999994
14.4955 19.662200000000006
14.576999999999995 19.654499999999995
14.587000000000003 19.670500000000004
14.587999999999997 19.742099999999997
14.409199999999997 19.721300000000006
14.415500000000007 19.788999999999994
14.476600000000003 19.729799999999983
14.588600000000005 19.750499999999988
14.581899999999997 19.815600000000003
14.569899999999997 19.732799999999994
14.444600000000001 19.633399999999995
14.567299999999994 19.6737
14.5362 19.701299999999993
14.660900000000007 19.740800000000007
14.596000000000005 19.797600000000003
14.557499999999997 19.68659999999999
14.560199999999998 19.747500000000002
14.581200000000006 19.7344
14.733000000000002 19.706999999999994
14.782000000000004 19.703800000000005
14.686500000000006 19.7202
14.682500000000005 19.718399999999995
14.603999999999992 19.767000000000007
14.749600000000008 19.66849999999999
14.549899999999996 19.6321
14.625799999999991 19.707599999999996
14.497900000000008 19.7151
14.4888 19.709999999999997
14.616200000000005 19.708800000000004
14.583499999999997 19.74490000000001
14.568800000000001 19.895200000000003
14.652500000000002 19.812000000000005
14.6067 19.781999999999993
14.929399999999998 19.741700000000012
14.855699999999999 19.711799999999997
14.872399999999997 19.742799999999995
14.839899999999995 19.7667
14.856299999999997 19.7053
14.794600000000003 19.69880000000001
15.004000000000007 19.664299999999997
14.982000000000001 19.811999999999998
14.833500000000003 19.8091
15.061399999999999 19.753400000000003
15.116999999999999 19.780799999999996
15.006500000000003 19.812300000000004
14.959599999999995 19.817699999999995
14.649499999999998 19.821299999999987
14.568899999999992 19.844399999999993
14.4346 19.820899999999998
14.5069 19.7526
14.544699999999999 19.722399999999997
14.589400000000005 19.7843
14.498499999999998 19.74829999999999
14.448000000000006 19.640299999999996
14.5261 19.672900000000006
14.598699999999997 19.760299999999997
14.516600000000007 19.8009
14.623800000000001 19.785200000000007
14.696200000000005 19.717599999999994
14.575100000000003 19.811500000000002
14.474200000000003 19.787599999999998
14.5498 19.739699999999996
14.411499999999993 19.736100000000004
14.455199999999996 19.78089999999999
14.3931 19.800600000000003
14.476400000000005 19.807000000000006
14.507899999999996 19.843499999999995
14.5255 19.77229999999999
14.492699999999994 19.789700000000007
14.545400000000008 19.811999999999998
14.452399999999995 19.8375
14.4734 19.729400000000005
14.572000000000001 19.6764
14.579799999999999 19.7518
14.4316 19.764100000000006
14.477199999999998 19.743599999999994
14.591299999999999 19.7464
14.652899999999999 19.709500000000002
14.567499999999999 19.671600000000005
14.611399999999994 19.723799999999994
14.533099999999996 19.793699999999994
14.600200000000003 19.7995
14.47579999999999 19.730800000000002
14.822699999999998 19.911600000000004
14.767799999999994 19.90219999999999
14.808399999999997 19.908799999999996
14.714999999999998 19.902
14.8356 19.807199999999998
