6.290500000000001 34.703
6.1735 34.706
6.021799999999999 34.699000000000005
5.9696 34.708000000000006
5.7661999999999995 34.715
6.079300000000001 34.715
6.3791 34.715
6.230700000000001 34.715
6.3744000000000005 34.708
6.442699999999999 34.706
6.328500000000001 34.703
6.274800000000001 34.706
6.2236 34.709
6.099700000000001 34.705000000000005
5.9695 34.69
6.068099999999999 34.692
6.1275 34.683
6.12 34.677
6.1224 34.689
6.0607 34.69
6.0600000000000005 34.69
6.2292999999999985 34.69
6.1005 34.687
6.026599999999999 34.696
6.169800000000001 34.693000000000005
6.1824 34.69
6.137600000000001 34.681
6.039999999999999 34.675
5.848599999999999 34.675
5.8643 34.683
5.8696 34.696000000000005
5.8696 34.690000000000005
5.759099999999999 34.690000000000005
5.9225 34.687
5.7743 34.693000000000005
5.803599999999999 34.687000000000005
5.9407999999999985 34.662
5.843300000000001 34.662
5.8897 34.650000000000006
6.185 34.65599999999999
6.321600000000001 34.656
6.2792 34.668
6.0843 34.656
6.005400000000001 34.65
6.0555 34.65599999999999
5.94 34.653
5.8355999999999995 34.653
5.644499999999999 34.659
5.8714 34.653
5.7346 34.655
5.6854000000000005 34.64600000000001
5.759800000000001 34.64900000000001
5.8606 34.649
5.9792000000000005 34.65200000000001
5.9142 34.671
5.897799999999999 34.664
5.7343 34.664
5.8099 34.664
5.6737 34.65800000000001
5.6738 34.67
5.763900000000001 34.676
5.6963 34.673
5.7609 34.666999999999994
5.701199999999999 34.671
5.6723 34.666999999999994
5.7073 34.669999999999995
5.811 34.663999999999994
5.8713 34.64
5.806099999999999 34.648999999999994
5.7194 34.672000000000004
5.7098 34.681
5.7483 34.677
5.7254 34.679
5.8628 34.673
5.7594 34.676
5.5773 34.666999999999994
5.6015 34.652
5.747799999999999 34.655
5.748399999999999 34.649
5.7946 34.652
5.739900000000002 34.654999999999994
5.6439 34.660999999999994
5.912599999999999 34.657999999999994
5.863900000000001 34.654999999999994
5.789799999999999 34.654999999999994
5.8799 34.652
5.9628 34.660999999999994
6.0338 34.658
5.902100000000001 34.654999999999994
6.0284 34.655
6.0158000000000005 34.65200000000001
6.105100000000001 34.664
6.0863 34.68
6.3765 34.683
6.425400000000001 34.675
6.4197999999999995 34.698
6.670800000000001 34.707
6.575800000000001 34.712999999999994
6.4673 34.673
6.423499999999999 34.658
6.370099999999999 34.658
6.2387 34.658
6.385500000000001 34.664
6.3191 34.676
6.1493 34.663999999999994
6.1995000000000005 34.657999999999994
6.2728 34.649
6.2314 34.666000000000004
6.280100000000001 34.767
6.312900000000001 34.681999999999995
6.2649 34.68
6.0226999999999995 34.665
6.063700000000001 34.66399999999999
6.008700000000002 34.665
6.235799999999999 34.671
6.371700000000001 34.668
6.27 34.663999999999994
6.3203 34.671
6.0818 34.662
6.1716 34.677
6.1552 34.65899999999999
6.3264000000000005 34.665
6.311799999999999 34.665
6.152299999999999 34.66199999999999
5.9473 34.66199999999999
6.850799999999999 38.182916999999996
6.6575 34.73800000000001
6.8437 34.69800000000001
6.725300000000001 34.65500000000001
6.7735 34.65800000000001
6.756899999999999 34.67000000000001
6.436699999999999 34.675999999999995
6.217299999999999 34.686
6.105500000000001 34.68600000000001
5.980099999999999 34.719
6.0364 34.741
6.0828 34.748000000000005
6.053100000000001 34.74499999999999
5.9675 34.745
5.710500000000001 34.739000000000004
5.8519 34.745
5.766699999999999 34.738
5.8312 34.73499999999999
5.8873 34.738
6.1217 34.738
5.994499999999999 34.739000000000004
5.9994 34.736
6.0588999999999995 34.742
5.9392 34.739000000000004
5.974199999999999 34.733
6.183800000000001 34.703
6.2265 34.685
6.1601 34.664
6.084099999999999 34.67600000000001
6.011399999999999 34.664
5.9941 34.66400000000001
6.161399999999999 34.66400000000001
6.2093 34.66700000000001
6.163400000000001 34.675
6.167199999999999 34.669000000000004
6.107 34.678000000000004
6.081700000000001 34.666000000000004
6.257899999999999 34.676
6.424300000000001 34.69800000000001
6.2853 34.695
6.2982 34.7
6.349399999999999 34.69400000000001
6.674999999999999 34.691
6.660899999999999 34.68600000000001
6.364599999999999 34.73500000000001
6.358800000000002 34.732
6.3511 34.681000000000004
6.255000000000001 34.682
6.2082999999999995 34.663000000000004
6.304100000000002 34.667
6.245600000000001 34.66700000000001
6.2971 34.667
6.4895 34.661
6.648699999999999 34.661
6.2234 34.67000000000001
6.169000000000002 34.67600000000001
6.1811 34.68600000000001
6.095599999999999 34.701
6.0318 34.692
6.04 34.688
6.0441 34.692
6.1408000000000005 34.689
6.247 34.685
6.1842 34.692
6.1397 34.694
5.9458 34.694
6.017300000000001 34.70100000000001
6.197100000000001 34.694
6.367399999999999 34.685
6.431899999999999 34.683
6.3789 34.68799999999999
6.213 34.69199999999999
6.2314 34.68600000000001
6.330300000000001 34.683
6.2722 34.684999999999995
6.123400000000001 34.69200000000001
6.1985 34.685
6.261799999999999 34.692
6.301900000000001 34.69800000000001
6.179200000000001 34.695
6.161899999999998 34.679
6.007299999999999 34.683
5.656499999999999 34.67
6.2106 34.68
6.4381 34.68300000000001
6.5272 34.673
6.4898 34.66700000000001
6.159700000000001 34.677
6.145199999999999 34.68900000000001
5.881 34.69199999999999
5.756500000000001 34.70100000000001
5.8476 34.693999999999996
5.853500000000001 34.691
5.809500000000001 34.691
5.9414 34.691
6.0428999999999995 34.70100000000001
5.8424000000000005 34.697
5.9052999999999995 34.70100000000001
6.0360000000000005 34.691
5.9616999999999996 34.704
5.8814 34.70100000000001
5.4091 34.693999999999996
5.51 34.691
5.571400000000001 34.688
5.589699999999999 34.68800000000001
5.5592999999999995 34.69
5.492999999999999 34.684
5.5892 34.687
5.5729 34.687
5.4627 34.69
5.730499999999999 34.681
5.7197000000000005 34.681
5.5241 34.681
5.7051 34.685
5.6113 34.681000000000004
5.6594999999999995 34.685
5.6167 34.684000000000005
5.537699999999999 34.694
5.6375 34.695
5.8465 34.697
5.880799999999999 34.694
5.658699999999999 34.69
5.5966000000000005 34.687000000000005
5.6242 34.687
5.6045 34.681
5.4799 34.687
5.6350999999999996 34.691
5.649299999999999 34.688
5.4994000000000005 34.681
5.4319000000000015 34.684
5.429500000000001 34.684000000000005
5.367100000000001 34.687
5.1781 34.691
5.2561 34.691
5.3332999999999995 34.68800000000001
5.1809 34.681000000000004
5.187399999999999 34.675000000000004
5.3024000000000004 34.681000000000004
5.257199999999999 34.68800000000001
5.050000000000001 34.68800000000001
5.1232 34.697
5.068000000000001 34.694
5.149 34.697
5.134600000000001 34.696
5.108300000000001 34.69400000000001
5.0969 34.697
5.2225 34.69
5.209200000000001 34.697
5.666500000000001 34.681
5.5594 34.684
5.289299999999999 34.687
5.2936000000000005 34.69
5.304600000000001 34.696
5.374099999999999 34.703
5.501499999999999 34.7
5.5301 34.697
5.7301 34.685
6.0135000000000005 34.694
6.0591 34.68200000000001
5.875900000000001 34.68200000000001
5.871600000000001 34.676
5.804999999999999 34.673
5.418900000000002 34.673
