12.536439999999999 45.59379999999998
12.598139999999999 45.587699999999984
12.4805 45.5857
12.438159999999995 45.597
12.458889999999997 45.59359999999998
12.692479999999994 45.6101
12.555709999999998 45.59989999999999
12.602400000000003 45.625799999999984
12.256410000000002 45.57459999999999
12.716689999999996 45.578799999999994
12.82896 45.04840000000001
12.647329999999998 45.5946
12.491540000000002 45.60049999999999
12.5524 45.5865
12.554059999999998 45.620899999999985
12.54493 45.623599999999996
12.658350000000002 45.650299999999994
12.442450000000008 45.604400000000005
12.213479999999995 45.59519999999999
12.236319999999997 45.59299999999999
12.128089999999998 45.59899999999999
12.115690000000004 45.597500000000004
12.031079999999998 45.58509999999999
12.044289999999998 45.57670000000001
12.110309999999998 45.57390000000001
12.252920000000007 45.5652
12.316139999999997 45.577
12.39134 45.56979999999998
12.318139999999996 45.580899999999986
12.272680000000005 45.5985
12.179959999999994 45.609800000000014
12.30967 45.609500000000004
12.192500000000003 45.59460000000002
12.191279999999999 45.62520000000002
12.246279999999997 45.625200000000014
12.216909999999993 45.61770000000001
12.171779999999996 45.63070000000001
12.326140000000004 45.629599999999996
12.224130000000006 45.62059999999998
12.13584 45.615700000000004
12.000879999999999 45.62239999999999
12.19223 45.61700000000001
12.101159999999995 45.627400000000016
12.19392 45.6336
12.154470000000002 45.6443
12.079519999999997 45.637200000000014
12.130300000000002 45.65419999999999
12.080669999999998 45.65649999999999
12.119749999999998 45.640100000000004
12.161590000000006 45.63530000000001
12.099580000000001 45.61450000000001
13.033200000000008 45.76349999999999
12.104790000000005 45.6583
12.106989999999996 45.6532
12.470939999999997 45.7067
12.365709999999998 45.655400000000014
12.504269999999998 45.66830000000001
12.59049 45.75030000000002
12.252130000000003 45.706900000000005
12.365620000000002 45.713
12.1162 45.6843
12.063289999999993 45.6759
12.21413 45.6797
12.210990000000002 45.68789999999999
12.130640000000001 45.69279999999999
12.144100000000002 45.70789999999999
12.209799999999998 45.72550000000001
12.90135 45.788699999999984
13.131489999999998 45.829199999999986
12.6798 45.765100000000004
13.310860000000002 45.828199999999995
12.728039999999993 45.83819999999999
12.3767 45.79479999999999
12.213919999999998 45.79449999999999
12.252510000000004 45.804099999999984
12.357439999999999 45.80630000000001
12.42669 45.8174
12.214099999999997 45.82450000000001
12.41809 45.86880000000001
12.22925 45.85550000000001
12.219739999999996 45.847100000000005
12.310150000000002 45.847600000000014
12.215420000000002 45.837099999999985
12.33216 45.83859999999999
12.318950000000001 45.829600000000006
12.454499999999994 45.88
12.29892 45.855699999999985
12.270849999999998 45.815999999999995
12.339010000000002 45.822399999999995
12.241610000000003 45.8022
12.29393 45.80470000000002
12.404059999999996 45.81240000000001
12.273630000000002 45.82019999999999
12.328669999999999 45.83409999999999
12.4003 45.84260000000001
12.552500000000006 45.824999999999996
12.555710000000001 45.821300000000015
12.635570000000005 45.82690000000001
12.426929999999999 45.852399999999996
12.437990000000001 45.846999999999994
12.446459999999995 45.8293
12.337019999999997 45.8229
12.269520000000005 45.845099999999995
12.227850000000004 45.858399999999996
12.32265 45.8561
12.1997 45.87619999999998
12.561829999999997 45.9036
12.513699999999996 45.908999999999985
13.313210000000003 46.07119999999999
12.414639999999997 45.927499999999995
12.527930000000001 45.91510000000001
12.55705 45.89929999999999
12.365079999999995 45.8993
12.75764 45.92729999999998
12.64749 45.927599999999984
12.579160000000003 45.902
12.47742 45.87939999999998
12.436089999999997 45.88819999999998
12.447249999999997 45.8878
12.510039999999996 45.86300000000001
12.391740000000002 45.835300000000004
12.36236 45.830400000000026
12.214590000000005 45.829800000000034
12.208300000000001 45.8509
12.280029999999998 45.8438
12.402760000000002 45.815799999999996
12.312569999999997 45.80930000000002
12.123649999999996 45.80130000000002
12.204150000000002 45.81800000000001
12.208549999999995 45.836700000000015
12.437420000000005 45.85309999999999
12.662960000000004 45.85150000000001
12.44022 45.852300000000014
12.50356 45.84020000000001
12.6665 45.85040000000001
13.0778 45.89090000000001
13.0304 45.91420000000001
13.245199999999999 45.92119999999999
12.738280000000001 45.89879999999997
13.340900000000003 45.98290000000001
12.771349999999995 45.9122
12.588280000000001 45.90050000000001
12.85069 45.919100000000014
13.071049999999996 45.99870000000001
12.674050000000003 45.9165
12.667150000000008 45.911699999999996
12.5883 45.908600000000035
12.422769999999996 45.88970000000002
12.626630000000002 45.903499999999994
12.60801 45.92240000000002
12.614109999999998 45.9328
12.573820000000001 45.92599999999998
12.713830000000002 45.92000000000002
12.517650000000003 45.9032
12.434280000000001 45.89220000000001
12.499619999999997 45.8885
12.464179999999995 45.870599999999996
12.382800000000001 45.86179999999999
12.54336 45.88839999999999
12.3237 45.88250000000001
12.366219999999997 45.874800000000015
12.7438 45.890599999999985
12.741309999999995 45.87349999999999
12.935289999999997 45.8594
12.72953 45.85679999999999
12.808039999999993 45.8546
12.606150000000008 45.852
12.883900000000004 45.84109999999999
12.79266 45.82340000000001
12.984539999999997 45.86780000000002
12.766839999999998 45.86040000000003
12.659169999999998 45.841100000000026
12.690800000000008 45.827
12.779050000000003 45.8096
12.471559999999995 45.7992
12.585560000000001 45.809599999999996
12.591380000000003 45.82210000000001
12.892499999999995 45.84430000000001
12.795200000000001 45.829800000000006
12.75712 45.8253
12.611999999999998 45.8428
12.492409999999998 45.864399999999996
12.528459999999997 45.866200000000006
12.568150000000003 45.86520000000001
12.685860000000005 45.87160000000001
13.099359999999994 45.92019999999999
12.650359999999997 45.985099999999996
12.432639999999997 45.9653
12.332120000000002 45.93130000000001
12.438439999999996 45.927399999999984
12.526149999999998 45.9227
12.66809 45.942699999999995
12.590309999999997 45.9663
12.54209 45.975100000000005
12.435670000000002 45.97659999999998
12.512369999999997 45.981899999999996
12.476309999999998 45.9923
12.338449999999995 45.996399999999994
12.333159999999996 46.00189999999999
12.344999999999997 45.996999999999986
12.352350000000003 46.006
12.29253 45.996900000000004
12.24269 45.985800000000005
12.36314 45.97189999999999
12.350389999999997 45.959199999999996
12.580780000000003 45.971000000000004
13.015279999999999 46.021699999999996
12.836239999999998 46.01390000000001
12.92656 46.038000000000004
12.996099999999993 45.52209999999998
13.153630000000001 45.8215
12.613340000000003 45.89240000000003
12.89306 46.47650000000002
12.796850000000001 46.055300000000024
12.647900000000003 45.89530000000001
12.519369999999999 45.91800000000002
12.596529999999998 45.935100000000006
12.652879999999996 45.933699999999995
12.797080000000005 45.94659999999998
12.869250000000005 45.9308
12.607449999999995 45.90539999999999
12.3318 45.90689999999998
12.250029999999997 45.40779999999999
12.607450000000004 45.93699999999999
12.45161 45.93919999999999
12.431159999999993 45.923399999999994
12.281500000000005 45.92679999999997
12.481689999999999 45.917799999999986
12.39952 45.9059
12.710850000000004 45.92309999999999
12.602950000000002 45.891900000000014
12.498909999999999 45.8994
12.483119999999992 45.8981
12.361689999999994 45.90189999999999
12.463659999999999 45.9019
12.48904 45.8893
12.367059999999999 45.8895
12.494099999999996 45.8832
12.529560000000007 45.912199999999984
12.660759999999998 45.870400000000004
12.29771 45.84850000000001
12.435590000000001 45.85610000000002
12.51471 45.8795
12.437989999999997 45.8919
12.440720000000002 45.89389999999999
12.466579999999999 45.87919999999999
12.199139999999996 45.87740000000001
12.224930000000002 45.887699999999995
12.218379999999996 45.88639999999999
12.215989999999998 45.859099999999984
12.337449999999997 45.85080000000001
12.434579999999999 45.88360000000001
12.28211 45.90019999999999
12.439079999999999 45.90269999999998
12.389119999999997 45.89490000000001
12.370579999999999 45.89700000000001
12.380449999999998 45.8972
12.370419999999994 45.900299999999994
12.375539999999999 45.93270000000001
12.354780000000002 45.9113
12.603550000000002 45.9074
12.68061 45.9255
12.52525 45.92210000000001
12.502980000000003 45.7229
12.611570000000002 45.95219999999999
12.687140000000005 45.971500000000006
12.79806 46.0081
12.411689999999997 45.981999999999985
12.284519999999997 45.9909
12.424700000000003 45.980900000000005
12.51357 45.9822
12.771359999999998 45.9954
12.940579999999999 46.002999999999986
12.713569999999999 46.00059999999999
12.571119999999993 46.0053
12.723419999999997 45.9947
12.52393 45.9962
12.490339999999996 46.009699999999995
12.541259999999998 46.01609999999999
12.421530000000004 46.0012
12.627829999999998 45.97679999999999
12.508759999999997 45.96939999999998
12.494109999999997 45.960699999999996
12.768500000000001 45.95139999999997
12.652660000000001 45.954599999999985
12.563469999999999 45.95869999999997
12.317259999999996 45.958399999999976
12.424529999999999 45.96259999999998
