56.43549999999999 21.544400000000003
58.12450000000001 21.825700000000005
60.72420000000002 21.9039
60.014800000000015 21.88620000000001
61.0544 22.000700000000002
60.287999999999975 21.9803
60.0252 21.9476
60.8923 21.955499999999994
60.34710000000002 21.981099999999994
59.406000000000006 21.960600000000003
60.584199999999996 22.072999999999997
60.380500000000005 22.078699999999998
60.135499999999986 22.022900000000003
60.95430000000002 22.119400000000002
62.7565 22.442099999999996
59.807799999999986 22.102299999999993
62.287499999999994 22.1725
62.3359 22.218199999999992
62.56860000000001 22.211
64.005 22.3585
63.1815 22.2099
61.8298 22.0584
57.56279999999998 21.87750000000001
63.79779999999998 22.263299999999994
66.11749999999999 22.5851
62.046599999999984 22.3794
59.275100000000016 22.177999999999994
59.64499999999998 22.083599999999997
56.97460000000001 21.8715
56.11210000000001 21.783800000000003
55.84110000000001 21.653799999999997
58.424 21.912599999999998
55.566099999999985 21.538600000000006
53.7653 21.4027
53.23870000000001 21.397900000000003
52.08160000000001 21.3262
51.8507 21.3245
50.54120000000001 21.2458
47.546200000000006 21.0509
45.9734 20.913900000000005
44.787300000000016 20.806000000000004
44.4566 20.729899999999994
42.3404 20.6856
43.3951 20.6065
44.8117 20.603400000000004
44.8518 20.6552
43.349500000000006 20.5718
41.72820000000001 20.361500000000003
41.454299999999996 20.380200000000002
39.394800000000004 20.280900000000006
37.0655 20.082499999999996
36.86050000000001 20.0364
35.2128 19.836900000000007
33.824200000000005 19.770699999999998
31.836599999999997 19.6578
31.349599999999995 19.4943
30.663399999999996 19.454
29.3869 19.393699999999995
27.559699999999992 19.316499999999998
25.989499999999992 19.183699999999998
24.309500000000003 19.0488
23.2058 19.002299999999998
22.275499999999997 18.8662
22.070900000000005 18.8131
20.680799999999998 18.754700000000003
19.7138 18.6716
18.667899999999992 18.584799999999998
18.263600000000004 18.556699999999996
17.514200000000002 18.525100000000002
16.3033 18.458799999999997
15.615700000000004 18.432100000000002
15.291099999999997 18.370499999999996
14.593899999999996 18.315300000000004
14.307100000000004 18.257599999999996
13.875599999999999 18.210899999999995
13.3317 18.180400000000002
12.8941 18.1642
12.292499999999999 18.1131
12.139000000000001 18.082199999999997
11.750800000000002 18.0605
11.349 18.0326
10.73 18.0058
10.412699999999997 18.006100000000007
9.865 17.948100000000004
9.636099999999999 17.9348
9.850199999999997 17.918500000000005
9.8192 17.9159
9.3399 17.891299999999998
8.376100000000001 17.878999999999998
8.22205 17.860799999999998
7.857740000000001 17.842399999999998
8.03677 17.83020000000001
7.895499999999997 17.8131
7.646700000000001 17.8077
7.724459999999998 17.8154
7.568099999999999 17.805
7.507839999999997 17.7894
7.400809999999999 17.7729
7.215580000000001 17.7722
7.591389999999998 17.758699999999997
7.614850000000001 17.761000000000003
7.441039999999999 17.747900000000005
7.11131 17.73840000000001
7.162089999999999 17.748700000000007
6.958639999999999 17.751200000000004
6.85708 17.747100000000003
6.821659999999999 17.793900000000008
6.786920000000002 17.740700000000007
7.0298 17.738400000000002
7.045799999999998 17.732000000000003
7.052399999999999 17.739500000000003
7.1057700000000015 17.738200000000006
7.275970000000001 17.750200000000007
7.31607 17.763600000000004
7.426780000000003 17.7654
7.33704 17.764200000000002
7.536660000000002 17.768499999999992
7.887949999999999 17.7972
7.9556000000000004 17.798699999999993
8.247929999999998 17.8118
8.305399999999997 17.824399999999997
8.732 17.832699999999996
9.211400000000003 17.862199999999994
9.821399999999999 17.8799
9.910699999999999 17.896099999999997
10.096900000000003 17.922400000000003
10.325299999999999 17.9496
10.466500000000002 17.9614
10.800800000000002 17.9847
10.9435 17.986299999999996
11.413899999999998 18.0337
11.253100000000002 17.994100000000003
11.394300000000001 18.0109
12.542 18.050400000000007
12.832200000000002 18.109300000000005
13.703999999999999 18.123200000000004
14.543299999999999 18.143799999999995
15.111699999999997 18.197100000000002
15.189800000000004 18.239100000000004
15.246500000000001 18.248800000000003
16.0434 18.2978
15.8359 18.327299999999997
16.6697 18.3638
17.144299999999998 18.4194
17.926600000000004 18.446899999999992
18.413799999999995 18.492899999999995
20.252799999999997 18.54940000000001
20.907700000000006 18.5888
21.160300000000003 18.644999999999996
21.6798 18.704899999999995
22.018400000000007 18.717699999999997
22.6428 18.7643
23.625400000000006 18.818299999999994
23.760099999999998 18.83039999999999
24.580600000000004 18.9262
25.594600000000007 18.949099999999998
26.1245 18.974499999999995
26.953699999999998 19.0001
27.3445 19.048499999999997
28.12630000000001 19.093499999999995
28.663400000000006 19.129699999999996
29.362400000000004 19.187699999999996
30.623899999999992 19.222
30.895400000000002 19.288600000000002
31.530099999999994 19.313800000000004
32.594300000000004 19.360999999999997
33.152100000000004 19.41849999999999
32.70389999999999 19.474200000000007
32.9435 19.540199999999995
33.7243 19.570800000000002
34.96379999999999 19.6645
35.7124 19.694499999999998
36.5832 19.798800000000007
36.862500000000004 19.811
38.1589 19.903
38.86150000000001 19.90309999999999
39.7483 19.992499999999996
40.146799999999985 20.025199999999995
40.064899999999994 20.067899999999998
40.40250000000001 20.115499999999997
41.2758 20.172100000000007
41.767199999999995 20.211900000000004
43.56770000000001 20.282100000000003
43.42629999999998 20.3113
43.92560000000001 20.379399999999993
43.8545 20.340100000000003
44.1291 20.3741
44.247699999999995 20.4114
44.90139999999999 20.511400000000002
45.838100000000004 20.554300000000005
46.52810000000001 20.612600000000004
46.36180000000002 20.654500000000002
45.60779999999998 20.637900000000002
45.822600000000016 20.690099999999997
46.628600000000006 20.709400000000002
47.4475 20.8033
48.39579999999999 20.855999999999995
49.52279999999999 20.983600000000006
50.60380000000001 21.057000000000002
51.8339 21.130300000000005
51.89910000000001 21.2137
52.75980000000001 21.2251
54.406699999999994 21.3282
55.413400000000024 21.335499999999996
55.56340000000001 21.333800000000004
56.05360000000002 21.399500000000003
56.19879999999999 21.404400000000003
55.918999999999976 21.3981
56.81879999999999 21.457699999999996
57.335899999999995 21.581899999999997
58.007699999999986 21.766099999999998
58.20709999999999 21.796799999999994
57.19939999999999 21.7971
55.727000000000004 21.636000000000006
56.4598 21.6155
55.7975 21.5131
55.06960000000001 21.4866
56.79400000000001 21.4706
56.99580000000001 21.49790000000001
56.77639999999998 21.8422
56.801000000000016 21.2553
56.256800000000005 21.592499999999998
55.00790000000001 21.3702
54.08970000000001 21.289099999999998
53.11190000000002 21.32220000000001
52.5711 21.259899999999995
52.4102 21.257300000000004
52.607200000000006 21.175399999999993
53.1559 21.118199999999998
53.16390000000002 21.164099999999994
52.22710000000001 21.185000000000002
52.3282 21.155500000000004
53.6314 21.1569
54.0894 21.215399999999995
53.58359999999999 21.133499999999998
54.7376 21.182799999999993
53.2323 21.174999999999997
52.55329999999998 21.156600000000005
52.73180000000001 21.0724
52.257999999999996 21.125599999999995
52.0367 21.213800000000006
50.6544 21.134099999999997
51.2545 21.121699999999997
52.099699999999984 21.214999999999996
53.45040000000001 21.3035
54.53299999999999 21.391000000000005
54.029799999999994 21.397799999999993
54.113 21.452800000000003
54.360900000000015 21.433
55.03760000000003 21.506299999999992
54.87849999999999 21.534599999999998
55.825100000000006 21.573500000000006
55.67970000000001 21.569100000000002
55.014799999999994 21.5823
55.9755 21.585500000000003
56.62749999999998 21.703399999999995
57.58610000000001 21.7427
58.3451 21.824700000000004
60.3723 21.785299999999996
61.157499999999985 21.875799999999998
61.04229999999998 21.987299999999998
62.137200000000014 21.869999999999997
61.142700000000005 21.956899999999997
58.41480000000002 21.855999999999998
59.72109999999999 21.839600000000008
60.24560000000001 21.9309
60.81230000000001 21.8599
60.35319999999999 21.896000000000004
65.08130000000001 22.275000000000006
69.97979999999998 22.642200000000003
72.23089999999998 22.86069999999999
73.327 23.01879999999999
74.28429999999999 23.082200000000007
75.36889999999998 23.1487
75.93200000000002 23.3258
74.46780000000003 23.2629
76.876 23.234800000000003
77.357 23.205000000000005
78.43899999999998 23.3678
81.633 23.418200000000006
82.071 23.538999999999994
84.80700000000002 23.696499999999997
84.46200000000003 23.662200000000006
83.65899999999999 23.516800000000003
84.84800000000001 23.604400000000002
85.631 23.585600000000007
86.62499999999997 23.7276
85.21799999999998 23.670800000000003
