19.489569999999993 21.6728
13.604729999999998 18.952399999999997
11.572869999999998 18.891999999999992
12.469479999999999 19.133899999999997
10.947549999999998 18.6146
16.81625 20.263699999999993
19.48321 21.78290000000001
13.640380000000004 18.98270000000001
11.676429999999998 18.8093
12.462189999999996 19.0496
10.906149999999998 18.670999999999992
14.761479999999993 20.08859999999999
19.256780000000003 21.66359999999999
13.595579999999996 19.311699999999995
11.682620000000005 19.128600000000002
12.546169999999995 19.355000000000004
10.873660000000001 18.949499999999993
14.876190000000001 20.363699999999994
19.436869999999995 21.51159999999999
13.746349999999996 19.212700000000012
11.656060000000005 19.154300000000006
12.3544 19.02779999999999
10.772589999999997 18.8213
14.380099999999999 19.989200000000004
19.455530000000003 21.82220000000001
13.41098 19.431199999999997
11.508309999999996 19.1439
12.30185 19.23500000000001
10.938630000000002 18.906399999999987
14.620779999999991 20.268300000000007
19.22134 21.708199999999998
13.573669999999998 19.364799999999992
17.71564 19.818800000000007
12.618149999999998 19.039600000000007
11.01222 18.680300000000003
14.518010000000004 20.1095
19.183389999999996 21.3356
13.33631 19.414499999999997
12.967809999999997 19.522100000000002
12.51948 19.2124
10.889329999999998 18.813100000000006
14.357569999999994 20.138099999999994
18.932330000000004 21.469400000000004
13.14249 19.151200000000003
12.776390000000005 19.502000000000002
12.240299999999994 18.860300000000002
10.600469999999996 18.4859
14.268629999999998 19.942700000000006
17.656579999999998 20.923699999999997
14.764359999999998 19.794199999999996
13.064409999999993 19.485100000000003
12.586330000000004 19.026899999999998
10.825140000000003 18.512700000000002
14.07386 20.06079999999999
19.0269 21.4976
13.121160000000001 19.038200000000003
12.753989999999998 19.402099999999997
12.462709999999998 19.0777
10.721219999999999 18.638799999999993
14.085179999999998 19.973800000000004
18.895470000000007 21.486300000000007
13.175970000000003 19.100200000000005
12.896450000000002 19.4161
12.512799999999997 19.082599999999992
10.842709999999995 18.727899999999988
14.083829999999997 20.066600000000005
19.349899999999995 21.921700000000005
12.988780000000002 19.0031
12.876139999999998 19.513900000000003
12.413719999999996 18.979200000000002
10.908199999999999 18.667299999999994
14.105779999999998 19.927600000000005
19.021880000000007 21.410899999999998
13.248869999999998 18.980499999999996
12.895479999999997 19.4696
12.430900000000001 18.963899999999985
10.893139999999997 18.681799999999992
14.164289999999994 19.924700000000005
18.94441 21.478500000000004
12.968679999999996 18.939599999999995
12.745849999999997 19.414099999999998
12.346859999999998 18.91889999999999
10.746509999999997 18.637299999999986
13.95718 19.844800000000003
18.927249999999997 21.426100000000005
13.04102 19.0441
12.813839999999995 19.3302
12.46638 18.8973
10.824759999999994 18.61250000000001
14.007129999999995 19.8456
18.980869999999996 21.385900000000007
13.203000000000003 18.939000000000007
12.792579999999997 19.261599999999994
12.428870000000003 18.997600000000002
10.899949999999999 18.557399999999998
14.113720000000002 19.6926
19.07662000000001 21.1938
12.875870000000006 18.9337
12.82688 19.3973
12.604090000000005 18.9912
10.98118 18.630699999999997
14.166899999999998 19.872999999999998
18.98055999999999 21.415200000000002
13.060329999999997 19.010999999999996
12.799030000000004 19.538600000000002
12.3659 19.028500000000008
10.775009999999998 18.705699999999993
14.001920000000004 20.002199999999995
18.96722 21.399099999999997
13.06474 19.096499999999995
12.734630000000003 19.4312
12.41334 19.0752
10.775650000000002 18.6857
13.875390000000001 19.914800000000003
18.896960000000004 21.362600000000004
12.956779999999998 19.0583
13.100410000000002 19.401799999999998
12.789540000000002 19.0506
11.136929999999996 18.644499999999994
14.356909999999992 19.89099999999999
19.065890000000003 21.3647
13.064530000000008 19.244099999999992
12.700879999999994 19.567600000000006
12.393369999999996 19.1246
10.83023 18.667299999999997
14.043489999999995 20.039099999999998
19.00689 21.494999999999997
12.74936999999999 19.0647
12.70416 19.560000000000002
12.352829999999997 19.037799999999994
10.765069999999998 18.573299999999996
13.980889999999999 19.8319
19.10079000000001 21.2526
13.059510000000005 18.987799999999993
12.754410000000002 19.3988
12.450539999999995 19.048
10.967049999999992 18.597400000000004
14.065699999999998 19.9793
19.031539999999993 21.4967
12.975859999999994 19.025
12.799059999999999 19.55150000000001
12.391260000000003 19.0978
10.887790000000003 18.683699999999998
14.101860000000006 19.982400000000002
19.017950000000006 21.391199999999998
12.964290000000005 19.17239999999999
12.806330000000003 19.4728
12.3464 19.10859999999999
10.795329999999998 18.7929
13.965900000000001 20.059899999999995
19.001610000000003 21.517800000000005
13.064730000000003 19.134499999999996
12.83806 19.596300000000014
12.386520000000003 19.081600000000005
10.80854 18.62739999999999
14.07882 19.911500000000007
19.100059999999992 21.537699999999997
13.62054 19.011399999999995
13.190769999999999 19.46109999999999
12.482560000000001 19.028699999999997
11.00958 18.60719999999999
14.254139999999996 19.898000000000007
19.533209999999997 21.526800000000005
13.344539999999999 19.158399999999983
12.895639999999997 19.531
12.41872 19.112199999999994
10.806679999999998 18.789800000000003
14.052470000000003 20.050500000000014
19.086800000000004 21.516000000000002
13.234469999999998 19.067799999999995
12.791409999999997 19.48240000000001
12.329919999999996 19.015399999999996
10.834170000000002 18.723399999999998
14.103040000000005 20.0644
19.145729999999993 21.466400000000004
13.00006 19.0012
12.869279999999995 19.550700000000003
12.48878999999999 19.022699999999993
10.860809999999995 18.7258
14.19493 19.818500000000007
19.313470000000002 21.519199999999998
13.243569999999997 19.068600000000007
12.962090000000007 19.46099999999999
12.499249999999998 19.09099999999999
10.840390000000003 18.74599999999999
14.235760000000003 19.9058
19.371729999999996 21.4275
13.24538 19.12950000000001
12.859319999999999 19.6139
12.423039999999999 18.976499999999994
10.914109999999999 18.635499999999997
14.340149999999996 19.9989
19.32197 21.43699999999999
13.183600000000004 19.005799999999994
12.904200000000001 19.5024
12.441930000000001 18.8917
10.888589999999995 18.639999999999997
14.188680000000007 19.856700000000007
19.15338000000001 21.3127
13.123730000000004 19.129899999999996
12.836489999999994 19.54340000000001
12.48627 19.060799999999997
10.872819999999995 18.622099999999993
14.100719999999999 19.890600000000003
19.20303 21.454199999999997
13.028759999999995 19.108500000000006
12.877500000000005 19.5457
12.535819999999994 19.052200000000006
10.930090000000007 18.658200000000004
14.189799999999995 20.0057
19.102320000000002 21.542299999999997
13.049879999999996 19.104899999999997
12.911660000000003 19.578200000000002
12.43356 19.146600000000007
10.90776 18.6983
14.094180000000003 19.987499999999994
19.327509999999997 21.489800000000002
13.135350000000004 19.147799999999997
13.063830000000005 19.596299999999996
12.580369999999998 19.047200000000004
11.047860000000002 18.786499999999997
14.251360000000005 20.025100000000005
19.23836 21.55739999999999
13.249140000000004 19.1795
13.003299999999998 19.678599999999992
12.592530000000002 19.119000000000003
10.918460000000003 18.746399999999998
14.163419999999997 20.073800000000006
19.340730000000008 21.4873
13.25138 19.124700000000004
13.078530000000002 19.520399999999995
12.595799999999993 19.1455
10.98309 18.736599999999992
14.440829999999993 19.997300000000006
19.620780000000003 21.569
13.340329999999994 19.167299999999994
13.086870000000003 19.525600000000004
12.634510000000004 19.1167
11.056770000000004 18.707299999999996
14.445269999999994 19.992500000000003
19.63716 21.629199999999994
13.324040000000007 19.0836
13.250460000000006 19.556399999999996
12.849280000000002 19.031499999999994
11.233149999999998 18.7889
14.479619999999995 19.990999999999996
19.367030000000003 21.531599999999997
13.212579999999999 18.919600000000006
12.9804 19.5178
12.57101 19.168399999999995
10.977410000000004 18.721499999999995
14.254480000000003 19.899099999999997
19.348999999999993 21.6099
13.162259999999998 19.1245
13.051190000000004 19.543799999999997
12.57059999999999 19.05909999999999
10.978329999999998 18.753800000000005
14.267379999999996 20.0176
19.451390000000004 21.661700000000003
13.233329999999995 19.1121
13.065219999999997 19.743399999999998
12.581190000000003 19.213599999999985
10.97531 18.941900000000008
14.181379999999999 20.233100000000004
19.324360000000006 21.665499999999998
13.207100000000002 19.253000000000004
13.076220000000003 19.807299999999998
12.703399999999998 19.193699999999993
11.056219999999998 18.8533
14.228650000000004 20.091000000000005
19.302159999999994 21.602
13.320789999999997 19.215299999999992
13.15597 19.7747
12.648439999999999 19.277500000000007
10.96088 18.8573
14.24906 20.140299999999993
19.450220000000005 21.603099999999994
13.339150000000002 19.275399999999998
13.227169999999996 19.671800000000008
12.740580000000005 19.272099999999995
11.05031 18.8444
14.30071 20.1028
19.334440000000004 21.599699999999995
13.348899999999997 19.211500000000008
13.187510000000005 19.8018
12.760780000000004 19.296
11.100569999999998 18.867500000000007
14.416389999999996 20.162700000000005
