20.5291 26.412100000000006
19.4187 26.323600000000003
19.538200000000003 26.332100000000004
20.3704 26.342399999999994
23.798600000000008 26.660599999999995
30.045999999999996 27.0495
29.906500000000015 27.258699999999997
28.311290000000007 27.181200000000004
26.528199999999995 26.530200000000004
26.8139 26.729599999999998
25.1888 26.65139999999999
23.727299999999996 26.524100000000004
20.921699999999994 26.374200000000002
20.2338 26.241900000000008
22.219 26.358100000000007
25.071499999999997 26.268899999999988
26.805800000000012 26.455700000000004
28.074529999999996 27.484560000000002
26.519199999999998 26.633530000000004
27.59899999999999 26.89710000000001
28.253599999999995 27.028000000000002
27.244299999999992 27.010800000000003
23.415600000000005 26.417300000000004
24.57889999999999 26.4516
26.0421 26.650800000000004
26.8236 26.751700000000007
26.284799999999997 26.714299999999998
23.2697 26.47
22.888200000000005 26.41820000000001
21.663199999999993 26.3286
20.865400000000005 26.3183
17.280699999999996 25.905599999999996
20.7227 26.179000000000002
20.529799999999998 26.2399
22.845000000000006 26.3668
24.391600000000004 26.551100000000012
22.5533 26.427899999999994
24.0181 26.700299999999995
23.723099999999995 26.641199999999998
24.689600000000006 26.77210000000001
27.1989 27.016099999999998
25.291499999999996 26.84939999999999
26.231500000000008 27.007799999999992
27.795400000000008 27.0785
26.860799999999998 27.14749999999999
24.735200000000006 27.010499999999997
25.782899999999998 27.108800000000006
26.138500000000008 27.208400000000005
24.953000000000003 27.135700000000007
25.247200000000003 27.145800000000005
26.422999999999995 27.259800000000013
26.363999999999997 27.239100000000004
26.115899999999996 27.210800000000003
25.924000000000003 27.253300000000003
25.826499999999996 27.20760000000001
24.2556 27.229400000000005
25.466 27.306300000000007
24.329600000000003 27.244500000000006
24.946499999999993 27.274600000000003
24.848000000000006 27.279200000000003
24.73609999999999 27.185099999999995
25.081299999999995 27.257699999999996
24.780599999999996 27.1735
23.981399999999994 27.0817
23.841099999999997 27.1519
24.269299999999998 27.152900000000006
24.122600000000002 27.076099999999997
24.2867 27.153699999999994
24.650529999999993 27.220049999999997
23.69151 26.62256
23.794118000000005 26.748069999999995
23.149641 26.595439999999996
22.742046 26.506380000000007
24.140423 26.640880000000006
24.899074000000002 26.620680000000014
24.95875 26.6125
21.573279999999997 26.350469999999994
23.44364 26.04964
22.56279 26.113000000000007
23.688399999999998 26.227109999999996
24.679909999999992 26.376540000000006
24.733989999999995 26.334919999999997
24.386162 26.400569999999995
25.126264000000003 26.391460000000006
23.924858999999994 26.33466000000001
25.82185 26.472630000000002
23.285099999999996 26.278630000000007
24.277699999999996 26.405000000000005
23.3709 26.397099999999995
23.827300000000005 26.413200000000003
25.05469999999999 26.539800000000007
25.1247 26.590799999999998
25.731999999999992 26.652600000000003
25.437300000000008 26.6048
25.089000000000006 26.665600000000005
24.53690000000001 26.6362
25.319300000000005 26.6329
26.766599999999997 26.5928
24.9837 26.6101
25.5245 26.624099999999995
25.325999999999993 26.654500000000002
25.4474 26.717959999999998
25.30177 26.1338
25.983990000000002 26.202229999999993
24.162170000000003 26.08485
25.114579999999993 26.187439999999995
24.388289999999998 26.181079999999994
23.128683000000002 26.05587
22.822659000000005 26.028679999999998
23.676554 26.110479999999995
22.744049999999994 26.016069999999992
19.2578 25.886300000000002
19.371709999999997 25.7662
16.97797 25.68039999999999
23.0941 26.157600000000002
23.517199999999995 26.2587
24.4837 26.3456
25.4314 26.422400000000014
24.767300000000006 26.365399999999994
24.835700000000003 26.435499999999994
24.0589 26.3524
22.749600000000004 26.3032
22.7585 26.284900000000004
21.800100000000004 26.167999999999996
22.338399999999993 26.22850000000001
23.779379999999996 26.408469999999994
22.127739999999992 25.795110000000008
22.125889999999995 25.795260000000003
21.18286 25.697689999999994
21.143070000000005 25.700519999999994
21.504179999999995 25.739710000000006
21.102755000000005 25.708210000000005
21.148136 25.705000000000005
21.101931000000004 25.756089999999993
20.571841000000006 25.69346
22.524153999999992 25.812680000000004
21.415900000000004 25.727919999999994
19.4637 25.68369999999999
18.372600000000002 25.667799999999996
19.237399999999997 25.656000000000002
20.5383 25.775100000000002
21.2323 25.80240000000001
20.130400000000005 25.809700000000003
22.047800000000002 25.9604
23.4453 26.134500000000006
22.620599999999996 26.074599999999997
20.3361 25.93450000000001
17.6792 25.67699999999999
18.227 25.703900000000008
15.799500000000002 25.498499999999996
20.667199999999998 25.900799999999997
22.5628 26.03540000000001
21.241199999999996 25.966300000000004
20.423900000000003 25.879400000000008
20.513699999999996 25.899600000000007
22.0725 26.012000000000008
22.185200000000005 26.001100000000005
21.781 26.047199999999993
21.5244 26.026500000000002
21.493499999999997 26.0075
21.125899999999998 26.041199999999996
21.123000000000005 25.955000000000002
21.4225 25.985699999999994
21.795500000000004 26.029399999999995
21.400800000000004 26.0202
20.406999999999993 25.923600000000008
21.858900000000002 26.0463
20.627599999999994 25.9628
20.8296 25.976600000000005
14.174500000000004 25.481599999999993
14.113599999999998 25.5209
14.5512 25.4544
18.497899999999994 25.698400000000003
18.968300000000003 25.830599999999997
15.006300000000007 25.529599999999995
18.635300000000008 25.774899999999995
21.158300000000008 25.977900000000005
20.564499999999992 25.9857
21.3156 26.111600000000003
19.984399999999997 25.919999999999995
20.937399999999997 26.098300000000002
20.671499999999995 26.0459
20.629899999999992 26.103700000000003
18.9406 25.889199999999995
20.065899999999996 25.951600000000003
20.084699999999994 25.968199999999996
20.2954 26.014899999999997
20.400700000000004 26.013599999999997
20.750199999999992 26.033100000000005
20.739900000000013 26.072200000000002
18.781699999999994 25.891800000000003
21.4843 26.1812
20.6249 26.14
20.7103 26.108699999999995
20.792599999999997 26.1408
19.319499999999998 25.977999999999994
20.834600000000005 26.133
21.2379 26.211600000000008
20.224000000000007 26.088699999999992
21.799799999999994 26.248800000000006
22.082999999999995 26.276199999999996
22.544599999999996 26.289299999999997
21.772899999999996 26.265099999999997
21.550400000000007 26.242300000000007
17.622199999999996 25.991900000000008
14.1349 25.646600000000007
18.293799999999997 25.92520000000001
21.081400000000002 26.187700000000003
21.477699999999995 26.2296
19.7862 26.0889
14.6808 25.766400000000004
15.6843 25.727299999999996
21.3875 26.258299999999995
22.8699 26.332700000000003
23.51250000000001 26.472200000000008
22.999999999999996 26.404300000000003
22.201899999999995 26.351599999999998
22.7805 26.427500000000002
21.6663 26.32830000000001
20.868300000000005 26.28869999999999
20.131 26.318999999999992
22.7484 26.464900000000007
22.897799999999993 26.4576
24.067399999999992 26.58079999999999
24.36329999999999 26.570100000000004
24.442799999999995 26.574399999999997
24.17599999999999 26.6811
23.073300000000003 26.515799999999995
23.3169 26.5239
22.527900000000002 26.504699999999996
22.499899999999997 26.545699999999993
23.232 26.600700000000003
23.905500000000004 26.672699999999992
22.7963 26.5918
23.276100000000007 26.661999999999992
22.164600000000004 26.5492
22.227300000000003 26.560799999999997
22.73050000000001 26.576099999999997
23.327300000000008 26.6552
22.7138 26.588
23.540899999999997 26.674799999999994
22.916299999999996 26.646700000000003
22.193199999999987 26.639799999999997
23.782900000000012 26.680200000000003
21.388300000000008 26.6336
17.281800000000004 26.20880000000001
20.301800000000004 26.461299999999994
24.221700000000006 26.683499999999995
21.8842 26.597399999999986
21.319999999999993 26.526600000000006
19.670800000000003 26.354899999999997
20.811099999999996 26.397800000000004
21.2284 26.5287
20.7875 26.407600000000002
19.1483 26.3343
21.253499999999995 26.509799999999988
22.207000000000004 26.6396
22.485299999999995 26.697800000000004
22.502899999999997 26.6878
22.465000000000003 26.6938
22.622599999999995 26.71590000000001
23.0588 26.784300000000005
24.438799999999993 26.934100000000004
23.195099999999996 26.878200000000003
23.8994 26.9119
24.9203 27.054599999999994
23.479000000000003 26.977
24.035199999999993 27.068399999999997
22.3673 26.917799999999996
24.41870000000001 27.0227
25.397999999999993 27.193099999999998
24.975800000000003 27.1553
24.371599999999997 27.156799999999997
25.488500000000002 27.2389
24.917 27.2171
26.355099999999997 27.3168
25.797900000000002 27.2773
25.138500000000004 27.277800000000003
25.300699999999992 27.318399999999997
27.17008999999999 27.464380000000006
21.571959999999997 26.568980000000003
19.984460000000006 26.440399999999997
16.023179999999996 26.061180000000007
15.313600000000008 26.00434
19.517599999999998 26.420200000000005
20.464300000000005 26.486499999999996
21.506400000000003 26.582000000000004
18.948399999999996 26.4801
