38.25330000000001 44.33200000000001
34.738299999999995 44.294999999999995
34.4093 44.33200000000001
33.6933 44.35800000000001
32.4096 44.362999999999985
32.99079999999999 44.47
33.124300000000005 44.50299999999999
34.360499999999995 44.603000000000016
32.465900000000005 44.59600000000001
32.9199 44.63899999999999
33.61719999999999 44.66
33.614000000000004 44.662
34.1406 44.63499999999999
31.95250000000001 44.599
32.6521 44.558
32.135600000000004 44.53300000000001
32.975 44.434000000000005
31.786900000000003 44.439
31.664200000000005 44.45199999999999
32.657 44.530999999999985
33.982600000000005 44.657
33.0254 44.777
33.0314 44.68299999999999
33.184999999999995 44.60999999999999
34.0068 44.63199999999999
32.51140000000001 44.55899999999998
35.158300000000004 44.64
33.722300000000004 44.645
32.4154 44.687
33.4071 44.72
31.972400000000007 44.672
34.113299999999995 44.755
33.282599999999995 44.664999999999985
32.9645 44.65699999999999
32.638400000000004 44.69399999999999
34.1336 44.818000000000005
34.21720000000001 44.79799999999999
33.0136 44.735
35.194 44.867
33.134 44.86199999999999
31.441800000000008 44.892
31.9443 45.001999999999995
32.4948 44.985
31.7174 45.09000000000001
30.968999999999998 44.96000000000001
32.42510000000001 44.93599999999999
31.394299999999998 44.961
30.832899999999995 44.99300000000001
31.639699999999998 44.937999999999995
30.214300000000005 44.86999999999999
30.167300000000008 44.836999999999996
31.101999999999997 44.947
30.4879 45.219
30.439 45.248999999999995
29.865300000000012 45.413000000000004
31.015600000000003 45.541000000000004
30.043200000000002 45.66999999999999
30.225799999999996 45.803999999999995
29.640299999999993 45.69000000000001
28.4 45.68200000000001
31.8142 45.69300000000002
29.0679 45.62199999999999
28.133399999999998 45.524
28.324899999999992 45.524
26.965000000000007 45.53699999999999
27.265800000000002 45.483
27.155699999999992 45.470000000000006
28.116000000000003 45.472000000000016
28.302500000000002 45.452000000000005
27.683399999999995 45.404999999999994
29.0385 45.396
28.674 45.452999999999996
27.389500000000005 45.454
25.2426 45.36
25.233799999999995 45.327
24.891400000000004 45.288999999999994
24.866899999999994 45.269000000000005
25.3932 45.276999999999994
24.252999999999993 45.269
25.3193 45.214999999999996
25.947200000000002 45.211
26.289 45.28000000000001
27.2595 45.27499999999999
26.2403 45.34400000000001
25.2525 45.36799999999999
24.0065 45.414
23.941000000000003 45.43999999999999
23.100099999999998 45.512
24.547299999999996 45.45600000000001
22.904600000000006 45.43000000000001
23.291900000000002 45.472000000000016
24.271700000000003 45.443999999999996
25.420200000000005 45.385000000000005
25.664899999999996 45.30500000000001
25.0259 45.274
25.1705 45.33200000000001
25.656499999999998 45.32700000000001
24.6199 45.315
25.329700000000006 45.367000000000004
27.8424 45.403000000000006
26.098000000000006 45.37499999999999
25.209799999999998 45.355999999999995
26.411700000000003 45.37800000000001
29.2497 45.379000000000005
31.0377 45.376
33.88250000000001 45.483000000000004
32.15339999999999 45.483000000000004
30.8688 45.46300000000001
31.050100000000004 45.596000000000004
30.1702 45.57400000000001
29.963 45.52100000000001
27.10300000000001 45.284
29.66430000000001 45.256
28.0133 45.276999999999994
28.4812 45.276999999999994
28.248299999999997 45.285000000000004
27.7953 45.376999999999995
28.109299999999994 45.406
29.7452 45.440999999999995
28.494200000000003 45.605000000000004
30.6344 45.591
31.19719999999999 45.531000000000006
31.561999999999994 45.42499999999999
30.8647 45.37200000000001
30.5535 45.31899999999999
29.352000000000007 45.37
28.664900000000003 45.325
31.9739 45.491000000000014
31.131000000000004 45.413
31.300300000000004 45.353
31.789999999999992 45.321
31.564999999999998 45.289000000000016
30.747900000000005 45.31
31.6168 45.37600000000001
30.0497 45.384000000000015
31.282100000000007 45.391999999999996
29.967499999999998 45.49700000000001
31.83550000000001 45.53100000000001
30.497299999999996 45.446
30.1145 45.464999999999996
30.3299 45.53
29.938099999999995 45.592000000000006
31.973200000000006 45.67700000000001
32.89289999999999 45.597
35.4147 45.583999999999996
34.1404 45.49300000000001
32.62319999999999 45.51499999999999
34.9309 45.501999999999995
32.1569 45.473
30.6689 45.503
30.0412 45.482000000000006
31.5052 45.492
31.599399999999996 45.478
32.08990000000001 45.45100000000001
34.889199999999995 45.50999999999999
33.4437 45.50300000000001
33.3724 45.498000000000005
34.876400000000004 45.498000000000005
34.6305 45.510000000000005
35.112899999999996 45.549000000000014
33.55669999999999 45.426
34.5769 45.445
34.49060000000001 45.467000000000006
35.8669 45.482
35.55910000000001 45.50300000000001
35.540699999999994 45.51299999999999
36.0365 45.51500000000001
37.48629999999999 45.593
37.9235 45.579
37.29359999999999 45.468999999999994
37.748200000000004 45.57900000000001
36.530100000000004 45.512
38.675599999999996 45.528000000000006
36.81940000000001 45.487
38.18150000000001 45.492
38.68229999999999 45.50900000000001
39.612 45.611999999999995
39.306400000000004 45.65800000000001
39.640899999999995 45.66500000000001
38.35989999999999 45.662000000000006
39.18570000000001 45.628
37.0724 45.481000000000016
39.13139999999999 45.49000000000001
39.542800000000014 45.596000000000004
39.790400000000005 45.52700000000001
37.8532 45.49200000000001
39.23709999999999 45.550000000000004
40.39640000000001 45.528
41.24410000000001 45.50500000000001
39.33700000000001 45.542
39.4968 45.40300000000001
38.949 45.318000000000005
39.05610000000001 45.29100000000001
37.08039999999999 45.269999999999996
36.76970000000001 45.308
36.8231 45.37799999999999
37.38750000000001 45.45700000000001
38.129 45.55100000000001
38.3554 45.56300000000001
37.38599999999999 45.589
38.2115 45.49199999999999
38.930699999999995 45.455
36.6796 45.45200000000001
36.89639999999999 45.48700000000001
36.14480000000001 45.449000000000005
34.1823 45.388
34.5852 45.37200000000002
36.37629999999999 45.47000000000001
34.5666 45.425
34.1195 45.436
34.11659999999999 45.391
37.6428 45.46000000000002
37.309300000000015 45.566
36.550700000000006 45.547000000000004
36.189699999999995 45.47799999999999
36.93470000000001 45.598000000000006
36.595600000000005 45.576
33.05720000000001 45.56400000000001
33.24319999999999 45.58700000000001
33.885000000000005 45.574000000000005
33.9653 45.56100000000001
35.240500000000004 45.54
36.934900000000006 45.537000000000006
36.490899999999996 45.57300000000001
36.6134 45.596000000000004
35.295300000000005 45.579
34.9308 45.531000000000006
35.48609999999999 45.580999999999996
34.7941 45.629
33.680699999999995 45.60999999999999
36.078700000000005 45.73999999999999
35.11669999999999 45.854000000000006
35.0685 45.721000000000004
35.6202 45.728
37.32000000000001 45.724000000000004
35.241899999999994 45.650000000000006
35.142600000000016 45.568999999999996
35.074099999999994 45.57000000000001
34.66309999999999 45.57400000000001
34.809200000000004 45.58400000000002
34.102 45.589000000000006
32.4484 45.502000000000024
31.803200000000004 45.47900000000001
33.74719999999999 45.47600000000001
33.40109999999999 45.50299999999999
31.8175 45.477
32.56810000000001 45.55900000000001
34.37640000000001 45.57400000000001
33.866400000000006 45.622
35.61410000000001 45.656
33.495900000000006 45.638000000000005
34.0861 45.76700000000001
34.798399999999994 45.76300000000001
32.6992 45.73
33.0153 45.734
32.82449999999999 45.76000000000001
33.426300000000005 45.791000000000004
35.4566 45.812999999999995
35.032300000000006 45.806999999999995
36.997099999999996 45.867000000000004
37.376099999999994 45.894
39.831 45.958
38.28339999999999 46.042
37.478100000000005 46.042
36.3382 46.105
35.843599999999995 46.158
35.93769999999999 46.166
36.51390000000001 46.18899999999999
37.05330000000001 46.12000000000002
36.565200000000004 46.08200000000001
36.8654 46.059
37.1751 46.004
36.55879999999999 45.97000000000002
36.167100000000005 45.84200000000001
37.0823 45.82599999999999
36.3732 45.868
37.725599999999986 45.877
35.6597 45.85300000000001
34.363699999999994 45.817000000000014
34.1499 45.815000000000005
34.1782 45.77500000000001
35.83560000000001 45.923
36.0157 45.919
37.2303 45.95
36.23109999999999 45.962
36.0801 45.949999999999996
35.5336 45.896
36.2679 45.888
