14.419499999999996 7.093600000000001
14.701699999999999 7.098199999999998
13.8719 7.101399999999998
14.580599999999993 7.107000000000001
14.305600000000002 7.097199999999999
14.4512 7.088399999999999
14.2088 7.087100000000001
14.400099999999998 7.088500000000001
14.389 7.0931999999999995
14.555900000000003 7.100200000000001
14.971900000000002 7.097499999999998
14.198700000000002 7.096599999999999
13.958400000000005 7.1012
13.938199999999998 7.1074
13.646600000000003 7.093100000000001
14.928100000000002 7.079300000000001
14.938500000000007 7.083600000000002
14.709300000000006 7.078100000000001
15.064200000000003 7.0774000000000035
14.605799999999999 7.0675
14.0387 7.074200000000001
14.3961 7.073
15.404499999999995 7.0851999999999995
15.186800000000003 7.0803
15.0509 7.064200000000001
14.953300000000002 7.064300000000003
14.557400000000001 7.062500000000001
14.397000000000004 7.0902
14.065199999999997 7.0908999999999995
13.543199999999999 7.093899999999999
13.411500000000002 7.094099999999999
14.5534 7.1242
14.719400000000002 7.098
14.779699999999993 7.099499999999999
14.521500000000001 7.094399999999998
14.273600000000004 7.083099999999998
14.034899999999995 7.087399999999998
13.836700000000002 7.0641
15.551200000000003 7.0509
14.606799999999998 7.0442
14.359 7.053699999999997
14.185199999999998 7.062700000000001
13.8429 7.062899999999998
14.089900000000002 7.0668999999999995
14.210399999999998 7.065200000000001
13.9347 7.066699999999999
13.830299999999998 7.0577999999999985
13.554999999999998 7.070199999999997
13.5272 7.061299999999999
13.930099999999996 7.045599999999999
13.834400000000002 7.057999999999999
13.9961 7.068500000000001
14.1813 7.060299999999999
13.931299999999997 7.0599
13.662100000000002 7.0611
14.038499999999999 7.066999999999998
14.5558 7.076300000000001
14.505699999999996 7.071200000000003
13.960799999999999 7.065099999999999
13.7621 7.065
14.160499999999999 7.076699999999998
14.207499999999998 7.0618
13.539300000000004 7.066799999999998
13.6072 7.065900000000003
13.392499999999998 7.069199999999998
13.782299999999998 7.0782
14.285900000000002 7.0661000000000005
14.3524 7.072499999999998
13.9753 7.0599
14.232500000000003 7.049299999999999
14.695699999999997 7.060199999999998
14.2192 7.073500000000001
14.238899999999996 7.062200000000001
14.629100000000003 7.057400000000001
13.876299999999993 7.055099999999999
14.005499999999998 7.054200000000001
14.360199999999997 7.073500000000001
13.8515 7.067000000000001
13.3845 7.0665
12.706999999999999 7.048499999999999
13.074100000000003 7.063400000000001
13.0131 7.0703000000000005
13.583700000000004 7.071099999999999
13.394900000000002 7.0656000000000025
13.237299999999996 7.0680000000000005
13.746100000000002 7.061800000000002
13.500799999999998 7.064100000000005
13.5093 7.067400000000005
13.391300000000001 7.062200000000002
13.138500000000002 7.063000000000002
13.265199999999997 7.064499999999999
13.194300000000004 7.065099999999999
13.261300000000004 7.069099999999999
13.230799999999999 7.064300000000001
12.995300000000002 7.065300000000002
13.9483 7.0683
14.9886 7.0771000000000015
14.7375 7.067000000000001
14.200100000000004 7.077000000000002
13.607700000000003 7.0659
13.6319 7.0779
13.5439 7.068899999999998
13.906399999999996 7.073
14.505799999999999 7.0734999999999975
14.7951 7.058300000000001
14.124899999999998 7.065300000000002
13.659700000000003 7.060799999999999
13.187699999999994 7.0673999999999975
12.9801 7.068
12.5133 7.0577999999999985
12.921 7.075599999999997
12.993399999999996 7.076199999999999
13.499999999999998 7.098699999999999
13.430099999999998 7.1088
13.574000000000003 7.067600000000001
13.868500000000001 7.071500000000003
14.014200000000002 7.0785
13.700299999999999 7.087000000000001
14.238400000000004 7.085700000000002
14.132499999999999 7.083100000000002
14.201800000000004 7.077199999999999
14.292500000000002 7.080499999999999
14.0692 7.0882000000000005
14.799700000000007 7.098
17.114600000000003 7.087199999999999
17.00670000000001 7.088599999999999
16.7209 7.094799999999997
15.040700000000001 7.0939999999999985
14.731200000000003 7.101300000000001
14.508599999999994 7.084300000000001
14.316700000000004 6.976099999999999
14.408899999999997 6.973299999999999
15.145499999999998 7.088799999999999
14.753799999999998 7.089099999999998
14.545400000000003 7.0961
14.504499999999998 7.094799999999999
14.508400000000005 7.100900000000002
14.187499999999996 7.0893999999999995
14.336999999999996 7.087100000000001
14.859400000000006 7.092799999999999
16.21909999999999 7.105599999999996
16.877199999999995 7.107899999999997
16.64299999999999 7.0966999999999985
16.752500000000005 7.096500000000002
15.7947 7.092899999999999
15.941099999999997 7.095299999999999
15.7152 7.112699999999997
15.936000000000009 7.118999999999998
15.687499999999998 7.103199999999997
15.706199999999995 7.124
15.5354 7.091850000000003
15.598599999999996 7.09605
15.722299999999995 7.095699999999998
15.702099999999994 7.103199999999998
15.420900000000007 7.108999999999998
14.907899999999993 7.101399999999999
14.8937 7.092800000000002
14.706 7.08515
14.652700000000001 7.083449999999999
14.708999999999998 7.093450000000001
14.706600000000003 7.0961500000000015
14.7031 7.095549999999999
14.5042 7.09085
14.488500000000002 7.087649999999999
15.247800000000003 7.0927500000000006
15.0461 7.099600000000003
14.722000000000001 7.094300000000002
14.714199999999996 7.098550000000003
14.9325 7.10185
14.567599999999997 7.01865
15.037400000000003 7.139050000000001
14.762699999999999 6.9968499999999985
14.966100000000008 7.090549999999999
15.051800000000002 7.0938500000000015
17.3009 7.150849999999999
17.96709999999999 7.114549999999999
18.117499999999996 7.113849999999998
18.2473 7.11505
15.380700000000003 7.113050000000001
14.4633 7.11025
14.961300000000003 7.115149999999999
14.571399999999999 7.113049999999997
14.846100000000002 7.11455
15.565299999999993 7.11975
15.569499999999994 7.1186500000000015
15.3984 7.112350000000001
15.414499999999991 7.113549999999999
15.47339999999999 7.11855
15.613399999999993 7.117049999999998
15.696699999999996 7.112650000000001
15.443399999999999 7.121350000000001
15.679800000000006 7.11715
14.706199999999999 7.109749999999999
14.320699999999997 7.108249999999998
14.212400000000002 7.106349999999999
14.152099999999992 7.1126499999999995
14.014700000000005 7.1079500000000015
13.931299999999997 7.106449999999999
13.677999999999994 7.10875
13.9477 7.103749999999999
13.818400000000002 7.093150000000002
14.3811 7.102749999999998
14.510799999999998 7.109250000000002
14.211600000000002 7.10575
15.4245 7.122350000000001
15.567599999999995 7.157450000000002
14.7448 7.128849999999999
14.448700000000002 7.117950000000005
14.8614 7.122050000000001
14.574199999999998 7.13795
14.866599999999996 7.15985
14.853700000000005 7.127649999999999
15.119399999999997 7.119350000000001
15.691499999999998 7.111250000000001
15.6554 7.106449999999999
15.476500000000005 7.098959999999998
15.485399999999997 7.102850000000002
15.129299999999999 7.104949999999997
14.981000000000003 7.10245
14.758799999999999 7.100449999999999
14.413599999999994 7.095650000000001
14.620999999999999 7.103759999999999
14.5895 7.11135
14.5923 7.110649999999999
14.930100000000001 7.1092499999999985
14.7578 7.102549999999998
14.948599999999997 7.102459999999998
14.721100000000002 7.102159999999998
14.6513 7.103259999999999
14.645400000000002 7.111659999999996
14.609599999999995 7.10985
14.184799999999997 6.998259999999999
14.413000000000004 6.993859999999998
14.651199999999998 7.100149999999998
14.482200000000004 7.10466
14.7727 7.103159999999999
15.344199999999999 7.11966
14.929 7.121459999999999
14.3059 7.112749999999998
15.253300000000003 7.101350000000001
17.533200000000004 7.108050000000003
16.950999999999993 7.120750000000002
15.454199999999998 7.130450000000002
14.995399999999998 7.130550000000004
15.8975 7.13295
15.5544 7.14675
15.596400000000003 7.126959999999999
15.010999999999996 7.1183499999999995
15.059099999999995 7.11326
15.209099999999994 7.11295
15.368599999999999 7.115149999999999
15.440600000000002 7.120359999999999
16.7012 7.116650000000001
16.006399999999996 7.12165
14.793400000000002 7.117149999999999
14.611700000000003 7.118249999999998
14.569899999999999 7.11875
14.5285 7.111349999999998
14.815300000000006 7.11285
14.598400000000005 7.11605
15.187800000000001 7.116850000000001
15.485199999999995 7.11525
15.439000000000004 7.118750000000003
14.643399999999998 7.115149999999999
14.924300000000002 7.117449999999999
15.283300000000002 7.1133500000000005
15.235500000000005 7.117349999999996
15.365 7.11645
15.2668 7.111350000000001
15.129000000000003 7.115700000000002
15.453299999999997 7.115099999999999
15.577299999999997 7.1133000000000015
15.289600000000004 7.11305
15.109500000000004 7.1110500000000005
15.609699999999997 7.112650000000002
15.9091 7.11495
15.589199999999998 7.117250000000001
15.607000000000005 7.114750000000002
15.187399999999998 7.106950000000002
15.1653 7.113750000000003
15.1751 7.132550000000003
15.266400000000004 7.137250000000001
15.295700000000004 7.159750000000003
14.868800000000002 7.15115
15.5382 7.1225499999999995
15.085100000000004 7.12165
15.060599999999996 7.1194500000000005
14.523900000000001 7.133950000000001
