27.7513 26.605099999999997
25.4596 26.49109999999999
25.845000000000002 26.512700000000006
27.149099999999994 26.60630000000001
26.167500000000004 26.50530000000001
25.84479999999999 26.539300000000004
25.1871 26.4726
25.651000000000003 26.596700000000006
26.9544 26.6951
25.354300000000002 26.5749
28.067000000000004 26.685100000000002
28.775499999999997 26.760700000000003
27.935600000000004 26.73559999999999
27.43070000000001 26.688900000000004
20.146600000000003 26.304400000000005
18.9909 26.100100000000005
22.968200000000007 26.391200000000005
23.9342 26.404599999999995
27.528200000000012 26.686199999999992
27.614 26.762099999999993
26.045 26.60569999999999
25.632700000000003 26.544799999999995
26.193999999999996 26.641599999999993
25.7724 26.656800000000004
24.5685 26.585399999999996
24.356599999999993 26.5268
24.1436 26.5131
25.827599999999997 26.594500000000004
25.183200000000006 26.574199999999998
26.8818 26.654600000000013
24.664300000000004 26.5863
24.59 26.4923
26.356099999999994 26.581099999999996
25.4758 26.594699999999992
25.453200000000002 26.615799999999997
25.55740000000001 26.575
26.408199999999994 26.656099999999995
24.943900000000003 26.585599999999992
24.568700000000003 26.607200000000002
23.727399999999996 26.533800000000003
25.746199999999998 26.62589999999999
25.102899999999995 26.5465
24.9376 26.598399999999994
24.5296 26.5531
24.515600000000003 26.508499999999994
24.952900000000003 26.60949999999999
23.98779999999999 26.58609999999999
24.676800000000004 26.6319
24.1687 26.521099999999997
25.0288 26.59249999999999
25.469799999999992 26.563800000000004
21.5413 26.38480000000001
22.18030000000001 26.387600000000006
19.996500000000005 26.2728
20.890999999999995 26.288
23.751499999999997 26.443799999999996
23.818300000000008 26.512500000000006
20.1624 26.1862
23.888999999999992 26.4349
24.677999999999997 26.519200000000005
24.1176 26.5154
23.565100000000005 26.5208
24.425400000000007 26.583899999999993
25.1374 26.629400000000004
23.110999999999997 26.4311
23.908499999999997 26.52119999999999
23.141400000000004 26.504100000000008
23.822800000000008 26.513899999999996
24.3231 26.546599999999998
23.87119999999999 26.5207
26.451500000000006 26.717799999999997
25.2161 26.633699999999997
26.704 26.69839999999999
24.976799999999997 26.59869999999999
23.467799999999997 26.476900000000004
26.397899999999996 26.704
23.9665 26.599699999999988
24.5436 26.6372
23.1602 26.5738
21.768599999999996 26.377700000000004
17.1801 26.2301
15.472200000000003 26.041299999999996
17.9405 26.142
20.903799999999997 26.3318
21.505700000000004 26.380600000000005
16.5198 26.1163
18.082299999999996 26.029000000000003
20.803300000000004 26.2878
23.60110000000001 26.481299999999997
26.255 26.675700000000003
24.567700000000002 26.633100000000002
24.156999999999996 26.533800000000014
24.860000000000003 26.519900000000003
25.0826 26.622899999999998
25.6568 26.588399999999996
25.3064 26.674300000000002
23.839599999999997 26.562099999999994
23.341800000000003 26.488100000000003
24.177799999999998 26.551799999999997
23.768199999999993 26.523199999999996
24.7981 26.582499999999992
26.519099999999995 26.7034
25.501500000000004 26.657799999999998
24.974700000000002 26.681400000000004
23.53120000000001 26.593700000000002
24.7968 26.586499999999997
22.12420000000001 26.4713
23.861500000000003 26.5757
24.70110000000001 26.622000000000007
25.3469 26.711800000000004
25.08550000000001 26.6742
23.831600000000005 26.6333
23.9457 26.636499999999998
24.0182 26.569300000000005
25.614000000000004 26.707199999999997
25.602200000000007 26.791600000000003
25.689500000000002 26.731800000000007
25.057799999999997 26.752999999999993
24.037800000000004 26.6415
14.9001 25.958399999999997
18.267499999999995 26.241699999999994
20.375099999999993 26.338499999999996
20.663400000000003 26.367599999999996
21.669499999999996 26.454000000000004
15.711800000000004 26.082800000000006
16.919800000000002 26.139599999999994
20.702900000000003 26.41
20.2802 26.3963
23.4984 26.5887
24.866300000000006 26.640199999999993
23.467200000000002 26.617699999999996
23.787699999999994 26.6305
24.507199999999997 26.579900000000006
24.395499999999995 26.603700000000003
24.240400000000005 26.563100000000006
22.835900000000002 26.528799999999997
22.8552 26.531199999999995
22.7172 26.5265
23.226399999999995 26.53440000000001
23.1459 26.603400000000004
22.4265 26.5275
22.087500000000002 26.432000000000006
22.8506 26.54549999999999
21.209000000000007 26.4566
22.727500000000003 26.5092
22.656800000000008 26.4822
23.092500000000005 26.574300000000008
23.3712 26.5632
25.416199999999993 26.609400000000004
25.94747 26.807609999999997
22.715390000000006 26.05849
23.881829999999997 26.108669999999996
23.504419999999996 26.15525999999999
20.499440000000003 25.858769999999996
18.334090000000003 25.73047
20.26007 25.809189999999997
22.175000000000004 26.069000000000003
22.748300000000008 26.139399999999995
17.69279999999999 25.835100000000004
20.967799999999997 26.021299999999997
21.303000000000004 26.15040000000001
21.28029999999999 26.137000000000004
20.439799999999998 26.0272
19.5583 26.028200000000005
19.980100000000007 25.989099999999993
18.4148 25.8988
18.302500000000002 25.914000000000005
17.773400000000002 25.903599999999997
13.348799999999999 25.535999999999998
12.6518 25.451299999999993
14.820400000000006 25.65210000000001
17.5569 25.8514
18.7826 25.9667
18.183199999999992 25.855600000000003
21.386899999999994 26.1797
20.661300000000008 26.072400000000002
20.5319 26.0909
19.58169999999999 26.030000000000005
19.1854 25.99589999999999
23.100199999999997 26.480900000000013
23.571100000000005 26.655900000000006
23.773000000000007 26.69990000000001
25.262329999999995 26.928799999999992
19.603990000000007 26.070400000000006
24.15273 26.322400000000002
21.825899999999997 26.143659999999997
19.710530000000006 25.860089999999985
19.5064 25.794389999999996
17.931330000000003 25.64341999999999
15.44594 25.83227000000001
16.984980000000004 25.42022
18.286550000000002 25.620909999999995
19.743480000000005 25.68104
19.184033 25.68453
18.72342 25.6631
21.853599999999997 25.9455
21.325870000000002 26.048200000000005
19.904810000000005 25.917899999999992
21.491089999999993 26.0158
21.423370000000002 26.080000000000002
20.68989 26.0087
22.376560000000005 26.1293
22.266440000000003 26.201999999999998
21.255089999999992 26.082099999999997
22.584069999999997 26.25319999999999
22.73447 26.343890000000002
22.52711 25.91135
21.33657 25.894799999999996
21.124619999999993 25.842699999999997
22.536459999999998 26.15779
22.862250000000003 25.287200000000006
23.031299999999995 25.402980000000007
23.175149999999988 25.309520000000003
22.781869999999994 25.399169999999994
22.822490000000002 25.407799999999998
23.695019999999996 25.50472
23.987890000000004 25.64284
24.592500000000005 25.720540000000007
21.564699999999995 25.561700000000005
23.421899999999994 25.6967
24.317599999999995 25.86339999999999
25.9237 25.9696
24.964499999999997 25.982300000000002
25.2251 25.9965
24.246199999999995 25.931200000000004
26.252299999999995 26.127200000000002
24.8007 25.9775
22.7801 25.84559999999999
17.531000000000002 25.4902
14.693100000000006 25.257700000000007
17.843799999999998 25.530400000000007
18.9769 25.5646
20.422950000000004 26.25801500000001
14.652210000000002 24.890130000000003
12.415560000000001 24.71573
14.51325 24.86986999999999
17.6737 25.15667
20.360079999999993 25.31156
20.325500000000005 25.316519999999993
20.6261 25.479599999999998
18.617700000000003 25.40079999999999
19.48039999999999 25.5377
19.9505 25.560699999999997
20.396200000000007 25.6391
22.0369 25.8376
18.9118 25.585700000000006
23.223900000000004 25.891900000000007
25.852100000000007 26.039799999999993
25.035600000000002 26.018900000000002
25.1659 26.094799999999996
24.653799999999997 26.0166
24.897 26.069300000000002
25.977200000000007 26.2402
26.221100000000014 26.247300000000013
24.842699999999997 26.23610000000001
26.2181 26.308299999999996
25.583599999999997 26.28479999999999
26.651999999999997 26.329199999999997
26.39289999999999 26.355499999999992
26.4554 26.289899999999992
25.583799999999997 26.327699999999993
25.845200000000002 26.342400000000012
26.282700000000002 26.395299999999995
26.540800000000008 26.474199999999993
23.7618 26.242400000000004
23.0597 26.2443
20.723799999999994 26.095399999999998
17.706800000000005 25.825200000000002
18.5544 25.86200000000001
21.0937 26.097199999999997
22.8035 26.21089999999999
22.0451 26.157400000000003
16.5128 25.726599999999994
21.5643 26.106800000000003
23.605799999999988 26.308799999999994
24.195400000000006 26.383400000000005
24.941799999999997 26.494600000000002
25.4093 26.536899999999996
25.717200000000005 26.619600000000005
24.387800000000006 26.481200000000005
27.185699999999997 26.76070000000001
26.638799999999996 26.78629999999999
26.446 26.721100000000003
28.632599999999996 26.915199999999995
26.9338 26.77790000000001
30.905699999999985 27.118699999999997
29.839600000000004 27.0777
31.612600000000008 27.166199999999996
