44.476000000000006 29.319000000000006
44.581 29.177999999999997
44.067000000000014 29.323
45.00599999999999 29.238000000000003
44.651 29.308
45.853 29.246000000000006
46.44 29.303
45.699000000000005 29.299999999999997
45.49400000000001 29.213
46.193999999999996 29.338000000000005
46.87100000000001 29.492
46.91300000000002 29.551
46.602 29.587999999999997
46.347 29.474
46.373999999999995 29.570999999999998
45.771 29.391000000000002
45.415 29.384
45.478 29.386000000000003
45.501999999999995 29.587000000000003
45.117 29.561000000000003
44.977000000000004 29.409999999999997
45.129000000000005 29.220000000000002
44.95000000000001 29.233999999999998
45.068 29.365999999999996
44.708999999999996 29.456000000000003
44.571 29.407
44.711 29.345
44.828 29.313999999999997
44.451 29.244999999999994
44.92100000000001 29.335999999999995
44.775000000000006 29.255
44.96800000000001 29.302
44.383 29.332
45.58399999999999 29.385999999999996
44.108999999999995 29.326999999999998
43.343999999999994 29.438
43.877 29.516000000000002
43.881 29.476999999999997
44.33 29.403000000000002
44.75 29.445
45.218 29.319
44.026 29.607000000000006
43.135 30.81
44.009 32.461000000000006
43.745000000000005 33.658
43.598000000000006 33.658
42.95399999999999 34.571999999999996
42.899 35.279
44.36 34.907
44.477 34.445
43.265 34.465
44.063 34.216
44.141 33.255
43.56 31.669000000000004
41.150000000000006 31.102999999999998
39.397 30.660000000000004
37.786 30.206
36.763000000000005 29.813000000000002
35.400999999999996 29.323
34.122 28.805999999999997
33.598000000000006 28.259999999999998
32.10199999999999 27.670999999999996
31.568 27.333999999999996
29.407 26.925000000000004
28.209999999999997 26.466
27.281 26.016000000000002
26.319999999999993 25.496000000000002
25.572999999999997 25.044
24.625000000000004 24.642999999999997
23.508999999999997 24.282999999999998
22.665 23.922
22.085 23.502999999999997
21.823999999999998 23.125999999999998
20.794999999999998 22.855999999999998
19.746000000000002 22.538999999999994
18.763 22.203
18.186000000000003 21.810000000000002
18.241 21.525000000000002
17.134900000000002 21.212
16.326399999999996 20.899
16.0271 20.697
15.321500000000002 20.5
15.517200000000003 20.283
15.076500000000001 20.095
14.811399999999999 19.912999999999997
14.4272 19.775
14.124500000000001 19.584999999999997
13.303300000000002 19.277
12.784899999999997 19.073
12.55 18.895
12.407100000000002 18.752999999999997
12.106300000000001 18.636000000000003
11.870099999999997 18.513
12.549 18.432000000000002
11.943900000000001 18.296
11.3417 18.165
11.376100000000001 18.074
10.987799999999998 17.971000000000004
11.1519 17.869999999999997
10.704699999999999 17.747
10.2883 17.608
10.1402 17.484
10.0694 17.447
9.9328 17.394
10.048099999999998 17.232
9.809800000000001 17.169999999999998
10.0013 17.082
9.845600000000001 17.075000000000003
9.755099999999999 17.055999999999997
9.7549 16.977999999999998
9.506200000000002 16.828000000000003
9.3132 16.780999999999995
9.270599999999998 16.744999999999997
9.220099999999999 16.717
9.706900000000001 16.699
9.747300000000001 16.692
9.642100000000003 16.725
9.750499999999999 16.727
9.7337 16.758
10.229400000000002 16.743999999999996
10.5362 16.781000000000002
10.704600000000001 16.805999999999997
11.118399999999998 16.858999999999998
11.353200000000001 16.909
11.564499999999999 16.971999999999998
11.9498 17.008000000000003
12.954199999999998 17.063
13.922799999999999 17.156999999999996
14.1272 17.158
14.204 17.149
14.486799999999999 17.196999999999996
14.294400000000001 17.247
14.068799999999998 17.347
14.563199999999998 17.413
15.051399999999997 17.545
15.878699999999998 17.732
16.052299999999995 17.908000000000005
16.6146 18.043
17.1227 18.157000000000004
17.648099999999996 18.265
18.426 18.337
18.39 18.456000000000003
19.414000000000005 18.668000000000003
20.185 18.895999999999997
21.398 19.114
22.293999999999997 19.351000000000003
23.223000000000003 19.54
24.224 19.811
24.798 19.981999999999996
25.206 20.292
26.076000000000004 20.470000000000002
27.200999999999997 20.617
28.451999999999998 20.732
28.963 20.848000000000003
29.983999999999998 21.081000000000003
30.418 21.398
30.701 21.555000000000003
31.987 21.854
33.129 21.927000000000003
33.972 22.181
34.536 22.613
35.028 22.908
36.373 23.205000000000002
39.211999999999996 23.869
42.702 25.409
45.11 27.022000000000006
46.827000000000005 28.192
47.68299999999999 28.559000000000008
47.93599999999999 29.275999999999996
47.17699999999999 29.035
46.524 29.023000000000003
46.226 29.228000000000005
46.89 28.819
46.646 28.666000000000004
45.672999999999995 28.916000000000004
46.142 29.019000000000005
46.286 28.977999999999998
47.135000000000005 28.981999999999996
47.934 29.042999999999996
45.79 28.810000000000002
45.73500000000001 28.643
45.284 28.636000000000006
44.871 28.402
45.230000000000004 28.108
45.32 28.077999999999996
45.743 28.122999999999998
45.388999999999996 28.227999999999998
45.141000000000005 28.275000000000006
44.193000000000005 28.334000000000003
44.371 28.235
44.08100000000001 28.266
44.491 28.239000000000004
44.46200000000001 28.285000000000004
44.256 28.319
44.984 28.299999999999997
45.85699999999999 28.378999999999998
46.111000000000004 28.342999999999996
46.057 28.339
46.558 28.334
45.821999999999996 28.326999999999998
45.958 28.344
45.962 28.412
46.497 28.407999999999994
46.32000000000001 28.443999999999996
45.882 28.336
46.097 28.314000000000007
47.052000000000014 28.343
46.56400000000001 28.372999999999998
47.242 28.364
47.044 28.388
47.150999999999996 28.402000000000005
47.05999999999999 28.444000000000003
46.85099999999999 28.406000000000002
46.781000000000006 28.38
46.982 28.465
47.587999999999994 28.518999999999995
47.09100000000001 28.564
46.36900000000001 28.592000000000006
46.788000000000004 28.559
47.495999999999995 28.370000000000005
46.216 28.502
46.376000000000005 28.692
46.721 28.653999999999996
46.808 28.726999999999997
46.31999999999999 28.850000000000005
46.691 28.735999999999994
46.89 28.827
46.63400000000001 28.974000000000004
46.996 29.075
46.089 28.689000000000004
45.873999999999995 28.421000000000003
45.951 28.100999999999992
45.706999999999994 27.746
46.756 28.247
47.163999999999994 28.646
47.11699999999999 28.859
46.98899999999999 28.886999999999997
46.361 28.918000000000006
45.748 29.076
45.959 29.268000000000004
46.491 29.20500000000001
47.067 29.080000000000002
47.043 29.265
46.834999999999994 29.177000000000007
46.564 29.136
46.355000000000004 29.000000000000004
46.172999999999995 29.091000000000005
45.513 29.217000000000006
45.11999999999999 29.060000000000002
44.845 29.126
44.662 29.112
44.87 29.011000000000003
44.616 29.029
44.944 29.084
45.217 28.992999999999995
44.86800000000001 28.884999999999998
44.775 28.941999999999997
44.82600000000001 28.876999999999995
45.269999999999996 28.783
45.85399999999999 28.621999999999996
45.78699999999999 28.508
45.115 28.427000000000007
44.81700000000001 28.396
44.949999999999996 28.443999999999996
44.36000000000001 28.403
44.844 28.402000000000005
44.976 28.442
44.641000000000005 28.465999999999998
44.479 28.250999999999998
44.395999999999994 28.063
44.931999999999995 27.887
45.54399999999999 27.857
45.593 27.806000000000004
46.35900000000001 27.942
46.77499999999999 27.981999999999996
47.11500000000001 28.01
46.547 27.950999999999997
46.659 27.970999999999997
47.071000000000005 28.051000000000002
46.29 28.197
46.309 28.212
45.998 28.15600000000001
47.364000000000004 28.166999999999998
48.759 27.913
47.50199999999999 28.130000000000006
47.635 28.228
47.75999999999999 28.1
47.167999999999985 28.234999999999992
