22.7257 26.741599999999995
23.549100000000003 26.814099999999996
23.173900000000007 26.807799999999997
23.860979999999994 27.187289999999997
22.786489999999997 26.436260000000004
23.328829999999996 26.479930000000003
22.936720000000005 26.429599999999994
24.385630000000006 26.577639999999985
24.288130000000002 26.520500000000002
24.375510000000002 26.662380000000002
23.566527000000004 26.642789999999998
24.74513100000001 26.19662
23.760526999999993 26.59023
24.156831000000004 26.57082
22.428130999999997 26.596299999999996
23.681900000000013 26.677700000000005
24.622299999999996 26.8029
24.464600000000004 26.811200000000003
23.6722 26.760499999999997
23.197100000000002 26.7722
23.732899999999997 26.763499999999997
24.0669 26.802800000000005
21.479799999999994 26.63680000000001
20.739700000000003 26.458599999999997
16.810499999999994 26.1456
16.6127 26.0818
21.220399999999998 26.58769999999999
22.678700000000003 26.769199999999998
24.296300000000002 26.899399999999996
23.5405 26.899999999999995
24.594799999999996 27.0069
23.802499999999995 26.986499999999996
23.713600000000003 26.935400000000005
22.986700000000003 26.913300000000014
23.764000000000003 26.987199999999994
22.994600000000002 26.9545
23.311899999999994 26.995200000000004
24.6947 27.005499999999998
23.409399999999998 27.051999999999985
25.27639999999999 27.1636
25.393700000000003 27.086800000000004
24.672600000000003 27.05499999999999
24.3126 27.139699999999994
24.66359999999999 27.175800000000006
23.957800000000006 27.095300000000005
25.231499999999997 27.09690000000001
25.73769999999999 27.2179
25.566699999999997 27.182099999999988
24.938600000000005 27.135499999999997
26.177399999999995 27.189500000000006
22.821400000000004 26.911600000000004
22.386576799999993 26.837870000000002
20.740020000000005 26.468619999999998
20.923400000000004 26.44359
23.114017999999998 26.673729999999995
22.647327000000004 26.6376
21.546223000000005 26.49834999999999
24.464199999999995 26.721649999999986
23.78 26.825699999999998
23.0727 26.8924
18.7563 26.489899999999988
16.5512 26.150499999999994
17.221400000000006 26.258100000000002
21.227099999999997 26.5041
22.321799999999996 26.647699999999997
22.516759999999998 26.3308
24.28307 26.405060000000002
23.681720000000002 26.390960000000003
23.80261999999999 26.412329999999994
23.00819 26.3173
24.108700000000002 26.42116
23.874499999999994 26.575800000000005
25.047399999999993 26.682
23.589400000000005 26.5222
24.113500000000002 26.557300000000012
24.788880000000002 26.735179999999993
23.773350000000008 26.173699999999993
22.910860000000003 26.089729999999996
23.507760000000005 26.08948
23.03673 26.097490000000008
23.719570000000004 26.17584999999999
24.825706000000007 26.208740000000002
23.730936000000003 26.177959999999995
23.474341000000003 26.15413
22.81805 26.12181999999999
23.033853999999998 26.143249999999995
23.657800000000005 26.297700000000006
23.19130000000001 26.3571
24.931 26.4323
25.537299999999995 26.41670000000001
23.892399999999995 26.426899999999996
24.1318 26.4319
25.4403 26.533099999999997
24.97559999999999 26.560700000000004
22.8242 26.402700000000003
23.22790000000001 26.411100000000005
22.030900000000003 26.3298
18.023000000000003 26.021700000000003
20.241300000000006 26.170800000000007
19.322899999999997 26.148400000000006
16.49950000000001 25.911199999999994
19.464300000000005 26.101399999999998
22.0222 26.330399999999997
23.5466 26.497
22.125400000000003 26.388100000000016
22.013799999999993 26.4165
22.4761 26.418299999999995
22.707400000000007 26.4172
22.124899999999997 26.4518
21.548299999999994 26.391999999999992
21.707299999999996 26.399300000000004
22.100899999999996 26.453799999999994
21.568500000000004 26.397500000000008
22.222299999999997 26.47050000000001
22.189100000000003 26.422600000000003
21.5267 26.4181
22.5761 26.457000000000008
23.512499999999996 26.54210000000001
23.775000000000002 26.596300000000006
23.220999999999993 26.56750000000001
21.547800000000002 26.424000000000003
23.1856 26.4892
23.3074 26.583799999999997
23.958399999999997 26.579199999999997
23.888159999999996 26.65254999999999
22.64220999999999 26.119059999999987
22.32679999999999 26.24430000000001
23.5219 26.201699999999995
22.456100000000003 26.212299999999995
23.039599999999997 26.298500000000004
23.5663 26.3483
21.6905 26.212999999999997
21.359000000000005 26.184199999999997
19.300600000000003 26.041999999999994
17.5412 25.827499999999993
21.419099999999993 26.1259
16.160899999999998 25.7322
16.225399999999997 25.7222
17.616299999999995 25.7421
22.496699999999997 26.156800000000004
23.251199999999994 26.2872
21.673499999999997 26.1921
23.7661 26.3345
22.89599999999999 26.283400000000007
22.7862 26.277999999999995
22.852300000000003 26.274199999999986
21.328799999999994 26.157999999999994
21.86399999999999 26.1537
22.664300000000004 26.301999999999996
22.258600000000005 26.2571
21.798100000000005 26.2403
21.5482 26.24929999999999
21.887500000000003 26.260699999999996
23.112900000000003 26.2815
23.539199999999994 26.398300000000013
21.434699999999996 26.186500000000002
21.8725 26.2606
22.632500000000004 26.309100000000008
21.5067 26.195
22.571800000000007 26.2798
21.8384 26.1884
20.796400000000006 26.180699999999995
20.7695 26.1345
22.072700000000005 26.2571
21.286899999999996 26.2274
19.934900000000003 26.060499999999998
19.148699999999998 26.072
18.185499999999994 25.644299999999998
18.0606 25.641799999999996
18.66555 26.026169999999997
18.411589999999997 26.253339000000004
15.827739999999999 25.58905
16.57522 25.563419999999997
14.923690000000004 25.478100000000005
15.16264 25.49151999999999
15.648429999999996 25.519330000000007
18.210693999999997 25.742329999999992
20.644799 25.901410000000002
21.107117 25.985310000000002
20.667 25.952
20.0381 25.9921
20.280500000000004 26.0464
19.972499999999997 25.954499999999996
19.720800000000008 25.932
20.464999999999993 26.0728
20.306299999999997 26.090199999999996
21.098799999999997 26.140699999999995
22.4962 26.226600000000012
20.989699999999992 26.2416
20.415800000000004 26.109200000000005
20.9285 26.177899999999998
20.5529 26.236500000000003
19.909899999999993 26.099199999999996
21.241899999999994 26.250600000000002
20.257299999999994 26.155099999999997
20.6104 26.177199999999996
21.294199999999993 26.2025
21.3076 26.221600000000006
20.732200000000002 26.203900000000008
21.182100000000005 26.2378
22.2385 26.3409
21.9493 26.342899999999997
21.590600000000006 26.269099999999995
21.1145 26.292600000000004
21.696900000000003 26.290100000000006
20.824900000000003 26.274199999999997
18.0257 26.034599999999998
19.6751 26.136299999999995
17.4041 25.9669
18.742299999999997 26.148400000000006
17.0754 25.92510000000001
16.921699999999998 26.009099999999997
15.859099999999998 25.8632
20.7487 26.2273
21.260300000000008 26.311
21.710799999999995 26.288800000000005
22.086799999999997 26.4194
21.030600000000003 26.30619999999999
21.440999999999995 26.3538
23.2803 26.55259999999999
22.834399999999995 26.497000000000014
23.663500000000003 26.561399999999995
24.173800000000004 26.641900000000007
22.282899999999994 26.489000000000008
22.03580000000001 26.437699999999996
22.446799999999996 26.462499999999995
21.389800000000005 26.420700000000004
23.1798 26.533600000000007
23.2872 26.545699999999993
24.036399999999997 26.65619999999999
22.452199999999998 26.4891
23.337200000000006 26.561499999999995
23.4486 26.620200000000004
23.622899999999994 26.581300000000002
22.955800000000007 26.566699999999997
23.100200000000005 26.540399999999988
21.9768 26.4988
22.985500000000002 26.59280000000001
22.800200000000004 26.547400000000003
22.4288 26.581100000000003
23.6938 26.58460000000001
24.396200000000004 26.699599999999997
20.065099999999997 26.379200000000004
22.595 26.571700000000003
20.435000000000006 26.438799999999997
23.171000000000006 26.5966
18.8952 26.2294
18.6648 26.22319999999999
16.507600000000004 26.058499999999995
16.322700000000005 26.020400000000006
22.54520000000001 26.53890000000001
23.607300000000002 26.648300000000003
21.706900000000005 26.450300000000016
21.166 26.483900000000006
20.755699999999997 26.444999999999997
21.333800000000007 26.521000000000004
22.583699999999993 26.587000000000003
23.854 26.682500000000005
24.852399999999992 26.7239
22.495899999999995 26.6156
20.412499999999987 26.441200000000002
23.647800000000007 26.771300000000004
20.7709 26.54169999999999
16.7336 26.263699999999996
16.355700000000002 26.218000000000007
20.199 26.4766
23.001299999999993 26.732
22.000200000000003 26.642300000000006
19.213500000000003 26.354499999999998
24.603200000000015 26.8562
22.223399999999998 26.7596
22.803500000000003 26.81490000000001
20.584699999999998 26.6036
21.452540000000013 26.6975568
19.662779999999998 26.049099999999996
19.495530000000006 25.992639999999994
20.56993 26.143939999999994
21.677829999999997 26.17022
23.342580000000005 26.37913
21.079406 26.186999999999998
21.878907999999996 26.284279999999992
22.904512999999987 26.382820000000006
23.147299999999998 26.4905
22.9359 26.494699999999998
24.930199999999996 26.740899999999996
22.195899999999998 26.491799999999998
24.007000000000005 26.67139999999999
21.675 26.480300000000007
