44.14045 8.214789999999999
44.74407 8.20299
44.319449999999996 8.270389999999999
44.34469000000001 8.248189999999997
44.246159999999996 8.14529
44.216069999999995 8.24099
44.142160000000004 8.24729
43.49545 8.17999
43.54392 8.20889
43.507540000000006 8.228589999999999
43.665780000000005 8.19079
43.85649 8.22719
44.30597 8.19679
44.83678 8.210289999999999
45.61759 8.141689999999999
45.606159999999996 8.124690000000001
44.89916 8.16289
44.20897 8.187590000000002
44.60597 8.18909
43.696070000000006 8.236199999999998
44.94125999999999 8.2317
44.25768 8.18139
44.77530000000001 8.25019
44.1953 8.160090000000002
44.049400000000006 8.20429
43.95916 8.17999
43.881310000000006 8.29899
43.94902 8.219689999999998
43.466210000000004 8.25149
43.58731 8.25619
42.69339999999999 8.21339
42.33959 8.166289999999998
42.530210000000004 8.214889999999999
42.68983000000001 8.141290000000001
42.27392 8.23349
42.334210000000006 8.26069
42.22549 8.21669
42.2493 8.24099
42.31549 8.218189999999998
42.865210000000005 8.12808
42.712019999999995 8.21808
42.15802000000001 8.161779999999998
41.91930000000001 8.134289999999998
41.63821 8.167779999999999
40.821209999999994 8.19368
40.67968 8.17858
41.37586999999999 8.190680000000002
41.197399999999995 8.21818
41.63186999999999 8.20288
41.73697 8.16328
41.86378 8.12358
42.18168 8.06108
42.492869999999996 8.070180000000002
42.3283 8.12068
43.067829999999994 8.15868
42.890640000000005 8.137179999999999
42.834869999999995 8.149480000000002
41.620400000000004 8.08868
41.51468 8.12058
41.85154 8.13288
41.925639999999994 8.04588
41.67673 8.10688
41.60764 8.11618
41.53335 8.116079999999998
42.31154 8.13598
42.85316000000001 8.19858
42.285680000000006 8.20167
41.631299999999996 8.15287
41.601259999999996 8.03987
41.4864 8.09327
41.55821 8.09027
41.15021 8.12828
40.721019999999996 8.10858
41.552299999999995 8.138979999999998
42.2793 8.180079999999998
42.23111000000001 8.10698
41.2663 8.097079999999998
40.44149 8.11928
40.80621 8.052079999999998
40.97792 8.11148
41.10821 8.091579999999999
41.3694 8.09168
41.29663 8.01088
40.58335000000001 8.133080000000001
40.33420999999999 8.087179999999998
39.49664 8.03217
39.42373 7.9727700000000015
40.113260000000004 8.00177
41.04621 8.033870000000002
40.438019999999995 8.07357
40.01611 8.12847
39.650499999999994 8.07807
39.6744 8.07977
40.022259999999996 8.10857
40.18459 8.064370000000002
40.382400000000004 8.08737
40.5333 8.064470000000002
40.05059 8.08437
39.973020000000005 8.04607
40.14892 8.14227
39.87321 8.06747
39.435109999999995 8.119459999999998
39.312729999999995 8.145359999999998
39.618829999999996 8.06306
39.67854 8.11036
39.99063 8.05696
40.282729999999994 8.03715
40.147830000000006 8.04045
39.89773 8.156250000000002
39.80535 8.118350000000001
40.76954 8.11675
40.813250000000004 8.087649999999998
40.06373 8.10595
39.92754 8.045049999999998
39.49683 8.06025
39.59844 8.08925
39.946729999999995 8.09835
39.89687 8.07695
40.20978 8.08146
40.09278 8.11956
40.02673 8.082960000000002
40.393679999999996 8.00196
40.766259999999996 8.105860000000002
41.3844 8.03866
42.09192 8.026360000000002
42.115829999999995 8.08896
41.68188 8.01756
42.30058999999999 8.130460000000001
42.770920000000004 8.101360000000001
43.050920000000005 8.099759999999998
42.701069999999994 8.069460000000001
42.53402 8.064560000000002
42.50429999999999 8.07376
42.584869999999995 8.09506
42.70816000000001 8.06606
42.15159 8.111959999999998
42.45078 8.113650000000002
42.76302 8.05555
40.63392 8.13955
40.8214 8.113550000000002
41.06454 8.08755
41.16278 8.07235
41.1804 7.99315
40.82521 8.064850000000002
40.785970000000006 8.05124
41.357400000000005 8.06504
41.79697 8.07574
42.01396999999999 8.05564
42.204159999999995 8.04664
42.43635 8.04824
42.83406 8.04804
42.75563 8.13055
42.42416000000001 8.180649999999998
42.065830000000005 8.25255
42.00386999999999 8.18995
42.62616 8.14265
44.11611 8.14434
46.337109999999996 8.08484
47.174780000000005 8.146040000000001
46.84097 8.06964
46.530210000000004 8.07114
44.57454 8.121540000000001
44.40468 8.16264
44.32507 8.15523
44.39207 8.17803
43.512969999999996 8.179630000000001
42.55973 8.066830000000001
42.74459 8.104930000000001
42.695690000000006 8.04073
43.61720999999999 8.113930000000002
44.533210000000004 8.126130000000002
44.099830000000004 8.15353
43.56778 8.179529999999998
43.47610999999999 8.16583
43.803160000000005 8.14613
43.73892 8.15213
43.609210000000004 8.13983
43.92792 8.11113
43.73810999999999 8.13983
43.774210000000004 8.13683
43.53529999999999 8.10803
44.464349999999996 8.14453
44.129400000000004 8.132230000000002
43.7183 8.15673
44.40221 8.142930000000002
44.00002 8.188630000000002
43.30592 8.121730000000001
43.22402 8.169030000000001
43.95102 8.170430000000001
44.379020000000004 8.109229999999998
45.34702000000001 8.22073
45.604110000000006 8.22223
45.814299999999996 8.155330000000001
44.73821000000001 8.153730000000001
44.62330000000001 8.129330000000001
45.3493 8.13083
45.40548999999999 8.16133
44.98802 8.200930000000001
44.71468 8.14002
45.01545 8.139930000000001
44.74502000000001 8.197930000000001
45.41721 8.205729999999999
45.16511 8.12933
45.79511 8.09873
47.16915999999999 8.065130000000002
49.96454 8.045530000000001
49.40221 8.249929999999999
48.24907 8.236229999999999
48.22606999999999 8.141530000000001
48.22573 8.230030000000001
47.547920000000005 8.22393
46.72392000000001 8.17213
46.78502 8.199530000000001
46.417260000000006 8.141530000000001
46.25811 8.19643
46.4783 8.19793
46.25959 8.14913
45.82621 8.13093
44.76335 8.18883
44.87316 8.20703
45.397349999999996 8.18123
45.18421000000001 8.175030000000001
45.1224 8.039420000000002
45.58659 8.19502
45.2474 8.22862
44.92940000000001 8.262120000000001
45.02011 8.240920000000001
44.52554 8.17822
44.33611 8.15062
44.63549 8.14772
44.67121 8.17812
44.92811 8.18742
45.18373 8.147719999999998
44.71459 8.14462
44.176919999999996 8.06082
44.44063 8.13702
44.66391999999999 8.161420000000001
44.304539999999996 8.20582
44.09772999999999 8.16302
44.016830000000006 8.120219999999998
44.30611 8.046819999999999
44.63973 8.109619999999998
44.544070000000005 8.21622
44.513400000000004 8.11262
44.66572999999999 8.19672
44.43349 8.18742
44.73392 8.166220000000001
44.42111 8.16282
44.29373 8.100419999999998
44.46449 8.16602
44.6214 8.08673
44.913830000000004 8.12333
45.48978000000001 8.13082
45.10502 8.15993
45.09902 8.069919999999998
45.64202 8.108220000000001
45.770630000000004 8.185619999999998
46.34963 8.09442
46.42202 8.022020000000001
46.07573 8.109620000000001
46.14844 8.17812
45.68544000000001 8.143120000000001
44.93863000000001 8.21042
44.3354 8.17812
44.185970000000005 8.18892
44.95378 8.10522
44.77116 8.12182
44.1523 8.14772
43.90802 8.18292
44.34321 8.12642
44.05611 8.14312
44.41511 8.11581
44.920919999999995 8.21501
44.25758999999999 8.13721
44.38483 8.09151
44.116110000000006 8.06091
44.04420999999999 8.04721
44.63025999999999 8.06411
44.15435 8.11901
44.37464 8.16921
44.43387 8.129509999999998
45.557159999999996 8.12651
45.564069999999994 8.11591
45.220259999999996 8.08071
45.162349999999996 8.09451
44.51883 8.126710000000001
44.95935000000001 8.12191
44.09786999999999 8.129610000000001
