23.963 24.686000000000003
23.625 24.607
24.387 24.72
23.357 24.665000000000003
23.037 24.566
23.16 24.67
24.035 24.698
23.035000000000004 24.6
23.741 24.624000000000002
24.017 24.701
23.295 24.615
23.399 24.587999999999997
24.357 24.747999999999998
23.214 24.657
23.627000000000002 24.622
23.151000000000003 24.675
23.302999999999997 24.731000000000005
23.26 24.619000000000003
23.733999999999998 24.680000000000003
24.23 24.793000000000003
23.428 24.802000000000003
23.576000000000004 24.712000000000003
23.624000000000002 24.805000000000003
23.613 24.934
24.017 24.811
23.427 24.811000000000003
23.926 24.932999999999993
23.418 24.834
22.811999999999998 24.790999999999997
23.944 24.944999999999997
23.520000000000003 24.914
24.726 24.91
23.166999999999998 24.985999999999997
23.294999999999995 25.057999999999996
23.080000000000002 24.933999999999994
24.481 25.053000000000004
23.944999999999997 25.116
23.636000000000003 24.988999999999997
23.884 24.997999999999998
23.246 25.079
24.822999999999993 25.069999999999997
23.81 25.033999999999995
24.428 25.116000000000007
24.508000000000003 25.157
22.438 25.019000000000002
23.301 25.067
23.639 25.15
24.327999999999996 25.080000000000002
23.723 25.056
23.311999999999998 25.151
22.088 25.039
23.721999999999998 25.016
23.763 25.131999999999998
24.416999999999998 25.156
23.386000000000003 24.992000000000004
22.886 25.077000000000005
23.716 25.1
23.224 25.017
24.259000000000004 25.174000000000003
23.352 25.112000000000002
24.276 25.025000000000002
23.095 25.101000000000003
23.854 25.091
23.095000000000002 25.038
24.384 25.141
23.718 25.134
24.379999999999995 25.058000000000003
24.645 25.128
23.689999999999998 25.207
23.858999999999998 25.102000000000004
26.009 25.165000000000003
24.499 25.259000000000004
24.973 25.260000000000005
24.705000000000002 25.246000000000002
24.146 25.331000000000003
23.841 25.417
24.978 25.348000000000003
23.756999999999994 25.317
23.884 25.434
23.314 25.364000000000004
23.095999999999997 25.302999999999997
24.57 25.439
23.885 25.384
24.43 25.317
23.804 25.425000000000004
23.546999999999997 25.380999999999997
23.148000000000003 25.297000000000004
25.601000000000003 25.426
24.480999999999998 25.45
24.368 25.349000000000004
23.6 25.312
24.505 25.4
24.938 25.546000000000003
27.453 25.637999999999998
26.096999999999998 25.813999999999997
27.063000000000002 26.136000000000003
26.418000000000003 26.163999999999998
25.887 26.340000000000003
29.715000000000003 26.680999999999997
27.712999999999997 26.781000000000006
27.326 26.878999999999998
28.223 27.177999999999997
26.699 27.305
27.061999999999998 27.334000000000003
29.227000000000004 27.584999999999997
27.778999999999996 27.572000000000003
27.753 27.578000000000003
27.726 27.845000000000002
27.044999999999998 27.985
27.017999999999997 28.175999999999995
30.990999999999996 28.508999999999997
28.985999999999994 28.587
28.964000000000006 28.989000000000004
28.019999999999996 28.951999999999998
28.597 29.291999999999994
31.065000000000005 29.628
30.077000000000005 29.726999999999997
30.072 30.058
30.711999999999996 30.082000000000004
27.904999999999998 30.243
31.216999999999995 30.629999999999995
39.60714000000001 32.426
34.830999999999996 31.694000000000006
29.834 29.763
33.793 30.506
30.055000000000003 28.698999999999998
27.933000000000003 28.653000000000002
29.396999999999995 28.565
28.505999999999997 28.719
27.660999999999998 28.62
28.261999999999997 28.659000000000002
27.863000000000003 28.712000000000003
28.83 28.567999999999998
29.198999999999998 28.766999999999992
27.754999999999995 28.748
27.487000000000002 28.68
29.739000000000004 28.835999999999995
27.256000000000004 28.748
31.025000000000002 28.861000000000004
28.044999999999998 28.858
27.793999999999997 28.769
30.376000000000005 28.89
28.852 28.901999999999994
31.119000000000003 28.941
27.549 28.915999999999997
27.694999999999997 28.829
30.023999999999994 28.936
28.82 28.925999999999995
29.574999999999996 28.900000000000002
28.955000000000002 29.031000000000002
27.124000000000002 28.884999999999994
29.837000000000003 28.916000000000004
28.549000000000007 29.012999999999998
29.321 28.916000000000004
29.714000000000002 29.012999999999998
26.794 28.967000000000002
27.860000000000003 28.909000000000002
29.677999999999997 29.029
27.965 28.910999999999998
27.483999999999998 28.951
26.663000000000004 28.942
26.764 28.809
27.48999999999999 28.871000000000002
27.161 28.915999999999997
26.475000000000005 28.778
26.081 28.857
26.304 28.714000000000006
26.563 28.695999999999998
27.36 28.773
26.714 28.701999999999998
25.878999999999998 28.662
26.532 28.68
26.912999999999997 28.579
27.551 28.682999999999996
27.42 28.657000000000004
26.996 28.58
27.778000000000002 28.658
25.845000000000002 28.493999999999996
27.255999999999997 28.520999999999997
25.614000000000004 28.459999999999997
24.555000000000003 28.291000000000004
24.942 28.324000000000005
24.430000000000003 28.338
24.886000000000003 28.200999999999997
26.005 28.285
24.189999999999998 28.217999999999993
23.913999999999998 28.055999999999997
24.5 28.127999999999997
23.598000000000003 28.094
23.640000000000004 27.927000000000007
24.407999999999998 28.057000000000006
23.625 27.892
23.411 27.819000000000006
22.889 27.887999999999995
22.046000000000003 27.715
23.811 27.776999999999997
23.32 27.811000000000003
22.384999999999998 27.637999999999995
22.563000000000002 27.762999999999998
22.664 27.660999999999998
23.761000000000003 27.633000000000003
24.249 27.786
24.22 27.663
22.555 27.613
24.08 27.765
22.647000000000002 27.599999999999998
24.806 27.686
25.002999999999997 27.752
23.221 27.626999999999995
23.612 27.764000000000006
23.052 27.645999999999997
24.834 27.638999999999996
25.748000000000005 27.791
24.417 27.709
24.554000000000002 27.680000000000003
23.886 27.713000000000005
23.534 27.553999999999995
25.035 27.676000000000002
24.956999999999997 27.735
23.637 27.544999999999998
23.693 27.634000000000004
24.331 27.645000000000003
24.232 27.535999999999994
24.647 27.698999999999995
24.032999999999998 27.551
23.895000000000003 27.499000000000002
23.927 27.612000000000002
23.380000000000003 27.473999999999997
24.119 27.559999999999995
23.626 27.576
23.916 27.416
23.450000000000003 27.472
24.164 27.468999999999998
23.506 27.369
24.339 27.478
24.288999999999998 27.366
24.615 27.323000000000004
23.945 27.397
24.213 27.248
24.881 27.276
25.471 27.42
25.598 27.328999999999997
24.489 27.275
24.101999999999997 27.330999999999996
24.977999999999998 27.183
25.301000000000002 27.210999999999995
25.573999999999998 27.308
24.787 27.142
23.700000000000003 27.251000000000005
24.211999999999996 27.132999999999996
24.428 27.102999999999998
26.447 27.277
25.437000000000005 27.230999999999998
24.105000000000004 27.135999999999992
24.297 27.246000000000002
24.428 27.188000000000002
25.262 27.132
24.968999999999998 27.284999999999997
24.063 27.136
24.034000000000002 27.09400000000001
24.661 27.288
25.195 27.181999999999995
25.5 27.179
24.397999999999996 27.239
24.077 27.18
23.961 27.120999999999995
25.723000000000003 27.328000000000003
25.072999999999997 27.173
24.828999999999997 27.173000000000002
24.5 27.236
23.918 27.096999999999998
25.083000000000006 27.217000000000002
25.241000000000003 27.269
25.097 27.115000000000002
25.277000000000005 27.141000000000005
24.591 27.244999999999997
25.369000000000003 27.136
25.336 27.207000000000004
24.662 27.211999999999996
24.599999999999998 27.115000000000002
24.521 27.187000000000005
24.602 27.212000000000003
24.517999999999997 27.139999999999997
24.915000000000003 27.136
25.470000000000002 27.217999999999996
24.883 27.068000000000005
24.199999999999996 27.118000000000002
24.948 27.244999999999997
