29.825199999999995 17.651199999999996
30.140700000000002 17.621599999999997
29.4188 17.632399999999997
29.84279999999999 17.656599999999994
27.816799999999997 17.694
30.635 17.7291
28.7817 17.7084
30.32440000000001 17.6954
27.70669999999999 17.658899999999996
29.115099999999998 17.6823
28.826 17.7201
30.92579999999999 17.702399999999997
28.749900000000007 17.6709
29.682099999999995 17.671
29.191400000000005 17.665599999999998
29.763799999999996 17.671
31.377099999999995 17.681200000000004
28.6516 17.678699999999996
27.6256 17.7009
25.627599999999994 17.732899999999997
24.965599999999995 17.724499999999995
26.680799999999998 17.7238
25.5579 17.727699999999995
25.7532 17.7855
32.24730000000001 17.816100000000002
31.583299999999998 17.716099999999997
35.9815 17.713099999999997
37.08160000000001 17.7893
31.4078 17.7962
36.68480000000001 17.8008
33.41510000000001 17.807599999999997
31.985800000000005 17.770400000000006
31.2512 17.7536
31.364500000000007 17.707000000000004
27.803099999999997 17.764999999999997
27.589599999999997 17.8153
28.96799999999999 17.7644
30.8871 17.729299999999995
32.408 17.770199999999996
27.537 17.6979
27.275000000000006 17.679599999999994
29.776600000000002 17.679600000000004
28.87869999999999 17.6841
29.197300000000006 17.684199999999993
30.709400000000002 17.719399999999997
28.1754 17.700200000000002
27.299499999999995 17.681099999999994
28.9538 17.6811
32.56510000000001 17.6957
29.567399999999992 17.683900000000005
28.164000000000005 17.763399999999997
27.1547 17.9177
26.5764 17.8666
27.0882 17.7803
33.417399999999994 17.7652
28.9943 17.740799999999997
27.000900000000005 17.722800000000003
26.419099999999997 17.720699999999997
26.448099999999997 17.721400000000003
24.565000000000005 17.6819
25.459300000000006 17.693199999999997
25.0987 17.736799999999995
24.692199999999996 17.7215
23.960500000000007 17.772599999999997
25.7647 17.799300000000002
23.170899999999996 17.755
22.769999999999996 17.71089999999999
22.70320000000001 17.666700000000002
21.720599999999994 17.6651
22.819599999999998 17.6691
20.7785 17.691200000000002
20.701199999999996 17.7363
20.652500000000003 17.738500000000002
20.849500000000003 17.7309
21.5056 17.705800000000004
21.413200000000003 17.679800000000004
21.679599999999997 17.672800000000002
19.816900000000008 17.662899999999997
24.659200000000002 17.674300000000002
25.096600000000002 17.6788
23.248200000000004 17.674400000000006
20.732 17.6692
21.050600000000003 17.7157
20.975900000000003 17.791200000000003
21.1751 17.781899999999997
21.664400000000008 17.7516
20.286199999999997 17.754500000000004
20.838100000000004 17.756
20.628600000000006 17.7163
19.956499999999995 17.6904
21.133000000000006 17.678900000000002
20.571300000000004 17.6676
19.733 17.664499999999997
20.631900000000005 17.7149
20.5778 17.7438
20.253599999999995 17.7461
20.9527 17.714100000000002
20.9879 17.6769
19.646800000000006 17.6621
20.0482 17.6614
21.49440000000001 17.6692
20.472299999999994 17.669000000000004
22.2838 17.763000000000005
20.509900000000002 17.7904
20.488899999999994 17.7758
20.3121 17.743100000000002
21.839200000000005 17.7097
20.476 17.6792
20.627500000000005 17.6715
20.603500000000004 17.6714
21.2734 17.2609
21.986600000000003 17.2953
22.512999999999998 17.7249
23.053400000000003 17.708700000000004
23.634799999999995 17.7005
24.059900000000003 17.6868
24.051700000000004 17.678500000000003
22.921899999999994 17.674500000000005
22.934600000000003 17.6753
23.459299999999995 17.6959
23.590900000000005 17.747
22.803600000000003 17.721700000000002
23.176000000000002 17.6998
23.242900000000002 17.677599999999998
24.231600000000007 17.686000000000003
23.570199999999996 17.6769
23.5528 17.677600000000005
22.406699999999997 17.6722
23.599099999999996 17.6768
22.1445 17.674500000000005
23.3391 17.679100000000005
23.1146 17.675199999999997
23.1286 17.676000000000002
23.785700000000002 17.678200000000004
24.267099999999996 17.678200000000004
23.866200000000003 17.673
25.5426 17.679100000000002
25.22189999999999 17.683600000000002
24.554299999999998 17.730800000000006
24.206700000000005 17.757700000000003
25.436299999999996 17.800300000000007
24.683500000000002 17.803400000000003
25.514899999999997 17.943000000000005
24.2078 17.9904
26.6814 17.988100000000003
25.170199999999994 17.884300000000007
25.997999999999994 17.769700000000004
24.3914 17.6929
26.789799999999996 17.686600000000002
26.4676 17.689000000000004
29.87080000000001 17.6953
27.820500000000003 17.702799999999996
29.048800000000004 17.7034
27.973300000000002 17.745500000000003
28.09890000000001 17.8455
26.4897 17.815500000000004
26.359700000000004 17.759200000000003
26.131099999999996 17.7036
28.173899999999996 17.6952
27.671300000000006 17.695100000000004
30.8915 17.7051
29.322799999999997 17.697200000000002
28.983299999999996 17.7508
30.611200000000004 17.7547
29.91539999999999 17.726499999999998
31.0548 17.709
31.619899999999994 17.719000000000005
30.591599999999996 17.730400000000003
30.2651 17.739599999999996
31.209900000000008 17.812
30.424499999999995 17.7951
29.449599999999997 17.735599999999994
31.6401 17.7151
32.07810000000001 17.7112
34.656800000000004 17.7266
34.6371 17.725600000000004
35.47329999999999 17.732500000000005
37.97460000000001 17.872000000000003
36.300200000000004 17.907000000000004
35.0273 17.8894
33.5443 17.8682
31.94599999999999 17.8494
32.224900000000005 17.7982
32.1951 17.8266
33.4084 17.806399999999996
33.567400000000006 17.812500000000004
32.72019999999999 17.7514
32.667399999999994 17.762100000000004
33.25749999999999 17.797500000000003
30.729699999999994 17.765299999999996
31.9652 17.745600000000007
32.61180000000001 17.7227
33.09760000000001 17.726300000000002
33.53020000000001 17.7196
34.12630000000001 17.741500000000006
31.502599999999997 17.8257
34.1886 17.826300000000003
33.199799999999996 17.773700000000005
31.112999999999996 17.803400000000003
31.313999999999993 17.785800000000005
31.397799999999997 17.746999999999996
31.432600000000004 17.7174
30.790199999999995 17.713600000000003
29.4274 17.711199999999998
31.42450000000001 17.8019
31.3883 17.843799999999998
33.6216 17.847699999999996
31.461100000000002 17.754599999999996
32.5598 17.7797
35.6302 17.775
32.57300000000001 17.7291
35.0398 17.688000000000002
42.27100000000001 17.784799999999997
31.128499999999992 17.7316
35.2555 17.704700000000003
32.2345 17.673499999999997
29.441999999999997 17.667499999999993
30.898899999999998 17.6683
31.768 17.6736
30.704600000000003 17.6681
31.483499999999992 17.707
30.803700000000006 17.737599999999997
31.7508 17.7262
30.281000000000002 17.6803
30.258599999999998 17.665700000000005
30.33289999999999 17.665899999999997
31.58930000000001 17.679599999999997
30.49199999999999 17.812199999999997
30.5398 17.814599999999995
29.719500000000004 17.7824
30.64449999999999 17.784899999999997
30.267400000000006 17.814700000000002
33.344199999999994 17.735400000000002
32.51289999999999 17.694800000000004
32.15560000000001 17.706300000000002
36.85710000000001 17.785700000000002
30.4398 17.744300000000006
30.2498 17.794000000000004
28.638700000000007 17.8306
28.8186 17.8275
29.33590000000001 17.812399999999997
30.0617 17.7941
32.614399999999996 17.805500000000002
31.127600000000005 17.7635
35.4853 17.7476
34.979200000000006 17.6964
30.180400000000002 17.671300000000002
33.394200000000005 17.712700000000005
34.674299999999995 17.722400000000004
34.51230000000001 17.691300000000005
35.00670000000001 17.689799999999998
33.7042 17.2251
34.669500000000006 17.2257
34.715 17.648400000000002
33.49979999999999 17.596500000000002
32.35199999999999 17.6109
33.19990000000001 17.6199
31.30930000000001 17.627699999999997
29.5086 17.672199999999993
31.38660000000001 17.679799999999997
30.939799999999995 17.656099999999995
32.9005 17.6347
32.441300000000005 17.6285
31.48560000000001 17.6276
29.908899999999996 17.622500000000002
29.8179 17.6201
30.2272 17.6248
35.167199999999994 17.6346
30.7433 17.638499999999997
31.50360000000001 17.630000000000003
28.980600000000006 17.626399999999997
34.3975 17.661800000000003
28.2235 17.6806
30.210199999999997 17.643099999999997
30.429799999999997 17.634
31.194999999999993 17.6873
32.1251 17.683500000000002
30.405199999999994 17.6339
29.744500000000002 17.633099999999995
28.482200000000002 17.6232
28.250399999999992 17.628600000000006
25.163199999999996 17.6751
28.076500000000003 17.661500000000004
28.855400000000003 17.630000000000003
28.96979999999999 17.6233
27.607300000000002 17.621800000000004
25.102399999999992 17.619500000000006
31.218600000000002 17.677400000000006
