9.91 6.316000000000001
13.408999999999999 6.318
15.243 6.3149999999999995
9.842 6.308999999999999
11.306000000000001 6.315000000000001
12.094000000000001 6.32
10.485999999999999 6.314
12.327 6.311999999999999
12.054 6.317
10.761 6.314
11.789 6.315999999999999
13.074000000000002 6.317
16.701 6.319
13.321 6.32
12.713 6.326
16.211000000000002 6.327000000000001
15.489999999999998 6.330000000000001
15.439 6.328
15.494 6.336
13.336 6.338000000000001
12.925999999999998 6.3420000000000005
13.174000000000003 6.351
10.84 6.36
12.365 6.361
11.610999999999999 6.361999999999999
11.774 6.364
11.111 6.361999999999999
11.343 6.352
11.722 6.348999999999999
10.48 6.351000000000001
11.657 6.340999999999999
12.629000000000001 6.339
10.589 6.343999999999999
13.053 6.344999999999999
13.149 6.348
15.772 6.353000000000001
15.714 6.3549999999999995
13.013999999999998 6.358
12.839999999999998 6.353000000000001
15.994 6.351999999999999
13.058999999999997 6.353000000000001
11.299000000000001 6.351000000000001
11.407 6.348
11.493 6.348999999999999
11.785 6.351999999999999
10.971 6.349
11.131 6.353000000000001
12.204000000000002 6.357
10.074 6.359999999999999
13.618 6.356000000000001
15.475999999999997 6.358000000000001
10.22 6.361999999999999
15.359 6.3469999999999995
13.109000000000002 6.343999999999999
13.028 6.343
10.51 6.343999999999999
13.018999999999997 6.351000000000001
9.183 6.358
10.755 6.359000000000001
12.381000000000002 6.357
9.735000000000001 6.353000000000001
11.162999999999998 6.351999999999999
16.114 6.355999999999999
12.011000000000003 6.356000000000001
10.168 6.351999999999999
11.172 6.351999999999999
11.814 6.358
10.552999999999999 6.355999999999999
11.110000000000001 6.354
12.248 6.358
9.769 6.358999999999999
10.931 6.361
12.481 6.358
9.98 6.3629999999999995
10.458 6.361999999999999
12.878 6.354
9.22 6.353000000000001
10.501999999999999 6.354
12.915 6.353000000000001
12.574000000000002 6.356000000000001
15.586 6.351999999999999
15.781 6.353000000000001
15.706999999999999 6.35
15.748000000000001 6.353000000000001
13.132 6.351
15.253 6.354
10.129999999999999 6.354
15.894 6.355999999999999
10.181 6.357
12.274000000000001 6.358999999999999
12.518 6.35
9.998 6.36
12.414 6.365
9.507 6.369999999999999
10.393999999999998 6.375
12.186 6.371
9.966999999999999 6.371
10.645 6.372999999999999
12.892999999999999 6.369999999999999
15.274 6.373000000000001
9.738 6.376999999999999
11.074 6.372
11.447000000000001 6.367000000000001
10.272 6.370000000000001
11.316 6.372999999999999
11.398 6.3759999999999994
10.689 6.376999999999999
10.604 6.372
12.279 6.3740000000000006
9.900999999999998 6.358
13.211 6.353000000000001
10.161999999999999 6.353000000000001
15.382000000000001 6.356000000000001
15.283 6.354
12.914 6.348
12.002 6.34
10.069 6.343
10.65 6.362000000000001
11.892 6.364
10.348000000000003 6.369999999999999
10.642 6.376999999999999
12.302 6.375
10.429 6.3759999999999994
13.128 6.379
12.389999999999999 6.381
9.888000000000002 6.377000000000001
10.216 6.382000000000001
12.209999999999999 6.385000000000001
9.695 6.388000000000001
10.559000000000001 6.389
12.552 6.3919999999999995
9.564 6.386
10.614 6.388000000000001
12.533 6.3950000000000005
10.200000000000001 6.394000000000001
10.004 6.396
11.496 6.3889999999999985
10.684 6.380999999999999
11.048 6.382000000000001
11.645999999999999 6.380999999999999
10.625000000000002 6.387
10.867 6.38
13.062000000000001 6.386
15.556999999999999 6.387999999999999
12.536999999999999 6.386
9.345 6.386
10.754 6.3740000000000006
12.057 6.376999999999999
9.824 6.3759999999999994
11.268 6.381
12.344000000000003 6.372
9.927000000000001 6.375
10.827 6.3679999999999986
12.246 6.373000000000001
10.541 6.373999999999999
9.745 6.376999999999999
11.023 6.3740000000000006
12.237 6.381999999999999
10.878 6.38
12.829 6.382000000000001
11.905000000000001 6.381
11.173000000000002 6.379
11.978 6.387999999999999
10.391 6.385000000000001
11.468 6.387
11.904 6.393
11.201 6.406000000000001
10.796999999999999 6.413
12.793 6.411
10.011000000000001 6.414000000000001
10.606 6.419
12.158000000000001 6.415
10.7 6.415
10.788 6.415
12.027 6.414000000000001
10.336 6.412999999999999
11.151 6.417000000000001
12.158000000000001 6.418
10.427 6.411
10.745000000000001 6.412999999999999
11.97 6.414000000000001
10.749 6.417000000000001
10.184999999999999 6.419
12.289000000000001 6.421
10.456999999999999 6.420000000000001
10.999 6.409
12.18 6.412
10.438 6.415
11.255 6.4
11.95 6.4
10.681000000000001 6.41
13.699 6.4030000000000005
10.181000000000001 6.399000000000001
12.485 6.401000000000002
13.429999999999998 6.399000000000001
15.655 6.397
10.559000000000001 6.3950000000000005
12.613 6.397
10.379999999999999 6.392
12.891 6.395
10.364 6.396
12.772 6.4
10.076 6.395999999999999
10.629000000000001 6.404
13.047 6.408000000000001
12.528 6.406000000000001
10.254000000000001 6.41
10.286999999999999 6.4079999999999995
12.598 6.4079999999999995
10.114 6.412
9.955 6.419000000000001
12.213 6.414000000000001
9.594 6.4159999999999995
10.126 6.412
10.346 6.418
11.914000000000001 6.428000000000001
10.513 6.422999999999999
10.479999999999999 6.424
12.219000000000001 6.428000000000001
10.199 6.428000000000001
10.497 6.431999999999999
12.157 6.426
9.838999999999999 6.427
10.164000000000001 6.420999999999999
9.903 6.419999999999999
12.57 6.420000000000001
12.883 6.412999999999999
15.498999999999999 6.411
10.163 6.409000000000001
12.426 6.4079999999999995
9.962 6.411
10.129000000000001 6.398999999999999
9.854000000000001 6.395
10.922 6.390999999999999
9.501 6.386
10.467 6.3919999999999995
11.792 6.39
10.865 6.394
11.065 6.397
10.385 6.380000000000001
10.222000000000001 6.385000000000001
12.072000000000001 6.3839999999999995
9.974 6.385000000000001
10.197999999999999 6.387
9.705 6.393
9.969 6.3919999999999995
12.161 6.392999999999999
9.962299999999999 6.395
10.280000000000001 6.409999999999999
9.309000000000001 6.424999999999999
9.508999999999999 6.422
10.5689 6.415
12.049999999999999 6.413
10.23 6.4159999999999995
10.063999999999998 6.417000000000001
11.399 6.422999999999999
10.818 6.426
11.115 6.4239999999999995
9.274000000000001 6.413999999999999
11.484 6.41
11.584 6.412
10.112 6.413
10.459999999999999 6.416000000000001
11.334 6.415
11.949 6.421
10.209999999999999 6.419
10.209 6.425
11.628 6.43
10.19 6.429
10.291999999999998 6.427
11.802 6.428000000000001
10.641 6.428000000000001
15.206999999999999 6.433
9.5811 6.431000000000001
9.33 6.433
11.241999999999999 6.433999999999999
10.439 6.436
12.576 6.433999999999999
10.123999999999999 6.436
13.41 6.441
12.738 6.444
10.156 6.436
10.571 6.4399999999999995
12.440000000000001 6.442
10.2784 6.4430000000000005
10.405000000000001 6.428000000000001
13.077 6.425
10.213 6.419000000000001
