11.304 6.425
13.022999999999998 6.426
12.614 6.45
13.651 6.436999999999999
10.356000000000002 6.432
10.850999999999999 6.43
12.708000000000002 6.436999999999999
10.079 6.432
13.068 6.43
9.992999999999999 6.427
11.209000000000001 6.422999999999999
12.32 6.419999999999999
10.199 6.415
10.832 6.4159999999999995
15.444000000000003 6.433999999999999
10.393 6.436999999999999
11.132 6.4350000000000005
13.040000000000001 6.425
9.397000000000002 6.4159999999999995
11.426 6.415
12.674 6.412
10.905000000000001 6.415
11.044 6.414000000000001
12.844 6.41
10.327 6.379
11.478 6.398999999999999
12.527 6.396
12.961 6.395999999999999
11.749 6.404999999999999
11.218 6.406000000000001
11.889 6.407
11.118000000000002 6.410999999999999
11.701 6.409000000000001
12.323999999999998 6.413
10.572 6.411
12.162 6.4079999999999995
12.537999999999998 6.4079999999999995
10.318000000000001 6.405999999999999
11.258 6.4079999999999995
12.454 6.41
10.619 6.401
11.728000000000002 6.390999999999999
10.535 6.394
12.83 6.402000000000001
10.465 6.418
10.270999999999999 6.431000000000001
10.4 6.426000000000001
11.475 6.427999999999999
10.446 6.430999999999999
12.9 6.43
11.381 6.43
12.961 6.4350000000000005
11.404 6.43
12.551000000000002 6.432
10.417 6.441
11.694 6.441
10.370000000000001 6.444999999999999
12.636999999999999 6.453
10.005 6.457
10.476 6.457
10.697999999999999 6.455
13.097 6.455
11.816 6.454
10.505 6.454
12.02 6.45
10.769 6.453
12.115 6.451999999999999
9.26 6.455
8.709 6.456
10.956 6.433
11.895 6.444999999999999
12.632000000000001 6.439
13.787000000000003 6.433999999999999
10.273 6.41
11.19 6.411
11.691 6.414000000000001
10.879 6.414000000000001
11.206 6.415
11.875 6.4159999999999995
12.753999999999998 6.419999999999999
8.006 6.397
10.853 6.389
13.272999999999998 6.385000000000001
11.063 6.39
12.520999999999999 6.389
13.498 6.390999999999999
10.674 6.393
12.831999999999999 6.393
9.870999999999999 6.390999999999999
10.391 6.404999999999999
10.864 6.4079999999999995
10.128 6.41
10.843 6.419999999999999
11.129999999999999 6.419
10.992 6.422999999999999
12.209999999999999 6.425
12.957000000000003 6.444
7.9239999999999995 6.453
11.805 6.461
10.634 6.468999999999999
8.825999999999999 6.457
9.448 6.458
10.841999999999999 6.464
10.66 6.463000000000001
11.51 6.462
11.792 6.459999999999999
9.472999999999999 6.453
11.512999999999998 6.455000000000001
10.8 6.455000000000001
12.891 6.442
9.104 6.433999999999999
10.047 6.4399999999999995
11.249 6.449000000000001
9.204 6.459
9.908 6.461
9.894 6.4620000000000015
9.367 6.439
10.174999999999999 6.427
11.215 6.425
12.858999999999998 6.423000000000001
10.081 6.422999999999999
11.184000000000001 6.421
11.535 6.404
9.573 6.4
10.327 6.4079999999999995
10.735 6.424
11.038999999999998 6.436999999999999
10.638 6.436
10.478 6.436999999999999
10.44 6.4399999999999995
10.986 6.451
11.874 6.4479999999999995
12.575999999999999 6.454
10.418000000000001 6.455
11.664000000000001 6.453
11.779 6.457
11.028000000000002 6.456
12.351 6.464
11.689 6.476
10.833 6.483
12.162 6.491
12.084999999999999 6.488
10.793999999999999 6.502
11.813 6.506
12.520999999999999 6.5009999999999994
10.043 6.496
11.759000000000002 6.495999999999999
11.736 6.497
10.488999999999999 6.498999999999999
12.277000000000001 6.497
11.941 6.494999999999999
10.854999999999999 6.495999999999999
12.177 6.502999999999999
11.637 6.498999999999999
11.193 6.513999999999999
11.927 6.5280000000000005
12.378 6.52
10.45 6.519
11.726 6.525
11.401 6.531000000000001
11.685 6.519000000000001
11.814000000000002 6.510000000000001
12.421000000000001 6.5
10.565000000000001 6.483000000000001
12.247 6.485
12.357 6.481000000000001
10.737 6.485
12.177 6.483
12.488000000000001 6.485
10.754999999999999 6.483
11.725 6.481000000000001
11.917 6.4799999999999995
11.22 6.5040000000000004
12.381 6.502000000000001
11.916000000000002 6.489000000000001
11.203 6.489000000000001
12.61 6.487
11.959999999999999 6.498999999999999
11.312000000000001 6.493
11.941 6.5
11.767 6.498999999999999
11.218 6.494999999999999
12.365 6.502
11.634 6.496
11.807 6.5009999999999994
12.182 6.498999999999999
12.1 6.511
11.238000000000001 6.516
12.25 6.516
11.735000000000001 6.497
11.453 6.491999999999999
12.267 6.494999999999999
12.5 6.498999999999999
10.197 6.5040000000000004
12.189 6.498999999999999
10.919 6.505
11.85 6.507000000000001
11.471 6.505
11.981000000000002 6.497
13.043 6.491
10.014000000000001 6.484000000000001
12.149000000000001 6.476000000000001
12.886999999999999 6.4719999999999995
10.345 6.4750000000000005
11.767 6.473
12.286 6.473
10.962 6.473999999999999
11.762 6.476
12.853 6.4799999999999995
10.334 6.4750000000000005
12.078 6.4750000000000005
13.472000000000001 6.4750000000000005
11.031999999999998 6.473
13.357 6.471
10.417 6.486
13.491 6.487
13.607999999999997 6.485
10.206999999999999 6.484999999999999
11.942 6.491
11.249 6.49
11.842 6.502000000000001
11.849 6.491999999999999
12.402 6.492000000000001
11.360999999999999 6.491999999999999
11.239 6.493
13.385 6.493
7.8262 6.492000000000001
13.196 6.514
10.024 6.522
11.749 6.523999999999999
12.817 6.525
10.217 6.543
11.954 6.549
11.960999999999999 6.545000000000001
11.32 6.548
12.194999999999999 6.547
12.072 6.548
10.928 6.5489999999999995
12.088 6.555
12.133 6.549
10.881 6.566000000000001
12.350999999999999 6.545000000000001
12.049999999999999 6.514
11.026 6.515
12.138000000000002 6.512999999999999
12.879999999999997 6.515
13.717000000000002 6.517
10.332 6.516
11.626999999999999 6.510000000000001
12.895999999999999 6.508
10.776 6.509999999999999
11.579 6.497999999999999
12.931999999999999 6.470000000000001
10.077 6.478000000000001
10.332999999999998 6.4750000000000005
12.57 6.478000000000001
11.609 6.484000000000001
11.986 6.4879999999999995
11.84 6.488
11.643 6.485
12.148 6.487
12.555 6.464
10.847000000000001 6.451999999999999
11.869 6.455
12.131 6.457
11.700000000000001 6.460000000000001
11.477 6.458
16.115 6.461
10.341999999999999 6.476
11.911000000000001 6.5
13.065999999999999 6.512999999999999
10.377 6.526
12.012 6.54
13.36 6.5360000000000005
10.187 6.531000000000001
11.568999999999999 6.529999999999999
13.449 6.526
13.019 6.525
13.995 6.523999999999999
14.346 6.526999999999999
12.155000000000001 6.527999999999999
11.384 6.513000000000001
12.226 6.510000000000001
12.264999999999999 6.503
11.279000000000002 6.505
12.372 6.506
12.275 6.515
11.068000000000001 6.514
