13.13 12.94
14.09 12.889999999999999
16.31 13.01
12.82 12.94
14.280000000000001 12.94
16.16 13.01
13.01 12.959999999999999
14.360000000000001 12.870000000000001
15.7 12.870000000000001
12.920000000000002 12.889999999999999
14.48 12.889999999999999
15.58 12.870000000000001
12.740000000000002 12.870000000000001
14.6 12.870000000000001
15.21 12.839999999999998
13.16 12.839999999999998
15.09 12.959999999999999
15.310000000000002 12.959999999999999
13.28 12.920000000000002
14.89 12.959999999999999
15.06 13.01
12.839999999999998 12.870000000000001
15.010000000000002 12.839999999999998
15.010000000000002 12.889999999999999
12.740000000000002 12.839999999999998
15.379999999999999 12.959999999999999
14.649999999999999 12.959999999999999
12.959999999999999 12.82
15.379999999999999 12.920000000000002
14.7 12.94
12.870000000000001 12.82
15.36 12.839999999999998
14.549999999999999 12.839999999999998
12.790000000000001 12.82
15.14 12.839999999999998
14.31 12.839999999999998
12.740000000000002 12.839999999999998
15.55 12.94
13.87 12.94
13.04 12.920000000000002
15.770000000000001 12.989999999999998
14.280000000000001 12.94
13.13 12.839999999999998
16.09 12.989999999999998
13.919999999999998 12.94
13.04 12.920000000000002
15.939999999999998 12.959999999999999
13.62 12.889999999999999
13.01 12.839999999999998
16.33 12.889999999999999
13.669999999999998 12.839999999999998
13.13 12.82
15.479999999999999 12.870000000000001
15.260000000000002 12.889999999999999
13.309999999999999 12.839999999999998
15.75 12.870000000000001
14.499999999999998 12.870000000000001
13.43 12.82
15.770000000000001 12.870000000000001
15.43 12.870000000000001
13.77 12.82
15.160000000000002 12.870000000000001
14.62 12.870000000000001
13.16 12.82
14.360000000000001 12.870000000000001
14.719999999999999 12.870000000000001
12.889999999999999 12.82
14.45 12.839999999999998
15.06 12.870000000000001
12.740000000000002 12.839999999999998
13.38 12.839999999999998
13.01 12.839999999999998
13.350000000000001 12.920000000000002
15.09 12.959999999999999
13.87 12.959999999999999
13.530000000000001 12.959999999999999
14.99 12.94
13.23 12.94
15.190000000000001 12.959999999999999
12.989999999999998 12.870000000000001
13.04 12.839999999999998
15.409999999999998 12.870000000000001
13.33 12.82
13.23 12.839999999999998
14.6 12.839999999999998
14.67 12.870000000000001
13.38 12.920000000000002
14.84 12.94
14.14 12.959999999999999
13.33 12.94
13.669999999999998 12.839999999999998
15.229999999999999 12.870000000000001
13.26 12.889999999999999
12.870000000000001 12.82
15.310000000000002 12.839999999999998
13.350000000000001 12.870000000000001
13.919999999999998 12.839999999999998
16.11 12.94
14.11 12.989999999999998
12.6 12.920000000000002
14.21 12.94
15.5 12.989999999999998
12.67 12.889999999999999
12.989999999999998 12.920000000000002
16.33 12.889999999999999
13.5 12.889999999999999
12.67 12.870000000000001
15.110000000000001 12.889999999999999
14.67 12.889999999999999
12.740000000000002 12.839999999999998
13.350000000000001 12.870000000000001
16.939999999999998 12.889999999999999
12.7 12.920000000000002
12.740000000000002 12.839999999999998
15.7 12.94
14.21 12.959999999999999
13.23 12.94
14.26 12.959999999999999
15.97 12.959999999999999
12.889999999999999 12.94
12.770000000000001 12.959999999999999
16.63 12.989999999999998
13.48 12.989999999999998
13.209999999999999 12.94
15.939999999999998 12.989999999999998
16.55 13.04
13.309999999999999 12.94
14.11 12.94
17.580000000000002 13.01
13.569999999999999 12.989999999999998
13.48 12.94
16.09 13.01
15.040000000000001 12.989999999999998
13.209999999999999 12.989999999999998
15.229999999999999 12.959999999999999
16.06 12.989999999999998
13.309999999999999 12.989999999999998
14.09 12.989999999999998
15.6 13.089999999999998
14.940000000000001 13.01
14.99 12.989999999999998
17.72 13.01
14.790000000000001 13.01
13.43 12.989999999999998
15.310000000000002 13.01
14.89 12.989999999999998
15.229999999999999 12.959999999999999
15.06 13.01
15.920000000000002 12.989999999999998
14.31 12.989999999999998
14.06 12.959999999999999
16.53 12.989999999999998
14.84 13.01
13.569999999999999 12.94
17.26 13.04
14.75 12.959999999999999
13.38 12.94
15.329999999999998 13.01
15.920000000000002 13.01
13.43 12.959999999999999
15.58 13.01
16.189999999999998 12.989999999999998
13.62 12.959999999999999
14.97 13.01
16.8 13.01
13.309999999999999 12.989999999999998
14.09 12.959999999999999
15.310000000000002 13.01
15.7 13.01
13.84 12.959999999999999
17.31 13.01
14.719999999999999 13.01
13.87 12.959999999999999
15.36 13.04
16.99 13.01
14.649999999999999 13.04
17.68 13.13
16.869999999999997 13.669999999999998
14.16 13.5
15.6 13.38
16.48 13.28
14.06 13.11
14.180000000000001 13.059999999999999
16.36 13.089999999999998
15.72 13.309999999999999
15.040000000000001 13.309999999999999
16.63 13.55
15.14 13.62
15.010000000000002 13.450000000000001
16.650000000000002 13.38
15.409999999999998 13.5
15.329999999999998 13.38
16.99 13.350000000000001
15.58 13.62
13.79 13.450000000000001
15.989999999999998 13.4
16.06 13.350000000000001
13.48 13.209999999999999
15.65 13.11
16.650000000000002 13.04
13.79 12.989999999999998
15.190000000000001 13.01
16.89 13.01
13.719999999999999 12.959999999999999
14.940000000000001 13.059999999999999
17.82 13.600000000000001
13.99 13.48
14.360000000000001 13.350000000000001
17.36 13.23
14.62 13.089999999999998
14.280000000000001 12.989999999999998
17.549999999999997 13.01
15.36 13.01
13.94 12.989999999999998
17.43 13.11
14.84 13.11
13.700000000000001 12.989999999999998
16.85 13.04
15.160000000000002 13.01
13.48 13.01
16.14 13.059999999999999
15.010000000000002 13.01
13.28 12.959999999999999
16.24 13.04
16.16 13.01
13.65 12.959999999999999
16.41 13.01
16.33 13.089999999999998
13.62 13.01
15.920000000000002 13.01
15.870000000000001 13.11
13.700000000000001 13.01
15.160000000000002 12.989999999999998
16.36 12.989999999999998
13.700000000000001 12.989999999999998
15.28 12.989999999999998
16.89 13.01
13.530000000000001 12.989999999999998
14.31 12.959999999999999
14.97 12.989999999999998
16.63 13.01
15.21 12.989999999999998
17.14 13.01
13.819999999999999 12.989999999999998
14.82 12.959999999999999
16.650000000000002 13.01
13.889999999999999 12.959999999999999
13.94 12.94
17.46 13.04
14.01 13.01
14.21 12.989999999999998
16.48 13.059999999999999
14.48 12.989999999999998
14.499999999999998 12.989999999999998
17.02 13.059999999999999
13.889999999999999 12.989999999999998
14.180000000000001 12.959999999999999
17.599999999999998 13.16
14.31 13.18
14.549999999999999 13.059999999999999
17.41 13.04
14.23 12.989999999999998
14.180000000000001 12.94
16.5 13.01
13.889999999999999 12.959999999999999
14.180000000000001 12.94
16.580000000000002 13.01
14.04 12.959999999999999
14.09 12.94
16.75 13.01
13.600000000000001 12.94
13.94 12.94
16.31 13.01
13.84 12.959999999999999
13.889999999999999 12.920000000000002
17.02 12.989999999999998
13.18 12.94
14.180000000000001 12.959999999999999
16.53 12.989999999999998
13.600000000000001 12.94
14.31 12.959999999999999
16.72 13.01
13.18 12.94
14.26 12.94
16.75 12.989999999999998
13.26 12.959999999999999
14.26 12.959999999999999
15.870000000000001 12.989999999999998
