13.582300000000004 8.833400000000001
13.478599999999998 8.6097
17.402999999999995 8.9646
15.075 8.999300000000002
16.028000000000002 8.9708
13.134599999999999 8.556700000000001
12.3536 8.609300000000001
14.518899999999999 8.4686
14.9588 8.7881
13.766799999999998 9.0274
11.320299999999998 8.327500000000002
12.370199999999997 8.273400000000002
15.452399999999999 8.6914
12.5999 8.5787
12.4998 8.3465
12.3354 8.518
14.4614 8.4716
14.546100000000001 8.982999999999999
14.975 8.996099999999998
13.3372 9.146799999999999
13.285200000000003 9.044900000000002
17.5932 9.785200000000001
14.099 9.815000000000001
12.2645 8.968699999999998
13.705900000000002 8.592600000000001
14.238599999999998 8.7276
14.271999999999998 8.909
18.084 9.4029
14.619000000000002 9.153199999999998
14.560999999999998 9.2563
13.862999999999998 9.2946
15.0059 9.2597
15.290600000000001 9.080200000000001
15.697000000000003 8.8763
14.627800000000002 8.8605
14.0002 8.590299999999997
15.22 9.021799999999999
13.6845 8.566699999999999
12.898200000000001 8.552100000000001
12.8647 8.738400000000002
14.988499999999998 8.5586
14.973 8.9336
15.4887 9.1328
15.877500000000003 9.4078
14.740499999999997 9.4559
14.989899999999997 9.2459
16.140200000000004 9.393899999999999
14.2658 9.3449
12.9789 8.863299999999999
16.304 9.1142
14.662700000000001 9.643499999999998
13.9173 9.196000000000003
16.404100000000003 8.9002
15.1196 8.899700000000001
13.688999999999998 8.823699999999999
12.318900000000001 8.636
11.9479 8.6405
9.914299999999999 8.465900000000001
12.2144 8.567499999999999
11.4501 8.190199999999999
12.5598 8.48
13.6385 8.5938
15.719799999999998 9.143600000000001
13.418300000000002 8.928
14.452300000000001 9.3878
14.5965 9.164000000000001
14.139 8.915
14.7125 9.3762
13.656400000000001 9.2223
11.6894 8.619
13.6573 8.529300000000001
12.762799999999999 8.671700000000001
14.557200000000003 8.473600000000001
13.3785 8.8243
11.330900000000002 8.760200000000001
11.125999999999998 8.5871
10.779 8.498399999999998
12.746400000000001 8.0604
11.4067 8.3801
12.8462 8.563799999999999
13.8347 8.7984
15.853199999999998 9.2584
14.3209 9.135
12.369 8.997199999999998
11.9187 8.574699999999998
11.902099999999999 8.0489
14.674400000000004 8.2618
12.0462 8.375499999999999
13.9452 8.1978
13.327300000000001 8.4672
14.783000000000001 8.4744
15.625999999999998 8.995000000000001
15.929800000000002 9.0725
16.4648 9.112200000000001
15.506 9.209600000000002
14.457999999999998 9.149000000000001
15.755700000000001 9.3446
14.0188 8.755199999999999
15.9819 9.465699999999998
16.827 9.3211
15.341000000000001 9.1405
15.2907 8.8679
17.395000000000003 9.1231
15.942899999999998 9.456600000000002
18.047 9.3821
16.314 9.757599999999998
14.248000000000003 9.1874
17.4704 9.246400000000001
16.591 9.2809
18.302 9.6296
15.498599999999998 9.0564
18.3489 9.1617
17.648799999999998 9.814400000000001
17.134000000000004 9.795
14.886999999999997 9.659
16.418 9.753599999999999
15.632000000000001 9.126800000000001
16.296 8.6236
15.950000000000001 8.800000000000002
17.522000000000002 8.8152
19.893 9.6453
18.834999999999997 9.568299999999999
18.595 9.5936
15.964 9.366299999999999
17.69 9.7492
17.456 9.703100000000001
18.060000000000002 9.532
16.272999999999996 9.7286
17.5901 9.4359
19.171 9.5452
14.578999999999997 8.9313
18.477 9.1793
17.612 9.185699999999999
16.546 8.994799999999998
15.795 8.9735
16.844 9.087
15.945 9.134799999999998
19.953 9.3959
21.16 9.541899999999998
17.62 9.151699999999998
16.515 9.4173
20.209000000000003 9.601899999999999
15.092999999999998 9.1113
14.739999999999998 8.4754
17.351 8.773800000000001
18.057000000000002 9.8161
15.106 9.37
18.925 8.979899999999999
21.693999999999996 10.2878
16.272000000000002 9.8731
19.983999999999998 9.4635
16.990999999999996 9.827000000000002
16.924 9.120999999999999
14.3758 8.9432
18.852000000000004 9.4525
17.9 9.5922
19.328 8.9371
22.443999999999996 9.8295
19.169 9.4657
22.38 9.729100000000003
20.988999999999997 9.8879
18.856 9.6283
14.963000000000001 9.2532
16.881 9.1967
19.066000000000003 9.4633
20.669 9.955000000000002
26.662000000000003 10.235
21.798 10.5306
25.027 10.755
21.650999999999996 10.8384
21.789 10.570699999999999
17.810000000000002 9.9506
18.67 9.688
20.446 9.4932
21.067000000000004 9.1677
24.138 10.075399999999998
23.735999999999997 10.3075
26.264 10.848700000000001
23.514 11.0733
25.289 10.623099999999999
22.245 10.3179
21.638 10.0756
22.509 9.9789
22.127000000000002 10.3621
22.525000000000002 9.865599999999999
26.197000000000003 10.148499999999999
24.827000000000005 10.4484
26.500999999999998 10.2819
25.167 10.643400000000002
23.021 10.6624
20.713 9.906699999999999
22.410000000000004 9.9133
21.784000000000002 9.874199999999998
21.258000000000003 9.6219
23.598999999999997 9.985899999999999
28.601 10.1576
24.919000000000004 10.1676
20.773000000000003 10.169
19.372 9.4736
19.239000000000004 9.6222
20.613 9.592
20.798 10.0939
20.628 10.0877
21.212999999999997 9.9813
27.643 10.1393
22.792 10.232800000000001
19.131999999999998 9.831900000000001
20.334000000000003 9.854500000000002
18.377 9.704500000000001
18.128 9.322700000000001
18.438 9.447700000000001
18.153 9.3333
25.013999999999996 9.850000000000001
23.551 10.7941
28.598000000000003 11.743799999999997
22.928999999999995 10.645399999999999
20.487 9.7285
19.581 9.338799999999999
18.328 9.4146
16.860999999999997 9.451299999999998
18.146 9.6128
20.272000000000002 9.1048
23.683999999999997 9.608
27.153 10.0412
23.447 9.8627
22.234000000000005 10.1654
22.174000000000003 10.0733
18.426000000000002 10.092699999999999
16.75 9.8497
17.987000000000002 9.697
20.906 10.2133
24.701000000000004 10.092400000000001
24.115000000000002 10.4535
22.871 10.4081
20.711 10.2004
21.361 10.017800000000001
21.959 9.969200000000003
18.669 9.5258
15.847000000000003 9.2727
16.36 8.880500000000001
21.315999999999995 9.433
22.855000000000004 10.066699999999999
19.485999999999994 9.5481
19.332 9.522100000000002
21.093 9.615799999999998
21.040999999999997 9.6975
19.557 9.5172
17.904999999999998 9.2775
19.137 9.3031
22.42 9.7034
26.568 10.087299999999999
23.281999999999996 10.692100000000002
19.281000000000002 9.7984
19.413000000000004 9.780100000000003
19.310999999999996 10.054200000000002
19.837999999999997 9.7818
19.171 9.9789
19.474999999999998 10.020599999999998
19.694000000000003 9.8185
23.059 10.2373
22.397 9.979600000000001
21.327 10.0332
23.311999999999998 10.4634
19.207 10.095600000000001
22.51 10.279300000000003
18.119000000000003 10.5382
17.532 9.893699999999999
22.04 10.103500000000002
19.220000000000002 10.216
20.498999999999995 10.344700000000001
20.534 10.0251
18.147 9.887199999999998
19.567999999999998 9.8918
19.553 9.703100000000001
16.604 9.697899999999999
14.854500000000002 9.171899999999999
15.672999999999998 9.005
16.898 9.316099999999999
18.672 9.4776
16.432 9.617600000000001
14.935 9.565900000000003
13.9039 8.9866
14.6127 9.081900000000001
15.714999999999996 9.156899999999998
13.313 9.1346
13.520999999999999 8.659600000000001
13.2402 8.5138
15.740100000000002 8.6262
