13.997499999999999 9.0848
12.815600000000002 9.1256
14.296899999999999 8.761199999999999
14.135 8.8148
14.268499999999998 8.834399999999999
15.452499999999997 9.369900000000001
14.781200000000002 9.661299999999999
13.433900000000001 9.334299999999999
26.573900000000002 15.1041
19.361700000000003 11.6128
15.171000000000001 9.6938
13.4882 9.3723
18.224 9.8574
15.245000000000001 9.4872
13.3647 8.9451
13.431999999999999 8.7628
14.123800000000001 9.0781
14.208000000000004 9.4254
15.026 9.5685
13.697000000000001 9.2679
15.6252 9.1612
13.9158 9.1439
14.044 9.211
14.801 9.176
15.618999999999996 9.5425
15.535000000000002 9.5615
15.543999999999999 9.4436
14.139000000000001 9.557200000000002
13.761000000000001 9.4082
16.749 9.518299999999998
16.526000000000003 9.971499999999999
15.266000000000002 9.7608
14.717999999999998 9.8305
15.805 9.877300000000002
13.724000000000004 9.6591
14.521 9.385
14.440999999999999 9.565800000000001
14.216999999999999 9.3491
14.973 9.918299999999999
13.618 10.0314
16.665 10.037499999999998
15.260999999999997 9.6348
15.717 9.7144
13.4768 9.5228
15.894999999999998 9.5617
14.761000000000003 9.611
14.876999999999999 10.1464
15.878 10.1614
14.347999999999999 9.7103
15.034999999999998 9.2387
12.619 9.118400000000001
13.171 8.7623
12.538000000000002 8.769999999999998
13.55 9.2887
13.201000000000002 8.6068
12.968399999999999 8.632599999999998
11.6812 8.6646
10.953100000000001 8.6914
12.737300000000001 8.7894
11.9415 8.5289
11.650900000000004 8.9867
12.6687 8.394
12.754999999999999 8.6576
12.753300000000001 8.762100000000002
12.025100000000002 9.315599999999998
11.093800000000002 8.677100000000001
12.7863 8.8534
11.9808 9.064
12.2233 8.5074
12.306000000000001 8.8392
11.425 8.7015
11.9801 8.577000000000002
11.7407 8.7003
11.068899999999998 8.4548
11.7954 8.598799999999999
10.885200000000001 8.6736
12.6277 8.4839
11.14 8.2745
12.0969 8.412
12.331999999999999 8.4228
12.072800000000003 8.4481
11.1663 8.297399999999998
10.8794 8.2481
14.0405 8.8336
13.963999999999999 8.982
13.985100000000001 9.1099
12.389000000000001 8.904600000000002
12.3546 9.212700000000002
14.59 9.298
12.7946 9.273700000000002
13.338 8.7682
14.451999999999998 8.723799999999999
14.313 8.283999999999999
16.68 9.152299999999999
16.468 9.6622
18.65 9.777500000000002
16.369 9.8116
15.361999999999998 9.4658
13.917499999999999 9.193100000000001
15.207999999999998 9.2882
13.486999999999998 8.685799999999999
14.0709 8.8673
14.182 8.9662
16.294999999999998 9.3147
17.642 9.9458
18.115000000000002 9.354099999999999
14.798999999999998 9.128400000000001
15.452000000000002 9.5623
18.654000000000003 9.8481
15.870999999999999 9.549700000000001
18.651 9.684099999999999
14.875 9.7863
15.035000000000002 9.459900000000001
19.299000000000003 9.293
19.406 9.7158
17.683 9.719700000000001
17.403000000000002 9.524400000000002
17.476000000000003 9.732600000000001
17.778000000000002 9.9297
16.0278 9.794599999999999
18.724999999999998 9.0384
19.679999999999996 9.3257
18.053 9.648000000000001
20.372 9.9201
19.91 9.9366
19.329 10.105900000000002
19.169 9.8069
17.423000000000002 9.4145
16.208 8.914100000000001
16.2173 9.178700000000001
17.434 9.222800000000001
14.536999999999999 9.093
21.655 9.426600000000002
23.842 9.931099999999999
17.532 9.752600000000001
17.721 9.5187
17.104 9.383300000000002
16.13 9.118200000000002
18.662 9.2073
16.936 9.7157
14.552000000000001 9.2051
17.703000000000003 9.1749
18.801000000000002 9.823699999999999
21.508 10.0298
19.593 9.913900000000002
18.445 9.878
15.106 9.503
15.371700000000002 9.328100000000001
16.7728 9.3863
17.45 9.0672
17.043999999999997 9.3232
18.891 9.3458
22.306 9.5467
23.493 9.453600000000002
23.621 9.4342
18.580000000000002 9.6365
18.611 9.737000000000002
17.668999999999997 9.821200000000003
16.804 9.1784
18.486 9.1667
18.485000000000003 9.347800000000001
25.787000000000006 10.2913
25.214 10.320199999999998
20.998 10.0345
19.049999999999997 9.592699999999999
19.075999999999997 9.0733
19.147 9.337499999999999
20.956999999999997 9.5941
23.448000000000004 9.542
24.933 10.3363
27.105 10.3968
24.276999999999997 9.7709
28.458 10.5314
23.871000000000002 9.915799999999999
22.106 9.512200000000002
24.159 9.5434
20.895000000000003 9.8419
22.354 10.1505
23.88 9.9523
24.906 10.1537
25.326000000000004 10.198199999999998
26.459000000000003 10.826600000000001
24.262 11.285900000000002
21.240000000000002 10.802399999999999
20.213000000000005 10.334499999999998
21.899 9.904900000000001
20.016 9.9449
23.625 9.6688
20.916999999999998 9.7898
25.012 9.8815
22.000000000000004 9.9336
23.834000000000003 9.6335
21.604 9.7491
20.217999999999996 9.3932
20.901 9.1826
20.443 9.3959
21.451999999999998 9.303500000000001
24.596999999999998 9.826
27.343999999999998 10.5345
24.798000000000002 10.5766
25.261 10.2948
25.054 10.673700000000002
19.033 10.238700000000001
21.952999999999996 9.8598
22.932000000000002 10.3696
20.992 10.0794
19.677000000000003 10.072000000000001
25.012999999999998 10.0295
23.822 10.5953
22.282 10.461
23.11 10.6988
17.935000000000002 10.1637
18.605 9.510299999999999
21.615000000000002 9.8183
21.211000000000002 9.7115
20.104000000000003 9.9573
23.789999999999996 9.880600000000001
24.507999999999996 10.231300000000001
21.801000000000002 10.862200000000001
21.234 10.249299999999998
21.008 9.8964
19.853000000000005 10.215300000000001
19.334 9.712800000000001
22.159000000000002 9.985899999999999
17.86 9.7564
18.546 9.7166
28.347000000000005 10.3715
22.719000000000005 10.4773
22.395 10.5148
23.908999999999995 11.0002
20.465999999999998 10.3144
22.041000000000004 9.9453
21.113 10.533099999999997
19.755 10.161999999999999
17.602 9.8111
21.736 9.3984
24.203 10.0423
19.764 9.934999999999999
21.501 10.3389
18.939 10.1081
20.255999999999997 9.5814
19.344000000000005 9.9175
17.55 9.2552
17.011 9.0988
20.793 9.358
24.971 10.357099999999999
21.315 10.364899999999999
20.020999999999997 10.2918
18.238000000000003 10.3789
19.728999999999996 10.135900000000001
20.962000000000003 10.7841
23.581000000000003 11.157899999999998
20.586000000000002 10.867599999999998
19.767000000000003 10.349999999999998
21.833 10.5493
24.2891 11.372799999999998
22.295399999999997 11.4851
19.243000000000002 10.9872
16.634999999999998 10.219399999999998
18.968 9.8249
18.5603 10.3206
17.836 9.7994
17.051 9.615100000000002
16.969199999999997 9.4092
25.338 10.456999999999999
18.245 10.294599999999999
20.656 10.105
16.708000000000002 9.622399999999999
16.8488 9.5125
19.177 10.056300000000002
18.446 10.0894
17.467 10.123700000000001
17.046 10.0329
19.974999999999998 9.7688
16.789 9.393
15.693000000000001 9.0077
15.020999999999999 9.2851
12.717600000000001 8.957899999999999
18.494999999999997 9.325700000000001
15.309399999999998 9.65
15.533000000000003 9.5648
17.7848 9.5548
20.935000000000002 9.829400000000001
16.233800000000002 10.176300000000001
15.778599999999997 9.8347
13.835 9.0933
15.658299999999997 8.8778
16.6488 8.9596
