14.797899999999997 9.0234
12.4403 8.3353
10.743800000000002 7.928600000000001
11.046 7.8057
17.4278 9.0014
14.188099999999999 8.746400000000001
13.016 8.7128
14.3951 8.943
14.643600000000001 8.8741
12.924699999999998 8.861400000000001
11.275400000000001 8.4153
10.250200000000003 7.8675
10.383299999999998 7.806399999999999
14.599200000000002 8.9575
17.6063 9.274600000000001
13.6323 9.2218
17.2228 9.576600000000001
18.3364 9.5666
14.716999999999997 9.0229
13.0078 8.655199999999999
11.710099999999999 8.0326
12.079299999999998 8.3263
13.1267 8.3536
15.328200000000002 8.591199999999999
14.0462 8.773
13.8496 8.8021
18.604499999999998 9.4205
14.118000000000002 9.5006
12.7673 8.9387
12.011499999999998 8.604000000000003
13.606499999999999 8.5622
12.6718 8.5843
11.630600000000001 8.6171
18.91 9.2562
13.2875 9.178799999999999
12.067899999999998 8.866
18.806000000000004 9.694200000000002
14.231000000000002 9.5514
12.12 8.8328
12.0143 8.427999999999999
10.956299999999999 8.1982
11.642599999999998 8.436499999999999
15.2268 8.926700000000002
12.667200000000001 8.9378
11.720600000000001 8.7944
19.195 9.0668
12.9986 9.0056
12.395800000000001 8.737999999999998
11.7727 8.700400000000002
10.852899999999998 8.910699999999999
10.997600000000002 8.5032
12.778 8.2145
11.5611 8.4187
12.7704 9.0131
18.5037 9.4658
13.4322 9.527500000000002
13.8878 9.074699999999998
12.577199999999996 9.1203
12.3811 9.1501
12.9293 9.2551
11.179400000000001 8.8438
14.343 9.099000000000002
12.4824 8.751099999999997
16.034000000000002 9.151
13.6401 9.380099999999999
13.3356 8.8318
12.8936 8.2386
11.1448 8.0326
12.997999999999998 8.0411
11.808499999999999 8.073400000000001
14.4707 8.9411
11.4606 8.9389
13.980500000000001 8.862300000000001
17.7456 9.226600000000001
13.667000000000002 8.8758
11.4406 8.748600000000001
9.5502 8.2732
12.1203 8.3455
9.6724 7.8878
12.6059 8.4452
10.9435 8.4893
13.186300000000001 8.3948
15.9125 9.2471
13.4873 9.133100000000002
15.2308 9.5749
12.6467 8.9758
12.6298 8.8085
13.008000000000001 9.0658
11.3914 9.149700000000001
14.1922 9.0934
14.7358 9.2697
18.6817 9.73
13.616499999999998 9.376600000000002
16.4741 9.116200000000001
16.963 9.3722
11.9031 9.0057
13.959000000000001 8.4731
14.429400000000001 8.942899999999998
14.002999999999998 8.933799999999998
14.3024 9.128699999999998
20.185 9.634899999999998
16.1774 9.6374
16.198 9.6302
17.233 9.375300000000001
15.338 9.654599999999999
15.242499999999998 9.3214
13.111 9.045499999999999
13.995000000000001 8.4951
13.832 8.679800000000002
22.508999999999997 9.4478
17.282 9.6309
16.272000000000002 9.400699999999999
20.195 9.849
16.375999999999998 9.245500000000002
16.4005 9.5741
15.395799999999998 9.3925
16.577299999999997 9.0761
15.201299999999998 9.0144
24.263999999999996 10.054099999999998
17.257 10.227100000000002
17.537 9.8977
17.553 9.611099999999999
17.813 9.8077
16.726999999999997 9.7819
16.95 9.833099999999998
14.757000000000001 9.532000000000002
15.6802 9.3279
20.085 9.736200000000002
19.261 10.029
14.976 10.014000000000001
18.096 9.6393
17.321 9.826
17.356 9.527800000000001
17.242 9.163700000000002
15.692999999999998 9.435000000000002
16.089000000000002 10.0487
21.255000000000003 9.847199999999999
20.855999999999998 10.3384
17.478 10.020199999999999
17.195 9.860899999999997
16.255999999999997 9.213000000000001
17.526 9.243500000000001
17.656000000000002 9.5607
15.165900000000002 9.0333
15.007000000000001 8.9828
18.605 9.027000000000001
22.125999999999998 9.909899999999999
18.125999999999998 9.984399999999999
18.001000000000005 9.769099999999998
19.957 9.741800000000001
19.194 9.811999999999998
21.781 10.0602
15.229000000000001 9.352200000000002
17.69 9.0196
20.181 9.589599999999999
23.388 10.1068
20.214000000000002 10.3865
22.979 10.690400000000002
19.216 10.3737
17.476 9.7707
20.837999999999997 9.648400000000002
17.584000000000003 9.7127
19.562000000000005 9.5308
17.5 9.277600000000001
22.282999999999998 10.275899999999998
17.317 10.2742
17.98 9.703100000000001
20.7 9.474499999999999
18.977000000000004 9.530000000000001
20.753 9.860500000000002
22.558999999999997 10.240499999999999
22.022 10.0843
19.663 9.8185
24.921 10.060699999999999
24.213000000000005 10.54
20.573 10.115300000000001
21.803999999999995 9.7653
19.236 9.5159
24.448999999999998 9.4799
20.692999999999998 10.2721
22.224 9.9685
25.619999999999997 10.942599999999999
23.524 10.6942
25.381000000000004 10.675099999999999
23.502000000000002 10.6091
22.905 10.3006
24.213 10.331800000000001
25.209 10.6489
24.08 10.473599999999998
19.879 10.158100000000001
25.694 10.4207
22.698999999999998 10.2411
24.656000000000006 10.1845
24.500999999999998 10.265999999999998
18.489 9.7199
22.607 9.9753
24.646 10.689700000000002
22.529000000000003 10.988
22.363 10.712200000000001
21.133000000000003 10.599099999999998
21.682999999999996 10.284099999999999
24.347 10.0029
26.527 10.706000000000001
19.827 10.408199999999999
22.308 10.0575
27.491 10.289000000000001
22.146 10.1154
20.713 10.6208
18.809 9.910300000000001
19.367 9.9068
20.616 9.932
26.709999999999994 10.4015
21.215 10.1075
20.346999999999998 10.141499999999999
24.743 10.512099999999998
20.381 10.3692
19.862000000000002 10.215499999999999
19.323 9.7597
18.436 9.645499999999998
25.244 10.0885
21.872000000000003 10.3255
25.551999999999996 10.7316
23.75 10.6485
27.697999999999993 10.916199999999998
21.853 10.764100000000001
19.689000000000004 10.475900000000001
19.406 10.1762
22.189 10.372399999999999
23.668 10.680100000000001
24.817 10.8014
22.595000000000002 11.017599999999998
21.432 10.5787
24.130000000000003 10.623099999999999
24.019999999999996 11.0658
22.020000000000003 11.2801
21.486 11.135800000000001
21.189 10.5732
21.563 10.553199999999999
21.698 10.8216
22.195999999999998 10.6548
20.990999999999996 10.726600000000001
22.107000000000003 10.521600000000001
25.095 10.993799999999998
23.273 11.0159
21.449 10.568999999999999
22.094 10.5625
20.13 10.3649
20.362 10.264400000000002
21.722 10.3653
20.622 10.038099999999998
22.498 10.563799999999999
24.365000000000002 10.7175
27.276 10.932699999999999
22.097 11.188999999999998
20.753 10.675299999999998
23.24 10.858699999999999
23.368000000000002 10.8635
23.770999999999997 10.548100000000002
23.722 10.769999999999998
21.688000000000002 10.406799999999999
21.227999999999998 10.472800000000001
20.651 9.9643
20.294 9.982
19.099 9.9173
19.924 9.9958
18.506 9.777399999999998
19.936 10.081000000000001
18.330000000000002 10.646899999999999
20.149 10.5709
19.717 10.7044
17.624 10.760200000000001
19.724 10.5308
18.747000000000003 10.500499999999999
21.515 10.035199999999998
18.351 10.024499999999998
18.197999999999997 10.022000000000002
18.98 10.616
17.548 10.3682
16.127999999999997 9.6596
16.055 9.6227
15.1778 9.623899999999999
16.208 9.4361
14.832899999999999 9.266899999999998
15.059999999999999 9.557599999999999
16.365000000000002 10.1502
15.855 10.4271
14.479000000000001 9.8485
12.9346 9.0977
