25.999859999999998 26.591970000000003
18.569570000000002 25.862900000000007
19.910750000000004 26.012899999999995
21.156370000000006 26.128519999999998
26.118370000000002 26.405760000000004
28.33836000000001 26.6175
29.14139999999999 26.776360000000004
29.33077 26.99399999999999
29.06243 26.434899999999995
27.442610000000002 26.17009999999999
27.897479999999998 26.145330000000012
26.150299999999998 26.08335
26.12790000000001 26.311999999999998
25.5635 26.156300000000005
28.379399999999993 26.45879999999999
26.417799999999986 26.451399999999996
27.46670000000001 26.541500000000013
26.599160000000005 26.667329999999996
27.193699999999993 26.234630000000003
26.92061 25.804899999999993
25.828590000000002 25.2738
25.912810000000007 25.46466999999999
26.09882999999999 25.51124
26.461439999999993 25.493439999999996
24.655616999999992 25.42296
26.569899999999997 25.73221
26.331199999999992 25.876899999999996
25.725600000000004 25.85779999999999
25.149000000000004 25.880600000000005
26.050600000000006 25.998699999999996
27.1779 26.0986
24.008599999999998 25.900299999999994
26.96966000000001 26.18022
25.455700000000007 25.638180000000006
20.771720000000006 25.19574
22.41608 25.443070000000002
22.429049999999997 25.494089999999993
20.492870000000003 25.286650000000005
19.522360000000006 25.252869999999998
21.673710999999997 25.503970000000002
23.714575999999997 25.634319999999995
26.41348 26.014590000000005
25.600107999999995 26.125920000000008
25.310599999999994 26.174299999999995
26.461670000000005 26.42015000000001
25.68798 25.85349
24.759099999999993 25.905769999999993
25.714223000000004 25.95918
25.31864999999999 25.965970000000006
25.4532 26.098
25.8033 26.1701
25.106900000000003 26.1301
25.759399999999992 26.1466
25.238000000000007 26.1869
25.64529999999999 26.284300000000005
25.504699999999996 26.312800000000003
25.9708 26.4489
25.608999999999995 26.363899999999994
25.704799999999995 26.323400000000003
26.443800000000007 26.41569999999999
24.6531 26.333999999999996
24.316399999999994 26.316199999999995
23.8648 26.295100000000005
24.334200000000003 26.36670000000001
24.972399999999993 26.344500000000004
23.210299999999997 26.28060000000001
24.309099999999994 26.31540000000001
23.5826 26.214799999999993
24.0364 26.344800000000003
24.3708 26.289899999999992
22.174900000000004 26.04610000000001
22.651500000000006 26.205800000000007
21.204099999999993 25.935599999999997
19.295800000000003 25.841400000000004
22.007099999999998 26.018700000000006
20.728099999999998 25.925500000000007
22.977700000000002 26.084200000000006
23.179699999999997 26.184499999999993
24.169499999999992 26.196200000000008
23.600199999999997 26.300599999999996
23.372799999999998 26.172699999999992
23.563400000000005 26.2325
22.588999999999995 26.114200000000004
22.8357 26.102299999999996
23.652900000000002 26.187999999999995
23.548899999999996 26.1967
23.025999999999996 26.176099999999998
22.969699999999996 26.146600000000014
22.706100000000003 26.107800000000005
23.874800000000008 26.134300000000003
23.0443 26.085399999999996
22.74259999999999 26.082600000000006
22.819799999999997 26.099599999999995
23.332800000000002 26.163900000000005
23.25689999999999 26.119400000000002
23.6697 26.162199999999995
22.825499999999995 26.103600000000004
22.6464 25.981700000000004
23.476400000000005 26.055300000000003
23.5915 26.103499999999997
24.110899999999997 26.18850000000001
23.19464 25.666649999999997
21.696040000000004 25.599000000000018
22.062059999999995 25.547899999999995
21.3256 25.520300000000006
21.7929 25.497699999999995
23.622400000000006 25.7406
17.77210000000001 25.256900000000005
20.716800000000003 25.540200000000002
18.643500000000003 25.319599999999998
19.3164 25.417599999999997
19.089199999999995 25.4218
20.002500000000005 25.461600000000008
20.333299999999994 25.540200000000002
21.222300000000004 25.64409999999999
20.9968 25.6283
21.864299999999993 25.639399999999995
21.961199999999998 25.686799999999998
20.388599999999997 25.614399999999993
21.261400000000005 25.705799999999996
21.070500000000003 25.695900000000005
20.873400000000004 25.153399999999998
20.442999999999998 25.59809999999999
19.344099999999997 24.6917
20.903999999999993 25.578399999999995
20.2223 25.524499999999996
21.046999999999993 25.5803
21.202499999999993 25.624899999999997
20.092 25.528900000000004
20.398200000000003 25.56339999999999
20.299199999999995 25.517899999999987
21.154500000000002 25.647099999999995
20.414700000000003 25.572199999999995
21.644700000000004 25.663100000000007
20.566100000000006 25.537699999999997
20.213899999999995 25.4669
20.394000000000002 25.500099999999996
14.519699999999993 25.089900000000004
11.393200000000004 24.8539
13.0365 24.926900000000003
17.043099999999995 25.2986
16.9315 25.199799999999996
16.227400000000006 25.191999999999997
14.2031 25.023500000000006
19.3206 25.3562
20.6692 25.5012
20.822199999999995 25.5747
17.9643 25.34749999999999
19.2891 25.435099999999995
18.769799999999996 25.357000000000003
21.584600000000002 25.533799999999996
21.4504 25.584500000000006
21.138700000000004 25.555099999999992
21.4732 25.573700000000006
21.342500000000005 25.590200000000003
21.809299999999997 25.624299999999998
20.303600000000003 25.443200000000004
21.87 25.6539
20.8602 25.598300000000002
19.849800000000002 25.4443
21.5315 25.5576
20.127899999999997 25.481399999999997
21.593 25.613500000000002
21.817600000000006 25.63450000000001
20.571499999999993 25.5701
22.016499999999997 25.669399999999992
20.105799999999995 25.55719999999999
19.994299999999996 25.533499999999997
20.2774 25.5337
17.7964 25.350400000000008
17.4447 25.329600000000003
18.693499999999997 25.3598
19.586000000000002 25.464499999999994
19.6185 25.427899999999998
18.630700000000004 25.402899999999995
21.419 25.634600000000002
21.164300000000004 25.6384
22.0821 25.6772
21.2342 25.617499999999993
21.029500000000002 25.573799999999995
20.180600000000005 25.56179999999999
19.437600000000003 25.507600000000007
17.150099999999995 25.325800000000005
15.826400000000001 25.177400000000006
18.75330000000001 25.4398
18.393899999999995 25.378600000000002
19.304000000000002 25.475700000000007
18.699200000000005 25.419400000000003
19.7512 25.556800000000003
19.197000000000003 25.490700000000004
18.907299999999996 25.44320000000001
20.103899999999996 25.58479999999999
18.975700000000003 25.439800000000005
20.103800000000003 25.553599999999992
19.321799999999996 25.556099999999994
18.957800000000002 25.472
19.929800000000007 25.6083
19.166200000000007 25.527999999999995
20.353100000000005 25.656000000000002
20.71270000000001 25.6647
20.558599999999995 25.714599999999997
19.88660000000001 25.597799999999992
20.670800000000007 25.696599999999997
21.357 25.7481
19.711000000000002 25.573200000000014
18.783299999999997 25.53649999999999
19.77109999999999 25.610799999999994
21.0732 25.678499999999993
21.175600000000006 25.732800000000005
20.145000000000003 25.681200000000004
18.928499999999996 25.601699999999994
19.2167 25.545299999999997
21.161000000000005 25.7222
21.935399999999998 25.777299999999997
22.0681 25.8699
21.785999999999998 25.809099999999997
22.123499999999996 25.871100000000002
18.209600000000002 25.546000000000003
17.005599999999998 25.475900000000003
15.0215 25.257
15.0947 25.282
18.0855 25.454
21.1883 25.718500000000006
21.4574 25.7859
22.2055 25.907500000000006
22.227099999999997 25.891099999999994
23.363900000000005 25.983799999999995
22.867499999999996 25.986999999999995
22.334000000000003 25.994600000000002
22.3428 25.956099999999992
23.537999999999997 26.0467
22.703100000000003 25.9938
22.872 25.978800000000003
23.271700000000006 26.133399999999995
22.703100000000003 26.034199999999995
23.241900000000008 26.026300000000003
24.011 26.0327
24.660899999999994 26.213900000000002
24.7845 26.230999999999998
23.250799999999998 26.160800000000005
23.679999999999996 26.078200000000002
23.501800000000003 26.151899999999994
22.246500000000005 26.039800000000003
22.427599999999995 26.092600000000004
22.329599999999996 26.033300000000004
21.879800000000003 26.115899999999996
22.876400000000004 26.189300000000003
22.7221 26.1723
16.8041 25.63379999999999
13.598899999999995 25.3775
13.679399999999998 25.395899999999997
14.0201 25.3849
15.092599999999997 25.429399999999998
14.583399999999996 25.391800000000003
12.664099999999994 25.2778
14.867600000000003 25.393100000000008
16.8213 25.5704
18.806900000000006 25.709200000000003
17.83640000000001 25.6951
17.6253 25.6523
19.663 25.852999999999998
21.937500000000007 26.015100000000004
25.08639999999999 26.3756
22.283599999999996 26.2511
22.462500000000002 26.202500000000008
25.795299999999997 26.55890000000001
24.345400000000005 26.5325
23.606999999999996 26.389399999999995
22.345100000000002 26.3337
24.5168 26.484399999999997
25.545299999999994 26.64780000000001
25.659100000000002 26.6197
27.56350000000001 26.7302
28.190700000000007 26.825300000000002
26.64890000000001 26.742199999999993
29.595900000000004 26.98730000000001
27.577399999999997 26.904200000000007
25.798 26.800499999999992
26.007199999999987 26.775199999999998
27.1289 26.884200000000003
26.384300000000003 26.83320000000001
25.488999999999994 26.747599999999995
22.2855 26.48110000000001
23.1081 26.554699999999986
24.6607 26.6289
27.204900000000006 26.856900000000007
27.516999999999996 26.89779999999999
25.7123 26.832399999999996
