10.411299999999999 9.123000000000001
9.274799999999999 9.105000000000002
10.179499999999999 8.746199999999998
11.300699999999999 9.1891
11.2622 9.159499999999998
13.1786 9.6443
9.8382 9.5268
9.5219 9.1023
9.376 9.245
9.6818 8.658299999999999
9.8727 8.7156
8.8005 8.3834
11.6775 8.855300000000002
11.370199999999999 9.174600000000002
10.3596 8.9987
9.142599999999998 8.541799999999999
11.006599999999999 8.706999999999999
10.6448 9.6445
10.783800000000001 9.9627
10.180200000000001 9.2429
10.5583 9.336699999999999
11.173200000000001 9.1631
10.6421 9.408299999999999
10.506400000000001 9.2791
11.2037 9.870499999999998
15.902099999999999 11.9916
12.810849999999999 10.703499999999998
9.562299999999999 8.778
8.052599999999998 7.864399999999999
10.2052 8.2759
10.0644 8.3885
9.675699999999999 8.4176
10.634999999999998 8.5156
9.952599999999999 8.3527
9.7938 8.2551
9.102300000000001 8.849
8.927799999999998 8.0116
8.8404 8.450500000000002
10.2391 8.708200000000001
10.251 8.5544
10.0611 8.8464
9.4496 8.695400000000001
11.6152 9.0058
9.4908 8.6343
10.2308 8.7748
8.5229 8.368100000000002
8.926 8.3476
9.8818 8.077899999999998
9.764100000000001 8.2288
8.640400000000001 8.189
8.7205 8.2351
8.672699999999999 8.4076
7.9312 7.7836
7.7132 7.8582
8.4745 8.161800000000001
7.837000000000001 8.076500000000001
7.3065999999999995 8.274700000000001
7.3242 7.980299999999999
8.883500000000002 8.059400000000002
8.882600000000002 8.4399
9.3453 8.5559
9.5061 8.460400000000002
9.1996 8.3787
8.6954 8.6741
8.6935 8.383199999999999
8.8367 8.285499999999999
8.0244 8.1028
7.801300000000001 7.794
8.4093 7.924
7.183699999999998 7.7125
7.3993 7.672899999999999
8.9361 7.9734
8.322300000000002 7.974
7.858599999999999 8.1755
7.875299999999999 7.9552
8.8088 8.1108
7.8765 8.1059
9.2745 8.187000000000001
8.8512 8.2953
7.784000000000001 7.799500000000001
7.615900000000001 7.654800000000001
7.078900000000001 7.753
9.1137 7.7667
8.5145 8.2229
9.5589 7.9994
9.253 8.227500000000001
10.2393 8.7597
8.852099999999998 8.8109
9.419199999999998 8.3979
9.0919 8.590899999999998
7.8485999999999985 8.1769
9.0244 8.052100000000001
9.5022 8.1136
9.292299999999997 8.2431
8.0599 8.0334
8.550699999999999 7.714899999999999
9.4981 8.352699999999999
8.194 7.9482
9.9594 8.611400000000001
9.8228 8.4845
8.5454 8.1801
9.521799999999999 8.2872
9.4065 8.9712
9.0277 9.069799999999999
8.158 8.458499999999999
10.879499999999997 8.607199999999999
9.7548 8.5185
9.427600000000002 8.6459
9.5662 8.6835
9.9835 8.4388
9.7944 8.223600000000001
9.975000000000001 8.75
9.4649 8.6661
9.0908 8.855600000000003
9.7511 8.845500000000001
9.717400000000001 8.7054
8.814000000000002 8.7416
9.791799999999999 8.4924
8.6761 8.417300000000001
10.0697 8.547999999999998
9.922799999999999 9.0393
11.1565 9.314000000000002
8.9625 9.5712
9.111200000000002 8.9457
8.665399999999998 8.5535
9.6917 9.2014
9.9706 9.1796
9.1587 8.546400000000002
11.6641 9.1977
8.6247 8.8226
11.3061 9.4539
10.0995 9.6245
11.7587 9.315499999999998
10.744200000000001 9.363
11.787399999999998 9.7564
10.349900000000002 9.446499999999999
10.6757 9.1211
9.184899999999999 8.9779
11.847199999999999 9.1114
9.9731 8.732199999999999
13.201000000000002 9.232999999999999
12.677299999999999 9.955300000000001
10.744200000000001 9.7339
11.0861 9.409699999999999
9.781999999999998 9.235100000000001
11.1294 9.3113
10.3374 8.8223
10.076500000000001 8.7126
10.470699999999999 8.801499999999999
12.0774 9.000499999999999
10.2783 8.911100000000001
10.443100000000001 8.973500000000001
11.1215 9.184299999999999
10.6695 8.764800000000001
12.7948 9.041099999999998
11.776 9.139999999999999
9.8741 8.9888
11.9845 9.445200000000002
13.808100000000001 9.7211
10.9096 9.2004
11.6161 9.3049
11.4987 9.2795
10.221100000000002 9.415899999999999
10.300999999999998 9.1136
11.6181 9.0535
11.1424 9.031600000000001
10.899299999999998 8.7509
13.958200000000001 9.413800000000002
11.9389 9.7167
12.4065 9.541399999999998
12.888399999999997 9.485899999999999
12.601700000000001 10.0841
12.0248 9.717800000000002
11.478299999999999 9.5111
12.582 9.443999999999999
11.324000000000002 9.3236
13.545900000000003 9.444800000000003
12.909699999999999 9.598
12.4221 9.210899999999999
12.9911 9.3499
12.792900000000001 9.350499999999998
12.412899999999999 9.639100000000001
14.1095 9.669300000000002
12.2099 9.722499999999998
11.949999999999998 9.2513
13.8345 9.0822
13.0538 9.594
14.706000000000003 9.898999999999997
13.774000000000001 10.1801
13.450000000000001 10.0174
12.986799999999999 9.5403
12.6168 9.632399999999999
11.7591 9.471999999999998
10.134 8.686199999999998
14.872200000000003 9.3036
15.9914 10.0688
15.730999999999998 10.1556
13.659000000000002 10.208400000000001
17.354999999999997 10.1975
14.169 10.096900000000002
15.0492 9.9358
13.497299999999997 9.6682
14.038400000000001 9.7927
13.614500000000001 9.4597
16.069399999999998 9.886300000000002
16.854000000000003 10.2119
15.356699999999998 9.9568
15.991000000000003 9.773599999999998
15.892999999999999 10.059199999999999
15.9334 9.979700000000001
13.734599999999997 10.068399999999999
14.135599999999998 9.9321
13.123899999999999 9.6458
13.162099999999999 9.5576
12.4131 9.5751
13.437 9.7564
13.068399999999999 9.7659
13.2277 9.2538
14.5434 9.718300000000001
12.952799999999998 9.536
11.6079 9.35
12.5049 9.3715
12.489299999999998 9.6736
13.911499999999998 9.9041
13.072000000000001 10.1821
14.784000000000002 9.6655
13.490000000000002 9.6751
12.3429 9.467099999999999
13.2002 9.696200000000001
14.1021 9.986400000000001
13.814000000000002 9.9617
12.366099999999998 9.5056
12.5027 9.4563
15.252000000000002 9.8551
12.998499999999998 10.0158
13.73 9.6761
12.804699999999999 9.4452
14.179999999999998 9.465600000000002
13.577799999999998 10.017
15.716 9.973899999999999
13.254 9.942100000000002
15.305000000000001 10.373899999999999
13.800999999999997 10.276800000000001
14.884999999999998 9.9901
15.203 9.830499999999999
15.4344 9.778599999999999
13.189 9.9269
15.692999999999998 9.825
14.249 10.183
17.5 10.3006
17.405 10.392
16.972 10.5766
16.4704 10.2792
13.9656 9.648
14.3508 9.5148
15.895000000000001 9.6805
15.008 9.898499999999999
15.790000000000001 10.1207
15.004000000000001 10.213299999999997
14.387 10.138
14.959999999999999 10.546
14.8923 10.5153
14.2814 10.0799
14.229499999999998 10.3124
15.215999999999996 10.1982
13.896399999999998 10.0029
13.3436 9.906600000000001
12.0402 9.9261
13.5607 9.4422
12.8707 9.337
13.8205 9.271500000000001
12.786100000000001 9.324900000000001
14.317000000000002 9.760299999999999
13.6994 9.8779
13.525100000000002 9.933899999999998
13.779000000000002 10.021099999999999
13.032 10.083400000000001
13.191 9.727799999999998
13.6409 10.1438
12.8 10.0902
12.403099999999998 9.6974
12.9737 9.5191
13.26 9.755799999999999
12.239899999999999 9.7406
13.947900000000002 9.7598
12.2033 9.647200000000002
11.868799999999998 9.555900000000001
12.551599999999999 9.6743
