12.971679999999996 14.569399999999998
13.93134 14.6197
14.063039999999996 14.587399999999995
13.442950000000003 14.5863
15.916679999999994 14.630400000000002
14.042539999999995 14.607900000000004
15.091669999999995 14.596900000000002
13.79087 14.567100000000002
13.75968 14.612200000000003
15.258809999999997 14.6211
15.105980000000002 14.588600000000001
14.391850000000003 14.563999999999997
14.378840000000004 14.562500000000004
14.22744 14.555199999999996
14.162719999999998 14.556000000000004
16.769339999999996 14.645099999999994
15.491119999999997 14.622399999999997
14.519290000000003 14.618300000000009
13.183270000000006 14.571600000000004
13.870500000000002 14.589500000000003
14.983749999999999 14.631
13.49561000000001 14.5873
13.930190000000001 14.600999999999994
14.272959999999998 14.602600000000002
16.574870000000008 14.647100000000002
14.971959999999992 14.607899999999995
15.403110000000003 14.668599999999998
15.390830000000005 14.668300000000004
15.546650000000012 14.663400000000001
13.732709999999997 14.626399999999995
12.52588 14.5725
11.85021 14.572199999999993
12.367279999999994 14.6018
10.97195 14.553999999999995
12.011849999999999 14.79494
11.726239999999995 14.620700000000001
12.44253 14.6317
9.553500000000001 14.814500000000002
6.856359999999999 14.4739
7.220159999999999 14.4477
7.509380000000002 14.4644
6.276649999999999 14.467000000000002
6.547580000000002 14.472100000000001
6.664549999999997 14.500700000000005
7.854930000000008 14.529999999999998
7.621649999999999 14.515899999999998
7.338479999999999 14.567599999999997
7.00806 14.5587
6.667699999999997 14.574100000000001
8.246039999999997 14.601199999999997
9.367029999999998 14.949099999999993
8.774349999999998 14.578599999999994
6.477989999999998 14.567499999999999
5.857969999999999 14.560199999999993
6.002180000000001 14.538899999999998
7.08922 14.5865
8.14289 14.629800000000001
10.229159999999998 14.636
7.318200000000001 14.597200000000003
8.087299999999997 14.586699999999993
8.037869999999998 14.62419999999999
6.92748 14.604499999999994
7.48343 14.603199999999985
6.927709999999998 14.601399999999998
6.684900000000001 14.577000000000002
6.928770000000002 14.601200000000002
7.1598099999999985 14.628500000000003
6.527460000000001 14.645900000000001
6.41423 14.623700000000001
6.29007 14.6526
6.854869999999999 14.664399999999993
6.08831 14.634200000000009
6.614820000000001 14.6537
7.387100000000004 14.688399999999998
8.00774 14.686200000000001
7.594870000000002 14.680399999999997
12.815539999999997 14.853199999999994
12.445329999999998 14.878100000000005
12.23669 14.903400000000003
10.860439999999999 14.884900000000002
10.479970000000002 14.9116
13.973360000000001 15.005600000000008
14.404540000000004 14.926200000000001
16.476580000000002 14.989199999999995
13.531030000000005 14.924399999999997
13.464989999999998 14.924400000000002
11.99377 14.866000000000007
12.721780000000003 14.867000000000008
12.132570000000003 14.887799999999995
13.09178 14.908399999999997
14.564169999999995 14.91059999999999
11.84321999999999 14.868500000000004
11.932719999999998 14.905
11.404619999999998 14.884900000000007
13.855059999999996 14.950399999999997
16.250176000000003 15.753471
14.255390000000004 15.0645
13.794740000000003 14.828099999999997
14.630109999999998 14.7957
17.92902 14.793899999999995
14.089729999999998 14.735800000000001
14.726269999999994 14.744799999999994
13.966849999999994 14.709900000000003
13.953600000000005 14.713400000000002
17.24737 14.741999999999997
12.656959999999998 14.626100000000013
9.535319999999999 14.56110000000001
8.20352 14.486299999999996
9.16083 14.527900000000002
8.788749999999997 14.553399999999996
9.529099999999998 14.5947
10.281939999999997 14.598400000000003
9.95401 14.603700000000005
10.740699999999997 14.623699999999992
9.134349999999996 14.6256
7.867599999999999 14.558100000000005
7.931290000000001 14.6008
7.446370000000002 14.568000000000003
7.1229999999999976 14.571999999999996
7.125669999999998 14.5565
7.010170000000003 14.5917
6.30855 14.602699999999999
6.601200000000001 14.586500000000003
7.671379999999998 14.638500000000008
7.577949999999999 14.6689
7.641940000000004 14.658500000000002
6.264990000000001 14.649700000000001
7.249890000000003 14.6838
7.7215099999999985 14.715000000000003
13.376259999999998 16.930651000000008
7.769009999999998 14.578700000000005
9.097700000000003 14.583400000000001
8.604320000000001 14.626599999999998
8.55265 14.569500000000001
7.569769999999997 14.957470000000006
8.16541 14.432299999999998
8.72447 14.800434999999995
7.606890000000001 14.640899999999998
8.32725 14.580699999999997
8.918989999999997 14.977199999999998
7.880329999999996 14.573
7.9478500000000025 14.585600000000001
7.119760000000003 14.5462
6.65839 14.546600000000003
6.521429999999998 14.721200000000007
6.225189999999999 14.578199999999999
5.13134 14.517200000000003
6.326010000000003 14.5503
8.972140000000001 14.598400000000005
9.296269999999996 14.699100000000008
9.99557 14.754900000000005
10.624990000000004 14.799400000000004
12.179669999999996 14.898200000000003
13.123090000000001 14.944399999999995
13.104019999999997 14.9487
11.55584 14.934299999999997
14.294859999999993 14.869099999999996
34.73692000000001 17.960926700000012
18.806300000000004 16.138695999999992
19.70089000000001 14.723900000000004
17.476189999999995 14.735500000000002
15.078189999999998 14.630799999999997
12.55106 14.527999999999999
14.913409999999994 14.593599999999993
15.968560000000002 14.610999999999997
15.736129999999998 14.608899999999995
15.804760000000007 14.550499999999996
12.927739999999998 14.488299999999994
13.55203 14.470199999999995
15.185699999999997 14.531800000000002
17.446189999999998 14.612799999999995
14.636320000000003 14.511999999999997
13.77136 14.515699999999999
15.652639999999995 14.937700000000001
12.621359999999996 14.485400000000004
12.71533 14.511900000000002
12.045900000000003 14.509700000000002
11.562490000000002 14.4848
10.308010000000003 14.477899999999998
9.45957 14.435699999999995
10.850887 14.569999999999991
11.903060000000004 14.476199999999992
10.28783 14.395799999999994
10.21912 14.42019999999999
10.811319999999998 14.4344
9.59643 14.449000000000002
10.264350000000002 14.441900000000002
9.34795 14.402700000000001
8.733680000000005 14.414599999999995
9.021920000000001 14.392699999999998
7.8321999999999985 14.39429999999999
8.857249999999999 14.4286
9.386129999999996 14.421299999999999
9.692039999999997 14.435499999999996
9.13347 14.392799999999994
8.023450000000004 14.391200000000005
8.994909999999997 14.380699999999996
6.882649999999998 14.351700000000001
7.797580000000003 14.378599999999997
7.9359399999999996 14.380500000000001
7.599030000000003 14.421699999999992
7.812879999999998 14.4315
7.7404399999999995 14.428800000000003
7.84641 14.469700000000005
8.295569999999994 14.477800000000007
8.470399999999994 14.5265
6.465390000000003 14.4636
6.928919999999998 14.488400000000004
5.498519999999999 14.437599999999998
6.35909 14.460899999999995
9.602379999999998 14.7006
8.47556 14.495099999999997
10.497269999999999 14.498099999999999
8.699959999999997 14.481999999999998
8.577459999999999 14.4597
8.476319999999998 14.480499999999996
9.34859 14.501599999999998
9.173320000000002 14.5302
9.68282 14.53390000000001
10.532329999999998 14.619900000000003
16.10177 14.7568
14.553510000000003 14.718899999999998
13.082080000000001 14.6545
15.548199999999996 14.673899999999996
17.474890000000006 14.675099999999993
15.090679999999992 14.651100000000003
16.988329999999998 14.652800000000003
17.186149999999998 14.669900000000002
16.41726 14.677399999999999
14.358659999999999 14.554800000000004
14.381319999999997 14.560299999999996
14.32649 14.961416999999999
14.520430000000001 14.6066
16.3734 14.643
13.98457 14.561699999999997
13.81932 14.560599999999999
14.816599999999994 14.652299999999999
13.768360000000005 14.626800000000001
14.109730000000004 14.623300000000011
13.1176 14.643500000000001
14.031000000000002 14.7119
11.523020000000002 14.557300000000003
12.802099999999994 14.669099999999998
14.117199999999999 14.6644
12.621879999999999 14.638699999999996
15.960960000000007 14.767099999999994
14.478090000000002 14.692399999999994
12.67063 14.613499999999998
13.298700000000002 14.5874
12.605999999999998 14.578400000000002
14.35257 14.654000000000003
10.006490000000003 14.533399999999997
10.716330000000001 14.5369
11.473029999999996 14.57
10.977659999999997 14.6336
9.778330000000004 14.543800000000005
8.173949999999998 14.489800000000002
8.319129999999998 14.512999999999995
8.615850000000002 14.530899999999999
9.414669999999996 14.525100000000002
9.432780000000006 14.552800000000005
11.636629999999998 14.520800000000007
10.901079999999997 14.513699999999996
9.54457 14.463999999999997
8.598569999999999 14.457499999999996
10.827920000000002 14.514299999999999
10.11101 14.490799999999995
9.811049999999998 14.485800000000001
10.011929999999998 14.525199999999995
8.989530000000002 14.50180000000001
7.660749999999999 14.511300000000002
6.198159999999999 14.479700000000001
7.093920000000001 14.549200000000004
7.80608 14.500899999999998
7.21695 14.510699999999998
6.99892 14.499599999999994
7.541009999999999 14.512499999999996
6.569110000000002 14.5187
6.764830000000001 14.504800000000001
6.757220000000001 14.539599999999997
8.181999999999999 14.571999999999994
7.345029999999999 14.524399999999998
6.340759999999998 14.490799999999993
6.707050000000003 14.47999999999999
7.828820000000003 14.488499999999993
7.863129999999996 14.485700000000001
6.58063 14.490999999999996
5.180719999999999 14.475399999999999
