19.922 14.215
21.259 14.257
19.525 14.232999999999999
31.465 21.698999999999998
19.566999999999997 14.190999999999999
20.983 14.245999999999997
19.923000000000002 14.147000000000002
20.3 14.251
20.691 14.257
28.997 21.654
26.679 18.011000000000003
19.776000000000003 14.257
27.521 17.956999999999997
20.355 14.227
20.71 14.232999999999999
21.161 14.184
25.541999999999998 18.018
21.154 14.245
24.628 17.951
26.94 18.03
19.416 14.233
30.373999999999995 21.679999999999996
37.32900000000001 25.287
21.020999999999997 14.264
31.201999999999998 21.711
25.501 18.018
20.545 14.258
20.160999999999998 14.216000000000001
20.892 14.282
24.922 17.956999999999997
20.838 14.215
20.477999999999998 14.276
20.788999999999998 14.221999999999998
19.629 14.166
21.057 14.288
20.704 14.215
21.014000000000003 14.177999999999999
20.557 14.271
21.142999999999997 14.227
19.995 14.172
21.849999999999998 14.24
25.855 18.017999999999997
21.551000000000002 14.190999999999999
25.3 17.980999999999998
20.753 14.282
20.16 14.135
20.025 14.208000000000002
21.032 14.251
19.915 14.173
21.601 14.233
19.262999999999998 14.245000000000003
21.569 14.203
19.812 14.227
20.697000000000003 14.306
20.392 14.216000000000001
20.501 14.3
20.525999999999996 14.24
20.014 14.142
21.223 14.234
20.104 14.172
20.947 14.190999999999999
20.429 14.256999999999998
20.086000000000002 14.185
20.495 14.171999999999999
20.044 14.264000000000001
21.215999999999998 14.202
19.36 14.16
21.118 14.276
19.459 14.252
20.436 14.149000000000001
20.312 14.209
20.605999999999998 14.234
20.313 14.154
20.502000000000002 14.197
20.35 14.246
20.544999999999998 14.179
20.313 14.208000000000002
20.892 14.258000000000001
20.362 14.179
21.223 14.263
20.55 14.262999999999998
20.611 14.159999999999998
20.483999999999998 14.166
20.654 14.288
20.476 14.197000000000001
20.612000000000002 14.215
20.666999999999998 14.268999999999998
20.221 14.203
20.704 14.191
20.568 14.301
20.392 14.197
24.738000000000003 17.531
34.872 24.230999999999998
19.372999999999998 14.161000000000001
21.491000000000003 14.19
20.215 14.245
21.715999999999998 14.184
19.702 14.166
21.173000000000002 14.262999999999998
19.842 14.184
26.153 17.767
29.394 21.496999999999996
39.319 25.249
33.776 21.569999999999997
25.507999999999996 17.895
20.782999999999998 14.172
35.260000000000005 25.316999999999997
31.781000000000002 21.631
20.512999999999998 14.239
20.826 14.16
20.428 14.215
20.472 14.246
20.599 14.177999999999999
20.527 14.215
20.324 14.301
20.246 14.179
20.868000000000002 14.215
34.009 21.203999999999997
30.921 21.064
21.094 14.196
20.294 14.276
21.284 14.197
19.922 14.197
21.483999999999998 14.313000000000004
20.429 14.196
40.331 25.458
20.251 14.294
20.679 14.219999999999999
20.288 14.16
24.884 17.822
31.5 21.467
26.161 17.804
20.905 14.295
20.403999999999996 14.233
20.764 14.196
20.24 14.264
20.971 14.252
25.336 17.774
29.194 21.283
20.991 14.227
24.445 17.487
21.875 14.232999999999999
19.738999999999997 14.172
22.663 14.203
19.66 14.294
38.33 21.363000000000003
19.867 14.184999999999997
28.301000000000005 17.938000000000002
31.812 21.521
33.221000000000004 21.271
20.19 14.3
20.16 14.264
20.904 14.226999999999999
19.178 14.16
20.965999999999998 14.240999999999998
19.512999999999998 14.209999999999997
21.618 14.226999999999999
19.225 14.301
20.983999999999998 14.221
19.830000000000002 14.221999999999998
21.711 14.331
19.469 14.288
21.18 14.301
19.867 14.3
20.697000000000003 14.221
20.337 14.172999999999996
20.197000000000003 14.264
21.04 14.203
19.752 14.252
21.069000000000003 14.251
19.634 14.179
20.698000000000004 14.209
24.701 18.115
32.312 21.874999999999996
19.756999999999998 14.215
26.295 18.182
20.508 14.301
20.092 14.142
20.971999999999998 14.246
19.543000000000003 14.213999999999999
21.137 14.154
19.782 14.219999999999999
20.983999999999998 14.313999999999998
19.75 14.282
27.442 18.048
29.407 21.832
20.142 14.318
26.55 17.883
24.622 17.852999999999998
21.161 14.251999999999999
19.629 14.221
21.404999999999998 14.196
19.732 14.227
21.349999999999998 14.313
20.16 14.203000000000001
20.984 14.203
21.276999999999997 14.295000000000002
19.794 14.325
21.392999999999997 14.239
24.274 17.938000000000002
30.713 21.485000000000003
24.811 17.755
37.214000000000006 25.474999999999998
20.453 14.282
26.507 17.968999999999998
21.259 14.215
26.727999999999994 18.096
21.332 14.245
20.049999999999997 14.239
21.357 14.326
19.788 14.24
21.442 14.262999999999998
20.122999999999998 14.32
20.673 14.196
20.769000000000002 14.154
20.373 14.27
21.448 14.238999999999999
19.567 14.203000000000001
22.284 14.221
19.017999999999997 14.318
21.692 14.246
19.709 14.246000000000002
21.099999999999998 14.313
20.459 14.227
20.673 14.264
21.064 14.276
37.439 28.369
21.429000000000002 14.227
30.066 21.259
21.844 14.233
20.112 14.251
21.685000000000002 14.368
20.074 14.24
26.398 17.87
25.306 17.987000000000002
25.849 17.865000000000002
26.227 17.889000000000003
20.404 14.24
35.650999999999996 21.503999999999998
20.752000000000002 14.222000000000001
20.606 14.276
31.811 21.789
20.893 14.190999999999999
19.965 14.203
21.215 14.274999999999999
20.747 14.222000000000001
21.412 14.190999999999999
45.99700000000001 32.221
21.209 14.258000000000001
19.744999999999997 14.154
21.405 14.246
19.159 14.275000000000002
39.196999999999996 25.495
24.108 17.938
20.081 14.3
19.898 14.221
19.970000000000002 14.185
20.782999999999998 14.264
20.063 14.239
21.142 14.209
20.66 14.221
20.087 14.277000000000001
21.057 14.184999999999997
20.092000000000002 14.282
26.477 17.884
30.651 21.605999999999998
21.46 14.234
25.159 18.054000000000002
20.673 14.203000000000001
20.55 14.208000000000002
20.374 14.3
21.612000000000002 14.209
19.762 14.209
21.526999999999997 14.283000000000001
24.543 17.962999999999997
34.119 21.82
24.962999999999997 18.041999999999998
26.623 17.987000000000002
19.886 14.191
21.448 14.288
32.531 21.802
26.122999999999998 17.982
19.971 14.228
21.516 14.306
31.701 21.801999999999996
20.508 14.209
20.801 14.277000000000001
20.904 14.258000000000001
