13.7906 51.32299999999999
15.7811 51.32299999999999
17.7816 51.329999999999984
14.7477 51.34799999999999
14.2496 51.53
15.179 51.33599999999999
16.0497 51.341999999999985
17.521900000000002 51.329999999999984
15.471699999999998 51.35999999999999
15.357600000000001 51.341999999999985
16.2129 51.33599999999999
15.292699999999998 51.34799999999999
15.312600000000003 51.33599999999999
14.462399999999997 51.329999999999984
13.970300000000002 51.33599999999999
13.821499999999997 51.34799999999999
12.1096 51.38499999999999
12.8306 51.32399999999999
11.045 51.30599999999998
10.2765 51.28799999999999
10.7509 51.30599999999998
10.389000000000003 51.28699999999999
10.206500000000002 51.29999999999999
10.0723 51.28699999999999
9.974699999999999 51.293
10.441200000000002 51.306
9.8326 51.29999999999999
9.362299999999998 51.29899999999999
10.684200000000002 51.469
10.6525 51.31099999999999
12.903399999999998 51.32399999999999
11.024 51.31199999999999
12.3782 51.591
10.0562 51.904
11.493900000000002 51.722
10.8369 51.734
10.522300000000001 51.403
9.7057 51.32399999999999
10.749400000000001 51.342999999999996
12.903799999999999 51.41699999999999
12.6806 51.43299999999999
12.584699999999998 51.476
14.688700000000003 51.48199999999999
16.129099999999998 51.46999999999999
16.020200000000003 51.45799999999999
16.2287 51.471000000000004
17.252000000000002 51.49599999999999
15.3671 51.471999999999994
15.780300000000002 51.489999999999995
14.369499999999999 51.47799999999999
13.9852 51.47799999999999
15.744900000000001 51.45899999999999
11.7615 51.641000000000005
12.504900000000003 51.452999999999996
15.2583 51.45899999999999
12.7965 51.45899999999999
9.652600000000001 51.464999999999996
10.744 51.458999999999996
13.057700000000002 51.477
13.864799999999999 51.458999999999996
13.793800000000003 51.452999999999996
14.262899999999998 51.458999999999996
16.274 51.45899999999999
12.092499999999998 51.446999999999996
14.4913 51.440999999999995
14.368500000000001 51.446999999999996
15.790800000000003 51.647999999999996
16.7207 52.044000000000004
16.0936 51.964999999999996
16.2639 51.952
15.904000000000002 51.50699999999999
16.6432 51.477
15.069900000000002 51.458999999999996
15.8662 51.458999999999996
16.025100000000002 51.452999999999996
14.309 51.452
12.576600000000001 51.672000000000004
13.272900000000002 51.43399999999999
13.005600000000001 51.40999999999999
12.814 51.428
13.6931 51.44
14.725299999999999 51.416
19.081500000000002 51.440999999999995
16.8708 51.43399999999999
18.765099999999997 51.44599999999999
19.5931 51.45899999999999
19.294 51.44599999999999
16.9907 51.434000000000005
15.638500000000002 51.413999999999994
19.358999999999998 51.437999999999995
19.896200000000004 51.451999999999984
19.148600000000002 51.451999999999984
20.464899999999997 51.469999999999985
19.6197 51.45699999999999
19.398799999999998 51.46999999999999
20.724999999999998 51.456999999999994
22.548900000000003 51.462999999999994
19.952299999999997 51.444999999999986
17.303799999999995 51.42699999999999
14.999199999999998 51.41999999999999
14.526900000000001 51.74199999999999
16.906500000000005 51.413999999999994
18.5455 51.427
16.701300000000003 51.42099999999999
16.2456 51.408
15.916700000000002 51.42
16.558400000000002 51.43299999999999
14.9318 51.38999999999999
15.2218 51.415
17.984599999999997 51.45799999999999
18.1669 51.43899999999999
15.989199999999999 51.456999999999994
17.974500000000003 51.437999999999995
17.6592 51.437999999999995
17.715799999999998 51.45099999999999
18.479300000000002 51.44499999999999
16.2351 51.437999999999995
16.6533 51.42099999999999
15.1019 51.408
16.169 51.403
16.0577 51.422000000000004
16.988400000000002 51.416
15.8039 51.40899999999999
20.192200000000003 51.43999999999998
17.1467 51.832
18.221999999999998 51.452999999999996
15.542899999999998 51.501999999999995
17.4822 51.483999999999995
22.593399999999995 51.556000000000004
21.086299999999998 51.57999999999999
20.5607 51.515
17.989299999999997 51.520999999999994
17.530099999999997 51.527
19.0201 51.489999999999995
18.723 51.501999999999995
18.878600000000002 51.568999999999996
17.9289 51.532999999999994
18.1199 51.53899999999999
18.053700000000003 51.532999999999994
14.604099999999997 51.532999999999994
12.887299999999998 51.532999999999994
12.579700000000003 51.532999999999994
15.9495 51.53899999999999
14.0332 51.532999999999994
16.4552 51.53899999999999
17.7341 51.532999999999994
14.4537 51.49699999999999
14.214099999999998 51.502999999999986
13.819700000000001 51.501999999999995
13.494700000000002 51.483999999999995
14.834700000000003 51.490999999999985
18.5568 51.52699999999999
16.6027 51.491
16.453799999999998 51.503
18.8586 51.50999999999999
17.188300000000005 51.53399999999999
17.5752 51.55799999999999
19.7364 51.532999999999994
20.871299999999998 51.532999999999994
16.7774 51.514999999999986
15.662600000000001 51.910999999999994
16.5734 51.48399999999999
16.769399999999997 51.48299999999999
16.058400000000002 51.48299999999999
17.4204 51.49499999999999
15.447 51.48299999999999
15.160400000000001 51.47699999999998
15.370600000000003 51.47699999999998
15.590900000000001 51.46999999999999
16.275000000000002 51.46999999999999
16.9606 51.475999999999985
14.460999999999999 51.451999999999984
15.173100000000003 51.46499999999998
18.1737 51.50199999999998
15.885100000000001 51.46999999999999
16.1332 51.525999999999996
20.110700000000005 51.51199999999999
19.1252 51.477
23.399400000000007 51.47099999999999
21.0489 51.475999999999985
19.7943 51.501
18.141600000000004 51.477
19.665999999999997 51.45899999999999
18.566899999999997 51.459999999999994
18.284100000000002 51.61
18.728099999999998 51.44599999999999
21.8774 51.46599999999999
16.5538 51.43599999999999
18.5831 51.453999999999986
19.219400000000004 51.47799999999999
17.3839 51.429999999999986
18.4061 51.434999999999995
16.9218 51.416
18.4572 51.434999999999995
18.122399999999995 51.434999999999995
18.391000000000005 51.456999999999994
18.281299999999998 51.806000000000004
18.202800000000003 51.42199999999999
20.6308 51.453999999999986
23.1625 51.477
19.265199999999997 51.452999999999996
21.339899999999997 51.45899999999999
17.0979 51.43499999999999
16.371000000000002 51.416
19.2776 51.452999999999996
18.9523 51.45899999999999
19.501700000000003 51.452999999999996
19.1747 51.477
20.867599999999996 51.520999999999994
19.703100000000003 51.47099999999999
19.5064 51.495999999999995
20.276299999999996 51.463999999999984
20.709100000000003 51.45899999999999
19.2544 51.464999999999996
21.167600000000004 51.464999999999996
20.852899999999998 51.464999999999996
20.3111 51.47099999999999
22.9277 51.574
18.544600000000003 51.800999999999995
20.2416 51.918
17.8396 52.154
19.6541 51.82
21.702299999999997 51.556999999999995
22.372999999999998 51.483000000000004
20.5728 51.483999999999995
23.968100000000003 51.47099999999999
23.397900000000003 51.471999999999994
20.445800000000002 51.440999999999995
25.689999999999998 51.525
24.971400000000006 51.507999999999996
21.571699999999996 51.483999999999995
21.541 51.507999999999996
24.1564 51.574999999999996
22.507999999999996 51.483999999999995
27.1651 51.47799999999999
26.965999999999994 51.532999999999994
19.289199999999997 47.567
19.183 39.778000000000006
25.019999999999996 32.984
26.285999999999998 29.192999999999998
23.8867 31.828999999999997
22.271 33.995
19.4757 35.411
22.925600000000003 36.657000000000004
20.6212 37.491
19.761 38.282
17.2201 38.830999999999996
19.397499999999997 39.406
16.905900000000003 39.928000000000004
16.612099999999998 40.334
17.9715 40.647000000000006
19.365799999999993 41.005
20.8117 41.238
19.487200000000005 41.455999999999996
19.289800000000003 42.00299999999999
19.4245 42.47299999999999
18.763600000000004 42.869
21.986900000000002 42.74
19.8682 42.884
18.762000000000004 43.017
19.528599999999997 43.196
18.4859 43.279
19.623799999999996 43.476
21.091099999999997 43.915
18.0719 44.263000000000005
20.384700000000002 44.418000000000006
23.5999 44.71
19.083799999999997 45.082
19.6379 45.239999999999995
18.384900000000002 45.34400000000001
17.403599999999997 45.429
17.5712 45.453
18.5591 45.720000000000006
17.3976 46.190999999999995
17.8903 46.432
19.512999999999998 46.661
18.030300000000004 46.78
17.9752 46.919999999999995
15.589500000000001 46.922999999999995
15.982900000000003 46.96900000000001
16.1219 47.185
17.2657 47.31999999999999
15.660499999999999 47.41199999999999
16.733600000000003 47.642999999999994
17.650899999999996 47.89999999999999
19.238500000000002 48.443999999999996
25.5771 48.858000000000004
23.206200000000006 49.056999999999995
