12.8077 8.1257
13.640300000000002 8.0601
12.651599999999998 7.6088000000000005
11.447200000000004 7.651000000000001
10.641700000000002 7.609299999999999
14.301500000000003 8.3032
15.836199999999998 8.532100000000002
13.986099999999995 8.2895
14.074699999999998 8.694799999999999
14.503899999999998 8.332900000000002
10.9313 8.1443
10.982 6.956899999999999
11.4068 7.639799999999999
11.2178 7.7266
17.4172 8.516
15.629100000000001 8.6184
13.577900000000001 8.1607
12.8551 8.4173
13.8982 8.3839
14.321800000000001 8.037899999999999
13.539000000000001 8.027899999999999
13.2973 7.7814
11.540600000000001 8.0196
15.477600000000002 8.196200000000001
15.105700000000002 8.439
15.512899999999998 8.3295
12.885299999999999 8.235899999999999
14.801999999999998 8.079699999999999
13.886000000000001 8.1468
12.389899999999999 7.865000000000001
12.1332 7.7109999999999985
13.0744 7.9115
14.2345 8.0608
12.5007 8.361
14.267500000000002 8.2096
14.4242 8.1041
15.387 8.5362
14.440999999999999 8.8355
12.310300000000002 8.266699999999998
12.062599999999998 7.986
11.251199999999999 7.9998
13.625800000000002 8.2355
12.3155 8.278900000000002
13.9123 8.1594
12.027899999999999 8.0871
14.044099999999998 8.491
12.299600000000002 8.4147
12.942900000000002 7.896199999999999
11.150400000000001 7.931099999999999
11.3574 7.658400000000001
12.968000000000002 7.6894
12.3929 8.3647
13.8155 8.5335
14.0176 8.463399999999998
13.932099999999997 8.6566
11.611400000000001 8.5853
12.5466 8.2261
9.9185 8.1336
11.1394 8.0011
12.18 8.05
12.422600000000001 8.381699999999999
13.727500000000001 8.214400000000001
12.584299999999999 8.474700000000002
16.233999999999998 8.8744
11.870899999999999 8.395
12.452899999999998 7.747100000000001
10.609599999999999 7.575599999999999
11.230799999999999 7.4068
10.5523 7.416400000000001
11.4183 7.559100000000001
13.489900000000002 7.6597
12.3863 8.5417
13.5353 8.2309
11.0305 8.1819
11.867899999999999 7.8595000000000015
10.1481 7.5915
10.219700000000001 7.657699999999999
11.0227 7.7368999999999994
12.8864 8.3195
13.793499999999998 8.290199999999999
10.9845 8.0917
11.5183 8.1179
12.022799999999998 8.2115
13.912099999999999 8.483400000000001
11.7449 8.072799999999999
12.254399999999999 8.5441
10.888699999999998 8.2838
12.142699999999998 8.5515
15.2364 8.638000000000002
15.054 8.654699999999998
15.024 8.824399999999999
15.09 8.641400000000003
15.4639 8.688800000000002
12.781799999999999 8.294699999999999
14.321 8.3479
11.465300000000001 8.1246
12.835099999999999 7.896
19.920999999999996 8.815100000000001
15.886000000000003 8.475000000000001
14.6018 8.3647
15.273 8.0623
18.523 8.7752
14.5367 8.9631
14.358699999999999 8.290600000000001
11.371099999999998 8.0221
13.6087 8.157200000000001
16.6947 8.6715
15.7004 7.9932
15.463000000000005 8.1385
17.323 8.916300000000001
19.283 9.0131
16.7219 9.058000000000002
14.550100000000002 8.1909
13.484499999999999 7.999499999999999
14.546000000000001 8.3594
14.3992 8.296600000000002
16.9 8.395099999999998
16.0279 8.540099999999999
17.544 8.744200000000001
18.4369 8.8346
16.1399 9.0194
15.226999999999999 8.5828
13.730999999999998 8.2652
14.0041 8.2495
15.6993 8.537200000000002
17.5684 8.8148
16.7472 8.4443
17.121000000000002 8.2501
16.768 8.335099999999999
17.395000000000003 8.7388
16.152 8.576199999999998
14.458000000000002 8.315000000000001
14.162999999999998 8.1956
17.256 8.6535
17.3511 8.524
16.799 8.3057
18.792 8.6843
17.758000000000003 8.6319
15.973899999999999 8.887799999999999
16.4509 8.826600000000001
15.918 8.592600000000001
12.6591 8.5194
16.506 8.459
18.830999999999996 8.977999999999998
19.326300000000003 9.2264
17.3454 9.078800000000001
16.625 8.472699999999998
15.989700000000001 8.3867
16.623 8.8244
16.739 8.8752
13.1003 8.245
15.043999999999999 8.187800000000003
19.430999999999997 8.5809
18.121000000000002 8.909799999999999
18.952999999999996 8.8109
42.743900000000004 16.8484
19.464000000000002 8.230500000000001
19.186 8.500300000000001
18.024 8.611600000000001
16.565 8.065500000000002
17.496000000000002 8.502300000000002
19.104 8.0041
20.593000000000004 8.7643
21.005000000000003 9.115200000000002
19.871 9.126499999999998
20.208000000000006 8.658
20.576 8.540600000000001
21.224 9.179300000000001
18.581 8.991700000000002
21.209000000000007 8.636400000000002
22.915000000000006 9.237
19.962 8.6913
21.864000000000004 8.6397
20.480999999999998 8.795300000000001
20.973999999999997 8.4228
19.713 8.451900000000002
20.49 8.645499999999998
19.043 8.451
20.902000000000005 8.5444
21.580000000000005 9.019900000000002
21.586 8.795900000000001
22.471 9.065600000000002
22.342000000000002 8.763099999999998
20.689 8.6178
20.612 8.6611
22.999 8.9845
20.838999999999995 8.9738
20.506 8.8193
25.783999999999995 9.115699999999999
23.144 9.524500000000002
23.816000000000003 9.3943
21.84 9.3895
19.567999999999998 8.686
23.745000000000005 8.8891
20.480999999999998 8.6037
18.988999999999997 8.7066
20.447 8.774199999999999
23.050000000000004 9.0062
24.683 9.199700000000002
25.151999999999997 9.411999999999999
22.728 9.507399999999999
20.718 8.924499999999998
24.467 9.7485
19.046000000000003 9.1613
19.256999999999998 8.591600000000001
19.578 8.6388
19.738 8.6702
17.348000000000003 8.5449
26.669999999999998 9.2528
21.273000000000003 9.890600000000001
19.814999999999998 9.366499999999998
19.715 8.898299999999997
16.079 8.4403
18.172 8.7914
19.141000000000002 8.731399999999999
16.925 8.698599999999999
17.225 8.2934
29.597 9.5888
18.168 9.49
21.023 9.2698
23.605999999999998 9.7398
20.835 9.4131
18.25 8.9969
21.727 9.3817
19.878 8.988100000000001
18.969 8.8547
20.696 8.756000000000002
44.547000000000004 18.729200000000002
19.448 9.1591
23.115000000000002 9.323200000000002
21.516 9.182099999999998
23.301 9.486500000000001
21.611 9.053799999999997
20.291 9.2121
19.971 9.2186
21.133000000000006 8.917500000000002
19.676000000000005 9.1416
22.39 9.2737
21.4 9.0914
23.736 9.2876
21.040999999999997 9.147300000000001
24.28 9.288799999999998
21.214 8.9849
20.325999999999997 8.993799999999998
19.074 8.8294
20.877000000000002 8.8887
21.397000000000002 9.4998
20.017000000000003 9.435299999999998
21.075 9.300799999999999
20.953000000000003 9.5619
21.023000000000003 9.690000000000001
22.491 9.728
23.139999999999997 9.546200000000002
18.212 9.2199
20.561 9.499600000000001
19.866 9.384200000000002
20.371000000000006 9.0396
18.721 9.315800000000001
18.724999999999998 8.983800000000002
17.23 8.6455
20.048999999999996 8.7307
21.244 9.415499999999998
20.071 9.5812
18.616 9.388
17.458 9.038900000000002
18.862000000000002 9.1661
20.209 9.518
18.169 8.778099999999998
16.746999999999996 8.4204
16.832 8.858600000000001
15.983 8.7829
18.011800000000004 8.5586
16.913 8.3771
19.732 8.895900000000001
20.801 8.866100000000001
19.154999999999998 9.264
18.501 9.1674
15.878000000000004 8.5937
15.413999999999998 8.2031
15.092699999999997 8.540599999999998
13.2052 8.2422
15.798499999999999 8.085499999999998
13.367800000000003 8.354499999999998
13.5461 8.0779
13.024 8.0346
15.248800000000001 8.4837
13.5968 8.4205
15.4132 8.713600000000001
