31.64444799999999 24.25835
30.566733999999997 24.251050000000003
29.763099999999998 24.266680000000008
32.54500000000001 24.535900000000005
30.9099 24.435400000000005
29.286000000000005 24.417499999999993
30.37599999999999 24.523300000000006
30.480999999999998 24.5403
29.995499999999982 24.530800000000003
31.039999999999996 24.551200000000005
31.273099999999985 24.6021
29.718599999999995 24.526099999999996
28.67089999999999 24.482399999999995
26.144500000000004 24.33820000000001
27.6072 24.4138
29.231999999999996 24.548699999999993
30.98970000000001 24.594800000000006
30.0866 24.5838
30.913899999999995 24.708800000000004
32.645679999999984 24.902039999999996
30.84357000000001 24.281729999999992
32.19975 24.328290000000003
31.49229999999999 24.436640000000004
34.81616 24.56942
31.06540000000001 24.33283
30.647909999999996 24.30562
30.402775999999992 24.285610000000002
31.57547599999999 24.407409999999995
29.56500000000001 24.35179
29.985999999999997 24.504300000000008
29.776400000000002 24.541799999999995
26.165000000000006 24.3163
22.82010000000001 23.990400000000005
26.659699999999997 24.200699999999998
20.478299999999997 23.963100000000008
23.0361 24.007899999999992
31.310399999999998 24.5979
29.98559999999999 24.575499999999998
30.601700000000005 24.632
29.5335 24.591500000000003
32.3894 24.785099999999993
29.753200000000007 24.6484
30.46270000000001 24.7044
31.250600000000002 24.777399999999993
31.832299999999996 24.809
31.775000000000002 24.826999999999995
31.760000000000005 24.770799999999998
29.9224 24.68050000000001
30.365499999999994 24.770199999999996
28.5476 24.681600000000003
27.831300000000002 24.658300000000004
28.998699999999992 24.621499999999997
27.402099999999997 24.522900000000003
29.4829 24.7004
29.60729999999999 24.689199999999996
30.390199999999982 24.8247
27.535799999999995 24.57529999999999
27.556300000000007 24.60899999999999
30.620399999999997 24.751800000000003
31.510900000000007 24.881200000000007
28.093200000000003 24.673899999999996
28.884099999999997 24.7791
27.420300000000005 24.696199999999994
28.223499999999994 24.767500000000005
31.099999999999994 24.920499999999997
29.44490000000002 24.889000000000003
28.699400000000004 24.812200000000004
26.3267 24.601000000000006
30.170589999999997 24.88050000000001
26.19485 24.2182
26.999470000000002 24.29757
20.496750000000006 23.744369999999996
21.87476 23.836850000000005
26.62797 24.13373
28.556862 24.334130000000005
31.513326999999997 24.53373
28.08931700000001 24.377340000000007
28.975813 24.349820000000012
28.668127000000005 24.410619999999998
30.372399999999995 24.56999
30.478400000000004 24.7127
28.87310000000001 24.61249999999999
30.8118 24.668999999999997
30.33900000000001 24.6837
29.1377 24.5052
30.1001 24.6751
31.306700000000003 24.765300000000003
30.064700000000006 24.644599999999997
29.271800000000002 24.573299999999985
28.501500000000007 24.609600000000007
29.565399999999997 24.64309999999999
26.994999999999997 24.477899999999995
26.922299999999993 24.512600000000003
27.137099999999997 24.6043
28.796199999999995 24.629499999999993
28.8406 24.740999999999996
28.839400000000005 24.717000000000006
28.4458 24.7164
28.863400000000013 24.687800000000003
27.456299999999995 24.567300000000007
27.35689999999999 24.640099999999997
26.108899999999995 24.569699999999997
29.383699999999997 24.6488
27.2153 24.6131
26.753299999999996 24.549000000000003
26.454100000000004 24.527799999999996
29.264400000000002 24.74790000000001
27.0891 24.682000000000002
19.569600000000005 24.081199999999992
19.7196 24.004100000000008
27.5409 24.535300000000003
27.091399999999986 24.598499999999998
26.570200000000003 24.526399999999988
26.415499999999998 24.5879
27.2843 24.644500000000004
26.649099999999994 24.551299999999994
26.440299999999993 24.625399999999992
25.994100000000003 24.5643
26.540699999999994 24.613999999999997
28.24009999999999 24.713799999999996
25.739500000000003 24.539599999999993
25.539200000000008 24.5804
26.106600000000007 24.626800000000003
25.981299999999997 24.585800000000006
25.872400000000006 24.6168
26.5054 24.643700000000006
25.106 24.581400000000006
22.992499999999996 24.4618
17.5811 24.046800000000005
14.617699999999997 23.817599999999995
13.529800000000003 23.651400000000006
15.611600000000003 23.789300000000008
19.6903 24.086900000000004
17.775200000000005 23.9785
15.353800000000001 23.716099999999994
21.389300000000006 24.257899999999996
21.78909999999999 24.371399999999994
22.797199999999997 24.453300000000006
20.7381 24.371500000000005
20.89269999999999 24.248799999999996
23.711999999999996 24.493100000000005
22.639900000000004 24.407399999999996
22.102599999999995 24.388600000000004
21.354899999999997 24.3996
21.284899999999993 24.335300000000004
20.883000000000003 24.3062
17.201799999999995 24.027799999999996
19.224799999999995 24.12209999999999
21.2119 24.417400000000004
21.312200000000008 24.326299999999993
22.081200000000003 24.4867
17.935899999999997 24.174099999999992
21.051499999999997 24.35390000000001
20.581500000000002 24.3391
22.106 24.423699999999997
23.5649 24.61129999999999
23.3318 24.578699999999994
25.521999999999995 24.725300000000004
28.680899999999994 24.959899999999998
27.066000000000003 24.958800000000004
27.002599999999997 24.866899999999994
27.497700000000002 24.860300000000006
27.925500000000003 24.9287
25.633199999999995 24.798199999999994
28.217100000000002 24.975799999999996
27.664700000000014 25.015200000000004
25.100700000000003 24.784499999999998
24.139599999999994 24.680000000000003
24.813199999999995 24.7374
26.060900000000004 24.90719999999999
26.6988 24.846999999999998
26.604330000000008 24.475940000000005
26.727880000000003 24.546860000000002
25.971859999999992 24.480700000000002
27.471030000000003 25.80393999999999
24.417360000000002 23.407279999999997
23.499100000000002 23.307059999999993
26.692163 23.554510000000008
24.780435 23.384779999999992
24.814140000000002 23.473729999999996
26.159076999999996 23.6802
25.806316999999996 23.819379999999995
25.131099000000003 23.87129
25.379199999999997 23.9984
26.164700000000014 24.103399999999997
26.49410000000001 24.204
20.30449999999999 23.7987
16.530000000000005 23.46095
15.908819999999995 23.095290000000002
18.369250000000008 23.269789999999997
20.589699999999997 23.513150000000003
16.2347 23.238799999999994
13.919400000000001 23.088599999999996
14.528599999999994 23.137
17.220699999999994 23.300200000000007
21.534 23.658099999999997
21.249200000000005 23.737600000000004
21.1759 23.705900000000003
21.2611 23.785500000000003
21.326600000000003 23.857600000000005
21.5647 23.866899999999994
23.019299999999998 23.999600000000004
17.682699999999997 23.592
21.4025 23.822100000000006
22.379500000000004 23.946600000000007
20.276 23.865799999999993
19.697 23.8072
15.2893 23.3858
20.51610000000001 23.840800000000005
21.993799999999997 23.9316
22.817299999999996 24.047900000000002
20.438400000000005 23.9001
20.317399999999996 23.8501
21.152900000000002 23.950400000000002
22.1179 24.1374
25.500699999999988 24.323700000000002
26.1141 24.449900000000003
26.515099999999997 24.439099999999996
27.417900000000007 24.51370000000001
27.1768 24.5656
27.7378 24.654100000000007
28.3712 24.7099
27.6079 24.691399999999998
28.813700000000004 24.790999999999997
30.5199 24.85599999999999
29.455100000000012 24.82
29.790400000000005 24.8254
32.538299999999985 25.0524
32.5875 25.127
30.664400000000004 25.050700000000003
31.13200000000001 24.988399999999995
31.97049999999999 25.082700000000003
31.8151 25.143500000000003
31.1215 25.147399999999998
31.699700000000004 25.1936
34.8648 25.390800000000002
31.4911 25.263100000000012
32.7291 25.255100000000002
33.3334 25.327499999999997
31.128600000000016 25.191999999999997
31.3174 25.3142
31.688000000000006 25.339400000000005
26.699499999999997 24.976799999999997
27.1507 24.921499999999998
29.219000000000005 25.214199999999998
27.17249999999999 25.040899999999986
28.612399999999994 25.239300000000004
25.1436 24.9468
21.886800000000008 24.66849999999999
24.979590000000005 25.299339999999997
26.226879999999998 24.02989000000001
28.256479999999996 24.692716800000003
28.837150000000005 25.511851999999998
25.26995 23.980013
23.62292 22.08096
25.26118 22.13095000000001
25.66889000000001 23.20397
23.686546 21.410830000000004
24.650685 22.043530000000004
27.092496 22.790280000000006
26.103257000000006 21.521040000000003
24.818483999999998 21.64184
24.52208 19.99387
23.266608 19.516070000000003
23.708143000000003 19.846400000000003
25.339971000000006 20.25560000000001
26.408053999999996 21.060180000000006
26.35189699999999 20.420920000000002
25.075126000000008 20.648780000000002
24.227148000000003 20.74782
18.758038 20.447799999999994
15.838594000000002 20.29064
15.979400000000002 20.429499999999997
18.189599999999995 20.6032
25.495399999999997 21.23870000000001
21.263899999999992 21.1377
23.1015 21.243
26.924400000000006 21.631300000000007
24.681299999999997 21.60189999999999
27.371800000000007 21.760600000000004
31.910799999999995 22.2096
31.68830000000001 22.288800000000002
31.838299999999997 22.418199999999995
33.237700000000004 22.5662
32.5992 22.6438
34.00170000000001 22.83
33.48930000000001 22.95000000000001
33.924400000000006 22.916
