11.3566 7.6905
12.297899999999998 8.169100000000002
10.867 7.727100000000001
13.899700000000001 8.012799999999999
14.046199999999997 8.853599999999998
11.6114 9.250699999999998
10.0182 8.8069
11.679900000000002 8.977
10.4484 9.3093
13.100200000000001 9.0396
10.9675 9.2394
10.8079 9.424199999999999
15.490699999999997 10.5403
15.382999999999997 10.449
11.2789 10.431899999999999
10.386900000000002 9.75
11.9644 9.610200000000003
9.0952 8.9281
10.5855 8.849699999999999
10.140500000000001 8.7429
11.0858 9.5737
9.4945 9.5931
11.0223 9.6909
9.436499999999999 9.6922
9.632 9.1797
12.193299999999999 9.6789
8.974200000000002 9.6461
9.251600000000002 9.21
9.214799999999999 9.051499999999999
10.4534 9.077700000000002
9.5798 9.0935
11.504 9.2052
12.1466 9.4308
11.904800000000002 9.4606
11.5162 9.4016
11.013200000000001 8.9779
11.600200000000001 9.1359
9.7621 8.847900000000001
13.0747 9.4031
10.0002 9.413599999999999
12.750099999999998 9.788200000000002
10.894599999999999 10.3054
9.837 9.851199999999999
9.8913 9.4455
9.889199999999999 9.4572
9.737 9.0265
9.647899999999998 9.4051
11.2576 9.5972
12.0017 10.1801
10.9134 10.0286
13.270000000000001 10.1867
11.559899999999999 10.0879
11.371999999999998 9.5913
7.933100000000001 9.2721
8.8981 8.8379
8.790399999999998 9.540899999999999
12.109399999999999 10.4668
11.859000000000002 10.2638
11.1406 9.7106
12.383700000000001 9.5725
12.955900000000002 10.3462
9.975 10.081000000000001
9.3684 9.5096
9.6161 9.1961
8.5726 8.7661
8.6367 8.444
8.8158 9.084999999999999
10.208299999999998 9.410400000000001
9.133400000000002 8.7937
11.2123 9.6248
10.626199999999999 9.5502
8.4061 9.082000000000003
9.861699999999999 8.941400000000002
8.1957 8.744200000000001
9.6928 8.7433
9.0745 9.0797
8.2821 9.043099999999999
9.581 8.5246
11.254999999999999 8.9797
9.6591 9.2605
9.094000000000001 9.0168
9.0946 9.074599999999998
11.5349 9.291599999999999
9.892000000000001 9.1734
9.6998 9.125
9.0022 9.0787
10.586 8.972199999999999
12.331599999999998 9.3949
9.4879 9.2781
8.968399999999999 9.132400000000002
9.3635 8.7721
10.783900000000001 8.8744
12.828499999999998 9.445
9.330499999999999 9.774600000000001
8.6288 9.3063
10.706299999999999 8.870099999999999
13.809 9.720300000000002
10.700999999999999 9.761899999999999
10.102000000000002 9.258700000000001
9.969999999999999 9.4406
9.3198 9.2091
10.286900000000001 9.7367
9.2074 9.4421
9.042 8.892999999999999
10.287799999999999 8.7504
14.095299999999996 10.084299999999999
10.667800000000002 9.7147
11.3717 9.776
11.9069 9.8948
10.856800000000002 9.7247
10.1004 9.2257
10.434700000000001 9.5299
10.053 9.299100000000001
10.4434 8.814699999999998
11.930700000000002 8.9654
11.4618 9.406500000000001
11.4153 9.4943
10.5255 9.1668
12.0914 9.443999999999999
9.943100000000001 10.3122
9.399199999999999 9.5692
10.4166 9.7097
10.063399999999998 9.954
13.8898 10.025899999999998
11.9448 10.0012
11.147699999999999 9.545199999999998
10.710100000000002 9.8117
10.996599999999999 9.4163
10.8187 9.5038
11.1481 10.111199999999998
8.7069 9.4502
9.509799999999998 9.236799999999999
12.616900000000001 9.7902
15.6887 10.890600000000001
10.435400000000001 10.660399999999997
11.1473 10.3346
10.534099999999999 10.390600000000001
11.899700000000003 10.220199999999998
10.1339 9.903500000000001
10.936899999999998 9.593499999999997
11.985 9.835900000000002
12.1285 9.767000000000001
14.635499999999999 10.552700000000002
11.734300000000001 9.920099999999998
12.3018 9.439099999999998
12.100699999999998 10.1089
12.9633 9.835299999999998
12.9579 9.8
12.9383 9.9969
11.293299999999999 9.1938
12.741599999999998 9.623800000000001
12.514799999999997 9.905700000000001
11.9774 9.6502
12.9799 9.994800000000001
13.2158 9.944500000000001
11.9781 10.217100000000002
13.0986 10.6462
12.933799999999998 10.3931
12.843200000000001 9.594100000000001
11.3779 10.091399999999998
10.3789 9.422799999999999
14.7365 10.1046
13.0795 10.4797
10.572099999999999 9.823799999999999
12.757900000000003 9.6969
14.133200000000002 10.0595
11.8154 9.593499999999999
12.5666 9.548200000000001
13.6235 9.987900000000002
12.1304 9.9441
10.627400000000002 9.281400000000001
13.6377 9.3739
12.493200000000002 9.3575
13.593 9.5048
14.4338 9.7517
14.6197 9.504299999999999
13.692200000000001 9.4272
13.206599999999998 10.3321
13.310700000000002 10.4272
13.3898 10.015600000000001
14.532299999999998 9.7577
14.7167 9.661999999999999
14.3066 10.219899999999999
13.8556 10.038
13.706 10.007299999999999
13.723000000000003 10.165099999999999
15.514800000000001 10.086300000000001
12.6327 9.9392
14.880100000000002 9.7545
14.522099999999998 9.818299999999999
14.310200000000004 9.686799999999998
14.616999999999999 10.082999999999998
15.010999999999996 9.6123
14.259 9.9298
12.1946 9.696
12.2758 9.8259
13.873399999999997 10.148800000000001
12.409699999999999 9.9941
13.3914 9.909500000000001
11.4018 9.576299999999998
13.706000000000001 10.176499999999999
12.852 10.210899999999999
13.497799999999998 9.8039
15.048499999999997 10.155899999999999
14.383 10.144300000000001
13.861 9.6586
15.1869 10.432899999999998
13.574999999999998 10.1089
11.6823 9.907
12.1667 10.151200000000001
14.6533 10.634599999999999
13.095 10.5684
15.148 10.7187
14.497599999999998 10.4918
12.7188 9.8224
14.857000000000001 9.8476
13.779 9.714599999999999
12.359500000000002 9.596599999999999
13.087399999999999 9.4785
13.971900000000002 9.9136
11.32 9.321299999999999
16.502000000000002 9.3877
14.809999999999999 10.6477
12.348499999999998 10.5485
14.852400000000001 10.241200000000001
12.4738 10.237200000000001
13.989299999999998 10.4893
11.858400000000001 11.9605
13.663499999999997 11.917999999999997
14.031500000000003 11.300500000000001
14.6944 11.151
15.7925 11.397599999999999
11.738400000000002 11.183500000000002
13.3282 11.038699999999999
13.434 10.896199999999999
12.1669 11.5196
11.610700000000001 11.154800000000002
11.5007 10.844000000000001
11.4848 10.7425
16.2184 11.6176
16.816 12.082399999999998
15.1843 12.7058
14.806 11.475
12.015899999999997 11.0325
12.0877 10.735600000000002
10.719599999999998 10.5017
9.2193 9.683300000000001
12.0152 10.2473
11.2944 10.7247
13.456199999999999 10.672600000000001
13.495000000000001 10.9427
14.21 11.008
13.262699999999999 10.5677
13.067100000000002 10.5665
12.968400000000003 10.6046
12.451400000000001 10.5637
11.976400000000002 10.5755
12.0341 10.5284
12.9831 10.7158
11.5398 10.573899999999998
12.901000000000002 10.1619
11.0935 10.8886
12.2852 10.1899
10.715599999999997 10.086200000000002
8.9948 9.997100000000001
11.398 10.645800000000001
12.065100000000001 10.6461
11.0227 10.606200000000001
12.6688 10.4399
11.7357 10.0933
12.1687 9.815299999999999
10.7896 9.579200000000002
11.2125 9.9113
9.376500000000002 10.0299
11.476100000000002 11.2707
10.6246 11.429999999999998
9.9922 10.845199999999998
15.061800000000003 11.6388
13.705800000000002 11.885500000000002
11.782800000000002 11.3092
11.1713 10.757
13.483499999999998 10.8333
9.9854 10.3312
11.669 10.1242
9.4915 10.166000000000002
8.131900000000002 9.4779
8.987699999999998 10.2859
10.121599999999999 10.8176
