32.9291 23.939799999999998
33.829600000000006 23.983500000000006
32.90340000000001 23.99
34.70739999999999 24.196199999999994
31.616399999999995 24.0454
30.897300000000005 24.099500000000003
31.4334 24.043100000000003
30.342699999999994 24.040500000000005
31.7236 24.1485
32.37170000000001 24.210299999999997
29.784499999999987 24.172799999999995
32.6041 24.2952
30.789200000000015 24.200799999999997
29.7538 24.300600000000003
31.691399999999998 24.3776
30.563499999999994 24.204200000000007
28.736600000000003 24.2613
30.763600000000007 24.364900000000002
28.8333 24.231300000000005
31.112299999999987 24.379499999999997
31.709600000000005 24.477599999999995
31.31830000000001 24.430000000000003
30.602700000000016 24.4167
32.38850000000001 24.523299999999995
28.87700000000001 24.240499999999994
28.984300000000008 24.312000000000005
21.293699999999998 23.848399999999994
21.2852 23.677600000000005
25.349999999999994 23.979999999999997
28.317600000000002 24.246299999999994
24.606100000000005 23.8975
29.967000000000006 24.322200000000006
27.664499999999997 24.222200000000008
30.842299999999994 24.3418
29.3037 24.1701
27.9002 24.2001
30.8432 24.396900000000002
28.77300000000001 24.365699999999997
27.490800000000004 24.204300000000003
29.354299999999995 24.3846
30.229999999999997 24.3874
30.441299999999995 24.41560000000001
28.742999999999995 24.35439999999999
27.8685 24.373500000000003
29.4114 24.3714
30.452999999999996 24.4686
28.328399999999988 24.353799999999996
28.134800000000006 24.3008
28.432000000000002 24.364200000000004
28.092000000000013 24.343300000000003
27.899099999999986 24.351600000000005
28.731800000000007 24.425800000000002
27.053499999999996 24.374299999999998
28.154500000000017 24.3967
29.030200000000008 24.498899999999995
28.40819999999999 24.3943
29.339799999999993 24.51659999999999
28.800300000000007 24.416300000000003
28.915000000000006 24.446700000000003
27.268800000000006 24.371599999999997
27.873099999999994 24.428900000000002
26.903399999999994 24.368199999999998
22.2455 24.07829999999999
15.499800000000006 23.536099999999994
15.959900000000005 23.5257
15.862599999999997 23.4595
20.543899999999987 23.784799999999994
19.89989999999999 23.797399999999996
15.609199999999998 23.403299999999998
19.6637 23.818400000000008
23.59580000000001 24.112300000000005
24.594299999999997 24.324099999999998
26.89989999999999 24.3727
29.13270000000001 24.5588
29.637699999999995 24.605599999999995
27.390000000000004 24.4769
29.937 24.6552
31.640400000000003 24.83439999999999
30.653700000000008 24.865
28.767100000000006 24.692899999999998
29.165799999999997 24.6697
28.759600000000002 24.7508
29.1526 24.8187
31.442200000000003 24.902200000000004
28.56309999999999 24.68840000000001
29.407600000000002 24.788100000000004
29.9217 24.822000000000006
29.3493 24.7964
28.004999999999992 24.786199999999994
27.590799999999994 24.762900000000005
26.808299999999992 24.653000000000006
25.387099999999997 24.612699999999993
23.0428 24.410699999999995
17.619299999999996 24.036700000000007
17.6465 23.871199999999995
22.692999999999998 24.264499999999998
22.140399999999993 24.2202
22.895099999999996 24.373599999999993
17.993800000000004 23.905600000000003
21.130699999999997 24.169900000000002
22.969699999999992 24.305299999999995
26.114299999999997 24.530099999999997
27.180099999999996 24.65749999999999
27.339799999999993 24.7379
25.421600000000005 24.602999999999998
26.995300000000004 24.742699999999996
27.400100000000005 24.844000000000005
27.106600000000007 24.819199999999995
30.07029999999999 24.9507
28.6171 24.887
27.472600000000003 24.8522
24.923500000000008 24.663100000000004
23.405500000000004 24.579899999999995
23.559699999999996 24.60409999999999
18.144099999999995 24.1241
20.0592 24.243399999999998
24.88650000000001 24.541900000000002
25.884200000000007 24.596099999999996
24.536 24.53429999999999
20.498900000000003 24.358
28.228599999999993 24.77889999999999
28.2456 24.809199999999997
28.360500000000005 24.921
27.854199999999995 24.908300000000004
28.8578 24.9472
28.062900000000003 24.9523
29.757500000000007 25.083699999999993
28.909600000000008 25.00569999999999
28.2032 25.0017
28.367800000000003 25.031000000000002
28.28419999999999 24.9957
28.465300000000006 25.05430000000001
29.3467 25.056300000000004
29.043500000000005 25.179000000000013
27.378500000000006 24.985599999999998
27.1283 25.0421
28.044399999999985 25.091100000000004
27.0056 25.004199999999997
27.42449999999999 25.053200000000004
28.431 25.1741
29.418300000000002 25.122199999999996
28.023500000000006 25.089400000000005
28.32989999999999 25.124900000000004
28.324199999999998 25.132900000000003
27.9285 25.1044
27.913600000000006 25.124599999999997
27.2609 25.201600000000003
26.932300000000005 25.1456
28.791100000000004 25.3151
26.9534 25.1965
27.9946 25.2306
22.541500000000003 24.892700000000005
19.400399999999998 24.637800000000002
22.1642 24.8057
26.2957 25.1338
27.351300000000002 25.220799999999997
23.996900000000004 24.984799999999993
21.6746 24.7321
25.811 24.573999999999995
26.685879999999994 24.71802
25.299100000000003 24.662730000000007
28.054699999999993 24.883620000000004
25.94475 24.719750000000005
25.238569999999992 24.735969999999995
26.49967 24.823759999999996
28.640265999999993 24.89904
28.046231 24.924620000000004
27.9503 24.9222
26.408899999999996 24.958
28.26100000000001 25.119000000000003
27.621100000000006 25.086600000000004
27.22200000000001 25.083599999999993
26.120200000000004 25.019600000000008
26.85649999999999 25.115200000000005
27.788599999999995 25.122600000000006
26.4321 25.027699999999996
28.158599999999996 25.126500000000007
27.377299999999995 25.176200000000005
26.049900000000004 25.104599999999994
26.205299999999987 25.075199999999988
26.3709 25.146799999999992
26.6963 25.227299999999996
25.548900000000003 25.084699999999998
26.3877 25.11359999999999
26.675299999999996 25.1734
26.519699999999997 25.212500000000006
28.17360000000001 25.346699999999995
27.0443 25.236399999999993
25.907000000000004 25.1988
26.120900000000002 25.212400000000002
26.5867 25.2397
29.246500000000008 25.4332
26.3156 25.349099999999996
20.3217 24.964900000000004
22.307499999999997 24.899300000000007
25.415399999999995 25.1884
26.6092 25.279900000000005
28.600100000000005 25.340699999999995
28.0911 25.4138
26.76909999999999 25.329199999999997
24.1726 25.183600000000002
26.738400000000013 25.403899999999997
25.70400000000001 24.93490000000001
26.823900000000005 25.3626
27.434600000000003 25.436400000000003
27.288600000000002 25.471999999999994
28.361900000000006 25.1443
27.138599999999997 25.428100000000004
26.6353 25.4493
27.340700000000002 25.5509
27.467099999999988 25.481199999999994
25.5341 25.373900000000006
28.4478 25.569999999999997
28.8703 25.5867
28.22180000000001 25.649100000000004
29.701700000000002 25.648600000000005
28.9271 25.75
28.554599999999997 25.671100000000003
28.065299999999986 25.652400000000004
28.36880000000001 25.688
27.502499999999998 25.585400000000003
28.132900000000006 25.609199999999994
27.666999999999998 25.608700000000002
27.978 25.6554
26.9953 25.639300000000002
27.504 25.659599999999994
26.7373 25.599599999999988
26.4131 25.5947
26.5596 25.614199999999993
21.977400000000003 25.334699999999994
18.1965 25.00220000000001
18.410699999999995 24.9979
21.460099999999997 25.1081
26.934300000000004 25.521099999999997
28.2496 25.609099999999994
27.785999999999987 25.740099999999998
25.418199999999995 25.611099999999997
27.412099999999995 25.654099999999993
26.43 25.655900000000003
27.928199999999993 25.784500000000005
28.264899999999997 25.806499999999993
29.085100000000008 25.79760000000001
27.624899999999997 25.7764
23.509999999999998 25.572899999999997
24.619799999999994 25.580400000000004
23.3067 25.454500000000003
18.8124 25.181000000000004
16.374200000000005 24.9716
16.058699999999998 24.937199999999997
19.281499999999994 25.20820000000001
21.61809999999999 25.379399999999997
20.317400000000003 25.3509
20.2529 25.2162
27.5241 25.8406
29.1209 25.9326
29.743799999999997 26.022499999999997
26.453300000000006 25.88600000000001
28.3136 25.908800000000003
30.468299999999992 26.0498
28.81990000000001 26.084799999999998
31.346199999999996 26.249800000000008
30.558699999999998 26.1898
29.61779999999999 26.202
29.1883 26.12859999999999
28.517600000000005 26.249899999999993
30.422500000000003 26.339499999999997
30.206100000000003 26.31
29.477200000000003 26.346200000000003
29.149400000000004 26.300099999999993
31.066899999999997 26.4281
30.76810000000001 26.44812000000001
30.903050000000015 25.964849999999995
29.974840000000015 25.95591
27.5399 25.765000000000004
30.8494 26.0907
30.181000000000008 26.2108
20.487399999999994 25.4914
28.910899999999994 25.949700000000004
31.206900000000008 26.212200000000003
30.842999999999986 26.244600000000005
30.041899999999995 26.169699999999995
26.18040000000001 25.9326
33.2699 26.433199999999996
31.924800000000005 26.299999999999997
32.9595 26.470099999999984
31.489800000000006 26.385199999999998
29.835600000000007 26.410899999999998
31.9731 26.4674
