12.7059 44.752700000000004
12.725609999999996 44.74769999999999
12.7075 44.7472
12.649799999999997 44.74989999999999
12.964919999999996 44.748900000000006
13.005990000000004 44.77890000000001
12.519330000000004 44.794900000000005
13.217370000000003 44.78329999999998
13.462869999999999 44.821799999999996
13.659820000000003 44.85479999999997
13.497810000000001 44.853699999999996
13.297829999999996 44.8404
12.890829999999998 44.84139999999999
12.763430000000003 44.84649999999999
12.99257 44.828999999999986
12.984319999999997 44.844199999999994
12.988000000000003 44.84890000000001
12.834500000000004 44.29969999999999
12.85286 44.29559999999999
13.281859999999998 44.56859999999999
18.026139999999998 45.11329999999998
13.071309999999997 44.745999999999995
12.916519999999998 44.6317
12.800239999999995 44.63609999999999
12.84121 44.621800000000015
13.01253 44.635600000000004
13.030370000000001 44.654199999999996
12.998049999999997 44.63269999999999
12.923949999999998 44.650600000000004
12.825529999999997 44.63389999999999
12.90491 44.6416
12.872460000000002 44.649300000000004
12.91967 44.66950000000002
12.882670000000001 44.677
12.69439 44.695800000000006
12.6237 44.695900000000016
12.566669999999998 44.68480000000001
12.649059999999993 44.6805
12.713190000000003 44.663100000000036
13.532239999999994 44.6759
13.21214 44.87120000000001
12.924830000000002 44.7552
12.628359999999999 44.72070000000001
12.645559999999998 44.716600000000014
12.560210000000005 44.72669999999999
12.42557 44.72440000000001
12.42076 44.729699999999994
12.325779999999996 44.73069999999998
12.249749999999997 44.725999999999985
12.31656 44.7248
12.237210000000005 44.72189999999999
12.155269999999998 44.715500000000006
12.194869999999998 44.71090000000002
12.239500000000001 44.71739999999999
12.238190000000001 44.74279999999998
12.402789999999996 44.72569999999998
12.362470000000004 44.70729999999998
12.370449999999995 44.710299999999975
12.376100000000003 44.7188
12.31384 44.72850000000001
12.278430000000002 44.70619999999998
12.3647 44.71249999999999
12.455059999999998 44.75459999999998
12.40788 44.7707
13.235249999999999 44.93099999999999
13.201729999999998 44.90139999999999
12.919690000000001 44.95830000000001
12.555629999999999 44.94059999999999
12.953979999999996 44.93989999999997
13.134760000000004 45.1891
12.58123999999999 44.971500000000006
12.58288 44.98239999999998
12.378200000000005 44.9952
12.277059999999999 44.9848
12.206079999999995 44.991200000000006
12.426299999999994 45.00479999999998
12.322080000000005 45.002299999999984
12.14958 44.84749999999998
12.245789999999996 45.00399999999998
12.430699999999993 45.004499999999986
12.927020000000002 45.030699999999975
13.13697 45.0676
12.418920000000002 45.0719
12.546200000000004 44.48279999999999
12.535749999999998 44.75299999999999
12.858399999999998 44.86399999999999
12.53246 44.73049999999999
12.390100000000002 44.736899999999984
12.3795 44.810899999999975
12.414179999999996 44.8145
12.390490000000002 44.816800000000015
12.682450000000003 44.80439999999999
12.61961 44.80849999999998
12.490289999999996 44.8195
12.443809999999997 44.8117
12.366689999999997 44.8089
12.469320000000002 44.8243
13.005519999999995 44.83979999999998
12.712500000000004 44.803599999999975
12.688539999999998 44.772
12.65967 44.77210000000001
12.727799999999997 44.777399999999986
12.65424 44.7839
12.62674 44.78450000000001
12.763120000000002 44.83010000000001
12.627809999999998 44.8305
12.451020000000003 44.830699999999986
12.554129999999997 44.82629999999999
12.514170000000002 44.81959999999999
12.49457 44.8078
12.56406 44.80819999999999
12.650370000000006 44.826499999999996
12.542569999999994 44.82679999999999
12.555670000000003 44.842199999999984
12.475870000000002 44.8647
13.138520000000002 44.925000000000004
13.041349999999996 45.039899999999975
12.755049999999995 44.97989999999998
12.373389999999993 44.95979999999997
12.5772 44.652899999999974
12.690489999999999 44.863699999999994
12.544049999999999 44.86899999999999
12.427629999999999 45.047399999999996
12.402060000000002 44.89529999999998
12.630529999999998 44.9134
12.614910000000002 44.898
12.82169 44.9008
12.797520000000004 44.92560000000001
12.873500000000002 44.90510000000001
13.087470000000001 44.9054
12.954799999999997 44.91130000000001
13.402609999999996 44.97029999999999
12.92564 44.9417
13.493330000000006 45.007800000000024
12.90189 44.940500000000014
12.75155 44.93640000000001
12.813569999999999 44.93790000000001
12.885359999999995 44.924400000000006
12.856480000000007 44.8996
13.079639999999996 44.8729
12.888339999999996 44.871600000000015
12.920880000000007 44.871300000000005
12.800050000000002 44.888900000000014
12.73957 44.8821
12.626280000000001 44.89709999999999
12.692450000000004 44.891600000000004
12.680229999999995 44.883999999999986
12.535469999999998 44.88799999999999
12.687560000000003 44.902699999999975
12.701030000000008 44.9546
12.97547 45.036100000000005
12.68359 44.97599999999999
12.640540000000003 44.9713
12.716309999999996 44.95699999999999
12.625000000000004 44.95039999999998
12.647879999999997 44.9672
12.713359999999996 44.96449999999998
12.820910000000001 44.95739999999998
12.859340000000003 44.9849
13.618200000000002 45.1293
12.874130000000003 45.05849999999999
12.832829999999998 45.058499999999974
12.969960000000002 45.0447
13.014569999999997 45.023399999999995
12.719150000000004 45.026999999999994
12.749230000000003 45.047299999999986
12.691959999999996 45.03169999999997
12.890270000000001 45.0654
12.786149999999996 45.051899999999996
12.85362 45.058999999999976
12.760959999999995 45.07020000000001
12.68375 45.066
12.699089999999996 45.06010000000001
13.02848 45.05799999999999
13.064089999999998 45.0854
12.929189999999998 45.105900000000005
12.78541 45.12509999999998
12.758560000000003 45.1434
12.721680000000003 45.14169999999999
12.973650000000001 45.12979999999998
12.867340000000002 45.12399999999999
12.795119999999999 45.1119
12.75991 45.107800000000005
12.879359999999993 45.11329999999998
12.712259999999997 45.12789999999999
12.707319999999998 45.144899999999986
12.840499999999999 45.1449
12.759049999999997 45.12999999999999
12.783670000000006 45.1305
12.862549999999997 45.13949999999999
12.781 45.153199999999984
12.621169999999996 44.59749999999997
12.595659999999997 45.15699999999999
12.469359999999996 45.165899999999986
12.629000000000001 45.15929999999999
12.85764 45.16099999999999
12.719840000000005 45.1735
13.27595 45.266
12.498549999999998 45.2645
12.576399999999996 45.25599999999999
12.774940000000004 45.240399999999994
12.79316 45.2558
12.66001 45.24969999999998
12.727860000000005 45.2459
12.608199999999997 45.2513
12.700309999999998 45.2528
12.817200000000001 45.25080000000002
13.017579999999999 45.24400000000001
12.782690000000002 45.2482
12.770389999999999 45.262299999999996
12.883629999999998 45.26729999999999
12.921359999999998 45.25549999999999
12.782540000000003 45.2622
12.772520000000002 45.2632
13.088419999999992 45.2772
12.727989999999997 45.328399999999995
12.640389999999998 45.25610000000002
12.758949999999999 45.23990000000001
12.521569999999995 45.23410000000002
12.859889999999996 45.29220000000002
12.675279999999997 45.2668
12.610009999999999 45.264
12.501990000000001 45.26570000000002
12.461539999999998 45.256699999999995
12.37294 45.26170000000002
12.517509999999993 45.28900000000001
12.492980000000001 45.2952
12.688869999999996 45.305299999999995
12.69731 45.316300000000005
12.694540000000002 45.325900000000004
12.72285 45.33219999999999
12.733909999999998 45.336499999999994
12.626630000000002 45.35129999999998
12.643100000000004 45.33650000000001
13.235490000000002 45.355799999999995
13.431679999999998 45.343399999999995
13.361530000000002 45.3216
13.213499999999994 45.3294
13.289979999999996 45.39529999999999
12.962930000000004 44.7736
13.161200000000001 44.9555
12.987679999999996 45.098
20.41388 45.8545768
13.11449 45.17519999999999
13.010639999999995 45.1574
12.986499999999996 45.16869999999999
13.05666 45.15809999999998
13.029679999999995 45.147899999999986
12.884559999999997 45.15269999999998
12.798450000000003 45.168299999999995
12.876600000000005 45.163900000000005
12.885099999999996 45.143699999999995
12.964319999999999 45.1347
12.860479999999994 45.132499999999986
12.73251 45.13999999999999
12.93003 45.14929999999999
13.09269 45.15659999999997
13.061960000000003 45.16149999999999
13.1418 45.153699999999986
13.17817 45.137899999999995
13.12537 45.14489999999997
12.971319999999995 45.156099999999995
12.939779999999995 45.1704
12.7075 45.13700000000001
12.554159999999994 45.1252
12.520580000000002 45.107599999999984
12.631260000000003 45.0795
12.707469999999999 45.082200000000014
12.592300000000002 45.0828
12.648890000000002 45.09269999999999
12.589340000000002 45.107399999999984
12.478219999999999 45.119899999999994
12.438770000000002 45.127299999999984
12.291969999999997 45.121500000000005
12.9735 45.15019999999998
13.018880000000005 45.16720000000001
12.712480000000003 45.1766
12.612189999999998 45.17919999999999
12.803580000000004 45.177999999999976
12.919559999999997 45.19879999999999
12.86126 45.230000000000004
12.776269999999998 45.23680000000001
12.905259999999998 45.2505
12.754990000000003 45.26559999999999
13.087709999999998 45.28910000000002
12.898220000000002 45.2975
13.047860000000004 45.330499999999994
12.76999 45.30809999999999
