13.905999999999999 9.4432
12.722899999999997 9.0672
11.7611 8.829099999999999
11.9647 9.075700000000001
11.532 8.733900000000002
12.6493 8.874199999999998
13.178999999999998 9.1234
12.973200000000002 8.7302
12.5659 8.8529
12.014300000000002 8.745700000000001
12.271899999999999 8.4579
10.9905 8.5069
13.052899999999998 8.6287
12.6613 8.786699999999998
12.2825 9.345799999999999
12.1883 8.8474
14.346899999999998 9.392299999999999
13.1547 9.4367
13.8761 9.105599999999999
14.376 9.429
13.167500000000002 9.0276
12.217799999999999 9.119500000000002
12.850999999999999 9.440100000000001
11.57 8.882
12.020199999999999 9.09
12.3448 8.6843
14.0986 9.3823
13.9213 9.2538
14.97 9.543
13.084499999999998 9.3898
12.177299999999999 9.4028
14.116800000000001 8.7959
14.273000000000003 9.472299999999999
14.534000000000002 9.3062
14.058200000000001 9.4098
13.2637 9.0185
14.076 9.407300000000001
15.764100000000001 9.363399999999999
16.78 10.0478
15.580999999999998 9.9039
15.701 9.2944
16.526000000000003 9.4185
15.2841 9.8184
16.590000000000003 9.8953
16.702 9.910899999999998
14.677000000000001 9.754999999999999
12.6971 9.722700000000001
13.627 9.8822
12.936800000000002 9.0651
14.8882 9.0781
13.652599999999998 9.3078
11.554499999999999 8.873600000000001
12.850499999999998 8.976700000000001
11.772 9.055299999999999
12.9683 9.458099999999998
12.584000000000001 9.2917
12.831800000000001 9.4743
11.7591 9.0878
11.771799999999999 9.0618
13.0221 9.3556
11.4511 8.8836
10.721800000000002 8.2794
12.4795 8.5791
11.2853 9.1859
11.613999999999999 8.9021
13.063199999999997 8.585499999999998
11.4591 8.930100000000001
12.886000000000001 9.176700000000002
11.2713 9.2239
12.5973 8.945599999999999
14.734 8.615
13.1522 8.9796
13.2793 9.033499999999997
13.8552 9.111
12.974100000000002 9.1381
12.961400000000001 9.0321
13.1457 8.792
12.707899999999997 8.704399999999998
13.745000000000001 8.836800000000002
15.431100000000002 9.6603
11.856300000000001 9.193499999999998
13.009300000000001 9.212000000000002
12.3452 9.1279
13.422399999999998 9.3015
13.292000000000002 9.3571
13.666 9.4922
14.562 9.553799999999999
14.139 9.712400000000002
13.814000000000002 9.367500000000001
13.096 8.9905
13.1644 8.7988
14.414 8.9568
16.096 9.115799999999998
14.7 8.953399999999998
14.283299999999999 8.8043
15.774 9.390300000000002
16.857999999999997 9.4525
18.218999999999998 9.850299999999999
17.804000000000002 9.726899999999999
14.805000000000001 9.495999999999999
17.342 9.0831
16.342 9.165000000000001
17.025999999999996 9.3529
17.269000000000002 9.762
16.756999999999998 9.3438
15.799 9.0579
17.3 9.2971
16.796 9.4347
18.663999999999998 9.457399999999998
16.575 9.0233
16.279000000000003 9.060199999999998
16.770000000000003 9.4558
19.31 9.5958
17.640000000000004 10.0409
16.641000000000002 10.115399999999998
17.217800000000004 9.7716
16.919999999999998 9.8133
17.038999999999998 9.8145
17.520000000000003 9.661900000000001
18.096999999999998 9.825099999999999
16.585 9.965200000000001
18.634 9.904399999999997
17.552 9.6481
17.327 9.655499999999998
17.663 9.7187
18.907 9.8968
20.149 10.356200000000001
17.873999999999995 10.298
17.986 10.229199999999999
19.176 9.822000000000001
18.964000000000002 9.515699999999999
18.058 9.314999999999998
18.967 9.533999999999999
19.749 9.6241
19.522000000000002 9.620800000000001
18.126 9.6218
18.814 9.652499999999996
18.648000000000003 9.8875
17.974 10.0484
17.939 9.824700000000002
17.095999999999997 9.6377
15.855000000000002 9.181600000000001
17.83 9.600200000000001
18.208000000000002 9.34
18.450999999999997 9.520500000000002
19.326 9.641
18.479 9.547600000000001
20.819 10.149700000000001
20.269000000000005 9.986099999999999
21.108 10.4049
20.68 10.303299999999998
22.979 10.604200000000002
19.831 10.159099999999999
20.119999999999997 9.960099999999999
19.615 9.832099999999999
20.632000000000005 9.764999999999999
20.852999999999998 10.0416
20.016 9.842300000000002
18.538 9.7472
19.331000000000003 9.998
15.798000000000002 9.837599999999998
24.260999999999996 9.9513
24.119 10.096
19.43 10.0841
18.481 9.921199999999999
21.9 10.3126
22.573 10.2057
17.662 9.564299999999998
17.821 9.545399999999999
19.916 9.680100000000001
24.001 10.076
23.834 10.2364
24.886999999999997 10.1358
22.962000000000003 10.2004
25.210000000000004 9.942800000000002
24.024 10.0433
21.703 10.0192
21.982000000000003 9.6256
21.182000000000002 9.688799999999999
21.160999999999998 9.733500000000001
25.358999999999998 9.805399999999999
23.919999999999998 10.0438
26.102000000000004 10.496299999999998
25.134 10.264
24.516 9.775400000000001
24.297 10.3014
24.375 10.502500000000001
23.382 9.804300000000001
26.819 10.3755
25.523999999999997 10.6763
25.595000000000002 11.0509
26.865 10.790900000000002
28.073000000000008 10.856700000000002
27.616000000000003 11.3439
23.784000000000002 11.1728
25.566 10.451100000000002
25.704 10.5235
25.202999999999996 10.360700000000001
27.442000000000004 10.551499999999999
27.759999999999994 10.697400000000002
28.691 10.6635
26.576 11.048200000000001
26.879 11.004800000000001
24.148999999999997 10.7825
25.435999999999996 11.0596
22.892000000000003 10.528799999999999
22.868 10.439400000000001
24.407 10.460600000000001
23.715999999999994 10.0906
22.900000000000002 9.937899999999999
23.014999999999997 10.5914
24.698 10.2785
23.557 10.605199999999998
23.211000000000002 10.849899999999998
23.572000000000003 10.4702
22.562 9.941200000000002
25.826 10.197799999999999
21.186000000000003 10.3023
25.877 10.2637
22.949 10.608500000000001
23.742 10.2563
22.286 10.2441
23.613 9.975499999999998
23.720999999999997 10.2081
24.505 10.828100000000001
22.775000000000002 10.6226
24.194 10.4908
21.573000000000004 10.059099999999997
23.523 10.543300000000002
22.083000000000002 10.6856
24.582 10.673
23.849999999999998 10.774799999999999
21.76 10.8699
20.580000000000005 10.681799999999999
20.362000000000005 10.850499999999998
21.419 10.491100000000001
21.945 10.389000000000001
23.061999999999998 10.044599999999999
23.509999999999998 10.116900000000001
22.336 10.259200000000002
23.308 10.3594
23.569000000000003 10.7125
24.732000000000003 10.9731
24.041999999999998 10.4226
23.154 10.3734
22.127 10.1271
24.974999999999994 10.546999999999999
22.866999999999997 10.513400000000003
23.596 10.194100000000002
23.238999999999997 10.1716
21.561 10.350299999999999
23.581000000000003 9.880600000000001
23.731 10.2965
25.266 10.623899999999999
24.029 10.7272
23.332 10.2617
21.451 10.4765
24.043999999999997 10.620699999999998
23.415000000000003 10.318499999999998
23.105 9.9904
22.087 9.9425
21.788 10.041
21.011999999999997 9.955300000000001
22.892000000000003 10.1904
20.031 10.2397
20.254 10.225500000000002
19.871999999999996 10.419300000000002
20.298 10.709299999999999
20.923 10.613299999999999
20.496 10.4796
20.563 10.546000000000003
22.337 10.2785
19.697 10.361699999999999
19.582 10.092299999999998
19.778 9.830699999999998
19.778000000000002 10.208999999999998
18.211 10.4347
18.580000000000002 10.0105
19.71 9.654599999999999
16.965999999999998 9.569799999999999
18.033 9.2879
16.919999999999998 9.2913
17.939 9.465600000000002
17.907999999999998 10.0399
16.102999999999998 9.9
16.538999999999998 9.3456
17.289000000000005 9.9664
18.578999999999997 10.2308
