35.5807 6.0674
35.59380000000001 6.06047
35.4911 6.064029999999998
35.52259999999999 6.071870000000001
36.3901 6.060910000000001
36.19350000000001 6.08736
36.97779999999999 6.0903
35.2162 6.059269999999999
36.2934 6.1156900000000025
36.13579999999999 6.082539999999999
36.05910000000001 6.097259999999998
35.8551 6.087249999999999
36.2279 6.108759999999998
35.7329 6.08108
35.8408 6.09196
35.949999999999996 6.1098300000000005
35.2375 6.199419999999999
34.84120000000001 6.147960000000001
35.836999999999996 6.135749999999999
36.597999999999985 6.15377
36.87610000000001 6.14711
36.128699999999995 6.144729999999999
36.02839999999999 6.161710000000001
35.84309999999999 6.165940000000003
37.146800000000006 6.20722
36.0154 6.19807
36.445600000000006 6.2285699999999995
37.2139 6.251569999999999
37.88999999999999 6.21504
38.03739999999999 6.220709999999999
37.896899999999995 6.219400000000001
38.26039999999998 6.22104
38.0355 6.233700000000002
37.8384 6.249090000000002
38.224399999999996 6.269010000000002
35.62879999999999 6.2164
36.4015 6.231529999999999
36.018899999999995 6.193750000000002
36.82749999999999 6.196939999999999
36.724900000000005 6.192360000000002
37.28720000000001 6.199879999999999
35.948600000000006 6.22071
36.2322 6.236670000000001
36.406299999999995 6.1957
36.514799999999994 6.23334
36.8125 6.240230000000001
35.26589999999999 6.193660000000001
35.97360000000002 6.212920000000001
36.631299999999996 6.218779999999998
36.149200000000015 6.1679400000000015
37.25029999999999 6.218149999999999
38.156 6.227810000000001
36.16530000000001 6.19392
36.184699999999985 6.1671499999999995
36.24039999999999 6.15981
35.70949999999998 6.154820000000001
35.77430000000001 6.1562399999999995
35.911599999999986 6.160440000000002
37.41339999999999 6.24706
37.2242 6.23364
37.801199999999994 6.24073
39.02020000000001 6.273820000000001
37.13709999999999 6.19186
36.95139999999999 6.233230000000002
35.7937 6.18426
35.22059999999999 6.15658
35.396800000000006 6.17467
36.215399999999995 6.145419999999998
34.082300000000004 6.08988
33.755399999999995 6.066270000000001
33.631699999999995 6.078709999999999
34.6483 6.06114
34.276799999999994 6.065550000000002
34.5279 6.015819999999999
34.149 6.00296
34.5798 6.01465
33.19649999999999 6.007870000000002
34.220100000000016 5.978199999999999
33.3667 5.98704
33.21829999999999 5.988119999999999
32.02520000000001 5.973940000000001
31.720099999999995 5.959779999999998
31.401300000000003 5.946739999999999
32.028 5.937440000000001
33.74770000000001 6.16384
31.319800000000004 5.894990000000001
31.337600000000005 5.83743
30.891500000000004 5.84375
31.35849999999999 5.859899999999999
30.980200000000007 5.853620000000002
30.437800000000003 5.852109999999998
30.85279999999999 5.853830000000001
30.926699999999997 5.869030000000001
31.92850000000001 5.86412
31.4334 5.858509999999999
32.69579000000001 6.13299
32.533699999999996 5.866520000000001
31.279199999999996 5.825970000000001
31.5567 5.81227
32.11070000000001 5.830360000000001
32.4925 5.83139
32.77500000000001 5.84941
31.820299999999996 5.854779999999999
32.3371 5.868619999999999
31.10469999999999 5.727659999999997
31.260299999999997 5.729819999999999
30.60670000000001 5.830409999999999
30.848600000000005 5.826780000000002
30.8898 5.844429999999999
30.3352 5.815149999999998
30.604 5.829279999999999
32.28473999999999 6.037090000000001
30.889700000000005 5.81131
30.522999999999996 5.800039999999999
31.3477 5.81342
30.4716 5.803369999999999
31.228100000000005 5.78388
32.6496 5.795560000000002
31.852699999999988 5.80111
32.038900000000005 5.78812
32.2578 5.82583
30.619700000000005 5.8187299999999995
31.115499999999997 5.810779999999999
31.0193 5.828919999999999
31.000899999999987 5.824649999999998
31.565499999999997 5.845009999999999
32.284400000000005 5.857850000000001
30.808100000000003 5.833099999999999
30.4018 5.821679999999999
33.20219 6.087759999999999
30.592 5.786090000000001
32.48864999999999 5.973705999999997
31.718299999999992 5.808470000000002
31.81130000000001 5.792009999999999
31.978700000000003 5.804500000000001
31.552799999999998 5.798359999999999
31.651699999999998 5.819820000000001
30.773899999999998 5.82057
31.294300000000003 5.83094
31.662999999999997 5.848490000000002
31.252599999999997 5.835849999999999
31.841700000000007 5.836729999999998
32.70985999999999 6.021392999999999
31.226899999999997 5.81508
31.824589999999997 5.935329999999998
30.536299999999994 5.772289999999999
30.4798 5.768879999999999
31.0637 5.808869999999999
30.7233 5.80708
31.5104 5.80534
32.3482 5.83206
31.6637 5.83772
32.4209 5.850430000000001
32.868700000000004 5.878420000000002
32.5403 5.877590000000001
33.0828 5.905049999999999
34.091300000000004 5.93565
36.416340000000005 6.17143
34.2638 5.882739999999999
32.7634 5.84228
35.6999 5.974640000000001
35.14580000000001 5.932230000000001
34.3536 5.9309899999999995
34.363800000000005 5.9339200000000005
34.4302 5.948240000000002
35.04230000000001 5.937850000000002
36.3378 5.970810000000001
35.3225 5.960250000000001
36.36750000000001 5.999550000000001
36.510999999999996 5.995730000000001
37.3374 6.009449999999998
37.26990000000001 6.033529999999999
37.3976 6.04903
37.91460000000001 6.078740000000001
37.771100000000004 6.09018
38.112400000000015 6.068389999999999
38.8921 6.07334
38.391299999999994 6.10795
37.8732 6.078619999999999
38.4225 6.10446
40.215 6.14139
39.2772 6.12502
40.013799999999996 6.124560000000001
39.583600000000004 6.1424
39.5965 6.144940000000002
39.6738 6.178339999999999
40.905899999999995 6.222400000000001
40.9289 6.233740000000002
40.499100000000006 6.23108
40.59450000000001 6.25806
40.9518 6.27311
44.798000000000016 6.34428
44.53739999999999 6.349660000000002
41.78100000000001 6.293679999999998
41.20680000000001 6.251840000000001
40.3658 6.243160000000001
40.610099999999996 6.2709399999999995
41.2591 6.254439999999999
40.629 6.2708699999999995
40.025000000000006 6.23045
40.61249999999999 6.23734
41.1859 6.2489799999999995
44.038579999999996 6.460893999999998
43.263 6.2321
43.1312 6.289909999999999
41.969200000000015 6.269279999999999
42.72510000000001 6.289129999999998
40.6685 6.205410000000001
40.4926 6.1819299999999995
40.641400000000004 6.195829999999999
40.97509999999999 6.219070000000002
40.48139999999999 6.179120000000001
40.27419999999999 6.190780000000001
40.655699999999996 6.17335
40.136300000000006 6.19676
39.42579999999999 6.166980000000001
39.10800000000001 6.16864
38.060700000000004 6.13664
38.819199999999995 6.14366
38.623200000000004 6.136760000000003
39.16680000000001 6.15368
40.0802 6.178900000000001
39.1025 6.172390000000001
39.349000000000004 6.1347
39.587299999999985 6.1586300000000005
39.32679999999999 6.222400000000001
36.318799999999996 6.11342
36.8774 6.08897
37.596599999999995 6.087600000000001
36.9272 6.075360000000001
37.776500000000006 6.068650000000001
38.1466 6.105220000000001
38.582300000000004 6.120430000000001
38.851 6.105740000000002
38.942899999999995 6.12337
37.94660000000001 6.10902
37.20250000000001 6.111809999999999
36.8019 6.1062400000000014
36.26210000000001 6.10052
36.4865 6.089060000000002
37.5917 6.1034
36.13559999999999 6.024590000000001
37.308299999999996 6.10456
35.8844 6.0713
35.72409999999999 6.049999999999999
36.17829999999999 6.03344
36.25539999999998 6.05292
34.93970000000001 6.0079400000000005
35.313599999999994 6.03245
35.7249 6.03839
35.4313 6.04018
34.6002 6.0289100000000015
34.297999999999995 6.023080000000001
34.497099999999996 6.00196
34.379599999999996 6.00134
34.7431 6.006320000000001
34.0391 6.01814
33.7024 6.017649999999997
34.3554 6.023619999999999
34.02909999999999 6.033029999999998
35.23250000000001 6.03893
35.7647 6.098000000000001
34.412700000000015 6.016100000000001
35.1052 6.0116000000000005
35.4373 6.038
35.34060000000001 6.02705
34.57020000000002 6.018750000000001
35.74219999999999 6.05104
35.71960000000001 6.05926
36.11120000000001 6.036990000000001
36.4168 6.043029999999998
36.3497 6.045310000000001
36.30910000000001 6.038520000000002
36.662200000000006 6.051739999999999
36.693400000000004 6.041549999999999
36.132400000000004 6.047300000000002
36.48929999999999 6.079869999999998
36.96080000000001 6.067559999999999
36.47960000000001 6.086600000000001
35.391099999999994 6.03886
35.47329999999999 6.08659
35.472500000000004 6.052890000000001
35.1234 6.06617
34.5224 6.03417
34.66660000000001 6.03104
34.37539999999999 6.0225800000000005
34.61880000000001 6.03497
35.4427 6.05417
