21.197000000000003 14.215
20.843 14.276
20.788999999999998 14.263
20.814000000000004 14.203
21.033 14.246
20.729 14.27
34.026 21.154999999999998
26.098 17.487
20.751 14.214999999999996
20.728 14.251
20.623 14.233
20.72 14.24
20.904 14.289
20.514 14.197
27.777 18.041
19.813 14.245
21.955 14.221
20.081 14.3
21.331999999999997 14.276
28.284 22.004
26.855 18.183
31.349 21.813
34.138000000000005 25.659000000000002
28.112 18.048000000000002
38.708 25.629
21.162 14.312999999999999
20.983 14.233
24.366 17.608999999999998
28.650000000000002 20.972
20.953 14.234
24.993 17.627000000000002
24.358999999999998 17.577000000000005
19.922999999999995 14.245
21.485 14.294
19.923000000000002 14.222000000000001
20.972 14.294
20.313000000000002 14.276
21.191000000000003 14.221
19.611 14.343
20.868000000000002 14.307
20.118 14.301
20.459000000000003 14.368
20.233999999999998 14.268999999999998
20.526 14.318999999999999
21.064 14.350000000000001
24.756 18.023
25.5 17.639
20.33 14.289
36.249 24.665
20.935 14.331
19.628999999999998 14.318
21.044999999999998 14.288
19.526 14.392
21.014999999999997 14.294
19.325 14.295
20.990000000000002 14.276
19.378 14.215
20.52 14.289
20.416 14.209
19.904 14.215
21.404 14.307999999999998
19.116 14.3
21.692 14.257
18.731 14.337
21.582 14.258
18.701999999999998 14.24
21.448 14.318999999999999
18.714 14.246
20.794999999999998 14.257
26.678 17.669999999999998
31.519000000000002 20.826
20.507 14.238999999999999
19.666 14.325
21.038999999999998 14.251999999999999
19.366 14.258
20.71 14.332
19.215 14.264
20.105 14.215
20.52 14.344000000000001
20.648 14.306000000000003
20.05 14.27
20.361 14.306
19.738999999999997 14.245999999999997
20.66 14.252
19.819 14.350000000000001
20.923000000000002 14.264
19.926999999999996 14.307
20.363 14.313000000000004
19.745 14.234
20.825 14.35
20.061999999999998 14.288
20.624 14.221
20.014 14.233
20.971999999999998 14.289
20.214 14.258000000000001
19.958 14.313
20.612 14.299999999999999
19.598000000000003 14.24
20.35 14.349
20.972 14.274999999999999
21.856 14.343
20.135 14.306000000000003
21.412 14.276
19.952 14.332
21.209 14.337
19.97 14.233
20.215 14.306
20.971 14.293999999999999
19.909999999999997 14.228
21.349999999999998 14.294
19.817999999999998 14.301
21.423000000000002 14.264
19.745 14.324
21.491 14.276
19.195 14.294
21.283 14.362
19.453 14.313
21.112000000000002 14.246
19.91 14.319
21.349999999999998 14.264
19.874000000000002 14.252
20.544 14.325000000000001
20.238999999999997 14.282
20.581000000000003 14.288
20.008 14.313
20.544999999999998 14.306
19.922 14.282
20.868000000000002 14.343
20.092 14.282
26.201999999999998 18.121000000000002
20.733 14.325
20.294 14.379999999999999
26.185 18.054
20.228 14.301
31.39 21.862000000000002
19.873 14.263
21.6 14.398999999999997
19.964000000000002 14.331
21.637999999999998 14.325
19.971 14.398999999999997
21.509 14.331
19.654000000000003 14.3
21.253 14.325000000000001
19.757 14.227
21.238999999999997 14.313
24.834999999999997 18.079
24.474 18.115000000000002
20.965 14.341999999999999
20.592 14.423
20.867 14.325000000000001
20.532 14.392
25.831 17.59
25.328999999999997 17.584
20.343 14.337
20.429 14.288
20.452 14.282
20.533 14.355
20.526 14.264
20.861 14.258000000000001
20.845 14.337
20.794 14.27
21.093999999999998 14.288
20.435 14.343
20.831 14.282
20.661 14.325
20.301 14.336000000000002
20.411 14.258
20.478 14.289
20.166 14.343
20.695999999999998 14.27
20.203 14.306
20.665999999999997 14.282
24.584 17.554
25.703 18.079
25.146 17.614
25.523999999999997 18.018
25.592 18.090999999999998
24.388999999999996 18.103
24.352 18.054000000000002
21.064 14.258
20.503 14.344000000000001
20.862 14.276
20.482999999999997 14.318999999999999
20.813000000000002 14.330000000000002
25.349 18.035999999999998
25.671 18.145
20.856 14.324
20.178 14.258000000000001
21.314 14.318999999999999
19.512999999999998 14.276
27.161 17.980999999999998
24.945 18.121
37.653999999999996 28.401
25.366 17.963
22.406000000000002 14.350000000000001
19.86 14.318
21.729000000000003 14.281999999999998
20.447 14.331
20.941000000000003 14.318999999999999
21.606 14.282
20.556 14.349
22.095 14.264
24.873 17.858999999999998
27.868000000000002 17.939
19.409 14.258
28.717 18.048000000000002
19.427 14.373999999999999
22.425 14.276
24.389 17.59
25.886000000000003 17.676
26.532 17.615
20.727999999999998 14.245999999999997
21.98 14.356
19.738 14.3
28.155 17.993000000000002
24.31 18.090999999999998
22.534 14.312
23.432 17.993
33.979 21.942
19.909 14.347999999999999
21.74 14.312
20.648 14.344000000000001
20.563 14.347999999999999
20.868000000000002 14.330000000000002
25.117 18.214
31.671 21.728
39.105000000000004 29.169
41.192 25.512999999999998
30.230999999999998 21.258000000000003
31.079 21.307000000000002
20.203 14.355
20.52 14.298999999999998
20.46 14.341999999999999
20.417 14.417
20.482 14.324
20.752 14.318
20.269000000000002 14.374
20.929000000000002 14.245
20.348 14.276
21.709999999999997 14.343
20.441000000000003 14.245999999999997
21.826 14.289
20.116999999999997 14.318
21.252 14.294
21.076 14.366999999999999
29.951 21.021
21.399 14.294
20.043 14.356
22.156000000000002 14.355
24.603 17.517
28.082 17.602
20.421999999999997 14.331
27.497 18.048000000000002
35.370000000000005 25.665
30.536 21.939999999999998
21.044999999999998 14.282
20.752 14.38
24.935 18.163
20.404 14.263
21.638 14.350999999999999
26.398 18.115000000000002
20.172 14.27
28.595 18.127
20.075 14.3
21.808000000000003 14.252
20.044 14.325
21.82 14.299000000000001
30.335 20.979
21.356 14.374
34.821 21.515
25.941000000000003 18.078
22.003 14.405000000000001
25.384 18.079
25.054 18.114
20.19 14.355
21.466 14.289
28.887 21.637
30.78 21.741999999999997
20.648 14.332
21.295 14.331
32.471000000000004 21.905
25.018 18.115
25.123 18.096
20.538 14.411000000000001
20.868 14.325
34.448 24.956000000000003
26.580000000000005 18.115
21.484 14.294
