45.426 48.36
44.772999999999996 48.260999999999996
46.27900000000001 48.275999999999996
41.985 48.221
41.187000000000005 48.20199999999999
41.443999999999996 48.190999999999995
45.083 48.178000000000004
46.804 48.32599999999999
41.364999999999995 48.242000000000004
41.08299999999999 48.214000000000006
41.3462 48.246
42.817 48.21400000000001
41.157000000000004 48.184999999999995
40.24999999999999 48.209999999999994
40.7471 48.114000000000004
40.20720000000001 48.048
40.2117 48.086
40.239700000000006 48.096000000000004
41.7492 48.17199999999999
41.763 48.165000000000006
41.7153 48.197
42.03689999999999 48.260000000000005
42.5177 48.30500000000001
42.32450000000001 48.34399999999999
41.92 48.32
41.6023 48.32399999999999
40.42930000000001 48.34600000000002
40.1064 48.359
40.190099999999994 48.275
39.38600000000001 48.361999999999995
40.837999999999994 48.58700000000001
41.71670000000001 48.649
42.54430000000001 48.74699999999999
41.1092 48.92699999999999
40.95 49.181999999999995
42.776999999999994 49.413
41.88 49.664
40.21309999999999 49.730999999999995
39.8387 49.61299999999999
39.9842 49.471
38.43469999999999 49.23799999999999
37.09240000000001 49.14100000000001
38.47949999999999 49.12399999999999
38.7859 48.954
39.9957 49.05299999999999
40.46400000000001 49.052
39.8414 49.109
39.231 49.122
39.057199999999995 49.09199999999999
35.480599999999995 48.931000000000004
34.81290000000001 48.944999999999986
35.884400000000014 48.93199999999999
34.896100000000004 48.88900000000001
34.9252 48.931000000000004
35.3675 48.932
35.48660000000001 49.068
35.1768 49.075999999999986
33.888400000000004 49.137
32.82 49.16899999999998
33.173500000000004 49.187999999999995
35.1559 49.18799999999999
31.798700000000004 49.094999999999985
32.137899999999995 49.138999999999996
30.4817 49.10699999999999
29.781299999999998 49.096999999999994
29.5581 49.07799999999999
31.310099999999995 49.121999999999986
31.752999999999997 49.14499999999999
31.731299999999997 49.205999999999996
30.431 49.215
31.492200000000004 49.169000000000004
30.851499999999998 49.13099999999999
29.777199999999993 49.13999999999999
28.735900000000004 49.13199999999999
28.224500000000003 49.117999999999995
27.328300000000006 49.071999999999996
27.8086 49.072
26.763400000000004 49.06900000000001
26.907500000000002 49.03599999999999
30.020700000000005 49.04499999999998
28.874899999999997 49.079999999999984
29.704800000000002 49.06999999999999
29.4487 49.041999999999994
27.948600000000003 49.07899999999999
28.17330000000001 49.11099999999999
27.3461 49.14199999999999
26.957600000000003 49.147
27.6121 49.12399999999998
28.058099999999996 49.12099999999999
26.874599999999997 49.09699999999999
27.620899999999992 49.096999999999994
29.0897 49.132999999999996
28.432299999999994 49.121999999999986
28.821799999999996 49.111999999999995
30.646299999999993 49.11299999999999
28.813899999999986 49.138
29.1999 49.15599999999999
28.8815 49.114999999999995
28.8263 49.077
27.9495 49.11699999999999
29.139800000000005 49.14799999999998
28.596000000000004 49.141
28.345900000000007 49.138999999999996
29.6394 49.23
31.51879999999999 49.419000000000004
30.056100000000008 49.18299999999999
30.526199999999992 49.12599999999999
29.0383 49.11899999999999
29.634099999999997 49.151
28.397 48.96699999999999
27.063 48.975
27.4914 49.016999999999996
27.01379999999999 49.075999999999986
27.049799999999998 49.12599999999999
27.972299999999994 49.108999999999995
29.1796 49.062000000000005
28.846499999999985 49.132999999999996
30.196699999999986 49.108999999999995
30.585099999999997 49.08599999999999
29.805100000000007 49.10199999999998
32.156000000000006 49.11899999999999
31.076400000000003 49.088
33.7699 49.086
31.0751 49.083999999999996
30.6873 49.063999999999986
29.233899999999995 49.053999999999995
30.120600000000003 49.076999999999984
28.714500000000008 49.07099999999999
28.4946 49.08499999999999
28.9034 49.099999999999994
28.9337 49.10799999999999
30.3585 49.108999999999995
30.880899999999993 49.09599999999999
30.528700000000004 49.05199999999999
30.094999999999995 49.04599999999999
28.850600000000004 49.05199999999999
28.719099999999997 49.073999999999984
29.042099999999998 49.066999999999986
30.0084 49.11199999999999
33.119800000000005 49.145
32.8847 49.04099999999999
33.148300000000006 49.059
32.8126 49.03999999999999
35.4711 49.05
38.0592 49.053999999999995
32.0096 48.943
33.446100000000015 48.969
33.0004 48.98999999999999
32.704 48.98999999999998
35.4289 49.041999999999994
34.46659999999999 49.07199999999999
34.949999999999996 49.03999999999999
34.779199999999996 49.038
36.688500000000005 49.128
37.090199999999996 49.198999999999984
35.45929999999999 49.21099999999999
37.1842 49.43499999999999
35.9487 49.279999999999994
36.193599999999996 49.278999999999996
35.152899999999995 49.16900000000001
34.9495 49.204
36.4536 49.19399999999999
36.8237 49.19
40.300999999999995 49.33899999999999
40.178999999999995 49.329999999999984
43.76199999999999 49.303999999999995
41.32160000000001 49.335
39.0202 49.29699999999999
40.882499999999986 49.35999999999999
39.401599999999995 49.271
39.426 49.261999999999986
39.7008 49.269999999999996
38.81439999999999 49.26599999999999
38.306000000000004 49.28099999999999
37.2721 49.20699999999999
39.327600000000004 49.391999999999996
42.166900000000005 49.489
40.176899999999996 49.215999999999994
41.22169999999999 49.272999999999996
40.9541 49.214
41.6592 49.198999999999984
40.5541 48.980999999999995
41.209599999999995 48.91199999999999
42.275999999999996 48.947999999999986
39.283199999999994 48.86
38.4891 48.88
40.544 48.864000000000004
38.78829999999999 48.87400000000001
39.0158 48.916
40.224999999999994 48.97099999999999
39.2209 49.01399999999999
38.8358 49.041000000000004
40.83209999999999 49.088
41.781 49.124
39.8859 49.11799999999999
38.23790000000001 49.17699999999999
37.8691 49.16799999999999
37.25009999999999 49.161
40.616 49.629000000000005
42.33 49.351
41.42549999999999 49.33699999999999
40.0296 49.36299999999999
38.50940000000001 49.14399999999999
39.98799999999999 49.047
42.68000000000001 49.157000000000004
41.51230000000001 49.108999999999995
38.7725 49.11299999999999
37.6799 49.145999999999994
39.42079999999999 49.21999999999999
37.20719999999999 49.242999999999995
38.10409999999999 49.10099999999999
41.35640000000001 49.06399999999999
38.920100000000005 49.07799999999998
39.136499999999984 49.155
39.04790000000001 49.147999999999996
39.1467 49.242
39.83760000000001 49.26699999999999
42.17199999999999 49.345000000000006
40.8249 49.376999999999995
40.58200000000001 49.370000000000005
40.977000000000004 49.33899999999999
39.98389999999999 49.278000000000006
39.54850000000001 49.275000000000006
40.600500000000004 49.325
39.855399999999996 49.33199999999999
41.90590000000001 49.41299999999998
39.46510000000001 49.318
40.207 49.11399999999999
37.8915 49.179999999999986
37.14609999999999 49.266
38.8727 49.353
39.14739999999999 49.36500000000001
38.536999999999985 49.409000000000006
38.217099999999995 49.37200000000001
37.02939999999999 49.264999999999986
38.76749999999999 49.333000000000006
39.1019 49.35399999999999
39.8779 49.38100000000001
39.4517 49.413999999999994
41.452200000000005 49.52
38.25199999999999 49.52999999999999
37.29149999999999 49.482000000000006
39.648 49.525999999999996
39.1739 49.516999999999996
41.08299999999999 49.56299999999999
38.69709999999999 49.57099999999999
39.8439 49.618
38.449 49.67
39.4924 49.61600000000001
38.842 49.76100000000001
37.870599999999996 49.586000000000006
39.0251 49.63400000000001
38.45349999999999 49.601000000000006
37.24999999999999 49.657000000000004
36.33870000000001 49.49400000000001
37.00919999999999 49.368
36.62060000000001 49.361
37.267800000000015 49.43899999999999
39.55539999999999 49.48900000000001
41.0389 49.543
40.7911 49.657000000000004
41.84589999999999 49.629999999999995
47.05999999999999 49.67499999999999
41.26399999999999 49.611000000000004
39.4278 49.52499999999999
41.1769 49.55599999999999
40.5125 49.608999999999995
39.2654 49.50099999999999
40.223499999999994 49.503
39.89699999999999 49.55
40.510999999999996 49.6
40.65109999999999 49.617
40.840999999999994 49.60200000000001
42.53799999999999 49.677
44.830999999999996 49.7
44.263000000000005 49.730000000000004
43.625699999999995 49.838
44.0793 50.06900000000001
41.47970000000001 49.90700000000001
39.9484 49.82700000000001
41.88249999999999 49.82500000000001
42.231399999999994 49.73600000000001
40.631 49.648
42.44499999999999 49.664
39.9694 49.558
39.8786 49.651
40.486900000000006 49.714
40.13420000000001 49.724000000000004
