20.6748 20.8923
21.309800000000003 20.9468
21.665100000000002 20.923799999999996
20.8519 21.080700000000004
20.9814 21.0014
20.937299999999997 20.893099999999993
21.068399999999997 20.9237
20.8839 20.919999999999998
21.2749 21.0351
20.712899999999998 20.893199999999997
21.0603 20.923399999999997
20.9457 20.929100000000002
21.252499999999998 21.0114
21.394600000000004 21.0076
21.945999999999994 21.1097
21.270799999999998 21.1304
21.2058 21.1052
21.1493 21.093800000000005
21.0489 21.094300000000008
21.0794 21.125700000000002
22.0686 21.612599999999997
21.5354 21.389000000000006
21.441000000000003 21.260699999999996
21.3516 21.1593
21.3905 21.144099999999995
22.702100000000005 21.4136
21.258600000000005 21.2043
21.600399999999997 21.564299999999996
21.721700000000006 22.557
21.510999999999996 21.3011
20.9811 21.237800000000004
21.0113 21.247800000000005
20.9633 21.234099999999998
21.256 21.241099999999996
20.819000000000003 21.2577
20.7032 21.2317
20.793300000000002 21.2514
20.739799999999995 21.189900000000005
21.3501 21.225999999999996
22.2537 22.085699999999996
21.946600000000004 22.1045
21.257 21.246399999999994
21.570599999999992 21.2693
20.914499999999993 21.224300000000003
20.729699999999998 21.209699999999998
20.678600000000003 21.195199999999996
20.6612 21.2069
20.590999999999994 21.1927
21.285400000000003 21.2832
20.943500000000004 21.241
20.758899999999997 21.19409999999999
21.9158 22.046499999999998
21.3796 21.939100000000003
21.565900000000003 21.434800000000003
20.9103 21.252699999999997
20.964999999999996 21.2051
21.134400000000003 21.229799999999997
20.540599999999998 21.187700000000003
20.5176 21.181400000000007
20.570400000000006 21.1807
20.172299999999993 21.0952
20.7655 21.184599999999996
21.568900000000006 21.342100000000006
21.327099999999998 21.5882
21.7396 22.5136
21.0341 21.269199999999998
20.912799999999994 21.260099999999998
20.7955 21.2616
20.9412 21.2486
20.7926 21.232700000000005
20.8397 21.2399
20.7549 21.2358
21.252899999999997 21.338000000000005
21.246599999999994 21.268299999999996
21.680199999999996 21.306700000000003
21.192700000000002 21.5378
21.729 22.544
21.238699999999998 21.265499999999996
20.9151 21.230000000000008
20.804000000000002 21.232600000000005
20.680500000000002 21.2174
21.016099999999998 21.376900000000003
21.1114 21.244
21.100700000000007 21.2502
20.724600000000002 21.1533
22.134399999999996 21.269800000000004
21.675700000000006 21.239399999999996
21.4897 21.323099999999997
20.9542 21.259800000000002
21.228900000000003 21.3139
21.003600000000002 21.2301
20.917600000000004 21.252400000000005
22.261100000000003 22.234300000000008
23.201900000000002 23.948900000000002
22.814400000000003 22.837699999999998
21.5448 21.743900000000007
20.919800000000002 21.3364
21.7225 21.3346
21.994800000000005 21.3785
21.324099999999998 21.4141
21.931300000000004 22.6838
21.021 21.3531
20.9575 21.306000000000004
21.206000000000003 21.3767
21.0105 21.362599999999997
20.839700000000004 21.306500000000003
20.999000000000002 21.2998
21.1769 21.328000000000007
21.077099999999994 21.338600000000003
21.359499999999997 21.3348
21.0481 21.2509
21.3844 21.7247
21.1906 22.3663
20.503099999999996 21.240000000000006
20.7526 21.244899999999998
20.993699999999997 21.273699999999998
20.4901 21.3095
20.430899999999998 21.2138
21.0448 21.267199999999995
20.6117 21.201399999999996
20.806200000000004 21.2181
20.881800000000005 21.185499999999998
21.263899999999992 21.192199999999993
21.753099999999996 21.7201
21.474700000000006 22.1635
27.416100000000004 26.46417
51.33459999999999 26.068600000000004
39.7994 25.072969999999994
23.275899999999993 21.0394
20.815199999999997 20.4211
20.889299999999995 20.451200000000007
20.7291 20.619999999999997
21.006200000000007 20.93819999999999
20.4447 20.672700000000003
20.8748 21.3551
25.97855 22.363196000000002
24.72650000000001 22.511699999999998
21.8793 20.958
20.646199999999997 20.817500000000003
19.6646 20.754300000000004
19.8707 20.562600000000003
19.6202 20.5718
19.482899999999997 20.580299999999994
19.78299999999999 20.5636
40.556059999999995 23.251539999999995
25.5602 21.777799999999996
22.903799999999997 21.253000000000004
20.415500000000005 20.832799999999995
20.425299999999993 20.654400000000006
20.436799999999998 20.794700000000002
20.224099999999996 20.6184
20.115899999999996 20.646700000000003
20.893199999999997 20.8091
20.344 20.701300000000003
19.819699999999997 20.6682
20.376600000000003 20.712899999999998
20.505 20.748199999999997
23.002500000000005 22.3549
21.251700000000003 21.480599999999995
20.583500000000004 20.703000000000003
20.559199999999997 20.695500000000003
20.459100000000003 20.7222
20.362699999999993 20.751300000000008
20.7147 20.7924
23.0336 23.553300000000007
22.3585 22.5736
21.962800000000005 21.9359
21.393600000000003 21.1786
21.4371 21.157700000000002
22.5286 21.9406
21.041600000000003 21.089199999999998
21.6385 21.941999999999993
24.903399999999998 23.27737
23.5735 21.4081
21.922100000000004 21.379999999999995
21.171499999999998 20.854899999999997
20.7794 20.908399999999993
21.037200000000002 20.8237
17.305500000000002 20.352200000000007
15.1222 19.7106
29.168140000000005 22.7459
24.790300000000002 22.002999999999997
22.0063 21.491400000000006
21.187 21.062600000000003
22.578999999999997 22.6828
21.4089 21.116
22.818900000000003 21.971
22.275499999999997 21.808699999999995
21.447699999999998 21.8062
20.9313 21.143300000000007
20.869400000000002 21.144600000000004
21.0669 21.159999999999997
21.5717 21.263300000000005
21.562300000000004 21.2088
21.550000000000004 21.228599999999997
21.959 21.498900000000003
22.631 22.868899999999996
21.8141 21.296
22.2709 21.4945
21.5613 21.308000000000003
21.562399999999997 21.299699999999998
28.921919999999997 22.8744
24.517999999999994 21.7999
21.5309 21.6139
21.820100000000004 21.521100000000008
21.57 21.4677
21.6117 21.454700000000003
22.095000000000002 21.781
22.788999999999998 22.787399999999998
22.510500000000004 21.721
21.806299999999997 21.588099999999997
21.617000000000004 21.607299999999995
21.5483 21.5553
21.472899999999996 21.539500000000004
21.433799999999994 21.5363
21.8346 21.672299999999996
21.378099999999996 21.5598
21.73 21.628800000000002
21.6622 21.612499999999997
21.6949 21.494400000000006
23.259800000000002 23.142099999999996
21.9932 21.6718
21.785500000000006 21.515399999999993
22.165700000000008 21.690400000000004
21.485799999999998 21.464799999999997
21.440900000000003 21.4613
21.365200000000005 21.4448
20.698499999999996 21.370599999999996
20.632300000000008 21.2683
21.704199999999997 21.565999999999995
21.8094 21.771299999999993
21.572899999999994 21.5909
21.573700000000002 21.5273
21.3122 21.591399999999993
21.623300000000004 21.5774
21.298299999999994 21.4524
22.535699999999995 22.564700000000002
24.167799999999996 24.665499999999994
23.0272 22.9577
21.988899999999997 21.9787
22.010799999999996 21.6317
21.363999999999997 21.4982
21.0969 21.477700000000006
21.0754 21.453300000000002
21.0907 21.454899999999995
21.465499999999995 21.5253
21.028899999999997 21.446000000000005
20.8603 21.480800000000006
20.8487 21.459100000000003
20.759700000000002 21.4494
20.757199999999997 21.4281
20.926699999999997 21.4338
20.3009 21.3669
20.433 21.4458
20.88849999999999 21.3705
20.467700000000004 21.3509
20.7731 21.373699999999996
20.896199999999997 21.3706
21.2072 21.431799999999992
28.358589999999996 23.603260000000002
23.518400000000007 22.1043
21.821999999999996 21.365299999999998
21.589499999999997 21.4889
20.8711 21.388899999999996
21.285300000000003 21.279400000000003
20.933399999999995 21.221400000000003
20.996900000000007 21.354700000000005
20.7125 21.231099999999998
20.8254 21.193900000000003
21.4341 21.2914
21.140599999999996 21.234199999999998
21.049200000000003 21.206
21.123600000000003 21.2252
29.395750000000003 22.38558
27.9621 23.8521
22.054 21.659599999999998
21.342100000000002 20.706899999999997
21.667999999999996 20.924399999999995
21.349999999999998 21.078400000000006
20.8589 20.764200000000002
20.9779 20.711700000000004
21.1059 20.7815
21.1603 20.791399999999996
21.614000000000004 20.839
21.229000000000003 20.8285
21.1417 20.800800000000006
24.316040000000005 21.750230000000002
23.859699999999997 22.4363
