43.72968 8.13881
43.769020000000005 8.079310000000001
44.35983 8.113010000000001
45.00611 8.187809999999999
44.73140000000001 8.14021
44.50611000000001 8.12961
43.79948999999999 8.11441
43.23821 8.16161
43.09016 8.21351
44.77635 8.169210000000001
44.25192 8.158809999999999
43.1333 8.160309999999999
43.6514 8.11001
43.08611 8.10521
43.730729999999994 8.19381
43.47992 8.171009999999999
43.11386999999999 8.08701
43.070870000000006 8.140410000000001
42.973490000000005 8.157309999999999
43.2064 8.07951
43.00940000000001 8.164909999999999
42.6254 8.08541
42.49111 8.13431
42.125209999999996 8.04881
42.131299999999996 8.14941
42.88883 8.05191
43.42506 8.16341
43.10168 8.16331
43.21773000000001 8.18611
44.647209999999994 8.19391
44.13492 8.09621
43.85244 8.134109999999998
43.72368 8.12221
43.45949 8.152709999999999
43.85277999999999 8.11141
43.206869999999995 8.152610000000001
42.9493 8.1329
42.978680000000004 8.151110000000001
42.79549 8.19691
42.58749 8.14341
42.43568 8.142009999999999
42.62578 8.13881
43.00416 8.14971
43.63905999999999 8.175610000000002
43.02154 8.21521
42.883300000000006 8.24571
43.785349999999994 8.22891
43.24797 8.230410000000001
43.223349999999996 8.186309999999999
42.86506000000001 8.1634
41.880970000000005 8.1649
41.91097 8.1376
41.34306 8.1419
41.88797 8.1467
42.98025 8.247399999999997
42.89305999999999 8.075000000000001
42.58806 8.140690000000001
42.72924999999999 8.094990000000001
43.034870000000005 8.11479
42.96097 8.143790000000001
43.071870000000004 8.18049
42.35097 8.157390000000001
42.515350000000005 8.146889999999999
42.55087 8.160590000000001
42.88335 8.23379
43.07063 8.237089999999998
42.51563 8.19589
42.1384 8.154589999999997
41.76764 8.145389999999999
41.671969999999995 8.223379999999999
41.7543 8.204979999999999
41.09354 8.125779999999999
40.91059 8.15618
41.42787 8.16988
42.131589999999996 8.17148
42.68068 8.160879999999999
43.357870000000005 8.183779999999999
43.267680000000006 8.231079999999999
43.11287 8.13178
41.637249999999995 8.157580000000001
41.429680000000005 8.18378
41.0214 8.201880000000001
40.77068 8.153279999999999
40.42149 8.147179999999999
40.477970000000006 8.095279999999999
40.64068 8.10428
40.30497 8.14708
40.66116 8.08288
40.73306 8.13779
40.226969999999994 8.120989999999997
40.6474 8.09649
40.80478 8.12099
40.48868000000001 8.142489999999999
40.40397 8.14839
40.60587 8.035580000000001
41.05196999999999 8.15158
41.007349999999995 8.093880000000002
41.298590000000004 8.085980000000001
41.36149 8.15338
40.342110000000005 8.156280000000002
40.75806 8.16877
41.14225000000001 8.09547
41.11797000000001 8.115070000000001
40.90487000000001 8.124369999999999
40.74597000000001 8.10607
40.61787 8.14727
41.34297 8.16046
41.63797000000001 8.197669999999999
41.64787 8.16866
41.70259000000001 8.11836
41.87506 8.14267
41.930060000000005 8.167170000000002
41.636869999999995 8.13357
42.60183000000001 8.084959999999999
41.66329999999999 8.14427
41.876830000000005 8.16257
41.502159999999996 8.10927
41.62478 8.17937
41.777680000000004 8.18707
42.00859 8.18707
41.69078 8.10617
40.94159 8.15807
40.91087 8.089170000000001
41.233779999999996 8.07097
41.36268 8.075470000000001
42.259969999999996 8.002270000000001
42.71587 7.97187
42.723060000000004 8.13517
42.680400000000006 8.170069999999997
43.03416000000001 8.08157
43.18668 8.022269999999999
43.386399999999995 8.090770000000001
43.73705999999999 8.000670000000001
42.978680000000004 8.093869999999999
43.11026 8.177669999999999
44.27583 8.349969999999999
44.41101999999999 8.214570000000002
44.44211 8.234570000000001
42.61111 8.159270000000001
42.36183 8.16547
43.35307 8.147170000000001
43.4684 8.038770000000001
42.626780000000004 7.99007
42.92887 8.10597
43.231970000000004 8.008270000000001
43.61068 8.12737
44.44539999999999 8.109070000000001
45.296400000000006 8.034270000000001
45.385780000000004 8.214269999999999
44.63107 8.19907
43.59307 8.151769999999999
43.0183 8.080070000000001
43.299400000000006 8.11227
43.066680000000005 8.12427
42.877869999999994 8.16867
42.29678 8.16417
43.048970000000004 8.15797
43.35278 8.078670000000002
44.209160000000004 8.048070000000001
43.79478 8.25456
44.75059 8.22226
44.31997000000001 8.13236
45.19649 8.081959999999999
45.01425999999999 8.110859999999999
43.843019999999996 8.115359999999999
42.34583 8.04346
42.943630000000006 8.14276
42.67673 8.153659999999999
43.57872999999999 8.074259999999999
44.02316 8.25766
44.1514 8.485759999999999
43.680490000000006 8.194659999999999
43.71768000000001 8.19916
43.827589999999994 8.15366
43.407059999999994 8.165759999999999
43.68873000000001 8.12456
43.79059 8.12616
44.17501 8.100259999999999
43.81587 8.16866
43.32248999999999 8.142859999999999
43.67459 8.152159999999999
43.869159999999994 8.08036
43.337070000000004 8.077160000000001
43.10115999999999 8.12916
43.70807 8.13056
43.28797 8.173360000000002
43.02087 8.12926
43.340779999999995 8.15796
43.19359 8.170359999999999
43.035869999999996 8.170360000000002
42.69787000000001 8.17346
42.50378 8.18416
42.11287000000001 8.09416
42.22859 8.14446
42.54659 8.16286
42.2402 8.09416
42.10649000000001 8.054559999999999
42.6673 8.069759999999999
42.46649000000001 8.06366
42.45440000000001 8.092459999999999
42.911199999999994 8.17796
42.729490000000006 8.16876
43.223009999999995 8.142860000000002
42.99649 8.153559999999999
43.73749 8.158159999999999
44.872539999999994 8.106460000000002
46.02178 8.171959999999999
46.19559000000001 8.17036
46.907540000000004 8.292459999999998
45.9925 8.234559999999998
45.851110000000006 8.158159999999999
45.123780000000004 8.15076
44.37929999999999 8.20246
44.58049 8.14146
44.1653 8.18116
44.170539999999995 8.153760000000002
44.17821 8.122959999999999
44.262299999999996 8.09266
45.01911 8.187159999999999
45.385299999999994 8.13236
44.67863 8.20246
44.31567999999999 8.121649999999999
45.123250000000006 8.15375
45.90278000000001 8.43415
45.07977999999999 8.60055
44.71278 8.25125
44.41478 8.20245
44.54149 8.170549999999999
44.229589999999995 8.155050000000001
44.085589999999996 8.18585
44.85383 8.21175
44.78683 8.221250000000001
44.73559 8.18475
44.45678 8.13545
44.47735 8.22855
44.77244 8.18275
45.481869999999994 8.25455
45.681822999999994 8.26205
45.43948999999999 8.18135
45.20748999999999 8.27125
44.7724 8.20725
44.889300000000006 8.21795
45.1104 8.193449999999999
44.456918 8.12795
44.6284 8.19355
44.35349000000001 8.19485
44.92116 8.176749999999998
44.603489999999994 8.17065
44.13878 8.21775
43.777969999999996 8.20855
44.23606 8.104949999999999
44.732060000000004 8.12025
44.394969999999994 8.15695
44.63434999999999 8.216350000000002
45.13473 8.20115
44.402159999999995 8.14615
44.89063 8.123350000000002
45.34854 8.23015
45.41654 8.21645
45.141349999999996 8.15995
45.385439999999996 8.19975
44.87097 8.18895
45.45749 8.245350000000002
45.04278 8.29725
45.48787 8.210149999999999
45.395970000000005 8.16605
44.974779999999996 8.23005
45.0922 8.21935
44.7122 8.149450000000002
45.7372 8.13855
46.3604 8.182649999999999
46.36559 8.15525
47.062490000000004 8.19635
46.231199999999994 8.255949999999999
45.81578 8.23645
46.14759 8.257449999999999
45.0773 8.257449999999999
45.45711 8.23025
45.794109999999996 8.24075
46.09344 8.230050000000002
46.08868 8.25125
46.1894 8.246850000000002
46.1152 8.21485
47.02387 8.27115
46.625350000000005 8.27275
46.05116 8.14315
45.527640000000005 8.106449999999999
45.74035 8.14335
