14.674999999999999 25.730999999999998
13.571 25.726000000000006
15.676000000000002 25.725000000000005
12.894 25.725000000000005
13.931 25.725000000000005
14.482999999999999 25.725000000000005
16.137 25.738
15.184999999999999 25.726
14.349 25.738000000000007
14.187 25.725000000000005
18.102999999999998 25.743
25.162000000000003 25.743
25.520000000000003 25.743
26.153 25.730999999999998
25.372999999999994 25.744
13.908000000000001 25.737
15.326 25.730999999999998
14.42 25.738
13.931 25.730999999999998
24.59 25.743
21.417 25.743
13.543000000000003 25.737
13.062000000000001 25.737
13.931 25.718999999999998
15.014000000000003 25.737
14.690999999999999 25.730999999999998
14.584 25.730999999999998
13.485 25.730999999999998
12.521 25.718999999999998
17.333 25.730999999999998
16.183999999999997 25.738
14.057999999999998 25.724999999999998
13.565 25.724999999999998
20.123 25.738
18.970000000000002 25.756
14.825 25.744
13.043 25.718999999999998
15.008000000000003 25.726
14.63 25.732
13.782 25.724999999999998
14.138 25.726
15.304 25.730999999999998
13.876 25.724999999999998
13.588999999999999 25.719
13.103000000000002 25.713
13.687000000000001 25.713
12.957000000000003 25.713
12.392999999999999 25.719
13.709 25.713
13.818 25.719
14.642 25.725000000000005
16.699 25.713
17.778999999999996 25.724999999999998
14.139000000000001 25.713
14.056000000000001 25.732
12.051 25.732
11.969000000000001 25.719
11.469000000000001 25.719
13.910999999999998 25.719
12.494 25.713
12.158 25.707
12.653 25.72
11.829 25.713
13.086 25.707
14.357999999999999 25.714
13.539999999999996 25.727
12.64 25.72
15.488000000000001 25.738
13.203999999999999 25.733
12.328 25.726
15.231999999999998 25.726
12.658 25.726
12.050999999999998 25.726
11.512 25.713
15.733999999999998 25.732
11.981 25.738
12.799 25.719
12.203 25.719
13.079000000000002 25.719
12.512 25.732
13.592 25.732
12.296 25.72
13.245000000000001 25.72
12.368 25.712999999999997
13.028999999999998 25.732
13.094999999999999 25.726
13.33 25.719
12.046 25.713
13.129 25.726
12.430000000000001 25.726
11.761000000000001 25.72
12.155 25.714
12.040000000000001 25.72
14.545000000000002 25.726
10.898 25.714
11.786000000000001 25.72
12.732 25.726
10.91 25.72
10.519 25.701
11.889 25.713
10.498000000000001 25.714
10.621 25.701
12.589 25.708
11.13 25.707
13.522 25.713
13.894 25.732
10.449 25.707
12.616 25.732
11.005 25.738
10.131 25.732
10.326 25.72
10.432 25.714000000000002
13.104 25.738
10.907 25.720000000000002
11.625 25.72
11.108 25.72
11.695 25.714000000000002
11.713 25.726
10.671 25.720000000000002
11.302999999999999 25.714
13.415000000000003 25.720000000000002
9.622 25.714000000000002
11.496 25.72
10.932 25.726
11.200000000000001 25.726
9.929 25.714
10.421 25.720000000000002
12.034 25.732
10.455 25.714000000000002
10.722000000000001 25.726
10.567000000000002 25.720000000000002
9.951 25.720000000000002
9.715 25.720000000000002
9.922 25.714000000000002
12.656 25.72
10.209 25.708000000000002
11.179 25.726
9.89 25.714000000000002
9.630999999999998 25.708000000000002
10.033999999999999 25.708000000000002
12.509999999999998 25.726000000000006
10.205 25.708000000000002
10.928 25.714000000000002
9.555 25.702
10.339 25.714000000000002
12.306000000000001 25.72
10.657 25.72
10.785 25.72
11.399000000000001 25.720000000000002
10.751999999999999 25.708000000000002
11.708999999999998 25.714000000000002
10.511 25.714000000000002
10.984 25.708000000000002
10.601 25.708000000000002
10.696 25.720000000000002
11.279 25.714000000000002
12.149000000000001 25.72
10.52 25.72
10.549999999999999 25.714
10.741 25.702
10.468999999999998 25.708
11.474 25.708000000000002
11.042 25.714000000000002
10.367999999999999 25.702
12.831999999999999 25.708
10.821 25.714000000000002
12.061 25.714000000000002
12.661 25.708000000000002
12.537 25.72
10.514 25.708000000000002
10.758 25.702
10.584 25.708
15.911999999999999 25.714
22.837 25.732
23.109 25.72
24.46 25.738
12.061 25.732
11.972000000000001 25.726
11.312999999999999 25.732
12.328999999999999 25.726
12.847999999999999 25.732
12.829 25.744
13.198000000000002 25.745
11.745999999999999 25.738
14.033000000000001 25.726
12.271 25.739
13.568999999999997 25.751
12.555 25.75
13.486 25.762
13.37 25.756
12.608 25.75
13.049 25.757
12.248000000000001 25.756
13.211999999999998 25.763
12.216000000000001 25.757
14.382 25.763
13.600999999999999 25.781
11.826 25.763
14.642 25.767999999999997
13.437 25.763
16.406000000000002 25.756
13.290000000000003 25.762
13.041 25.763
13.712 25.761999999999997
13.675999999999998 25.761999999999997
13.648 25.763
15.293000000000001 25.775
15.728 25.762
14.950999999999997 25.75
13.058999999999997 25.75
14.588999999999999 25.762
12.314 25.756
13.366 25.756
13.842000000000002 25.769
13.996 25.769
13.774999999999999 25.761999999999997
14.19 25.769
14.656999999999998 25.769
13.729 25.775
13.496 25.775
14.634999999999998 25.775
14.261000000000001 25.775
13.26 25.769
13.931 25.762999999999998
13.847999999999999 25.762999999999998
12.405 25.762
14.185 25.775
14.337 25.768
13.181000000000001 25.775
13.821999999999997 25.781
14.21 25.762999999999998
16.211 25.775
13.097999999999999 25.781
12.945 25.775
14.701 25.781
13.033 25.775
16.092 25.775
13.135 25.768
12.961 25.775
13.061 25.768
13.211 25.78
14.350000000000001 25.781
13.693 25.774
12.714000000000002 25.768
13.209999999999999 25.775
13.320000000000002 25.768
13.083 25.768
13.651 25.773999999999997
12.599000000000002 25.773999999999997
13.265000000000002 25.785999999999998
14.174999999999999 25.785999999999998
14.771 25.779999999999998
16.459000000000003 25.791999999999998
14.754999999999999 25.779999999999998
14.249 25.78
12.517999999999999 25.785999999999998
15.548 25.78
12.889999999999999 25.779999999999998
14.426 25.779999999999998
15.605999999999998 25.768
12.647 25.781
13.767 25.768
17.82 25.781
14.002 25.787
12.924000000000003 25.78
20.568 25.773999999999997
18.531 25.793
25.356 25.791999999999998
22.159000000000002 25.767999999999997
13.105 25.773999999999997
14.162000000000003 25.785999999999998
13.879999999999997 25.785999999999998
14.209000000000001 25.785999999999998
15.219 25.799
14.026 25.799
13.441999999999998 25.805
13.752000000000002 25.811
13.821 25.799
14.113999999999999 25.8
15.799 25.793
15.763 25.793
15.105999999999998 25.799
13.62 25.787
14.908 25.799
14.533000000000001 25.793
15.217 25.793
14.215 25.787
14.435 25.793
