21.18640000000001 36.541999999999994
22.5224 36.69100000000001
22.904400000000003 36.49400000000001
20.4613 36.36
15.6154 36.148999999999994
14.626300000000004 36.010999999999996
19.114799999999995 36.118
14.8723 35.949
17.4263 35.94
32.416999999999994 36.50300000000001
54.37839999999999 37.84999999999999
16.2967 36.358000000000004
34.3925 38.639
21.394299999999998 36.793000000000006
19.0316 36.867
16.289099999999998 36.35999999999999
16.4743 36.22999999999999
16.267399999999995 36.30700000000001
14.534100000000002 36.246
14.355300000000003 36.43899999999999
16.7999 36.52799999999999
18.6912 36.534
20.644300000000005 36.478
16.256199999999996 36.361
14.284000000000002 36.266999999999996
23.602400000000003 36.371
19.594399999999997 36.409000000000006
18.5009 36.443999999999996
30.757500000000004 36.75599999999999
16.4146 36.684000000000005
25.739199999999997 36.734
21.9918 36.724999999999994
22.154400000000003 36.714
18.9954 36.603
22.1713 36.651
20.333299999999998 36.49800000000001
25.7425 36.48899999999999
15.6638 36.293
24.955 36.45600000000001
38.83250000000001 37.125
34.619499999999995 37.111
37.3855 37.08299999999999
19.156799999999993 36.559
22.079199999999997 36.61099999999999
48.082499999999996 38.24399999999999
37.885999999999996 37.3
19.606000000000005 36.63799999999999
21.847399999999997 36.812
29.225800000000003 36.86800000000001
24.5811 37.09799999999999
21.7277 36.457
33.5651 36.65700000000001
44.6455 37.26599999999999
19.020799999999998 36.94099999999999
18.645 36.546000000000014
20.310200000000002 36.397
18.817600000000002 36.357000000000006
47.9436 36.547000000000004
31.802699999999994 36.64999999999999
48.339400000000005 37.23399999999999
27.921200000000002 36.88999999999999
25.092 36.95099999999999
28.388599999999997 37.14
35.203599999999994 37.491
22.1234 37.01499999999999
28.4995 37.22200000000001
29.11810000000001 37.047999999999995
22.977000000000004 36.69499999999999
53.274 38.22999999999999
35.451 37.36599999999999
25.7027 37.304
46.845 37.184000000000005
32.925 36.905
27.201900000000002 36.65099999999999
21.029700000000002 36.46999999999999
27.8733 36.783
25.792999999999992 37.141999999999996
20.040900000000004 36.864999999999995
32.98170000000001 37.356999999999985
22.0305 37.07999999999999
32.1108 36.973
31.88169999999999 36.861000000000004
26.652699999999996 36.775000000000006
33.4131 37.129000000000005
29.2873 37.06400000000001
28.994400000000002 37.374
26.0747 37.28399999999999
31.289299999999997 37.72799999999999
31.590999999999998 37.388000000000005
38.443099999999994 37.65699999999999
28.6346 37.66899999999999
35.54260000000001 37.45799999999999
40.1319 37.40999999999999
28.7395 37.39399999999999
27.289099999999998 37.291999999999994
26.4172 37.168000000000006
23.16429999999999 36.981
48.137 37.896
30.469099999999994 37.66700000000001
35.6996 37.699000000000005
36.2352 37.469
30.0432 37.082
41.2614 37.275
36.795 37.29599999999999
50.38 37.541999999999994
35.2105 37.87500000000001
45.9413 37.525999999999996
33.281200000000005 37.82099999999999
30.045899999999993 37.173
25.928 36.989999999999995
28.419299999999996 37.419
43.0565 37.202
28.605199999999996 37.09599999999999
38.007999999999996 37.29
59.229 39.137999999999984
54.534000000000006 40.090999999999994
56.57599999999999 39.34100000000001
31.4774 38.624
32.8794 37.935
30.4122 37.519000000000005
43.919 38.064
35.944900000000004 37.83100000000001
42.855 38.190000000000005
35.134600000000006 37.964
35.5646 36.846
29.824000000000005 37.462999999999994
31.773999999999997 35.95700000000001
35.213600000000014 36.0041
26.948800000000002 36.29110000000001
28.1545 36.254099999999994
29.0073 36.37059999999999
26.8493 36.539599999999986
32.555899999999994 36.9783
25.788300000000003 36.819199999999995
30.777899999999995 36.03900000000001
75.451 37.131
29.332899999999995 37.7884
29.9246 37.251599999999996
35.8913 37.39330000000001
27.327700000000004 37.3277
28.714000000000006 37.31439999999999
32.444100000000006 37.2981
27.1787 37.1783
25.791000000000004 37.044700000000006
24.061899999999998 36.9186
29.441799999999997 37.0666
38.024300000000004 37.47829999999999
45.55450000000001 37.6978
46.7398 37.70169999999999
43.50140000000001 37.59429999999999
39.23179999999999 37.658199999999994
29.225900000000003 37.687900000000006
31.928300000000004 37.2514
31.653000000000002 37.017799999999994
34.622899999999994 36.80350000000001
28.638899999999996 36.81030000000001
29.2059 36.7192
25.198400000000003 36.6857
29.0771 36.947799999999994
29.4624 36.873099999999994
30.140100000000004 36.8538
46.880900000000004 37.406600000000005
44.2313 38.018
36.414600000000014 37.413999999999994
40.574799999999996 37.5896
34.2877 37.46190000000001
30.847499999999993 37.191399999999994
29.274999999999995 37.26789999999999
32.864200000000004 37.45340000000001
35.4121 37.4359
33.86520000000001 37.467299999999994
79.48599999999999 39.84140000000001
67.48100000000001 39.114
54.94899999999999 38.373599999999996
84.47 40.361999999999995
49.51839999999999 37.62970000000001
48.26980000000001 37.67029999999999
51.58999999999999 37.366699999999994
51.209700000000005 37.3798
58.806299999999986 37.3296
50.27470000000002 37.6306
78.536 38.598000000000006
39.82749999999999 37.148399999999995
58.86 37.6451
37.8039 37.383599999999994
72.397 37.717800000000004
51.42300000000001 37.426799999999986
61.811000000000014 37.766999999999996
63.467000000000006 37.9981
58.865599999999986 38.33709999999999
41.7673 37.48589999999999
57.568999999999996 37.6301
46.30310000000001 37.44050000000001
68.197 37.821
54.005 37.632
60.541999999999994 37.6645
46.49400000000001 37.4824
66.26100000000001 37.471899999999984
47.922200000000004 37.208
57.91090000000001 37.43249999999999
71.179 38.579
53.69099999999999 37.8017
50.064799999999984 38.4932
44.5818 43.20099999999999
57.14370000000001 43.241
41.192499999999995 42.352999999999994
48.1661 41.95399999999999
46.8481 41.587999999999994
53.15640000000001 41.238
56.418199999999985 40.768
65.47199999999998 40.387
61.109 40.101
43.467600000000004 39.501
44.417899999999996 39.024
41.6827 38.424
57.13199999999999 38.3985
54.874100000000006 38.035799999999995
59.03069999999999 37.92330000000001
37.26740000000001 37.44069999999999
37.3449 37.71620000000001
51.797100000000015 37.983
45.54160000000001 38.297000000000004
57.691500000000005 38.73399999999999
49.0196 38.800000000000004
38.854699999999994 37.751000000000005
44.000699999999995 37.37180000000001
39.68469999999999 37.5361
53.628 40.144000000000005
42.1487 41.391999999999996
52.300000000000004 39.468999999999994
39.8152 38.38190000000001
35.512299999999996 37.486200000000004
32.430800000000005 37.253799999999984
38.7818 37.3817
30.787799999999994 37.4576
42.50750000000001 37.8033
41.9924 38.014
33.43770000000001 37.6422
47.646100000000004 37.440200000000004
44.9649 37.70460000000001
40.7919 37.3918
44.6231 37.38320000000001
52.0688 37.9836
45.469300000000004 37.8047
50.068999999999996 37.577299999999994
39.22549999999999 37.6508
35.4617 37.4578
31.7671 37.579299999999996
45.082499999999996 37.87899999999999
34.326100000000004 37.421899999999994
31.952199999999998 37.2899
42.2111 37.632999999999996
63.64300000000001 38.347
38.286 37.588
45.46249999999999 37.556
49.8576 37.8435
40.641099999999994 37.50839999999999
46.46 37.581
51.47100000000001 38.05699999999999
63.1011 39.52000000000001
41.15990000000001 37.961
29.507600000000007 37.52199999999999
40.48929999999999 37.4643
38.4543 37.3214
46.70870000000001 37.261700000000005
40.91469999999999 37.26780000000001
33.59089999999999 36.926700000000004
43.442 37.446799999999996
43.6094 37.335899999999995
43.8326 37.58899999999999
41.62420000000001 37.203399999999995
31.956899999999997 37.2097
43.71219999999999 37.3532
30.964399999999998 37.1703
29.515 37.1313
33.41720000000001 37.5449
45.485299999999995 39.24399999999999
29.4402 37.83800000000001
45.157399999999996 37.928999999999995
22.929399999999998 37.547
24.5011 37.444
29.071799999999996 37.471900000000005
40.52649999999999 37.395900000000005
28.740899999999996 37.3634
36.299600000000005 37.63499999999999
37.678799999999995 37.658500000000004
27.22340000000001 37.21240000000001
23.600900000000003 36.9296
