12.645380000000003 45.98759999999999
12.878549999999997 45.98870000000001
12.55368 45.97370000000001
12.776350000000003 45.97309999999999
12.959989999999996 45.96319999999999
12.814839999999993 45.982800000000005
12.72537 46.000499999999995
12.75976 46.01869999999998
12.744059999999996 46.0321
12.651699999999996 45.9939
12.790789999999996 46.00599999999999
12.499669999999998 46.0321
12.628020000000001 46.0081
12.686800000000003 46.01569999999998
12.478570000000003 45.98140000000001
12.58647 46.0095
12.095259999999994 46.01050000000001
12.397279999999995 45.9825
12.805589999999995 45.982799999999976
12.900129999999995 46.04689999999999
12.491470000000005 45.956899999999976
12.401279999999996 45.929699999999976
12.310999999999996 45.921599999999984
12.774499999999996 45.9906
12.498640000000002 45.99129999999999
12.249309999999998 45.9869
12.23857 45.99459999999999
12.31656 46.00279999999998
12.360849999999996 46.01840000000001
12.479249999999995 46.03129999999999
12.529689999999999 46.03069999999998
12.617289999999997 46.056199999999976
12.44415 45.99169999999999
12.693779999999997 45.999999999999986
12.388950000000005 45.9727
12.473910000000005 45.985699999999994
12.395799999999998 45.972399999999986
12.292760000000001 45.95839999999998
12.33422 45.9577
12.294209999999998 45.95069999999998
12.121070000000007 45.95640000000001
11.949459999999998 45.96699999999999
11.842809999999998 45.968499999999985
11.998030000000002 45.9655
12.17595 45.96719999999999
12.254260000000002 45.9836
12.235560000000001 46.00719999999999
12.364820000000003 46.03139999999999
12.809529999999999 46.12539999999999
12.364999999999997 46.09679999999997
12.35101 46.08619999999996
13.539790000000002 46.177400000000006
12.199220000000002 46.2014
12.2234 46.114399999999996
12.286580000000004 46.108899999999984
12.287350000000002 46.109999999999985
12.906609999999999 46.22140000000001
12.879270000000002 46.2282
12.458750000000002 46.166399999999996
12.320820000000001 46.12
12.450329999999997 46.09500000000001
12.541759999999996 46.083
12.638789999999997 46.0696
12.522329999999998 46.09179999999999
12.370130000000001 46.1004
12.258759999999999 46.1023
12.739719999999997 46.18809999999999
12.161810000000001 46.116600000000005
12.150879999999995 46.109000000000016
12.045450000000002 46.10700000000002
12.204530000000002 46.113300000000024
12.711240000000002 46.207800000000006
12.28679 46.15870000000002
12.393239999999997 46.1543
12.235749999999998 46.16800000000002
12.186789999999998 46.16250000000001
12.209690000000009 46.180699999999995
12.37371 46.17860000000002
12.261299999999995 46.18010000000001
12.219449999999998 46.17660000000001
12.110109999999997 46.144900000000014
12.297199999999997 46.16479999999999
12.138050000000002 46.145
12.224170000000004 46.12389999999999
12.265909999999998 46.101999999999975
12.148700000000003 46.10909999999999
12.428479999999995 46.12989999999999
12.375080000000004 46.13819999999999
12.902300000000002 46.290299999999995
12.416189999999999 46.2049
12.166939999999997 46.18169999999999
12.332309999999998 46.1787
12.417019999999997 46.17109999999999
12.366320000000004 46.181799999999996
12.476219999999998 46.1756
12.417139999999998 46.17179999999998
12.452769999999997 46.176399999999994
12.221300000000003 46.18040000000001
12.79123 46.203799999999994
12.544009999999997 46.21260000000003
12.43099 46.17410000000002
12.53646 46.1767
12.664270000000002 46.170099999999984
12.377739999999998 46.147999999999996
18.50938 46.934599999999996
12.189959999999996 45.905499999999996
12.170860000000003 46.058900000000015
11.89337 45.879799999999996
12.036769999999999 45.89019999999999
12.297740000000001 45.93010000000001
12.087439999999997 45.90340000000001
12.388340000000001 45.913900000000005
12.042070000000002 45.91860000000002
11.938050000000002 45.92849999999999
11.921019999999997 45.9192
12.033329999999998 45.92060000000001
12.524180000000001 45.95119999999999
12.835349999999995 45.994299999999996
12.63993999999999 45.99490000000001
12.64942 46.019499999999965
12.57793 46.0121
12.322190000000003 46.01070000000001
12.20288 45.9845
12.2889 45.9783
12.343070000000003 45.9734
12.351929999999994 45.96709999999998
12.084539999999993 45.9925
12.117550000000001 46.0335
12.0933 46.01240000000001
12.155639999999995 46.01629999999997
12.197819999999995 46.01369999999999
12.24044 46.02029999999999
12.4221 46.040499999999994
12.548920000000003 46.07079999999999
12.119839999999996 46.03629999999998
12.270340000000004 46.052899999999994
12.275130000000004 46.08109999999998
12.16118 46.10299999999998
12.16246 46.10759999999997
12.229039999999996 46.12559999999999
12.297350000000003 46.17599999999999
12.293280000000001 46.128699999999995
12.183170000000004 46.12969999999997
12.227279999999999 46.11539999999999
12.09438 46.11979999999999
12.069059999999997 46.11849999999998
12.12654 46.122400000000006
12.070629999999996 46.11440000000001
12.11143 46.109700000000004
12.097449999999998 46.105300000000014
12.124270000000005 46.106000000000016
12.084930000000004 46.12500000000001
12.116169999999995 46.13590000000001
12.113460000000002 46.14619999999999
12.10484 46.142100000000006
12.259830000000001 46.1662
12.463639999999996 46.1853
12.782509999999997 46.2266
12.645109999999995 46.23709999999999
12.29587 46.2047
12.686850000000002 46.1672
12.43323 46.1455
12.52336 46.128600000000006
12.376990000000001 46.1267
12.265099999999993 46.13390000000002
12.208140000000002 46.13240000000002
12.238629999999997 46.1175
12.161910000000006 46.111299999999986
12.263989999999996 46.112999999999985
12.260829999999997 46.10359999999998
12.297540000000001 46.10430000000001
12.189519999999995 46.075199999999995
12.131499999999999 46.06889999999997
12.189319999999999 46.079499999999996
12.249459999999997 46.082000000000015
12.232689999999998 46.0734
12.303220000000005 46.07590000000001
12.240330000000002 46.072100000000006
12.215440000000005 46.0818
12.134420000000002 46.07759999999998
12.291909999999998 46.09049999999998
12.243489999999998 46.08379999999998
12.338300000000002 46.0892
12.22979 46.0964
12.159759999999997 46.09639999999998
12.239700000000004 46.10089999999999
12.4271 46.11979999999999
12.274749999999997 46.12330000000001
12.245340000000004 46.13720000000001
12.26095 46.145
12.278630000000005 46.14629999999999
12.435440000000003 46.1551
12.655970000000005 46.20209999999999
12.245120000000002 46.20179999999999
12.32027 46.2321
12.262749999999995 46.21879999999997
12.33534 46.209499999999984
12.277480000000002 46.196799999999996
12.378980000000002 46.253000000000014
12.33802 46.232399999999984
12.35948 46.233500000000014
12.498990000000001 46.221700000000006
12.38954 46.230500000000006
12.325109999999999 46.2275
12.811299999999997 45.68819999999999
12.279729999999997 45.91139999999999
12.367819999999998 45.899999999999984
12.385689999999999 46.050699999999985
15.625309999999997 46.64959999999999
12.268229999999997 45.652399999999986
12.31012 45.81289999999999
12.365200000000002 45.67329999999998
12.303 45.647299999999994
12.44699 45.65309999999999
12.403289999999998 45.6601
12.352340000000003 45.679400000000015
12.412499999999998 45.70949999999999
12.409739999999994 45.7332
12.51958 45.74069999999999
12.51243 45.75589999999999
12.418890000000001 45.74959999999999
12.34909 45.74009999999998
12.27364 45.73779999999997
12.528670000000004 45.7277
12.27203 45.73879999999999
12.23672 45.750299999999996
12.23007 45.7612
12.243180000000004 45.7644
12.357660000000003 45.75980000000002
12.271629999999995 45.780099999999976
12.263110000000001 45.7673
12.3085 45.749099999999984
12.360950000000004 45.7544
12.566719999999998 45.7771
12.672109999999998 45.791100000000014
12.642469999999994 45.77870000000001
12.443019999999999 45.772400000000005
12.430860000000001 45.767599999999995
12.325240000000003 45.7679
12.45682 45.76889999999999
12.777949999999999 45.7731
12.360240000000001 45.759600000000006
12.552769999999999 45.749300000000005
12.509079999999997 45.748000000000005
12.630819999999995 45.76880000000001
12.74306 45.76960000000001
12.335109999999998 45.7897
12.251680000000004 45.78
12.232719999999993 45.793000000000006
12.278220000000001 45.805499999999995
12.24109 45.828100000000006
12.318729999999997 45.8323
12.351539999999998 45.855700000000006
12.194659999999999 45.867299999999986
12.174509999999996 45.868000000000016
12.091230000000005 45.89
12.255009999999995 45.893899999999995
12.234800000000003 45.8971
12.493019999999994 45.88969999999998
12.347929999999998 45.88920000000001
12.223340000000002 45.89420000000001
12.164819999999994 45.900000000000006
12.126460000000003 45.93810000000001
11.945589999999997 45.9841
12.226809999999997 45.972199999999994
12.152989999999999 45.965399999999995
12.313699999999999 45.94750000000001
12.315550000000002 45.93400000000001
12.163399999999996 45.930800000000005
12.25518 45.94000000000001
12.379089999999996 45.94090000000002
12.266229999999997 45.9063
12.398809999999997 45.912600000000005
12.300670000000002 45.90470000000001
12.14959 45.916000000000004
12.189219999999997 45.9433
12.438640000000003 45.95810000000001
12.4975 45.97109999999999
12.451410000000001 45.9773
12.34567 45.97579999999999
12.189889999999998 45.98209999999999
12.249239999999999 45.99259999999999
12.291080000000003 45.999699999999976
12.41458 46.00209999999998
12.514810000000004 46.0198
12.451970000000003 46.0435
12.414299999999995 46.03099999999999
12.595389999999995 46.03389999999998
