17.51047999999999 20.89659999999999
12.884300000000001 18.859600000000007
10.901459999999997 18.38969999999999
14.265199999999997 19.894400000000008
10.880440000000002 18.466799999999996
17.52575 20.496499999999994
17.490689999999997 20.916100000000004
12.787000000000004 19.0034
10.82335 18.420900000000003
14.018370000000003 19.7866
10.671050000000001 18.5414
17.371439999999996 20.52579999999999
17.52545999999999 20.927300000000006
12.736519999999999 19.0771
10.852449999999996 18.4133
14.154649999999997 19.7335
10.783029999999997 18.519500000000008
17.287269999999996 20.546299999999988
17.380510000000005 20.986200000000007
12.906799999999999 19.11339999999999
10.74095 18.197400000000002
14.155809999999997 20.007599999999993
10.734039999999997 18.6123
17.338470000000004 20.615699999999997
17.07881 21.043
12.72276 19.036600000000004
10.87613 18.33739999999999
14.160459999999997 19.859799999999996
10.717390000000004 18.5675
16.17431 20.2014
16.88461 21.0334
12.306999999999997 19.145600000000005
10.598269999999998 18.665399999999995
13.783999999999999 20.044500000000003
10.317199999999998 18.737900000000003
15.734849999999998 20.351699999999994
16.68516 21.287599999999998
12.077950000000001 19.1928
10.46828 18.7803
13.604790000000005 20.137399999999985
10.256839999999997 18.8526
15.770310000000002 20.465900000000005
16.72603999999999 21.3617
12.16848 19.414899999999992
10.458049999999997 18.899099999999994
13.71552 20.1514
10.335480000000004 18.9425
15.744689999999995 20.5679
23.299719999999994 21.936100000000003
12.600789999999998 18.974299999999996
10.812619999999992 18.396900000000002
13.793949999999993 19.687900000000003
10.369589999999999 18.545499999999997
15.895700000000005 20.1269
18.495059999999995 21.46810000000001
12.476329999999999 18.8771
10.649219999999996 18.369399999999995
13.786760000000006 19.74189999999999
10.441379999999993 18.518900000000002
16.066319999999994 20.233900000000006
18.293909999999997 21.609600000000007
12.208379999999998 18.651199999999992
10.365630000000003 18.127899999999997
13.785249999999996 19.725999999999996
10.344039999999994 18.70399999999999
15.71807 19.9258
18.407530000000005 21.391000000000005
12.258869999999996 18.748999999999995
10.616639999999997 18.3014
13.748809999999997 19.582000000000008
10.264929999999998 18.34700000000001
15.734600000000002 19.96580000000001
18.361629999999995 21.404500000000002
12.348240000000006 18.750799999999995
10.68085 18.2712
13.818390000000003 19.534399999999987
10.358819999999998 18.349499999999992
15.860750000000001 20.052300000000002
18.371210000000005 21.455399999999994
12.214250000000002 18.879800000000003
10.564259999999988 18.370899999999995
13.818149999999996 19.650699999999993
10.328829999999993 18.407000000000004
15.758460000000007 20.075099999999996
18.496789999999997 21.41999999999999
12.100349999999995 18.769099999999987
10.438999999999995 18.290400000000005
13.660560000000006 19.67369999999999
10.2952 18.391099999999994
15.723810000000004 20.059499999999993
18.378499999999995 21.339999999999996
12.217519999999999 18.784699999999997
10.593640000000004 18.305799999999998
13.881569999999998 19.663199999999996
10.44418 18.516199999999998
15.77116999999999 20.021100000000004
18.500560000000004 21.448499999999996
12.21507 18.819499999999994
10.548369999999997 18.339000000000002
13.749369999999994 19.61589999999999
10.370259999999996 18.601
15.854720000000002 20.074699999999996
18.595189999999988 21.433700000000005
12.288230000000006 18.752799999999993
10.609849999999996 18.35
13.784910000000005 19.61939999999999
10.310349999999998 18.426
15.78109 19.899399999999996
18.492759999999997 21.478999999999996
12.154399999999994 18.806099999999994
10.566539999999996 18.270500000000006
13.802329999999992 19.806500000000003
10.313949999999997 18.395699999999994
15.704200000000009 20.03289999999999
18.350850000000005 21.524099999999997
12.206190000000003 18.884099999999997
10.478240000000005 18.304500000000008
13.739870000000003 19.65399999999999
10.32245 18.436600000000002
15.662999999999997 20.012099999999997
18.34884 21.459399999999988
12.311400000000006 18.8911
10.645389999999995 18.38149999999999
13.81986 19.66379999999999
10.409880000000001 18.4496
15.989930000000003 20.02040000000001
18.610789999999998 21.54809999999999
12.484359999999999 18.921300000000002
10.778149999999998 18.485299999999995
13.931340000000006 19.775999999999996
10.635969999999997 18.532899999999994
15.993820000000003 20.1842
18.589530000000003 21.682799999999997
12.474589999999997 18.835699999999992
10.792890000000002 18.396799999999995
13.880869999999993 19.721299999999996
10.402639999999998 18.51009999999999
16.10397 19.930600000000002
18.573509999999995 21.540499999999994
12.48017 18.771099999999997
10.608940000000002 18.3086
13.724920000000001 19.783399999999997
10.21653 18.5341
16.109499999999997 20.075700000000005
18.37847 21.439299999999996
12.135240000000003 18.792299999999987
10.422000000000004 18.332
13.686190000000012 19.656599999999997
10.291849999999995 18.328499999999995
16.076419999999995 20.117600000000003
18.71238 21.6128
12.22819 19.001099999999997
10.57231 18.5904
13.883330000000003 19.781399999999984
10.458659999999998 18.54760000000001
15.917019999999996 20.1604
18.6411 21.5153
12.641749999999998 18.710400000000003
11.15475 18.355500000000003
14.441609999999994 19.7663
10.795840000000002 18.523899999999994
16.307049999999997 20.173600000000004
18.856769999999994 21.592499999999994
12.356670000000006 18.879900000000003
10.72083 18.410700000000002
14.059580000000002 19.7426
10.431799999999999 18.6789
16.011040000000005 20.275800000000004
18.717880000000005 21.606399999999997
12.186269999999999 18.925000000000004
10.594899999999996 18.477800000000002
13.88941 19.801600000000004
10.471860000000005 18.6941
15.983 20.272500000000004
18.612789999999997 21.590100000000003
12.102090000000006 18.761700000000005
10.5706 18.568800000000003
13.949359999999992 19.942399999999992
10.442730000000001 18.715899999999998
15.971880000000006 20.274999999999995
18.630149999999997 21.7148
12.294179999999997 18.912200000000002
10.709879999999997 18.531400000000005
14.00753 20.046000000000003
10.483730000000001 18.6706
16.04941 20.296600000000005
18.69432 21.6537
12.248599999999994 18.934299999999997
10.666739999999999 18.493900000000004
13.926429999999993 19.897499999999994
10.4579 18.693099999999994
16.05859 20.250799999999998
18.188549999999996 21.632199999999997
12.48233 18.967000000000002
10.578219999999998 18.541399999999996
13.948410000000006 19.928000000000008
10.525319999999995 18.696300000000004
16.006550000000004 20.3348
18.624049999999993 21.730500000000003
12.237540000000001 18.935599999999994
10.51454 18.534399999999994
13.923300000000003 19.877200000000002
10.350429999999998 18.575000000000003
16.03945000000001 20.25289999999999
18.703040000000005 21.622099999999993
12.472419999999998 18.898799999999998
10.918660000000001 18.465600000000002
14.117310000000005 19.899999999999995
10.51874 18.7211
16.171900000000004 20.217499999999994
18.873510000000003 21.6057
12.488100000000006 18.9779
10.72303 18.530999999999995
13.963999999999999 19.744699999999998
10.413259999999998 18.636999999999993
16.1509 20.1829
18.73579 21.665099999999995
12.226420000000001 18.86179999999999
10.68777 18.497700000000002
14.01057 19.820300000000003
10.572369999999998 18.6097
16.27808 20.30539999999999
18.645689999999995 21.579500000000007
12.5059 18.929399999999998
10.831969999999998 18.408599999999993
14.078699999999994 19.913300000000003
10.637809999999995 18.595599999999997
16.305410000000002 20.2393
18.836270000000006 21.675099999999993
12.395589999999999 18.9439
10.716060000000004 18.557699999999997
14.119600000000004 19.98219999999999
10.77282 18.5283
17.562289999999997 21.014720000000008
19.081769999999995 21.74240000000001
12.48229 18.852200000000007
10.88058 18.426900000000003
14.21654 19.842999999999996
10.550460000000001 18.5772
16.064089999999993 20.2585
18.79451 21.4803
12.342699999999999 18.86201
10.721380000000002 18.22779999999999
14.036999999999994 19.765999999999988
10.514750000000001 18.5184
16.11758 20.1083
19.339190000000013 22.099590000000003
12.335220000000001 18.85989999999999
10.618409999999999 18.296200000000006
14.22866000000001 19.836399999999994
10.632190000000003 18.493100000000002
16.357439999999997 20.162000000000006
18.957649999999994 21.606699999999996
12.37343 18.7551
10.593680000000006 18.332800000000006
14.251900000000001 19.8583
10.574779999999997 18.634800000000002
16.200519999999997 20.2379
18.85339 21.6423
12.386399999999998 18.805599999999988
10.585349999999998 18.343899999999998
14.188820000000002 19.846500000000006
10.621010000000004 18.599700000000002
16.24780999999999 20.19509999999999
18.888880000000004 21.5765
12.361869999999993 18.742
10.664670000000001 18.341800000000003
14.18645 19.774599999999992
10.61198 18.562900000000006
16.248419999999992 20.265699999999995
18.905819999999995 21.6235
12.366630000000002 18.759599999999995
10.653770000000003 18.410400000000003
14.114420000000003 19.95189999999999
10.539349999999999 18.610500000000005
16.308510000000002 20.2402
18.968169999999997 21.67
12.46655 18.74679999999999
10.592320000000004 18.361899999999988
14.125419999999997 19.844199999999987
10.589770000000003 18.694599999999998
16.27758 20.239899999999995
19.022289999999998 21.5195
12.386349999999998 18.8564
10.618970000000004 18.452000000000005
14.133999999999997 19.7862
10.592349999999998 18.62890000000001
16.14117 20.206100000000003
