14.649999999999997 40.85899999999999
13.244900000000001 41.137
13.817600000000002 41.372
13.665999999999997 41.55800000000001
13.958200000000001 41.898
13.863699999999998 42.111000000000004
13.381100000000002 42.22100000000001
12.387 42.35100000000001
11.7617 42.39900000000001
13.6373 42.436000000000014
12.7683 42.45700000000001
13.828999999999999 42.55500000000001
13.1745 42.646000000000015
11.091099999999999 42.74400000000001
11.640199999999998 42.841000000000015
12.970300000000002 42.987
12.720199999999998 43.416000000000004
12.2351 43.568000000000005
13.320100000000002 43.720000000000006
13.3075 43.958999999999996
13.494200000000001 44.072
11.728700000000002 44.115
11.9596 44.14900000000001
11.8239 44.186
13.1943 44.271
13.127899999999999 44.33200000000001
13.1889 44.381
12.824600000000002 44.438
14.816099999999999 44.459999999999994
15.091900000000003 44.686
13.6932 44.837999999999994
14.552400000000004 44.971
15.5504 45.28
13.512999999999998 45.989000000000004
14.367199999999999 46.165
14.580100000000002 46.229
15.347199999999999 45.980000000000004
13.889899999999997 45.797999999999995
15.214699999999997 45.902
13.756799999999997 46.071
15.207200000000002 46.330999999999996
16.3603 46.427
15.270900000000001 46.439
14.541699999999999 46.550000000000004
14.5534 46.718
13.663 46.815000000000005
14.279400000000003 46.92100000000001
14.242100000000002 47.138000000000005
13.6797 47.272000000000006
13.456700000000001 47.46500000000001
13.364999999999998 47.588
12.8852 47.667
12.904599999999999 47.71
14.102599999999999 47.71300000000001
14.226899999999997 47.71300000000001
13.153299999999998 47.803999999999995
14.4769 47.955
15.6554 48.031
14.532300000000001 48.113
14.430599999999998 48.276999999999994
15.3087 48.669999999999995
14.368099999999998 48.824
14.294599999999999 48.903
14.699100000000001 48.997
14.9576 49.11
16.1074 49.281
16.048 49.427
16.179700000000004 49.94499999999999
23.478600000000004 49.94499999999999
26.024899999999995 49.968999999999994
20.576999999999995 49.480999999999995
21.602999999999994 49.482000000000006
23.1669 49.588
19.1131 49.686
17.9743 49.713
17.0611 49.879000000000005
15.915400000000002 49.925999999999995
17.5376 50.080000000000005
17.675900000000002 50.14999999999999
18.3126 50.168
18.799000000000003 50.22
16.820700000000006 50.353999999999985
15.339500000000001 50.379
14.8901 50.427
19.1386 50.437999999999995
18.0913 50.44499999999999
18.9092 50.441
19.843300000000003 50.439
20.461800000000004 50.44499999999999
20.0956 50.468999999999994
18.2692 50.517
21.187199999999997 50.56699999999999
20.6625 50.623
18.6395 50.625
18.4607 50.63099999999999
17.987000000000002 50.659
17.538899999999995 50.67499999999999
19.9044 50.735
18.9294 50.77199999999999
19.335 50.849999999999994
20.8336 50.88199999999999
20.473999999999997 50.91899999999999
19.2971 50.928
18.487899999999993 50.952
19.7661 50.986
17.7259 51.019999999999996
18.9161 51.047
17.8229 51.059
18.7274 51.083999999999996
18.665499999999998 51.105999999999995
17.3887 51.105999999999995
17.2869 51.117999999999995
21.6727 51.166
18.528699999999997 51.141999999999996
19.084500000000002 51.153999999999996
18.6714 51.153999999999996
19.9167 51.147999999999996
19.0835 51.196
19.5897 51.18899999999999
19.837800000000005 51.21500000000001
18.7097 51.166999999999994
18.0147 51.149
18.778699999999997 51.19200000000001
18.4968 51.245000000000005
22.257800000000003 51.269999999999996
21.859900000000003 51.318999999999996
21.320800000000002 51.33199999999999
20.973899999999997 51.319999999999986
20.541600000000003 51.361999999999995
21.7702 51.348000000000006
21.037999999999997 51.36000000000001
19.799300000000002 51.35400000000001
22.420800000000003 51.348000000000006
19.5361 51.367000000000004
20.7298 51.396
20.903499999999998 51.428
20.634499999999996 51.515
19.7045 51.414
19.130100000000002 51.39
21.195500000000003 51.38400000000001
18.783700000000003 51.353
16.6579 51.353
15.501100000000001 51.391
16.1448 51.379
16.436400000000003 51.385000000000005
16.6704 51.379
16.8535 51.361000000000004
15.513700000000002 51.336000000000006
15.647699999999997 51.324000000000005
21.1691 49.21
19.883499999999998 49.672
19.9863 49.748999999999995
19.177300000000002 49.92699999999999
20.1773 50.10699999999999
17.8442 50.21600000000001
18.235300000000002 50.345
18.5325 50.4
19.331699999999998 50.395999999999994
17.6155 50.38399999999999
19.2629 50.365
18.5509 50.573
17.1542 50.368
16.923900000000003 50.392
17.347099999999998 50.49600000000001
17.830000000000005 50.597
16.295200000000005 50.685
15.867100000000004 50.708
16.3784 50.70099999999999
18.847599999999996 50.754999999999995
22.008499999999998 50.742999999999995
18.2333 50.712999999999994
21.8824 50.757
19.272100000000002 50.845
19.526899999999994 50.878
19.0045 50.891
22.7004 50.86000000000001
20.831500000000002 50.848000000000006
20.3276 50.879
22.273200000000006 50.851
22.2442 50.861000000000004
22.173099999999998 50.919000000000004
23.204 50.983000000000004
22.024199999999997 50.964999999999996
22.7042 50.970000000000006
22.457 51.157
22.359900000000003 50.97099999999999
22.935299999999998 50.97999999999999
23.6485 51.005
23.613899999999997 51.00499999999999
21.180200000000006 51.005
21.1613 51.071999999999996
21.1664 51.096
22.0327 51.11399999999999
20.7895 51.111
21.4701 51.11099999999998
22.7784 51.12899999999999
20.7691 51.23799999999999
20.183 51.134999999999984
19.3432 51.18099999999999
20.569100000000002 51.233
21.774500000000003 51.23899999999999
22.0099 51.245
22.278599999999997 51.21499999999999
21.668300000000002 51.23899999999999
20.820000000000004 51.22699999999999
20.0321 51.254999999999995
21.4124 51.318999999999996
21.176000000000002 51.32499999999999
21.525000000000006 51.53399999999999
19.910200000000003 51.349999999999994
20.8588 51.368999999999986
21.8261 51.35099999999999
21.746099999999995 51.367999999999995
19.832400000000003 51.33199999999999
22.1687 51.33899999999999
22.0688 51.380999999999986
20.195800000000002 51.44699999999999
20.2297 51.829
19.7936 51.970000000000006
20.519199999999998 51.95700000000001
20.061300000000003 51.855
21.9111 51.420999999999985
21.356 51.43399999999999
22.019 51.390999999999984
23.089000000000002 51.396
21.3155 51.383
20.6797 51.359
23.409000000000002 51.38399999999999
24.596300000000003 51.395
21.942 51.379
19.5749 51.342999999999996
19.8283 51.391
18.401799999999998 50.77199999999999
22.299199999999995 49.66199999999999
21.3748 49.80099999999999
22.6515 50.129999999999995
24.051500000000004 50.317
21.051099999999998 50.369
20.1786 50.431000000000004
19.971400000000003 50.441
20.665800000000004 50.480999999999995
21.749100000000006 50.654999999999994
21.593300000000003 50.686
21.003199999999996 50.688
20.960499999999996 50.696
19.6801 50.696
19.2786 50.66499999999999
22.1654 50.744
21.003800000000002 50.81399999999999
19.4915 50.78499999999999
18.964100000000002 51.294
18.472 51.23
17.447400000000002 51.233
17.2381 51.01899999999999
20.143199999999997 50.79
19.0363 50.867
18.3313 51.178000000000004
21.412200000000002 50.88499999999999
20.101 50.865999999999985
19.788699999999995 50.885999999999996
21.7824 50.96599999999999
20.1026 50.99799999999999
21.4607 50.97999999999999
20.3412 50.995000000000005
19.2738 51.054
17.871300000000005 51.078
19.375799999999995 51.054
18.8751 51.042
17.916600000000003 51.06299999999999
19.4701 51.086999999999996
17.6891 51.080999999999996
17.6681 51.06999999999999
17.707400000000003 51.166
16.473799999999997 51.147999999999996
18.1559 51.184000000000005
18.1792 51.172
19.2344 51.190999999999995
17.270199999999996 51.196999999999996
16.679799999999997 51.190999999999995
17.441300000000005 51.16099999999999
16.704499999999996 51.442
19.1183 51.199
18.748700000000003 51.236000000000004
19.5641 51.25999999999999
19.342499999999998 51.25300000000001
20.2089 51.217999999999996
19.5339 51.24799999999999
17.998299999999997 51.623
