31.884399999999996 17.685899999999997
31.557900000000004 17.707399999999996
30.9253 17.6714
31.59249999999999 17.637
33.117399999999996 17.637
32.163599999999995 17.686600000000002
31.013599999999997 17.6759
30.952900000000007 17.640199999999997
30.1712 17.627699999999997
30.2476 17.6272
33.957899999999995 17.639999999999997
32.1832 17.640299999999996
29.4163 17.626499999999997
32.28849999999999 17.6454
33.492 17.7095
30.551200000000005 17.682
28.764700000000005 17.672799999999995
29.456500000000002 17.6529
28.907300000000006 17.6332
28.440700000000003 17.670699999999997
30.321900000000003 17.635399999999994
32.5712 17.633199999999995
29.637700000000006 17.640699999999995
31.218999999999998 17.701099999999993
33.09530000000001 17.7759
34.47689999999999 17.725699999999996
29.8259 17.6646
34.5867 17.7547
32.820800000000006 17.698200000000003
31.390099999999986 17.6928
30.228500000000004 17.6622
32.989999999999995 17.653899999999993
32.002100000000006 17.637700000000002
31.297900000000002 17.6347
33.627399999999994 17.6387
40.20740000000001 17.673799999999996
33.3291 17.651600000000002
33.52440000000001 17.656899999999997
30.6261 17.6446
34.197599999999994 17.6568
32.499300000000005 17.683500000000002
36.62640000000002 17.673099999999994
29.1018 17.636999999999997
31.557999999999996 17.641699999999997
34.56760000000001 17.6556
36.944 17.7273
33.190099999999994 17.705899999999996
30.048799999999996 17.6484
33.99060000000001 17.736400000000003
29.066300000000002 17.709500000000002
29.14379999999999 17.6544
38.25320000000001 17.6729
28.2117 17.7087
29.27989999999999 17.7033
34.8071 17.711800000000004
34.37650000000002 17.7004
30.408300000000004 17.6942
28.403400000000005 17.649199999999997
26.842699999999997 17.6248
27.40019999999999 17.626399999999997
25.6821 17.6224
26.597000000000005 17.6346
22.807400000000005 17.660700000000002
23.1359 17.6592
24.098899999999997 17.659
23.3792 17.659
21.087800000000005 17.619400000000002
25.078599999999994 17.6126
23.359900000000003 17.6157
22.1421 17.611800000000002
21.036799999999996 17.607100000000003
22.800400000000007 17.6553
21.23399999999999 17.6692
23.0949 17.6891
21.569200000000006 17.6531
23.2069 17.6248
20.3042 17.5982
22.121299999999998 17.6042
22.0477 17.616300000000003
25.0917 17.649
20.3941 17.6636
21.779500000000002 17.645999999999997
21.003 17.652299999999997
22.641 17.660500000000003
21.8774 17.6378
22.72040000000001 17.6186
23.232199999999995 17.6133
21.4808 17.5997
20.1751 17.6011
20.186499999999995 17.597999999999995
20.6405 17.601799999999997
21.4515 17.6026
21.786099999999998 17.6042
20.9409 17.603499999999997
22.191000000000006 17.607
21.263899999999992 17.604699999999998
21.967299999999994 17.6262
21.619799999999998 17.662899999999997
22.688099999999995 17.659
26.358099999999997 17.6407
23.32 17.6126
23.2932 17.6049
23.0261 17.607899999999997
22.7962 17.6079
22.654399999999995 17.605
22.9509 17.605
23.822699999999998 17.6111
23.807000000000002 17.6049
23.84199999999999 17.621699999999997
28.367800000000003 17.7057
23.645 17.678900000000002
24.0796 17.6576
23.579800000000002 17.634800000000002
23.0061 17.6118
23.9768 17.613400000000002
25.088600000000007 17.6141
24.798399999999994 17.615700000000004
25.486700000000006 17.616500000000002
25.519800000000004 17.619699999999998
24.5636 17.6141
24.17289999999999 17.613400000000002
24.990699999999997 17.6094
25.522500000000004 17.6188
26.439300000000003 17.614800000000002
25.866800000000005 17.628100000000003
24.6607 17.753900000000005
26.102299999999996 17.776699999999998
26.406100000000006 17.7615
28.816100000000016 17.7074
26.83290000000001 17.6488
26.5808 17.6782
27.036099999999998 17.6654
26.020799999999987 17.646199999999997
25.7034 17.621000000000002
25.2041 17.618
27.41 17.6585
28.267599999999998 17.666999999999998
27.9897 17.635700000000003
26.98839999999999 17.641000000000002
30.1662 17.720399999999998
29.733699999999995 17.740099999999998
28.3598 17.748499999999996
26.239800000000002 17.722
26.028799999999997 17.6661
27.298000000000002 17.6509
27.0195 17.626400000000004
29.480099999999997 17.629499999999997
29.338499999999996 17.6739
28.9303 17.68219999999999
27.958700000000004 17.7385
28.5619 17.750799999999998
28.8789 17.713599999999996
36.4769 17.773699999999995
28.641499999999997 17.7614
29.349199999999993 17.7568
33.4447 17.762499999999992
30.098099999999988 17.715799999999994
29.2521 17.6569
33.9318 17.6434
31.442199999999993 17.633399999999995
30.716700000000003 17.632499999999997
30.466799999999992 17.630399999999998
30.8915 17.6273
32.38410000000001 17.6347
35.11650000000001 17.671199999999995
38.385999999999996 17.778399999999998
34.520500000000006 17.7431
33.949 17.662300000000002
32.2336 17.639999999999997
32.37969999999999 17.649399999999996
32.58349999999999 17.691999999999993
33.0938 17.668999999999997
35.183099999999996 17.6494
34.7793 17.647099999999995
34.303700000000006 17.660599999999995
34.6772 17.76579999999999
36.499599999999994 17.7836
35.068499999999986 17.7797
38.43480000000001 17.7471
35.49929999999999 17.668699999999998
36.3781 17.737299999999998
37.381699999999995 17.785199999999996
38.58039999999999 17.708299999999998
38.63830000000001 17.694499999999994
37.8208 17.728199999999994
35.52110000000001 17.676
38.458200000000005 17.666199999999996
38.90009999999999 17.6707
39.203900000000004 17.741
38.94399999999998 17.718899999999998
37.35300000000001 17.650199999999995
36.31610000000001 17.707399999999996
39.00000000000001 17.689799999999998
36.8418 17.6541
40.961899999999986 17.6547
43.42759999999999 17.737199999999998
42.5394 17.724099999999996
42.619800000000005 17.6896
40.0457 17.6547
41.3206 17.6952
41.509599999999985 17.6549
41.183 17.6816
38.20570000000001 17.6685
41.61260000000001 17.660799999999995
42.5677 17.673799999999996
43.360600000000005 17.7416
38.46609999999999 17.6845
39.224300000000014 17.6403
39.81960000000001 17.698199999999996
37.968500000000006 17.692300000000003
37.01740000000001 17.637999999999998
35.4721 17.1916
38.590099999999985 17.651200000000003
36.45709999999999 17.736600000000003
36.09960000000001 17.676099999999998
37.04579999999999 17.655399999999997
37.068200000000004 17.639599999999994
39.94050000000001 17.651699999999998
40.882400000000004 17.6433
38.89290000000001 17.646399999999996
37.2457 17.6328
37.4174 17.625899999999998
39.851000000000006 17.709799999999994
39.3519 17.772299999999998
37.26279999999999 17.784599999999998
39.72660000000001 17.8385
37.293299999999995 17.8357
37.855900000000005 17.808999999999997
38.15239999999999 17.819499999999998
38.46189999999999 17.8477
37.97279999999999 18.0079
40.46430000000001 17.926299999999994
36.6863 17.8105
41.405700000000024 17.848299999999995
41.1927 17.927199999999996
37.730799999999995 17.868399999999998
38.304600000000015 17.8562
39.07300000000001 17.893599999999996
41.113099999999996 18.017799999999994
41.08860000000001 17.962199999999996
40.01930000000001 17.909599999999998
38.52730000000001 17.900199999999998
38.3574 17.897299999999998
39.08880000000001 17.930699999999995
42.088899999999995 18.001699999999996
40.48670000000002 18.002499999999994
45.9873 18.0703
41.628699999999995 18.027699999999996
39.766300000000015 17.989399999999996
44.6127 18.059599999999993
44.089800000000004 18.094899999999996
45.25210000000001 18.140499999999996
38.9893 18.034399999999994
39.05110000000001 18.035199999999996
39.745999999999995 18.125399999999992
38.4397 18.137499999999996
39.443599999999996 18.070999999999998
37.34230000000001 18.0697
38.2751 18.0776
38.21900000000002 18.086000000000002
38.33040000000001 18.143900000000006
37.49770000000001 18.157600000000006
38.4256 18.148200000000003
37.74800000000001 18.120800000000003
36.42999999999999 18.191100000000006
42.3126 18.2059
42.10840000000002 18.326700000000002
36.0941 18.2256
36.595499999999994 18.207900000000002
35.9731 18.1919
36.291699999999985 18.325600000000005
34.00170000000001 18.2872
36.608000000000004 18.220000000000002
34.30620000000001 18.2237
35.7359 18.231399999999997
32.92990000000001 18.216899999999995
33.5731 18.2299
31.710300000000004 18.225199999999997
31.830099999999995 18.232599999999994
35.002599999999994 18.2652
31.11330000000001 18.312099999999997
33.1539 18.317599999999995
33.56029999999999 18.321399999999997
33.46390000000001 18.4175
34.2193 18.3919
32.239200000000004 18.326900000000002
31.10409999999999 18.3092
30.7693 18.3077
