18.5303 9.470299999999998
14.284300000000002 9.423100000000002
14.007000000000003 9.2178
13.6603 8.7045
12.254 8.326199999999998
12.6305 8.657
12.9462 8.403699999999999
11.9252 8.044500000000001
13.076199999999998 8.003200000000001
17.934 9.4592
13.418000000000003 9.4717
13.650500000000001 9.403300000000003
13.3783 9.0705
11.4484 8.7072
12.4353 8.9922
13.248399999999998 8.584200000000001
12.4137 8.3664
12.3482 8.2299
16.5577 8.7755
17.764 10.182799999999999
15.342999999999998 9.6285
14.576000000000002 9.1183
13.728099999999998 9.125199999999998
11.782 8.556799999999999
15.9524 8.791699999999999
12.578 9.015799999999999
12.879100000000001 8.564
15.3757 8.5693
14.050899999999999 8.940499999999998
13.4072 9.001499999999998
13.5279 9.3802
13.2559 9.3331
12.673699999999998 8.526299999999999
15.0951 8.896700000000003
12.3947 8.9439
13.389600000000002 8.624400000000001
18.086999999999996 9.042499999999999
17.111 9.571
12.901400000000002 9.158199999999999
14.627500000000001 9.012300000000002
12.7832 8.906
14.362599999999997 8.773200000000001
15.717899999999998 9.0755
14.2323 9.2827
13.5619 8.9815
14.213600000000003 8.905
12.779599999999999 8.4159
13.441 8.430300000000003
13.1739 8.6832
13.276499999999999 8.7167
12.0431 8.629700000000001
13.537500000000001 8.7535
13.0557 8.7976
13.1775 9.142000000000001
14.8206 8.8848
14.056799999999997 8.9888
13.7252 9.0288
12.8579 9.0754
12.214999999999998 8.880199999999999
12.155100000000001 8.568999999999999
13.295099999999998 8.7953
13.3514 9.022
12.792600000000002 9.1112
13.6333 9.0221
14.465499999999999 9.137599999999999
12.747800000000002 9.1942
11.357700000000001 9.096599999999999
12.273799999999998 8.5953
12.3568 8.326
13.8868 8.3335
11.239400000000002 8.453899999999997
12.682100000000002 8.4919
13.155 8.8886
11.501699999999998 8.8421
12.895600000000002 8.821500000000002
12.0226 8.8955
12.617799999999999 9.0168
13.4615 9.0259
13.5472 9.0628
11.4595 8.590899999999998
11.3933 8.641399999999999
14.361200000000002 8.8502
12.440100000000001 9.3736
12.7631 9.0717
13.311799999999998 9.547500000000001
12.7979 9.369900000000001
13.942100000000002 9.369299999999999
14.4391 9.394
12.821299999999999 9.479299999999999
12.490000000000002 9.550600000000001
15.989499999999998 9.126099999999997
13.9961 9.5807
15.155800000000003 9.529
15.7606 9.7916
14.627799999999999 9.786799999999998
13.630700000000001 9.378800000000002
17.2734 9.1199
14.034899999999997 9.0559
12.3858 8.7462
14.0338 8.749699999999999
15.641500000000002 9.6252
16.5427 9.844199999999999
16.898000000000003 9.8924
16.012999999999998 9.4616
15.695999999999998 9.8565
16.345000000000002 9.8411
15.528999999999998 9.6041
14.5612 9.2771
14.6704 9.3934
14.471 9.004
15.6005 9.016900000000001
18.113 9.3725
16.780099999999997 9.3792
16.491 9.1002
17.444 9.447700000000001
15.892000000000001 9.3183
16.218000000000004 9.0301
14.096900000000002 8.781600000000001
15.661900000000001 9.2326
15.220899999999999 9.411200000000001
20.465000000000003 9.7497
16.258000000000003 9.4355
15.990000000000002 9.029
20.924 9.65
17.179 9.7561
15.332899999999999 9.2945
15.489 8.9925
16.481800000000003 9.1673
17.882 9.3467
16.890000000000004 9.5127
17.907799999999998 9.704099999999999
17.682000000000002 9.3363
18.629 9.580000000000002
20.212999999999997 10.0536
16.0722 9.8601
15.433 9.407
17.369999999999997 9.480300000000002
18.634 9.623000000000001
16.451 9.7644
16.5567 9.969899999999999
17.608999999999998 9.7331
18.508999999999997 9.9688
20.556 9.6488
17.163999999999998 9.834500000000002
16.34 9.0864
15.476 8.9905
19.116 9.346099999999998
16.964000000000002 9.628
16.989 9.5625
18.271 9.2405
19.569 9.3499
21.368 9.7986
17.416999999999998 9.890499999999998
16.5891 9.260499999999999
16.704 9.5176
15.226 9.1191
16.779999999999998 8.754299999999999
17.228 8.7754
16.769000000000002 9.0927
20.705 9.1181
20.913999999999998 9.997300000000001
22.458 10.5518
17.201 9.972900000000001
17.203000000000003 9.2467
18.794 9.426400000000001
18.137800000000002 9.412899999999999
16.756 9.4284
20.847999999999995 9.9086
18.621 10.0404
26.936999999999994 10.2931
27.583000000000002 10.4347
20.952999999999996 10.281
19.417 10.078899999999999
20.094 9.8228
20.816000000000003 9.4321
19.395 9.6129
22.855000000000004 9.770000000000001
20.793999999999997 9.656500000000001
24.073 10.061899999999998
27.199 10.4967
23.759000000000004 10.9495
21.4 10.819
20.919999999999998 10.3931
21.255000000000003 10.0106
22.455 10.3086
21.121999999999996 9.964999999999998
19.611999999999995 9.7231
22.906 10.064799999999998
35.107 11.7796
26.219000000000005 12.164599999999998
22.771 11.180900000000001
26.324 10.599400000000001
22.457 10.1684
20.777 10.043299999999999
21.465999999999998 10.135699999999998
18.569999999999997 10.1881
19.924000000000003 10.1241
23.677999999999997 10.3766
26.307 10.903099999999998
24.607000000000003 11.2456
21.119000000000003 10.8531
22.867 9.9745
21.032 9.669299999999998
21.543999999999997 9.944199999999999
20.894 9.8383
19.659 10.0214
24.220999999999997 10.1303
21.928 10.4282
24.063000000000002 10.2715
19.921 10.1867
19.375 10.2839
20.043 10.0963
18.509999999999998 10.061399999999999
20.588 10.2237
20.764 10.522599999999999
23.294999999999995 10.7089
24.055 10.9239
23.069999999999997 10.819799999999999
21.104 10.6034
19.174 10.4762
22.573000000000004 10.481100000000001
19.990000000000002 10.511800000000001
20.033999999999995 10.286900000000001
22.843999999999998 11.022899999999998
22.559 11.189499999999999
27.927000000000003 11.2911
25.464000000000002 11.1435
24.633 10.899299999999998
23.961 10.8835
23.534000000000002 10.789299999999999
24.518999999999995 10.7653
21.698000000000004 10.3557
20.72 10.1083
22.528000000000002 10.4402
24.462 11.1153
21.959 10.972999999999999
20.851999999999997 11.0091
18.722 10.8143
22.470000000000002 10.721100000000002
22.769 10.7881
23.245 10.648299999999999
22.049 10.6479
20.395 10.5291
21.707 10.151399999999999
19.962 9.922500000000001
20.429 10.464300000000001
20.704000000000004 10.570399999999998
21.647999999999996 10.81
19.933 10.317699999999999
22.211 10.3552
22.135999999999996 10.3022
23.776999999999997 10.464300000000001
23.073 10.5722
21.209999999999997 10.760399999999999
21.229 11.375800000000002
21.627999999999997 10.7509
21.389999999999997 10.624600000000001
22.964000000000002 10.511700000000001
19.542 10.5727
20.809 10.4846
19.717000000000002 10.5227
20.092 10.4582
16.784999999999997 9.509399999999998
20.503000000000004 9.942200000000001
18.698000000000004 9.823100000000002
20.194999999999997 9.9366
20.581 9.412899999999999
22.160000000000004 10.2458
19.649 10.474099999999998
19.845 10.025599999999999
19.521 9.6868
20.958999999999996 9.9606
18.932 9.8598
21.895999999999997 9.9673
17.990000000000002 9.725900000000001
17.128 9.786200000000001
18.146 9.285
19.29 9.6708
16.328 8.865599999999999
16.057999999999996 9.0896
15.511999999999999 8.958000000000002
15.222999999999997 9.159600000000001
15.787 9.3079
14.927999999999999 9.2744
13.446 8.714599999999999
14.428000000000003 8.638000000000002
16.476000000000003 9.148800000000001
14.17 9.190599999999998
