14.154 8.576699999999999
15.5867 8.1772
13.821 8.3259
13.297000000000004 8.2871
14.585 8.3771
14.153000000000002 8.589299999999998
13.253 8.517900000000001
12.1914 8.3589
12.732399999999998 8.3274
12.5964 7.7958
14.639999999999997 8.108600000000001
13.684 8.280100000000001
12.4054 8.264600000000002
13.3574 8.0093
13.495000000000001 8.278699999999999
13.4118 8.209999999999999
13.041 8.3882
12.855 8.449499999999999
12.553500000000001 8.024
13.0531 8.0085
11.6293 8.096499999999999
10.971100000000002 7.9461
11.782100000000002 7.833000000000001
12.9773 8.3067
11.545 8.4502
12.1532 7.999500000000001
12.3669 7.898699999999999
13.6147 8.1298
13.340600000000002 8.184899999999999
12.8964 8.3681
13.2844 8.4329
11.3979 8.2719
11.044200000000002 8.412500000000001
13.853400000000002 9.2164
12.028 9.220900000000002
13.3975 8.586099999999998
15.452999999999998 8.6464
14.877 8.5679
13.466999999999999 8.5335
14.496999999999998 9.021500000000001
11.6688 8.7744
12.5805 8.2458
13.7266 8.3069
13.296800000000001 8.625599999999999
15.306999999999999 8.778
14.673 8.6387
14.607999999999999 8.8809
15.207999999999998 8.724799999999998
12.8894 8.126100000000001
12.5611 8.436
11.549900000000001 8.032399999999999
10.324499999999999 7.629500000000002
11.8522 8.4445
13.9154 8.7334
14.297699999999999 8.5768
12.405 9.1257
13.052900000000001 8.455
11.752 8.4902
10.5263 8.174900000000001
10.004000000000001 7.659000000000001
11.035599999999999 8.0495
10.3026 7.903199999999999
15.017000000000003 8.5894
12.757000000000001 8.8336
11.447500000000002 8.3015
11.499300000000002 8.1729
10.3727 8.0597
9.6427 7.993599999999999
10.552299999999999 7.791900000000002
9.821800000000001 7.8911
12.230599999999999 7.9181
11.1359 8.104099999999999
13.876 8.563699999999999
12.630099999999999 8.3608
11.7354 8.2183
11.296100000000001 8.3176
11.7393 7.899400000000001
12.1729 8.206
10.741200000000003 8.141499999999999
12.273100000000001 8.248999999999999
10.6353 8.3898
11.260200000000001 8.1963
11.0892 7.875
12.0857 8.7998
12.6921 8.3664
10.1044 7.8584000000000005
12.4549 7.901100000000001
11.9674 8.1573
14.862000000000004 8.361900000000002
12.9077 8.029099999999998
14.1575 8.2993
13.038100000000002 8.352500000000001
14.179899999999998 8.984499999999999
14.258 8.6769
12.276300000000003 8.643400000000002
12.7458 8.0907
13.7183 8.253699999999998
13.913800000000002 8.4282
15.920099999999998 8.3442
14.563900000000002 8.4579
13.4938 8.1237
16.223000000000003 9.032900000000001
17.676 9.625299999999998
15.314 8.4696
13.2647 8.1262
13.094100000000001 8.195699999999999
15.597999999999997 8.634900000000002
15.637200000000002 9.043400000000002
14.698 8.624999999999998
15.371000000000002 8.604100000000003
16.547 8.7883
16.301199999999998 8.519
17.116 8.781
15.731 8.4036
16.04 8.6193
15.936 8.570100000000002
18.58 9.300300000000002
16.255 9.133899999999999
15.444999999999997 8.770100000000001
15.400100000000002 8.7622
16.058 8.951300000000002
15.358000000000002 8.7891
17.596999999999998 8.7521
15.271 9.224800000000002
15.366000000000001 8.8995
16.979 9.2681
17.959999999999997 9.0489
15.951299999999998 9.114
16.211999999999996 9.1168
16.084 9.026
16.387999999999998 9.182699999999999
16.040000000000003 9.0673
17.448 9.6346
15.476999999999999 8.8993
17.713 9.0546
17.026 9.347
18.86 8.9669
17.337 9.186599999999999
15.734 8.9135
18.655 9.680499999999999
15.636000000000003 9.612100000000002
17.764999999999997 9.3679
14.687 8.9992
15.7662 8.793600000000001
17.083000000000002 8.6999
18.071800000000003 8.788499999999999
15.551 8.4083
17.682000000000002 8.595
17.67 8.906699999999999
17.082 9.374699999999999
17.461 8.7844
15.830000000000002 8.458
19.387999999999998 9.071599999999998
18.663 9.4946
16.612 8.930399999999999
16.6144 8.7943
18.928999999999995 8.851099999999999
19.602999999999998 9.065900000000001
19.771 9.3574
15.648000000000001 8.767499999999998
16.957 8.6151
23.034000000000002 9.139399999999998
21.491 9.2897
19.337 9.1311
17.619 9.0152
19.244 8.9951
23.994 9.6733
20.487 9.3308
17.586999999999996 8.742999999999999
19.19 8.623500000000002
21.545 8.93
20.317 9.5873
20.741 9.078299999999999
19.858 9.1389
20.424999999999997 9.262999999999998
24.337 9.4328
20.312 9.342199999999998
21.863 9.0612
20.695000000000004 9.285
21.617 9.3529
24.037999999999997 9.388300000000003
23.502 9.5238
20.438000000000002 9.141700000000002
21.831999999999997 8.991200000000001
23.423 9.118900000000002
22.112000000000005 9.2978
19.766000000000002 8.919699999999999
20.067999999999998 9.106200000000001
19.247 8.8164
22.747 9.2544
22.171000000000003 9.544
17.392 9.3452
18.959000000000003 9.350999999999999
21.927000000000003 9.677
24.122 10.0543
19.747 9.5799
18.557 8.774899999999999
20.472 8.8385
22.845000000000006 9.441099999999999
19.552999999999997 9.237
20.947 8.865699999999999
18.245 8.9333
20.456000000000003 9.070400000000001
24.23 9.8911
17.939000000000004 9.478
17.974 8.822099999999999
19.561999999999998 9.32
21.412 9.1137
19.822 9.481700000000002
21.553 9.4728
18.086000000000002 9.165899999999999
22.673999999999996 9.5117
23.547000000000004 9.8369
21.878 9.8659
21.057000000000002 9.9201
20.435 9.343599999999999
19.280000000000005 8.759699999999999
18.624 8.9536
19.671 8.931700000000001
16.477000000000004 8.654600000000002
21.023999999999997 9.0366
21.282999999999998 9.745399999999998
20.804000000000002 9.4132
17.855 8.8818
16.993 8.910300000000001
18.464 8.8638
13.791 8.4208
20.227999999999998 9.109300000000001
15.738 8.7942
17.075 8.5898
20.595000000000002 9.417900000000001
20.953 9.088799999999999
17.259 9.092
17.963 8.6171
18.097 8.5777
14.933999999999997 8.2871
15.677900000000001 8.5648
19.188 8.896600000000001
15.949999999999998 8.5514
26.199 9.581000000000001
21.458999999999996 9.6807
18.459999999999997 9.216499999999998
15.940999999999999 8.928099999999999
15.645000000000003 8.556499999999998
14.213999999999999 8.572000000000001
16.381 8.6372
20.82 9.3315
18.391000000000002 8.9003
18.227 9.3174
31.467 10.064599999999999
22.422 10.212700000000002
20.273999999999997 9.6781
20.231 9.3658
24.109 9.394699999999998
20.279999999999998 9.6013
20.284999999999997 9.5344
19.145 9.098600000000001
17.132 9.151500000000002
28.410000000000004 9.8373
22.848000000000003 10.4724
20.798000000000002 10.083999999999998
16.570999999999998 9.4224
16.847100000000005 9.05
16.179 8.853400000000002
16.432999999999996 8.7703
16.6708 8.644499999999999
17.424 8.924900000000001
20.6663 9.4057
18.711 9.772300000000001
16.351399999999998 9.095799999999999
14.944499999999996 8.8712
14.202800000000002 9.1007
14.0567 8.9364
16.1036 8.9287
13.0143 8.2937
12.1429 8.215300000000001
17.276 8.7949
13.602999999999998 9.188199999999998
13.864799999999999 8.8838
11.963 8.548899999999998
11.2695 7.9750000000000005
11.104700000000001 8.064499999999999
14.142299999999999 8.423499999999999
13.5494 8.345200000000002
11.4111 7.900300000000001
14.3634 8.2092
13.211 8.1704
12.862000000000002 7.8763
