20.743599999999997 25.722299999999997
20.906499999999998 25.7215
24.634600000000002 26.087300000000003
25.954500000000003 26.316700000000004
27.568990000000014 26.443902199999997
22.949680000000004 25.623829999999998
24.42092 25.64919
26.619679999999995 25.917850000000005
26.412810000000007 26.090819999999997
23.09589 24.37906
24.25402 24.47762
24.875140000000005 24.629990000000006
25.33468 24.80391000000001
23.859029999999997 24.808250000000008
23.376179999999998 24.696050000000003
22.989227 25.318550000000002
23.748499999999996 24.922899999999988
26.038800000000016 25.274600000000003
24.749000000000006 25.321899999999992
26.083499999999997 25.485599999999998
25.96400000000001 25.427999999999994
26.0982 25.50472
25.367890000000003 25.001070000000002
23.9062 24.838549999999994
24.36009 24.953069999999997
24.082579999999997 24.93914
24.78401999999999 25.025329999999997
24.911051000000004 25.080540000000003
24.86172199999999 25.083329999999997
24.1248 25.091199999999997
28.0638 25.428599999999996
24.522599999999997 25.26439999999999
25.069299999999995 25.372799999999994
25.241999999999994 25.365200000000005
21.5315 25.171100000000006
17.702700000000004 24.756600000000002
17.0122 24.678900000000002
21.011900000000004 24.958500000000004
21.352499999999996 25.013100000000005
23.3942 25.208599999999997
20.221299999999996 25.0166
18.06299999999999 24.854300000000002
23.460400000000003 25.285400000000006
24.90100000000001 25.523999999999997
25.704600000000006 25.529199999999996
22.116499999999995 25.393099999999997
25.737000000000005 25.65550000000001
26.3922 25.753699999999995
25.171099999999996 25.710700000000003
26.536199999999997 25.781100000000013
25.45429999999999 25.783499999999993
25.665599999999994 25.7738
24.534699999999997 25.7313
25.165600000000005 25.791099999999993
24.736100000000004 25.792800000000003
26.08219999999999 25.806600000000007
26.3422 25.9961
26.315299999999986 25.948200000000003
26.7195 25.941499999999994
25.66949999999999 25.9294
25.536899999999996 25.9621
25.061700000000002 25.896099999999993
25.849099999999996 25.969800000000003
25.164699999999996 25.8961
24.267000000000007 25.829399999999993
26.141199999999998 25.99479999999999
24.0334 25.87890000000001
23.4452 25.79840000000001
24.7924 25.917099999999998
24.4112 25.9811
24.0063 25.8461
26.14160000000001 26.027999999999995
24.7323 25.911400000000008
23.597900000000006 25.887800000000006
23.9557 25.835499999999996
24.5212 25.935000000000002
23.67590000000001 25.877199999999995
23.998380000000004 25.88725
23.680060000000005 25.42815
23.70809000000001 25.40027000000001
23.651589999999995 25.410339999999998
23.265110000000007 25.416930000000004
21.483410000000006 25.23454
19.082455 25.08473
21.839453 25.250420000000002
23.693680000000008 25.39181
24.76890000000001 25.542300000000008
25.12706 25.725319999999996
24.934820000000002 25.242829999999998
23.96502 25.148639999999993
24.27032 25.23132
24.436919999999994 25.224910000000005
23.970100000000006 25.197930000000003
24.983800000000002 25.37060000000001
23.970499999999998 25.400700000000004
24.116400000000002 25.407700000000006
24.669600000000006 25.394000000000005
25.910700000000002 25.543780000000005
24.170939999999987 24.989729999999994
24.1836 25.061220000000002
21.737290000000005 24.84205999999999
21.81589 24.81297
21.055190000000003 24.87646
22.73569 24.963600000000003
22.497999999999998 25.0475
19.9637 24.829800000000006
20.313199999999995 24.927799999999998
23.2769 25.196800000000007
22.183 25.106099999999998
22.135700000000007 25.168000000000003
21.601049999999997 25.19792537
22.881590000000006 24.778669999999998
22.734130000000004 24.857009999999992
21.972229999999996 24.802439999999994
22.6861 24.826120000000003
22.735210000000002 24.867029999999996
23.738091 25.02672
21.64997 24.352729999999998
22.50611000000001 24.55136999999999
21.33691 24.522140000000004
19.155210000000007 24.30634
16.220509999999997 24.06132
16.369439999999994 24.06764
17.995207999999998 24.151439999999997
22.117499999999996 24.487230000000004
23.4745 24.744400000000002
23.1016 24.7801
22.9228 24.7917
23.29681999999999 24.917060000000006
23.34556000000001 24.41358
23.463680000000007 24.448489999999996
23.071569999999998 24.505279999999996
22.984289999999998 24.479610000000005
23.014790000000005 24.497739999999997
22.632720000000003 24.444289999999995
21.908599999999996 24.54789999999999
23.4332 24.651100000000003
24.165499999999998 24.7407
22.934600000000003 24.6889
23.4615 24.757999999999996
24.055600000000002 24.806999999999995
24.3801 24.846599999999995
25.097599999999996 24.869199999999992
24.584300000000013 24.9507
22.9467 24.781500000000005
23.234499999999997 24.874200000000002
22.895300000000006 24.844599999999993
22.4488 24.768899999999995
21.0834 24.391600000000004
24.0077 24.687099999999997
24.58306 24.835980000000006
23.432910000000003 24.702479999999998
24.17405 24.75486069999999
23.303749999999997 24.316259999999996
21.427020000000006 23.65836
20.6543 23.55221
20.285009999999993 23.63827
18.328530000000004 23.513510000000004
16.205417999999998 23.384640000000008
15.151952999999999 23.33292000000001
14.811500000000002 23.4063
17.337600000000002 23.657800000000005
20.9768 23.9748
21.475499999999997 24.0741
21.873800000000006 24.20040000000001
21.9562 24.1905
17.168700000000005 23.900899999999996
16.315800000000003 23.7856
16.0522 23.782999999999998
21.626439999999995 24.69824
22.089690000000004 23.4676
21.392650000000007 23.2705
22.66927 23.141899999999993
20.61084 22.972170000000002
22.194579999999995 23.27348000000001
22.61245 23.45746
23.021070000000005 23.690600000000007
21.17592 23.529279999999996
21.814000000000007 23.666700000000002
23.143100000000004 23.8534
22.089300000000005 23.447699999999998
22.296830000000007 23.59658999999999
21.828450000000004 23.486659999999997
23.0179 23.676769999999998
21.78299999999999 23.597399999999997
21.7276 23.607699999999998
21.66742999999999 23.66553000000001
20.872860000000003 23.21307
21.098700000000004 23.230120000000003
21.7396 23.392099999999996
21.312099999999994 23.426600000000004
21.968300000000003 23.570299999999992
18.516900000000003 23.296600000000005
21.3458 23.504799999999992
20.553200000000004 23.407500000000002
21.713400000000004 23.639799999999997
21.332100000000008 23.602899999999995
20.542 23.5609
21.018900000000006 23.632000000000005
21.195000000000004 23.724299999999992
21.393300000000007 23.750599999999995
21.778100000000002 23.734
21.3179 23.757500000000004
22.262399999999992 23.852499999999992
21.76394 23.803500000000007
21.662850000000006 23.872200000000003
21.571849999999998 23.784000000000006
19.081939999999996 23.6875
18.520089999999996 23.665200000000002
16.675139999999995 23.507600000000004
20.497959999999996 23.820500000000003
22.057370000000002 23.982599999999994
22.866310000000002 24.084000000000007
25.298729999999995 24.118609999999997
22.686790000000002 23.8581
22.58195999999999 23.85309999999999
22.228469999999994 23.9074
21.844710000000003 23.9605
21.980150000000005 23.987300000000005
22.796230000000005 24.0939
22.73515 24.209200000000003
22.57133 24.132400000000004
21.978689999999997 24.1699
22.24195 24.179499999999994
22.733399999999996 24.306699999999996
22.844759999999997 24.288800000000002
22.10828 24.26666
22.907680000000003 24.079179999999997
22.175120000000003 23.710100000000004
22.52943 23.76622
22.23580000000001 23.885460000000005
22.389809999999997 23.91968
21.272340000000007 23.842830000000003
22.662400000000005 24.095099999999995
23.965310000000006 24.194099999999995
24.316609999999997 24.217199999999995
23.557869999999994 24.251
20.019090000000002 23.943500000000007
21.4709 23.9977
21.9836 23.6446
23.2343 23.8846
24.285000000000004 23.9714
24.203899999999997 24.015299999999996
23.3981 23.97159999999999
20.85770000000001 23.793800000000005
21.235300000000006 23.811399999999995
17.586100000000002 23.527599999999996
15.779600000000006 23.331800000000005
18.296500000000005 23.52399999999999
22.132399999999997 23.877699999999997
24.048999999999996 23.991099999999996
25.888099999999987 24.244900000000005
27.160899999999998 24.590500000000006
25.9849 24.521300000000004
27.590499999999995 24.6422
25.68187 24.58563999999999
25.03333 24.124119999999998
25.367189999999994 24.153270000000006
26.081340000000004 24.22792
25.41394 24.13786
24.137040000000006 24.08775
25.821500000000004 24.17955
27.2218 24.456000000000007
27.236999999999995 24.553800000000003
26.4525 24.482300000000006
26.510300000000004 24.505300000000005
28.352600000000006 24.714900000000004
28.3669 24.618699999999997
26.533499999999993 24.59359999999999
27.720200000000002 24.621100000000006
28.811699999999995 24.7391
27.822499999999994 24.699800000000003
29.311799999999995 24.8195
29.78059999999999 24.888600000000004
30.10520000000001 24.938100000000006
31.448099999999997 25.091
28.7316 24.8452
29.531399999999998 24.9751
30.6535 24.9737
32.835399999999986 25.155099999999997
30.718200000000014 25.020600000000005
31.358299999999993 25.0994
28.868200000000005 24.9551
23.189500000000002 24.575799999999997
18.116500000000002 24.197900000000004
19.937499999999993 24.2666
26.1552 24.742899999999988
28.598599999999983 25.042900000000007
