11.8221 9.3334
11.610800000000001 9.2123
10.3654 9.3091
10.676300000000001 9.4245
10.3858 9.230900000000002
11.2204 9.096100000000002
12.286000000000001 9.2637
12.276000000000002 8.8871
12.805800000000001 9.2225
12.1802 9.4252
11.316399999999998 9.3737
11.2532 9.167799999999998
13.078100000000001 9.3084
12.812000000000001 9.2494
12.029 9.3054
11.4743 9.020800000000001
11.8174 9.181600000000001
12.5115 9.3417
11.8878 9.1955
11.5653 9.1766
11.9483 9.3856
11.768400000000002 9.431999999999999
12.0548 9.4212
12.4091 9.5896
11.8178 9.6654
12.0899 9.378599999999999
11.7837 9.4602
12.619900000000001 9.6219
13.042200000000001 9.8357
12.909600000000001 9.473700000000001
15.199000000000002 9.920300000000001
14.533 10.5221
14.239 10.244300000000003
12.703699999999998 10.32
13.107899999999997 9.697500000000002
13.2087 9.6694
12.4292 9.207699999999997
12.862500000000002 9.4919
13.209399999999999 9.5817
13.581000000000001 9.5959
13.9991 10.0841
13.271000000000003 9.9833
12.176399999999997 9.5292
12.4496 9.779499999999999
15.581 10.203400000000002
14.241499999999998 10.0121
12.653 9.8152
12.348500000000001 9.8664
13.519 10.397800000000002
13.79 10.147200000000002
13.911999999999999 9.895600000000002
14.177000000000001 9.981
13.437899999999999 9.908100000000001
12.709599999999998 9.835999999999999
13.0777 9.7787
13.166100000000004 9.807300000000001
12.4368 10.103000000000002
13.0782 9.920000000000002
13.6469 9.7394
13.5433 10.200000000000001
12.607600000000001 10.2079
12.4319 9.741500000000002
12.125700000000002 9.465599999999998
12.5354 9.375800000000002
11.793199999999999 9.338799999999999
12.0321 9.5153
12.4451 9.555299999999999
12.590500000000002 9.614799999999999
11.635700000000002 9.4736
11.255799999999999 9.1363
12.623199999999999 8.951
11.2757 9.0681
12.558 8.9659
11.8065 9.614199999999999
13.821000000000003 9.6609
12.450899999999999 10.138699999999998
12.142999999999999 9.5947
12.1898 9.5247
11.895999999999999 9.270900000000001
12.8194 9.314400000000001
11.367300000000002 9.2174
11.4078 9.415200000000002
12.278699999999999 9.51
13.328600000000002 9.8055
13.4837 9.5444
12.137400000000003 9.491900000000001
12.8692 9.243899999999998
12.280599999999998 9.2026
13.033999999999999 9.1279
11.5846 8.9281
13.206599999999998 9.061099999999998
13.231200000000001 9.6581
14.831000000000003 10.0532
13.0434 9.6918
13.849 9.6029
14.0155 9.6926
15.069199999999999 9.572399999999998
15.4635 10.0009
14.937999999999999 9.905399999999998
15.566000000000003 9.508700000000001
16.177 9.809500000000002
16.401999999999997 9.7275
15.781999999999998 9.449800000000002
17.627000000000002 9.889800000000001
17.132 9.8885
18.8022 9.701799999999999
17.28 10.0286
18.096 10.344600000000002
15.842000000000004 10.0693
16.404000000000003 9.918199999999999
15.046999999999997 9.91
18.022 9.7809
17.973 10.069500000000001
16.839 10.243799999999998
16.463 9.7879
17.3 10.0287
15.659999999999998 10.2517
15.586999999999998 9.711099999999998
15.584999999999999 9.9093
16.723 10.3071
16.509 10.461300000000001
16.993 10.3041
18.835 10.582600000000001
15.702000000000002 10.2145
16.762 10.085099999999999
16.819 10.2559
18.634 10.406
17.19 10.260399999999999
16.609999999999996 10.3268
16.279000000000003 10.3779
17.739 10.2682
16.663099999999996 10.207899999999999
17.446 10.2413
19.113999999999997 10.4338
19.057000000000002 10.2922
19.946 10.6392
17.067 11.016300000000001
18.191000000000003 10.213299999999998
17.573000000000004 10.2901
16.389 10.412
16.973 10.4373
17.776999999999997 10.0266
15.992 10.229700000000001
16.537000000000003 10.4733
18.5 10.123299999999997
17.866000000000003 10.489700000000001
17.485 9.7417
17.571 10.0519
17.023000000000003 10.155899999999999
18.658 10.157900000000001
19.145 10.317199999999998
21.004 10.453800000000001
19.421 10.607600000000001
20.610999999999997 10.2799
17.262 10.053700000000001
17.388 10.075700000000001
19.954 10.3376
19.464000000000002 10.309199999999999
17.97 10.4816
17.542 9.964200000000002
16.106000000000005 9.6784
23.246 10.2168
22.092 10.7171
18.563000000000002 10.906199999999998
19.797 10.4443
21.101999999999997 10.9792
19.682 10.9185
19.984999999999996 10.687
19.918000000000003 10.6233
19.060000000000002 10.359900000000001
23.687999999999995 10.6997
24.81 11.056199999999999
22.877999999999997 11.515400000000001
21.597 10.6615
24.029 10.7372
22.599000000000004 10.988299999999999
21.761000000000003 11.4406
22.997 11.056799999999999
20.857 10.771199999999999
21.857 11.274199999999999
23.957 11.532299999999998
22.348 11.3387
21.218 10.882499999999999
21.096999999999998 10.8705
23.299000000000003 10.778699999999999
21.545 10.4888
20.209 10.2868
21.865 10.1306
24.250000000000004 10.8137
23.063 10.772499999999999
27.054000000000002 11.2783
24.654 10.959299999999999
21.198 10.738900000000001
20.748 10.1793
23.624999999999996 10.304400000000001
22.976000000000003 10.9422
22.512999999999998 10.702699999999998
21.154 10.0487
25.568 10.2815
25.935000000000002 10.895199999999999
26.523000000000003 11.172700000000003
21.712999999999997 11.0394
20.715000000000003 10.4664
23.213000000000005 10.9083
22.473000000000003 10.472600000000002
23.899 10.3361
21.352 10.3397
25.608999999999998 10.6529
23.567 10.664100000000001
27.093 11.111799999999999
21.618000000000002 10.9924
19.322000000000003 10.622100000000001
19.769000000000002 10.711
22.826999999999998 10.554
23.482999999999997 10.379
21.944 10.6858
20.844999999999995 10.297699999999999
23.163999999999998 10.3759
26.278000000000002 11.1282
19.523000000000003 10.9266
18.196 10.1859
17.991 9.9667
21.798000000000002 10.0764
23.75 10.8149
21.584999999999997 10.553300000000002
20.787000000000003 10.380099999999999
21.381000000000004 10.2659
22.196000000000005 10.649699999999998
18.405 10.433799999999998
17.834999999999997 10.4263
19.024 10.078000000000001
17.495 9.934299999999999
26.949 11.1082
23.977000000000004 12.0151
20.811 10.829799999999999
22.772000000000002 11.2246
22.770000000000003 11.2914
18.358 10.8364
19.764 10.3598
19.0 10.522499999999999
18.441000000000003 10.299800000000001
19.275000000000002 10.2115
20.581 10.297800000000002
20.079 10.6323
20.278000000000006 10.823899999999998
24.692999999999998 11.0944
25.728 11.567100000000002
20.363 11.419700000000002
16.261 10.6369
16.75 10.2493
18.349 10.0466
21.54 9.890799999999999
19.474999999999998 9.9777
22.824 10.4806
24.036 11.2147
24.216 11.7242
20.041999999999998 11.155899999999999
15.950000000000001 10.903299999999998
16.053 10.067
13.6893 9.6733
25.473000000000003 10.328399999999998
19.566999999999997 10.946700000000002
20.415999999999997 10.774600000000001
17.896000000000004 10.581
25.240000000000002 10.9065
19.314000000000004 11.224
15.372 9.9913
16.9188 9.8881
14.138 10.141399999999999
21.913 10.583799999999998
16.919999999999998 10.8481
20.561 10.448599999999999
21.9473 11.472400000000002
21.102 11.702600000000002
17.190999999999995 11.1159
15.104600000000001 10.1231
12.682599999999999 8.931899999999999
12.693100000000001 8.890999999999998
22.312 9.955900000000002
14.837200000000001 9.7714
15.1727 9.504
19.711299999999998 9.896999999999998
20.705900000000003 10.8005
16.844 11.025700000000002
13.155 9.8691
13.0001 9.1243
12.792399999999999 8.9649
16.3219 9.8624
