22.191369999999996 23.163980000000002
22.92567 23.35522
24.330040000000004 23.617400000000004
24.478419999999996 23.768340000000002
24.115090000000002 23.83029
25.445970000000003 24.06391999999999
19.355865 23.76694
18.179171000000004 23.752899999999993
18.10126 23.82213
19.380100000000002 24.108300000000003
26.008449999999993 24.784229999999997
26.86630999999999 24.91422
25.123600000000003 24.600170000000002
24.577469999999995 24.571720000000006
25.146040000000003 24.793039999999998
25.055159999999997 24.930559999999996
26.052600000000005 25.131899999999995
26.517000000000007 25.190900000000006
27.673699999999997 25.230399999999996
26.031600000000005 25.1815
26.781900000000004 25.2761
25.732899999999997 25.196200000000008
26.758499999999998 25.4093
26.842600000000004 25.4357
27.182000000000002 25.458400000000005
27.596700000000006 25.5475
25.916099999999997 25.447400000000002
26.901900000000005 25.541200000000007
26.709600000000005 25.627100000000002
25.704300000000007 25.509300000000003
26.583200000000005 25.561800000000005
25.85768 25.605669999999996
26.052929999999996 25.256080000000004
26.888780000000008 25.506670000000003
24.863939999999992 24.634080000000004
24.836429999999993 24.612629999999996
23.074686999999997 24.455239999999996
24.78477 24.55171
24.911531999999998 24.70619
24.337041 24.720300000000005
25.025285000000004 24.915950000000002
24.062344999999997 24.82238
23.77533 24.918070000000007
23.966299999999997 24.9255
24.2732 25.045299999999997
25.4517 25.236200000000004
24.686700000000005 25.190099999999997
22.017100000000003 25.029000000000007
18.881899999999998 24.730200000000004
18.8344 24.6471
18.06089999999999 24.682400000000005
19.4648 24.693799999999992
22.76989999999999 25.07709999999999
23.81260000000001 25.215299999999996
23.4493 25.135099999999998
24.7944 25.351500000000005
24.579900000000002 25.30720000000001
23.8441 25.279699999999995
25.2359 25.3708
25.514800000000008 25.43439999999999
23.767599999999998 25.258399999999998
24.808500000000006 25.38640000000001
24.929399999999998 25.38159999999999
24.5251 25.319700000000005
24.165699999999998 25.326800000000006
24.224600000000002 25.3382
23.507499999999997 25.335299999999993
26.383999999999997 25.4733
25.575000000000003 25.546599999999998
25.3963 25.446999999999996
25.382199999999997 25.504199999999997
24.407400000000006 25.570400000000003
24.185800000000008 25.54260000000001
24.607600000000005 25.565499999999997
23.834600000000002 25.494599999999995
22.246199999999998 25.311099999999993
24.28290000000001 25.481099999999994
23.601600000000005 25.4579
23.9382 25.468799999999998
24.042999999999992 25.4465
25.194700000000008 25.5569
24.114500000000007 25.453000000000003
23.808699999999998 25.4888
23.336299999999994 25.38689999999999
23.247999999999998 25.413500000000006
23.332199999999997 25.453800000000005
25.348999999999993 25.556500000000003
24.137300000000007 25.4861
19.6006 25.096099999999993
21.5245 25.168499999999998
19.4765 25.037799999999997
19.150599999999997 25.072899999999997
16.362199999999994 24.85899999999999
19.053200000000004 24.933300000000003
22.7925 25.290700000000005
22.0086 25.260499999999997
22.8402 25.34060000000001
22.654599999999995 25.3115
22.545700000000004 25.252999999999997
22.339300000000005 25.2772
21.628600000000002 25.241200000000013
22.51489999999999 25.27399999999999
22.7274 25.3475
21.791200000000003 25.300800000000002
21.812300000000004 25.312799999999992
22.2355 25.329800000000002
22.338099999999997 25.348399999999994
22.083199999999998 25.2939
22.108999999999998 25.356100000000005
22.5759 25.33629999999999
21.9719 25.2958
22.6688 25.4159
22.595100000000006 25.3161
22.4661 25.3733
22.274900000000013 25.338300000000004
23.18390000000001 25.4104
21.543900000000004 25.2884
20.792999999999996 25.3113
20.4277 25.251300000000004
21.915399999999995 25.307899999999993
21.8649 25.304799999999993
22.6234 25.3432
20.6714 25.261499999999998
22.136100000000006 25.3326
22.778700000000004 25.3948
22.332900000000002 25.401200000000003
22.054399999999994 25.448499999999992
22.729899999999997 25.521500000000003
17.790799999999997 25.085399999999993
22.868799999999993 25.3921
19.122200000000003 25.197599999999998
19.580600000000008 25.203800000000005
16.356399999999997 24.941600000000005
18.7959 25.067
21.726900000000004 25.344000000000012
21.8286 25.383600000000005
21.598599999999994 25.3331
21.9948 25.4146
21.838600000000007 25.412199999999995
22.7454 25.494100000000003
22.135600000000004 25.411500000000004
21.33959999999999 25.380899999999997
18.548199999999998 25.12080000000001
18.143099999999997 25.14990000000001
17.6626 25.111300000000004
14.1063 24.81030000000001
13.587899999999994 24.74199999999999
13.980299999999993 24.756399999999996
16.599100000000004 24.894600000000004
21.182599999999997 25.3012
19.859699999999997 25.215200000000003
19.80380000000001 25.209799999999994
21.699199999999998 25.40449999999999
23.882200000000005 25.441300000000005
20.876699999999996 25.300000000000004
18.416599999999995 25.1174
16.439700000000002 24.978
17.346400000000003 24.9926
17.503100000000003 25.0216
17.932200000000012 25.056
18.088199999999993 25.1417
16.4038 24.9897
18.43840000000001 25.140800000000002
22.117499999999996 25.423300000000005
22.033799999999996 25.4702
23.121199999999995 25.583499999999997
21.8515 25.40159999999999
20.008100000000002 25.3271
22.404399999999995 25.488500000000002
21.917400000000004 25.522700000000004
21.4186 25.463499999999996
21.0133 25.368800000000014
20.568300000000008 25.429999999999993
21.045199999999994 25.4268
22.265799999999995 25.542899999999996
20.966999999999995 24.924199999999995
22.1351 25.509900000000002
21.285400000000003 25.531099999999995
21.122599999999995 25.496699999999993
21.554599999999997 25.487400000000004
20.725000000000005 25.4436
20.826600000000006 25.497600000000002
20.836899999999996 25.457800000000002
21.9443 25.550699999999992
20.333799999999993 25.468399999999995
21.3403 25.550100000000004
21.225300000000004 25.942489999999996
20.232329999999997 25.12769999999999
20.588449999999995 25.18584
21.20771 25.216109999999997
21.70058 25.338359999999998
20.733779999999992 25.23858
20.608209999999996 25.25037
21.631000000000007 25.33625000000001
21.957760000000004 25.343049999999995
21.151100000000007 25.266650000000006
22.4465 25.506400000000006
21.4357 25.418599999999998
23.3043 25.5557
21.892999999999997 25.4992
22.1467 25.5411
22.525999999999996 25.553399999999993
22.509599999999992 25.5319
21.945299999999996 25.555600000000002
21.5387 25.480199999999996
22.201199999999996 25.5982
20.500499999999995 25.509499999999992
19.8751 25.378900000000005
20.548599999999997 25.4897
21.167600000000004 25.512600000000003
22.429599999999997 25.706899999999997
20.5473 25.499499999999998
20.085100000000004 25.45010000000001
20.418500000000005 25.4846
22.9702 25.732899999999997
21.935199999999995 25.69209999999999
21.299400000000002 25.683799999999994
20.632 25.5565
21.416299999999996 25.639400000000002
21.605599999999995 25.6799
22.295600000000004 25.716499999999996
21.998799999999992 25.7138
23.184700000000003 25.7748
22.884800000000002 25.831199999999992
22.04850000000001 25.780300000000008
22.944699999999994 25.814800000000005
22.146400000000003 25.767899999999994
22.423900000000003 25.827500000000004
23.296499999999998 25.876899999999996
22.835899999999988 25.866599999999995
23.102999999999994 25.9392
22.767200000000003 25.8876
22.6531 25.886000000000003
19.528100000000002 25.613500000000002
16.451200000000004 25.333099999999998
17.321499999999997 25.44
17.8623 25.446599999999997
19.520500000000002 25.634500000000003
21.109799999999996 25.8407
16.516599999999993 25.338300000000004
20.448300000000007 25.695200000000007
23.22460000000001 25.952399999999997
24.677600000000012 26.176000000000005
22.400400000000005 26.0308
23.317800000000002 26.1381
23.61379999999999 26.09269999999999
22.527300000000004 25.981699999999996
21.74749999999999 25.940200000000008
21.895500000000002 25.94460000000001
22.5703 26.150600000000008
22.349999999999998 26.097800000000003
22.602399999999996 26.095999999999997
22.0743 26.037800000000004
21.101699999999997 25.9405
23.231999999999996 26.117600000000003
22.397300000000005 26.0702
22.781200000000005 26.1576
22.6887 26.1062
22.823999999999998 26.163900000000012
24.072400000000005 26.3315
22.519509999999997 26.297389999999993
22.12461 25.709069999999993
24.14245 25.874669999999995
23.36837 25.79305
22.207770000000007 25.64176000000001
21.938830000000006 25.70460000000001
21.559511000000004 25.624570000000002
19.579742999999997 25.451119999999992
20.950566000000002 25.589309999999998
21.469164 25.666610000000006
23.57160000000001 25.932800000000007
22.668499999999998 25.8482
22.995000000000008 25.941899999999983
22.4389 26.028499999999998
23.669000000000004 26.064799999999998
23.419970000000003 25.609689999999997
22.609300000000008 25.694699999999997
17.375599999999995 25.134800000000002
17.246 25.169400000000003
20.449 25.431700000000006
19.985800000000005 25.412200000000006
20.3264 25.520599999999998
15.595900000000002 25.11
14.738299999999999 25.01749999999999
16.630899999999997 25.125399999999992
22.370700000000003 25.692300000000003
24.027699999999992 25.8872
23.032199999999996 25.906499999999998
