22.79267400000001 22.10109999999999
22.03352599999999 22.267059999999997
21.990489999999994 22.33599
22.917779999999993 22.607099999999996
24.138807999999994 22.997070000000004
26.52656699999999 23.464319999999997
19.942591000000004 22.951179999999997
17.416454999999996 22.912239999999994
17.666279999999997 23.093499999999995
19.216537 23.310519999999997
24.51353 23.854989999999994
25.421414999999996 24.223669999999995
25.45660700000001 24.048719999999992
25.395980999999995 24.210050000000003
24.494961999999997 24.273639999999993
24.692199999999996 24.403999999999996
26.595699999999994 24.735100000000003
27.005299999999988 24.755000000000003
25.931000000000004 24.709500000000002
25.553760000000004 24.78625999999999
25.64024 24.353400000000004
26.346539999999997 24.58274
25.976719999999997 24.57183
24.39026 24.5516
25.635789999999997 24.671770000000002
24.927090000000003 24.67271
26.203948000000004 24.794120000000003
26.317357 24.903509999999997
24.76649 24.8097
24.885539 24.87954
24.857100000000003 24.9041
26.568199999999997 25.2051
26.18059999999999 25.13380000000001
25.940399999999997 25.231099999999994
26.5227 25.2287
26.4351 25.245099999999994
24.411400000000004 25.219499999999996
27.387700000000002 25.282899999999998
25.954099999999997 25.2582
26.33808 25.31644
23.88651 24.61944
25.268259999999998 24.77099000000001
23.964240000000007 24.697010000000006
23.829349999999998 24.63179
23.722879999999996 24.643890000000003
25.406760000000006 24.830499999999997
25.40838 24.9304
23.826800000000002 24.831000000000007
18.612900000000003 24.454600000000006
18.626399999999997 24.3489
17.790699999999998 24.300499999999996
18.742600000000003 24.355700000000006
22.795099999999994 24.821900000000003
23.063700000000008 24.79370000000001
23.799699999999994 24.8972
24.607300000000002 24.9605
23.3399 24.4435
24.3808 25.046399999999995
25.0166 25.112400000000008
23.0809 24.9428
23.7914 25.036600000000004
24.03040000000001 25.124700000000004
24.684399999999997 25.109499999999997
26.0269 25.164899999999996
24.2434 25.052199999999996
24.805299999999995 25.233900000000002
23.983500000000003 25.08200000000001
25.1014 25.221300000000006
24.00845000000001 25.155219999999996
23.664630000000013 24.668580000000002
22.725219999999997 24.63487
24.761429999999994 24.730960000000003
23.959519999999994 24.715480000000007
24.509619999999995 24.83846
23.429266000000002 24.70557000000001
24.053821999999997 24.78737000000001
23.809200000000004 24.7556
24.360099999999996 24.915999999999993
24.310699999999997 24.890199999999997
24.643700000000003 24.915200000000002
22.802900000000008 24.766300000000005
24.046500000000005 24.916300000000003
24.337500000000002 24.9285
23.739299999999997 24.917099999999994
23.154999999999998 24.841299999999993
23.98430000000001 24.9168
23.024000000000004 24.889000000000003
23.460300000000007 24.857699999999998
19.1893 24.531000000000002
22.044099999999997 24.654300000000006
19.6331 24.513500000000008
19.853399999999997 24.605899999999995
16.676700000000004 24.381399999999996
18.9136 24.431300000000007
21.867300000000004 24.749699999999994
22.767100000000006 24.8424
22.374700000000004 24.736099999999997
22.271600000000007 24.805000000000003
21.9834 24.7568
21.797200000000004 24.732099999999996
22.394699999999997 24.82869999999999
22.0708 24.835100000000004
22.4907 24.862499999999997
21.4407 24.8
21.001700000000007 24.75569999999999
21.779 24.750200000000003
21.622299999999996 24.8245
21.768600000000003 24.8905
21.814600000000002 24.89220000000001
21.874299999999998 24.9047
21.519599999999993 24.794600000000003
21.608700000000006 24.8753
22.883299999999995 25.007299999999994
21.936500000000002 24.917599999999997
21.6162 24.82369999999999
22.5633 24.931
20.894700000000004 24.778599999999994
20.239400000000007 24.807199999999995
20.920700000000007 24.810699999999997
20.8944 24.77479999999999
20.9208 24.826700000000006
21.5699 24.8429
19.786299999999997 24.723599999999994
20.3234 24.738899999999997
22.464000000000002 24.9449
23.220299999999995 24.98680000000001
22.0255 24.937500000000004
22.7998 24.988899999999997
16.768 24.5659
21.871399999999994 24.853699999999996
19.687500000000004 24.772199999999994
18.165599999999998 24.673999999999996
15.623499999999996 24.391900000000007
18.093300000000006 24.61109999999999
21.771299999999997 24.935299999999998
22.349900000000005 25.011100000000003
21.5335 24.967499999999998
21.682399999999998 24.937599999999996
21.562200000000008 24.98060000000001
22.551299999999998 25.0477
21.803 25.036500000000007
20.124 24.8498
19.085700000000003 24.785699999999995
18.326600000000003 24.721899999999998
18.151899999999994 24.739499999999996
14.374600000000001 24.41599999999999
13.614199999999999 24.381800000000002
13.405000000000001 24.246699999999997
15.990600000000004 24.438199999999995
19.987800000000004 24.747399999999995
18.634999999999998 24.666399999999992
19.415499999999987 24.695999999999998
21.226899999999997 24.868799999999997
23.0143 25.0358
20.677699999999998 24.9179
18.984199999999998 24.827400000000004
16.116199999999996 24.578000000000003
17.592900000000004 24.654899999999998
18.099500000000006 24.6733
17.631500000000003 24.631600000000002
17.611400000000003 24.638699999999996
15.2753 24.459500000000002
18.308600000000002 24.670300000000005
21.347300000000004 24.897699999999997
21.175699999999996 24.946300000000004
21.6897 24.990600000000008
21.612699999999997 24.9528
19.093299999999996 24.80359999999999
21.7381 25.016599999999993
21.2758 24.976199999999995
21.313399999999998 24.979500000000005
21.1083 24.940099999999997
20.170600000000004 24.903200000000005
20.5882 24.889000000000003
22.037699999999997 25.032299999999996
21.447000000000003 25.057000000000002
21.085200000000004 24.991000000000014
21.716599999999996 25.092000000000002
21.1097 25.084
21.076900000000002 25.03309999999999
22.065499999999997 25.1187
21.238499999999995 25.121100000000013
20.3883 25.010800000000007
21.285299999999996 25.0869
21.613299999999995 25.099500000000003
20.406499999999998 25.005800000000004
21.818869999999997 25.74111
21.43782000000001 24.770919999999997
19.92412999999999 24.584879999999995
20.250069999999994 24.62866
21.41157000000001 24.682720000000003
22.205569999999998 24.804919999999996
20.920519999999996 24.69167
20.80959 24.71137999999999
20.316050000000008 24.650569999999995
20.423670000000005 24.68212999999999
21.6462 24.8568
22.4364 25.002900000000004
22.241799999999998 24.998
22.937799999999996 25.107099999999992
22.5322 25.09389999999999
21.968400000000003 25.076899999999995
22.682600000000004 25.05399999999999
22.7768 25.190099999999997
21.352600000000002 25.0238
21.738299999999995 25.059499999999996
20.4395 25.042699999999996
20.0857 24.9551
20.9141 25.013999999999996
20.667099999999998 25.067300000000003
21.67310000000001 25.0715
20.412699999999997 25.06650000000001
19.7572 24.9247
19.616200000000003 24.936199999999996
21.9053 25.149499999999996
20.640200000000004 25.03090000000001
20.7826 25.061700000000002
21.069399999999995 25.09369999999999
19.987099999999998 25.061899999999998
21.051499999999994 25.136599999999998
22.2277 25.221500000000002
21.209200000000003 25.210699999999996
22.731700000000004 25.319100000000006
22.581899999999997 25.370599999999992
21.5503 25.274699999999996
22.1299 25.282599999999995
22.037899999999997 25.31549999999999
22.404900000000005 25.357700000000005
21.4101 25.342800000000004
22.0231 25.31069999999999
21.6683 25.359200000000005
22.134100000000004 25.390199999999997
22.5551 25.4073
18.3508 25.067799999999995
15.555199999999997 24.790599999999994
16.3606 24.83110000000001
17.045800000000007 24.873700000000014
18.777500000000007 24.9911
20.934700000000003 25.2032
16.127600000000005 24.754100000000008
21.1241 25.20390000000001
23.6611 25.4118
23.1321 25.464
22.309699999999996 25.378499999999992
23.193199999999994 25.538100000000004
23.130900000000008 25.617599999999996
23.053600000000003 25.52049999999999
22.382099999999998 25.57429999999999
22.3978 25.551000000000002
22.233700000000002 25.602700000000006
22.694399999999998 25.633899999999997
23.379200000000004 25.704499999999992
21.4538 25.4705
21.891199999999998 25.604099999999995
23.065399999999997 25.71429999999999
22.576300000000003 25.68369999999999
22.8358 25.695299999999992
21.384500000000003 25.619899999999994
21.955099999999998 25.6175
23.0879 25.717700000000004
23.600500000000004 25.8012
23.0149 25.820499999999992
23.4145 25.839899999999993
23.2052 25.827500000000004
21.9588 25.718700000000013
22.5857 25.730900000000002
21.599500000000003 25.693799999999996
19.037300000000005 25.44349999999999
20.435100000000002 25.585000000000008
20.972099999999998 25.639899999999997
22.9179 25.782299999999996
24.1146 25.806199999999997
22.979999999999997 25.813299999999995
23.737900000000003 25.91400000000001
23.718000000000007 25.9623
22.598090000000003 25.451909999999994
23.571879999999993 25.591720000000006
15.594529999999999 24.80242
15.756380000000004 24.79454
17.899620000000002 24.969830000000005
19.522550000000006 25.133450000000003
19.61128 25.132070000000002
15.292314999999999 24.77537999999999
13.893775999999999 24.672669999999997
15.725176000000001 24.800829999999994
20.850139000000002 25.346079999999997
22.805900000000005 25.602800000000002
23.470099999999995 25.653599999999994
