17.269 9.610199999999999
15.425000000000002 9.164800000000001
17.227999999999998 9.559400000000002
15.037 9.271
14.161999999999997 8.747300000000001
13.862 8.3649
15.559000000000001 8.6798
14.829 8.9091
21.897 12.479
25.730199999999996 14.615900000000002
14.987200000000001 8.935799999999999
14.818999999999999 9.0259
15.72 8.903199999999998
13.691999999999998 8.654399999999999
14.376000000000003 8.550999999999998
13.264999999999999 8.1078
14.6595 8.641000000000002
15.641 9.1309
16.253999999999998 9.1032
14.316400000000002 9.3878
15.861 9.2766
17.31 9.273200000000001
13.2534 9.2262
14.233 9.276299999999999
16.976999999999997 9.235199999999999
15.533999999999997 9.720899999999999
17.009 9.3642
16.822 9.379
16.496999999999996 9.5866
16.418 9.633700000000001
15.480000000000002 9.2392
15.113999999999999 9.3003
13.155700000000001 8.4442
14.495 8.5983
14.5727 8.3229
14.764 8.6236
14.09 8.5343
14.841999999999999 8.8009
15.947 8.8035
18.334999999999997 8.875000000000002
15.812999999999999 9.4416
14.618 9.286599999999998
14.637 8.9882
14.45 8.6471
15.358999999999998 8.7342
13.764999999999999 8.7458
13.441000000000003 8.7772
15.424000000000001 8.696599999999998
14.397500000000003 8.8734
14.174000000000001 8.7985
16.04 8.901600000000002
15.542 9.2818
12.86 8.9417
14.187000000000003 8.951300000000002
13.387100000000002 8.3583
13.264500000000002 8.441600000000001
13.11 8.809399999999998
14.280000000000001 8.756300000000001
13.411000000000001 9.100000000000001
13.163000000000002 8.7498
14.245999999999997 8.767999999999999
14.301 8.6066
13.758999999999999 9.0383
12.725700000000002 9.005400000000002
13.061900000000001 9.0238
12.940999999999999 8.931600000000001
12.680999999999997 8.9367
12.6614 8.432900000000002
12.108300000000002 8.5305
12.4039 8.6926
12.110800000000001 8.683
12.723 8.3998
12.798700000000002 8.2725
12.4484 8.218499999999999
12.1201 8.5274
11.767 8.3537
12.4369 8.804700000000002
12.2099 8.6809
12.464099999999998 8.503
12.904100000000001 8.6134
12.549599999999996 8.7814
12.976600000000001 8.9927
12.376000000000001 8.681799999999999
12.909 8.614199999999999
12.8272 8.365499999999999
13.838999999999999 8.5387
15.06 8.7213
13.9682 8.8432
15.675 8.9487
15.291999999999998 8.7278
16.804 8.610999999999999
15.537 8.309099999999999
14.732999999999997 8.6704
16.761 9.314400000000001
17.299000000000003 9.404300000000001
17.675 9.2234
17.014000000000003 9.266000000000002
15.454 9.0076
15.972 8.679499999999999
15.363 8.6311
15.523000000000001 9.0715
16.076999999999998 9.037599999999998
16.218 8.842
16.489 8.7927
18.519 9.3978
15.394 8.841899999999999
15.461 8.775300000000001
16.580000000000002 8.7457
17.216 9.030000000000001
17.857 9.219199999999999
16.381999999999998 8.869600000000002
15.641299999999998 8.855400000000001
16.534 8.9211
15.868999999999996 8.984200000000001
18.928999999999995 8.9581
18.226 9.3695
18.734 9.297899999999998
18.272 9.6307
19.366 9.4535
18.404999999999998 9.141499999999999
19.157 9.0044
15.278999999999998 7.540900000000001
17.997999999999998 9.1387
18.112000000000002 9.027600000000001
18.983999999999998 8.969000000000001
19.160000000000004 9.4923
19.169999999999998 9.2517
18.935999999999996 9.043300000000002
18.01 9.3972
19.366999999999997 9.3889
19.674 9.5749
18.360000000000003 9.8663
19.747 9.0936
21.854000000000003 9.4732
19.581 9.515299999999998
19.665 9.0119
18.051999999999996 9.368400000000001
17.26 8.9049
18.655 9.0091
17.188 8.5975
16.711999999999996 8.7317
16.034000000000002 9.004199999999999
18.551 9.1435
18.209 9.131300000000001
19.954 9.144
21.002000000000002 9.3357
20.254 9.3184
20.090999999999998 9.5511
19.054999999999996 9.223899999999999
18.839000000000002 9.0131
19.901 9.184600000000001
20.897000000000002 9.3775
19.422000000000004 8.959900000000001
18.053 8.4509
17.544999999999998 8.6525
18.829 9.178799999999999
19.401000000000003 8.827899999999998
20.365000000000002 8.921900000000003
18.202 8.6983
17.122 8.7531
17.317 8.708200000000001
23.369 9.3674
20.194000000000003 9.6438
21.955000000000002 9.1447
21.841 9.254199999999999
18.983 9.2457
18.107000000000003 9.093099999999998
20.732999999999997 9.1819
17.761000000000003 9.05
15.944000000000003 8.4941
21.471 8.5222
26.298 9.476299999999998
20.782000000000004 9.86
22.191999999999997 9.279000000000002
21.685000000000002 9.193099999999998
20.544 9.3889
22.078999999999997 9.6715
19.194000000000003 9.0237
17.952999999999996 8.787500000000001
19.708000000000002 9.229800000000001
29.346 9.7457
25.102999999999998 9.907700000000002
22.235999999999997 9.5473
25.788 10.1141
22.020999999999997 9.8145
22.093 9.7912
20.384999999999998 9.038499999999999
22.284000000000002 9.155700000000001
21.026 9.2469
28.633000000000003 9.750700000000002
26.713000000000005 10.292900000000001
23.163 9.8591
25.119999999999997 10.052
24.199 9.8348
22.729999999999997 9.4697
20.845 9.352599999999999
19.625000000000004 8.938799999999999
18.130000000000003 8.9458
28.217 9.4284
26.955999999999996 10.030100000000001
24.791 9.5042
24.123 9.886599999999998
21.669999999999998 9.7378
21.94 9.3576
21.369000000000003 9.849199999999998
19.534000000000002 9.9389
19.124 9.570399999999998
22.819 9.7098
24.105999999999998 9.4996
22.714999999999996 9.434700000000001
24.028000000000002 9.9352
21.377000000000002 9.6707
20.674 9.4
20.464 9.2173
19.283 9.378200000000001
20.631000000000004 8.8819
24.011 9.5292
21.479 9.7936
19.388000000000005 8.957999999999998
22.381999999999998 9.135200000000001
24.281 9.6788
19.889000000000003 9.325500000000002
18.352999999999998 8.9184
20.363000000000003 9.1333
21.539 9.244400000000002
21.180000000000003 9.1111
20.491999999999997 9.154099999999998
19.985 9.541399999999998
23.811 9.714300000000001
25.092000000000002 9.777899999999997
22.376000000000005 10.6196
20.827999999999996 9.637
20.081000000000003 8.7978
19.494 9.015899999999998
20.136000000000003 9.1107
21.146999999999995 9.2392
20.282999999999994 8.9375
20.226 9.244500000000002
21.156 9.327100000000002
19.714 9.258700000000001
23.393 9.3451
19.706999999999997 8.9792
20.883 9.0203
22.721000000000004 9.540000000000001
23.180999999999997 9.442599999999999
20.139 9.4628
23.442 9.752600000000001
19.967000000000002 9.7909
21.085 9.358899999999998
21.618 9.7632
17.333000000000002 9.340099999999998
19.104 9.289100000000001
21.107 9.665199999999999
20.413000000000007 9.697
18.742000000000004 9.535
21.73 9.7531
22.884999999999998 10.2332
19.664 9.614
19.912 9.148799999999998
20.812 9.8186
18.068 9.57
19.678999999999995 9.3302
20.832 9.588
18.901 9.0738
21.561999999999998 9.4302
21.407999999999998 9.6316
18.717 9.2885
17.721 8.861399999999998
22.402 9.4018
17.183 9.2311
17.019000000000002 8.925299999999998
18.547 9.0671
20.704 9.2819
15.987000000000002 9.234
19.158 9.151
17.803 9.2952
16.989500000000003 9.029
18.453999999999997 9.0891
15.667 9.032099999999998
15.117999999999999 8.431999999999999
17.028 8.7741
16.527 9.0144
15.512999999999998 8.9285
14.379999999999999 8.994399999999999
16.601 9.3315
13.959 9.1418
17.399 9.584700000000002
15.399799999999999 9.1593
