26.270599999999998 26.764300000000002
26.715999999999994 26.911089999999998
25.681499999999996 26.545999999999996
26.223799999999997 26.6835
26.2961 26.724400000000003
27.48489999999999 26.860400000000002
27.1511 26.88379999999999
27.803499999999996 26.9715
27.26019 26.989120000000007
26.770819999999993 26.689640000000004
26.554640000000003 26.66272
27.0039 26.712699999999995
28.4336 26.876400000000007
27.504200000000008 26.977000000000007
27.328899999999994 26.930699999999995
29.063299999999998 27.013600000000004
28.3404 27.090000000000003
27.35889999999999 26.987999999999996
26.863800000000005 26.942300000000003
27.844599999999996 27.017300000000006
27.3526 27.005799999999997
27.331400000000006 27.015300000000003
26.305100000000003 26.919499999999996
27.70706 26.867699999999996
26.299699999999998 26.688910000000003
26.502180000000003 26.63758
26.241840000000003 26.69447
23.117749999999994 26.489699999999992
23.628600000000002 26.416909999999998
23.588010000000008 26.46887
26.26379900000001 26.674240000000005
25.93090000000001 26.725699999999993
27.748800000000003 26.8956
25.668400000000002 26.856199999999998
27.2123 26.9182
27.46030000000001 26.9251
26.998499999999993 26.874100000000002
29.773940000000003 27.051340000000007
27.554680000000005 26.686519999999998
25.62701 26.67723
27.56431 26.709360000000004
26.509327000000006 26.751099999999994
26.606100000000005 26.763199999999998
27.031109999999998 27.123269999999998
24.66763 26.228790000000004
26.003609999999995 26.209310000000002
27.261400000000002 26.453599999999994
27.86050000000001 26.635
27.390199999999993 26.661299999999994
26.861100000000004 26.652200000000004
26.094 26.668600000000005
27.5119 26.74819999999999
27.21633 26.813048999999996
27.06715 26.223039999999997
26.969070000000013 26.30250999999999
26.868190000000002 26.389239999999997
26.0889 26.270079999999997
27.1295 26.408599999999993
28.700299999999995 26.545800000000007
29.331799999999998 26.648800000000005
28.024499999999993 26.5758
27.817000000000007 26.604
27.077600000000007 26.5558
26.987899999999996 26.547799999999995
29.46559999999999 26.736400000000003
28.9482 26.808999999999987
24.15549999999999 26.536400000000004
21.9346 26.308000000000003
25.352400000000003 26.5181
27.993600000000008 26.654600000000002
26.342 26.607000000000003
20.678999999999995 26.280700000000003
19.067300000000003 26.080899999999996
20.6665 26.151400000000002
24.9071 26.492099999999997
25.506899999999998 26.53529999999999
25.914100000000005 26.580199999999998
24.732200000000002 26.583799999999997
23.757200000000005 26.475199999999997
23.7614 26.420000000000005
21.926600000000004 26.2868
21.807299999999998 26.33409999999999
20.652099999999997 26.228599999999997
20.308400000000002 26.19869999999999
17.782999999999998 26.06420000000001
17.237600000000004 26.0436
17.9325 26.018599999999992
22.875300000000003 26.392300000000002
24.722800000000007 26.598599999999994
23.201099999999997 26.489400000000003
20.106199999999998 26.211199999999995
23.66809 25.964299999999994
25.75247 26.136100000000006
25.715680000000006 26.19883
26.256860000000014 26.311929999999993
25.224499999999995 26.305
24.436500000000002 26.292400000000004
25.0357 26.363600000000005
25.21730000000001 26.408900000000003
25.1977 26.461300000000005
24.9249 26.433100000000003
25.113500000000005 26.486499999999996
26.761529999999993 26.675550000000005
25.581940000000003 26.321460000000002
25.089070000000003 26.21139
24.16067 26.189600000000002
23.825380000000003 26.211369999999995
21.418799999999997 25.99063000000001
23.5446 26.221099999999996
23.132600000000004 26.240300000000005
21.885900000000007 26.1761
17.333100000000005 25.754400000000004
22.471299999999992 26.156399999999998
23.682299999999998 26.3177
22.989399999999993 26.2493
24.47569999999999 26.406300000000005
18.9373 26.115900000000007
18.010300000000004 25.883699999999997
22.426999999999996 26.28040000000001
24.504599999999996 26.45250000000001
24.073299999999996 26.429
24.5989 26.50950000000001
19.414300000000004 26.220399999999994
21.9376 26.326999999999995
23.358599999999996 26.416099999999997
23.252799999999997 26.507099999999994
23.061000000000003 26.485999999999997
25.162500000000005 26.569999999999993
19.5752 26.2349
23.449500000000008 26.3836
25.197339999999997 26.717430000000007
23.41992999999999 26.281009999999995
23.580760000000005 26.352619999999998
25.321879999999997 26.393230000000003
23.928079999999998 26.434419999999996
24.122900000000005 26.43472
24.318499999999993 26.582800000000006
23.4054 26.52530000000001
25.250799999999995 26.630799999999994
25.012800000000002 26.700099999999992
24.269899999999993 26.616600000000002
24.44759999999999 26.600900000000006
24.331800000000005 26.66909999999999
22.6131 26.569300000000013
22.589499999999997 26.5378
23.535 26.59149999999999
22.7972 26.552200000000003
23.343500000000002 26.55030000000001
23.909999999999997 26.672799999999995
23.3947 26.586999999999993
23.928099999999997 26.666400000000014
24.996999999999993 26.725500000000007
24.385600000000004 26.654599999999988
24.6703 26.768399999999996
22.978099999999998 26.677
23.7109 26.6305
22.906 26.593100000000007
22.493799999999997 26.579500000000007
22.48530000000001 26.501100000000005
22.464599999999997 26.588500000000003
23.012100000000004 26.665399999999995
24.260599999999993 26.750599999999995
22.745179999999994 26.731010000000005
23.00281999999999 26.259389999999993
22.58289999999999 26.246000000000002
22.534599999999998 26.298900000000003
22.141 26.27150000000001
22.576900000000002 26.288299999999992
22.575000000000003 26.2924
22.3439 26.3048
17.777900000000002 25.976699999999997
17.8097 25.989199999999997
19.868699999999997 26.095899999999993
23.118800000000007 26.335800000000003
19.765819999999994 26.206439999999997
21.317829999999997 25.971199999999996
22.1145 26.198699999999995
21.675900000000002 26.214199999999998
22.3203 26.258599999999998
18.284200000000002 26.005200000000002
16.291 25.810499999999998
16.326399999999996 25.812799999999996
16.7235 25.88219999999999
15.772199999999998 25.7772
16.219900000000003 25.80430000000001
14.737299999999994 25.685800000000004
17.14379999999999 25.8774
18.096400000000003 25.957699999999996
18.511899999999994 26.0258
18.621899999999997 26.0646
15.743000000000004 25.830599999999997
16.259 25.9184
17.352999999999998 25.921899999999997
18.0866 25.990699999999993
18.934499999999996 26.0937
17.4585 25.971100000000003
15.2304 25.7957
17.785499999999995 25.929700000000004
20.067299999999996 26.1936
19.242199999999997 26.101000000000003
18.933799999999998 26.13209999999999
18.287799999999997 26.0697
19.072420000000005 26.0987
21.69558000000001 26.321299999999997
22.59332 26.467499999999994
20.870329999999996 26.4018
18.932689999999997 26.240799999999997
16.52471 26.053299999999997
16.964959999999998 26.069499999999994
19.123669999999997 26.2098
18.417639999999995 26.200999999999997
19.672930000000004 26.273799999999998
18.548119999999997 26.251899999999996
15.740059999999994 26.0129
17.848650000000003 26.1683
18.485309999999995 26.221299999999996
18.73694 26.275799999999993
19.196550000000002 26.306700000000006
18.11686999999999 26.294999999999995
16.96108 26.228
19.23312 26.3132
20.639549999999996 26.5104
22.640240000000002 26.6759
23.59702 26.8161
21.768470000000004 26.6422
23.29996 26.728679999999994
23.585599999999996 25.915819999999997
23.629059999999992 25.963929999999998
24.526899999999998 26.172629999999998
24.013199999999994 26.268800000000002
25.799199999999995 26.458199999999994
26.2691 26.4912
26.881930000000004 26.654949999999992
25.329909999999998 26.302509999999995
24.429940000000002 26.209670000000006
25.376310000000007 26.364749999999997
23.741549999999997 25.76195
25.294300000000003 25.851620000000004
25.45308 25.847580000000015
25.870665000000002 25.99159000000001
24.193796999999993 25.91467
25.031300000000005 26.03955
27.07246999999999 26.400660000000002
23.82037 25.60311
21.130250000000004 25.33683
20.35491 25.244779999999995
18.93354 25.200590000000002
16.68794 24.984810000000003
18.869320000000002 25.19943000000001
23.335251 25.612400000000008
24.954193 25.806350000000005
25.08745 25.942899999999998
19.36530000000001 25.598799999999983
19.882149999999992 25.581699999999998
23.522050000000007 25.913400000000003
23.927519999999994 26.021300000000004
24.95734 26.143699999999992
24.860319999999994 26.259299999999985
21.552920000000007 25.931000000000004
25.29053 26.231800000000018
25.135689999999993 26.20989999999999
24.947840000000006 26.290599999999998
24.562859999999997 26.304
26.1623 26.4067
26.222590000000007 26.473000000000003
25.68429000000001 26.3824
26.78972 26.533
26.00032 26.552499999999995
26.144750000000005 26.578200000000002
25.885360000000006 26.638099999999998
26.744970000000002 26.724050000000005
26.02353 26.416789999999995
26.691 26.42971
26.341140000000003 26.09951000000001
26.726859999999995 26.133429999999997
27.47189 26.105220000000003
26.336850000000002 26.22194
26.232210000000002 26.251820000000002
24.7246 26.20199
24.919838999999996 26.31893000000001
25.657530999999995 26.39396000000001
26.67007599999999 26.464330000000004
25.55574500000001 26.411180000000012
24.90722700000001 26.366080000000004
26.1376 26.493700000000004
26.681899999999985 26.7073
27.16006000000001 26.76987
21.270400000000002 23.164199999999997
