16.804799999999997 91.081
15.3912 90.67999999999999
13.0536 88.29600000000002
14.3088 88.932
15.353399999999997 90.0864
14.471499999999999 89.51600000000002
14.488700000000007 90.02699999999999
15.501899999999996 90.665
17.472600000000003 91.378
14.995799999999997 90.77099999999997
13.872700000000002 90.28
14.486400000000001 90.45400000000001
18.289900000000003 91.28699999999998
15.898599999999998 91.05400000000003
16.1572 90.978
15.7163 90.942
17.2728 91.23100000000004
16.690299999999993 91.25699999999999
16.8563 90.89700000000002
16.563 90.914
18.925999999999995 91.322
17.1767 91.41099999999999
16.0632 90.75400000000003
16.5899 91.05300000000003
18.378999999999994 91.48299999999999
17.372499999999995 91.315
19.16530000000001 91.595
19.135099999999998 91.242
21.673899999999993 91.86399999999998
18.5386 91.80699999999999
19.597400000000004 92.009
18.545399999999994 91.81700000000002
19.942700000000002 91.77499999999998
19.835900000000002 92.01900000000002
20.4773 91.98199999999997
20.270000000000003 92.079
20.399500000000007 91.937
22.010199999999998 92.17699999999998
20.773999999999997 92.03100000000003
20.690199999999997 92.06900000000002
20.0565 91.92000000000002
21.160299999999992 92.03800000000003
20.841000000000005 91.969
22.452700000000007 92.22700000000002
20.365099999999998 91.92899999999997
21.1622 92.16700000000002
20.299100000000003 92.03099999999998
19.9402 91.993
21.134000000000004 91.97799999999998
22.372899999999998 92.01599999999999
21.1455 91.87299999999998
22.2879 92.10999999999997
21.2788 91.86400000000002
17.743100000000002 91.606
18.768600000000006 91.43700000000001
17.669399999999996 91.228
17.333000000000002 91.07300000000002
16.2601 90.882
16.7015 91.10199999999999
15.905299999999997 91.03799999999998
15.353599999999998 90.681
17.352399999999992 91.324
16.7029 91.20299999999999
15.290999999999997 91.05400000000002
15.5813 90.85499999999999
15.293999999999997 91.01500000000004
15.841899999999997 90.90200000000003
15.1721 90.97599999999998
15.229000000000001 90.62400000000001
14.289299999999999 90.308
15.122099999999996 90.824
14.7759 90.8
14.358500000000001 90.42600000000002
15.907899999999998 90.72900000000003
17.0042 90.98199999999997
15.092399999999998 90.527
13.9347 90.15799999999999
14.074599999999998 90.193
15.706000000000001 90.89200000000002
13.899299999999998 90.41900000000001
14.113000000000001 90.33300000000001
15.588399999999995 90.73800000000003
15.550400000000003 90.71600000000002
14.298699999999997 90.25799999999998
15.9495 90.71899999999998
14.372499999999997 90.67099999999999
13.2241 90.033
13.381700000000004 90.04099999999997
14.230899999999998 90.33799999999998
12.618800000000002 89.99200000000002
12.6262 89.78
14.051600000000002 90.24200000000002
12.659600000000001 89.77400000000002
13.099799999999998 89.31299999999999
13.219699999999998 89.47199999999998
14.281200000000005 90.02700000000002
12.376500000000004 89.809
13.317100000000003 90.07699999999998
12.844500000000004 90.183
14.513799999999993 90.90100000000004
12.812199999999999 89.82599999999998
13.229500000000002 89.654
13.114199999999999 89.71199999999999
14.069299999999998 89.86099999999998
13.179400000000003 89.84699999999997
11.838600000000001 89.48899999999998
11.625399999999999 89.44999999999997
13.430899999999998 89.84599999999998
14.324 90.19299999999996
13.0359 90.09899999999998
13.4782 90.08600000000001
13.040099999999995 90.16099999999999
12.955999999999998 89.99300000000001
11.754199999999997 89.29099999999998
13.141299999999998 89.801
12.231799999999996 89.57099999999998
11.1131 88.84099999999997
12.2697 89.37199999999999
11.698600000000003 89.05699999999996
10.5587 88.679
10.7293 88.71100000000001
12.969700000000001 89.87599999999996
12.180100000000001 89.14899999999997
13.065199999999999 89.641
12.222000000000001 89.18999999999998
13.561999999999996 89.57099999999998
11.6614 88.737
12.205300000000003 88.83199999999997
12.316199999999998 89.38399999999999
12.4526 89.19699999999996
11.9354 88.73699999999998
12.414299999999997 89.22899999999998
12.1736 89.423
12.690299999999995 89.10599999999997
12.933599999999998 89.20099999999995
11.427800000000001 89.26299999999998
12.601499999999996 89.67899999999999
11.720100000000002 89.13199999999996
12.189700000000006 89.38599999999998
12.3607 89.52499999999998
12.550600000000001 89.27899999999998
11.010899999999998 88.841
11.4269 88.78499999999998
12.562500000000002 89.46900000000001
11.5822 89.42099999999998
13.924900000000001 90.39600000000002
12.304099999999995 89.80099999999997
13.3562 90.005
12.984600000000002 90.113
11.2596 88.32
11.956100000000005 89.453
10.827999999999998 88.27799999999998
11.6594 88.64800000000001
11.539300000000003 89.304
11.834100000000005 88.81399999999998
11.389299999999999 88.99299999999998
11.560900000000004 88.83199999999998
13.233300000000003 89.27299999999995
13.376699999999996 89.54599999999998
12.222899999999996 88.876
13.494699999999998 89.53899999999997
11.203299999999999 88.51299999999999
11.4477 88.78199999999995
12.301400000000001 88.88199999999998
12.904199999999996 89.22299999999997
13.3323 89.48499999999999
10.729299999999999 88.50099999999998
11.660699999999999 88.63999999999997
14.7815 89.94099999999999
14.2442 90.01799999999997
13.874999999999998 89.96399999999997
12.973899999999999 88.96699999999996
12.3648 88.91499999999999
14.172200000000002 89.90099999999998
14.868599999999999 90.55899999999998
12.6666 89.15999999999998
12.512900000000002 88.68199999999997
13.268100000000002 89.09599999999999
15.070000000000002 90.06199999999997
13.233400000000001 89.37699999999997
13.2595 89.11999999999998
12.966399999999997 88.84899999999999
15.597300000000006 89.76899999999999
14.899299999999998 90.05799999999998
13.4273 88.91999999999997
13.154000000000002 89.02599999999997
14.005700000000004 89.303
15.616699999999998 90.548
13.241099999999994 88.88699999999999
13.318600000000004 88.87999999999995
13.4423 88.88999999999999
16.160400000000003 90.47
14.317999999999994 89.94699999999995
13.805900000000001 89.722
13.397499999999996 89.56500000000001
16.875899999999998 90.57000000000002
15.829799999999993 90.34700000000001
12.740800000000002 88.93499999999999
12.901200000000005 89.13300000000001
15.218499999999995 90.03100000000002
13.8645 89.68699999999997
13.154399999999999 89.55
13.054900000000004 89.19499999999996
14.694499999999994 89.876
15.4221 90.54000000000005
13.8522 89.70299999999999
13.098899999999997 89.41499999999999
14.620000000000003 90.2
13.586800000000002 89.90299999999998
12.271100000000002 89.29099999999998
11.9646 88.97099999999996
13.515200000000002 88.97799999999998
15.883499999999993 89.994
13.275400000000001 89.325
11.2951 88.48999999999998
11.430000000000003 88.28899999999994
12.809400000000004 88.95299999999999
14.932699999999993 90.18799999999997
13.0994 89.45
12.7637 89.21499999999997
12.6806 88.99499999999999
12.2023 88.76599999999998
15.4078 90.26799999999999
14.737 90.11899999999997
12.6376 88.95200000000001
12.5689 88.79499999999997
13.418499999999995 88.92900000000002
15.232699999999996 90.101
13.3975 89.791
12.0268 88.86699999999996
11.722899999999997 88.781
14.280199999999999 89.63399999999999
14.265100000000006 89.59300000000002
14.171100000000001 89.926
11.835400000000002 88.85499999999999
11.8771 88.90199999999999
14.5877 89.68699999999998
12.854299999999999 89.16
14.336599999999997 90.05799999999998
11.8232 88.88099999999999
12.553600000000003 89.26999999999997
12.656500000000001 89.58900000000001
14.278599999999997 89.73299999999999
13.902300000000004 89.99999999999999
12.659799999999999 89.41199999999998
13.0302 89.08399999999999
12.7359 89.396
13.145900000000003 89.19399999999999
12.5804 89.47999999999999
12.196999999999997 89.00399999999998
13.040900000000006 88.88199999999999
13.733600000000001 89.445
13.1235 88.82999999999997
14.483 89.81099999999999
13.013200000000003 89.24299999999998
13.106000000000003 89.15
12.5126 88.83299999999996
13.625600000000002 89.75999999999996
13.865399999999994 89.769
11.6005 88.76099999999998
11.566700000000003 88.517
11.828699999999998 87.8886
13.348700000000004 87.8365
14.6736 89.32799999999999
12.461499999999997 88.095
13.3137 89.00099999999999
11.794000000000002 88.33599999999998
12.769699999999998 88.80999999999997
14.443100000000006 90.00999999999996
10.799800000000003 88.175
10.704299999999998 88.01099999999998
11.049000000000001 88.21999999999997
11.7967 88.56699999999996
11.345299999999998 88.42899999999999
12.0967 88.39699999999999
15.294299999999994 90.21000000000005
11.4026 88.25599999999997
11.265200000000002 88.31999999999998
10.602599999999999 88.14500000000002
10.878399999999997 88.498
12.638399999999999 89.72000000000001
12.041800000000002 89.50299999999997
14.570199999999994 90.58200000000002
12.067300000000001 88.59799999999997
11.417699999999996 88.28700000000002
10.922099999999999 87.97899999999998
11.023200000000001 87.92099999999998
12.866899999999996 88.82799999999997
