13.781200000000002 7.0566
13.787100000000002 7.063399999999996
14.0513 7.07
14.268100000000002 7.0567
14.707799999999995 7.0539000000000005
14.078399999999998 7.0503
14.0042 7.0535
13.9764 7.0619999999999985
14.1079 7.0326
14.045399999999997 7.033700000000001
13.892099999999994 7.036999999999999
13.629000000000001 7.038200000000002
13.9811 7.042200000000003
13.9859 7.0408
14.1469 7.0397
13.6386 7.035999999999998
13.949799999999998 7.040599999999997
14.12 7.041499999999999
14.255900000000002 7.0417
13.754100000000003 7.0466
14.604299999999999 7.049900000000001
15.564599999999999 7.051999999999999
14.568800000000001 7.051399999999997
14.651199999999994 7.058299999999999
14.469399999999998 7.062099999999999
14.320900000000004 7.0718000000000005
14.4041 7.081900000000001
13.751499999999997 7.0534
13.447899999999995 7.0565000000000015
13.281300000000002 7.0507
13.878599999999997 7.062
14.591399999999998 7.0621
15.112400000000006 7.051699999999999
14.922100000000002 7.042999999999999
14.917299999999997 7.0378
14.902800000000004 7.037400000000001
14.5893 7.0395
14.418800000000001 7.039799999999998
14.095299999999996 7.040499999999997
13.875600000000004 7.038999999999998
13.958700000000002 7.043499999999997
13.914399999999999 7.0468
14.172299999999998 7.0536
14.783799999999998 7.056499999999999
14.8972 7.052
14.662199999999991 7.0516
14.433100000000001 7.0449
14.350700000000002 7.054099999999999
14.638000000000003 7.050499999999999
14.4399 7.0501
13.899899999999995 7.0498
14.135700000000002 7.0504000000000016
14.309099999999999 7.053200000000001
13.9631 7.0522
13.672399999999998 7.048400000000001
13.739799999999999 7.0492
13.974599999999992 7.046699999999999
14.161200000000001 7.052
13.639999999999999 7.0493500000000004
13.271199999999997 7.039559999999997
13.3938 7.048149999999999
13.518500000000003 7.054849999999997
13.727899999999998 7.0533
14.1127 7.0542
13.663899999999998 7.0557
13.300500000000003 7.052999999999998
13.448799999999997 7.054
13.906200000000002 7.066
13.841200000000004 7.058250000000001
13.109899999999996 7.0490499999999985
13.122200000000001 7.040749999999998
13.428199999999995 7.04445
13.284500000000001 7.04615
13.783200000000004 7.039999999999999
13.891600000000007 7.042499999999998
14.030299999999999 7.044599999999998
13.596400000000003 7.048199999999998
14.107300000000004 7.060800000000002
15.046800000000005 7.0617
15.133200000000006 7.0619000000000005
13.998 7.053999999999999
13.958599999999999 7.0543
14.0553 7.0506
13.4085 7.047199999999999
13.717800000000002 7.051099999999999
14.853200000000003 7.062199999999999
15.527400000000005 7.060700000000001
14.37 7.058199999999998
13.154499999999999 7.055799999999998
12.857200000000002 7.0513
12.921400000000006 7.048200000000001
12.800500000000001 7.0462
13.397299999999998 7.0479
12.7028 7.046999999999998
12.724899999999998 7.045800000000001
12.8604 7.048500000000001
13.451500000000003 7.0481
13.453900000000003 7.051399999999998
13.8717 7.0573999999999995
15.619299999999999 7.0602
15.912399999999998 7.062499999999999
15.926700000000004 7.058499999999998
15.0007 7.0617
14.365200000000003 7.063949999999997
14.087900000000001 7.09225
13.5461 7.081799999999998
13.2775 7.065849999999998
13.665000000000003 7.0691999999999995
14.293099999999997 7.064799999999997
14.296299999999992 7.056599999999996
14.288300000000003 7.059299999999999
14.262299999999998 7.061999999999998
14.192800000000009 7.0600499999999995
14.0124 7.0592500000000005
14.2 7.058150000000002
13.882999999999997 7.060700000000001
13.680000000000003 7.0591
13.388099999999998 7.060699999999996
13.971300000000003 7.056899999999999
13.531000000000004 7.057400000000001
13.674800000000003 7.0632
14.203200000000002 7.059299999999999
13.974300000000001 7.058300000000001
14.654200000000003 7.0599
14.304500000000003 7.064399999999998
13.754200000000004 7.058399999999998
13.744599999999995 7.0577000000000005
13.632599999999995 7.054500000000001
13.7593 7.04885
14.019799999999996 7.053849999999999
14.627900000000004 7.05425
14.480299999999996 7.053999999999999
13.9932 7.058299999999999
14.244800000000001 7.060349999999999
13.669000000000004 7.06305
14.718199999999996 7.066149999999999
16.1661 7.0716
15.575000000000008 7.0717
14.636 7.072700000000001
14.682500000000005 7.0707
14.305800000000005 7.0729000000000015
13.467200000000004 7.088800000000001
13.3581 7.0575
13.1595 7.0924999999999985
13.998699999999998 7.073400000000002
14.0765 7.0618
15.0263 7.0648
14.863400000000002 7.050700000000003
14.075200000000004 7.057100000000002
14.104 7.059200000000001
14.1712 7.067599999999999
13.928199999999999 7.0645
14.1795 7.0714000000000015
13.9752 7.0908999999999995
13.978499999999997 7.108099999999999
13.642100000000005 7.104000000000001
13.795200000000005 7.0737
14.4899 7.0794999999999995
14.532699999999998 7.093699999999998
14.495400000000004 7.079299999999998
14.438999999999998 7.069399999999999
14.43739999999999 7.0561
14.677199999999996 7.059499999999999
14.624500000000001 7.071000000000001
14.4318 7.0716
14.682499999999997 7.076799999999999
14.528999999999998 7.0814
13.969700000000001 7.094500000000001
13.5935 7.0772
13.669799999999995 7.0764999999999985
13.8591 7.0683
13.910800000000004 7.0678
13.808500000000002 7.079199999999998
14.095000000000004 7.061000000000001
13.9927 7.0618
13.9542 7.062200000000001
14.203299999999999 7.068099999999998
14.026800000000005 7.069599999999999
13.8185 7.0668
13.954099999999997 7.075600000000001
13.967699999999999 7.075099999999998
13.869900000000001 7.0761
14.268099999999995 7.083399999999998
13.965400000000002 7.077199999999998
13.931699999999998 7.075199999999994
13.617500000000001 7.077099999999996
13.689499999999995 7.076899999999996
13.806999999999997 7.0883999999999965
13.744799999999998 7.085799999999997
14.284300000000005 7.084199999999996
14.32 7.080099999999997
13.827500000000004 7.076599999999996
13.913100000000004 7.088299999999996
13.731100000000005 7.081199999999997
14.297200000000004 7.080500000000001
14.578500000000002 7.082699999999997
14.723000000000003 7.075499999999998
14.585999999999999 7.0823
14.7746 7.088999999999997
15.292200000000003 7.078499999999996
14.728600000000004 7.079199999999997
14.601100000000002 7.082699999999997
14.946099999999998 7.087399999999996
14.9271 7.092399999999999
14.894300000000001 7.079699999999998
14.784899999999999 7.081399999999999
15.043400000000002 7.076099999999997
14.7717 7.0878999999999985
14.443100000000006 7.0895999999999955
14.221499999999999 7.080299999999998
13.916 7.081999999999996
13.924999999999999 7.077399999999997
13.653300000000005 7.064699999999996
13.6821 7.071399999999996
14.1552 7.0704999999999965
14.170500000000002 7.068199999999998
14.152399999999993 7.070199999999996
14.974899999999996 7.076399999999995
15.261900000000006 7.079199999999995
15.119800000000003 7.071799999999998
14.812799999999992 7.065899999999997
14.685200000000002 7.0730999999999975
14.449199999999992 7.067399999999998
14.445699999999995 7.071499999999996
13.904999999999996 7.070399999999999
14.205599999999993 7.0707999999999975
14.294899999999997 7.068
14.324299999999997 7.077099999999999
14.427999999999994 7.110200000000002
14.567300000000005 7.095099999999997
14.014400000000002 7.076199999999999
14.393999999999998 7.080999999999997
14.529 7.076599999999998
14.5232 7.0976
14.5569 7.058599999999998
14.742300000000002 7.065499999999999
14.354600000000003 7.066699999999998
13.924099999999997 7.066099999999997
14.1923 7.084399999999996
14.004299999999995 7.068799999999996
13.870899999999997 7.068399999999995
13.818700000000003 7.071099999999999
13.5016 7.068599999999998
13.768399999999998 7.070399999999998
13.995899999999995 7.068699999999999
14.116300000000004 7.066599999999999
13.961099999999998 7.074100000000001
14.134999999999994 7.070399999999996
14.077499999999999 7.069499999999995
13.9511 7.068799999999996
13.988599999999998 7.068099999999999
14.032500000000002 7.060599999999997
14.1257 7.077799999999998
13.836000000000004 7.073599999999999
14.1176 7.069899999999999
14.047300000000002 7.071199999999997
14.216000000000003 7.073799999999997
14.2365 7.076499999999999
14.390199999999995 7.069100000000001
14.3119 7.065199999999999
13.921899999999997 7.0696999999999965
13.773800000000003 7.061499999999997
13.8539 7.064099999999998
13.791200000000003 7.063799999999996
13.7302 7.063499999999998
13.792999999999997 7.0650999999999975
14.264200000000002 7.058499999999997
14.079000000000002 7.058399999999996
13.9412 7.061099999999998
14.311299999999996 7.061599999999997
14.289800000000005 7.066799999999997
14.308599999999993 7.065799999999996
14.343299999999997 7.063899999999995
14.3658 7.060999999999995
14.153499999999998 7.084899999999996
14.112899999999998 7.111899999999998
14.160200000000003 7.077499999999996
14.1379 7.069799999999997
14.007100000000003 7.0673999999999975
15.111100000000006 7.068799999999999
15.063499999999996 7.065399999999998
15.230200000000002 7.062199999999998
15.2615 7.066399999999996
15.423700000000002 7.0779999999999985
15.3385 7.074
15.834599999999998 7.0691999999999995
15.087099999999998 7.0665
14.716499999999996 7.067499999999999
