32.537000000000006 6.7917000000000005
32.692 6.781100000000001
31.906000000000006 6.790700000000001
33.160000000000004 6.778900000000002
33.054 6.782500000000001
32.57899999999999 6.7885
32.319199999999995 6.775399999999998
32.75599999999999 6.7479
32.528 6.760999999999999
31.849899999999998 6.800700000000001
32.519000000000005 6.7634
32.432 6.771299999999999
32.88 6.785899999999999
33.07600000000001 6.7748
34.94500000000001 7.068099999999998
36.654 7.071
39.67099999999999 7.088399999999999
37.882 7.074999999999999
35.98499999999999 7.0672000000000015
35.105 7.056000000000001
35.93099999999999 7.0821
36.758 7.073500000000001
36.269 7.101600000000001
35.971 7.091299999999999
35.922 7.098599999999999
36.064 7.096299999999999
35.962500000000006 7.118099999999998
36.4376 7.107400000000001
35.9363 7.1042
35.947 7.111700000000002
35.96500000000001 7.103199999999998
36.735 7.0899
36.742 7.1035
37.226 7.091499999999998
37.348000000000006 7.103099999999999
37.614000000000004 7.121700000000001
37.65699999999999 7.218799999999999
37.7045 7.1064
36.6514 7.1062
36.06159999999999 7.0981999999999985
35.989 7.0938
35.580000000000005 7.099899999999999
35.452 7.0813
36.356 7.0866
36.938 7.0895
37.135 7.0826
36.49 7.0855
35.983999999999995 7.104500000000001
36.45759999999999 7.117800000000001
36.61460000000001 7.105600000000001
35.5774 7.101500000000001
36.2904 7.1088
36.617900000000006 7.1048
35.295500000000004 7.104300000000001
35.233999999999995 7.117199999999999
35.266299999999994 7.110300000000001
34.68320000000001 7.0992
34.86 7.1218
34.904399999999995 7.1042000000000005
34.1867 7.0966999999999985
32.9951 7.110900000000001
33.2673 7.127
33.455600000000004 7.1317
34.506600000000006 7.1227
33.0212 7.107099999999999
33.220800000000004 7.1091
32.721799999999995 7.1072999999999995
33.18280000000001 7.0982
34.3712 7.112899999999998
35.6137 7.1251
36.2194 7.118600000000002
35.68320000000001 7.137199999999999
35.642300000000006 7.124100000000001
34.9095 7.1198
32.5576 7.099999999999998
32.7106 7.108700000000001
31.8447 7.094600000000001
32.157300000000006 7.110999999999999
33.02250000000001 7.1267
32.9794 7.1544
31.955199999999994 7.0699
33.3602 7.0914
33.4194 7.096500000000002
32.4845 7.091800000000001
32.433499999999995 7.086799999999998
33.0997 7.0799
33.464499999999994 7.076300000000001
33.3888 7.0854
32.108000000000004 7.0901
31.331200000000003 7.081999999999999
32.296 7.065200000000001
32.6561 7.0704
32.5079 7.065200000000001
31.176400000000005 7.0638000000000005
30.090300000000003 7.087999999999998
30.849 7.103000000000001
31.46799999999999 7.0877
31.103 7.0938
31.587 7.0965
32.46099999999999 7.095100000000001
33.0191 7.072700000000001
32.7817 7.063400000000001
32.9674 7.072499999999998
31.0813 7.0787
31.493200000000005 7.143000000000001
31.196600000000004 7.1602
31.239999999999995 7.173500000000001
30.883699999999997 7.181100000000002
32.473 7.2254
32.046 7.118100000000002
31.365 7.091199999999999
31.692500000000006 7.0884
32.30730000000001 7.077299999999999
31.905 7.080299999999999
31.926800000000004 7.076999999999998
31.8015 7.076499999999999
31.807399999999998 7.068800000000001
31.8405 7.099000000000001
31.767999999999997 7.1033
31.5 7.097199999999999
31.92899999999999 7.109400000000001
32.74099999999999 7.085000000000001
33.046 7.1015999999999995
33.524 7.079600000000001
32.498 7.094500000000001
32.669999999999995 7.087499999999998
32.336999999999996 7.105
32.333 7.071199999999999
32.3892 7.0683
31.954900000000002 7.0794
31.541999999999998 7.090400000000001
31.9032 7.0878
31.796000000000003 7.1129
31.897 7.1107000000000005
31.179999999999996 7.086200000000001
32.209999999999994 7.113999999999998
32.9491 7.109700000000001
33.858 7.086699999999999
32.601 7.0952
32.077 7.092599999999999
32.055 7.1074
31.769299999999994 7.0863999999999985
32.430200000000006 7.090300000000001
31.865899999999996 7.0969999999999995
33.4606 7.1625
32.59029999999999 7.1061999999999985
32.7466 7.090599999999999
33.7544 7.0866
33.627900000000004 7.098000000000002
34.26869999999999 7.087800000000001
33.9929 7.1046
33.963699999999996 7.087600000000001
33.9942 7.113100000000001
34.2152 7.124399999999999
34.58819999999999 7.109299999999999
34.3652 7.1129
35.07639999999999 7.119999999999998
36.01090000000001 7.108900000000001
35.13080000000001 7.115399999999998
35.3088 7.094200000000001
35.62310000000001 7.1409
36.09450000000001 7.1158
36.232600000000005 7.1126000000000005
36.076 7.1099000000000006
36.2864 7.1089
36.49140000000001 7.1134
36.484899999999996 7.113900000000001
36.91720000000001 7.545599999999999
36.546200000000006 7.149799999999999
37.156200000000005 7.1327
36.95700000000001 7.108300000000001
37.0115 7.120199999999999
37.082300000000004 7.1311
37.310900000000004 7.141699999999999
38.312999999999995 7.1239
38.367 7.114399999999998
38.649 7.1282999999999985
40.35000000000001 7.263
40.155 7.1434999999999995
41.76100000000001 7.1838
43.524 7.197500000000002
43.754000000000005 7.1711
44.06100000000001 7.155
42.90599999999999 7.154100000000001
43.093 7.1565
44.03900000000001 7.1568
41.82500000000001 7.239799999999998
41.47 7.1394
42.209999999999994 7.177499999999999
41.041 7.1366
41.80599999999999 7.1454
42.836 7.172000000000001
42.783199999999994 7.144999999999999
42.54899999999999 7.140700000000002
43.433 7.137299999999999
43.076 7.1317
43.422999999999995 7.127399999999999
44.007 7.1326
44.301 7.120499999999999
45.076 7.1602
44.096 7.138399999999999
44.11800000000001 7.1482
44.00399999999999 7.1526000000000005
45.019999999999996 7.134
46.190999999999995 7.109700000000001
42.718 7.136299999999999
45.934999999999995 7.1422
44.361999999999995 7.123999999999999
44.064 7.115500000000001
45.696999999999996 7.160899999999999
47.77400000000001 7.136299999999999
47.736000000000004 7.155199999999999
47.488 7.1481
47.1 7.1572
47.692 7.143300000000001
47.833 7.1457999999999995
45.601 7.1674
42.943 7.1327
43.733 7.122800000000002
42.714200000000005 7.2517999999999985
42.9283 7.269799999999998
42.684999999999995 7.1396
44.016000000000005 7.148300000000002
42.974000000000004 7.133099999999999
42.849999999999994 7.1427000000000005
41.9307 7.1389
42.7316 7.147500000000001
42.879 7.163299999999999
43.023 7.1783
41.237 7.184800000000001
42.12999999999999 7.186299999999999
42.374 7.181399999999999
41.03699999999999 7.169399999999998
40.89 7.167599999999999
41.519 7.176000000000002
40.64999999999999 7.169099999999999
31.197200000000002 7.1697999999999995
33.25379999999999 7.1618
34.671 7.1952
40.5522 7.196500000000003
40.53940000000001 7.173399999999999
40.986799999999995 7.175899999999999
39.78889999999999 7.1819
39.31000000000001 7.195399999999999
40.7578 7.2173
40.783100000000005 7.1811
39.83 7.1742
39.826899999999995 7.169199999999999
39.8357 7.1686999999999985
39.8044 7.169799999999999
39.1763 7.159800000000001
38.7599 7.181500000000001
40.3483 7.1785000000000005
40.11769999999999 7.2322999999999995
40.381 7.270900000000001
40.6445 7.2738
40.3873 7.265499999999999
40.1892 7.280099999999999
41.31830000000001 7.275499999999998
40.95489999999999 7.184799999999999
40.1004 7.162700000000001
39.8937 7.175699999999999
39.2137 7.190099999999999
40.678399999999996 7.175899999999999
40.35940000000001 7.175800000000001
41.0478 7.173400000000001
40.6283 7.1781000000000015
40.306 7.179
40.9268 7.1924
40.530699999999996 7.198200000000001
40.2199 7.204199999999998
39.48 7.168799999999999
39.58520000000001 7.1762
39.09640000000001 7.1896
38.88100000000001 7.185299999999999
37.7905 7.182699999999999
38.2966 7.172400000000001
38.83290000000001 7.1775
38.881499999999996 7.1718
39.4314 7.1785999999999985
39.3289 7.171700000000001
39.026599999999995 7.163900000000001
38.721999999999994 7.159400000000001
38.9295 7.171100000000001
39.2138 7.1686
39.3 7.1701000000000015
39.314 7.2031
38.550000000000004 7.177599999999999
