26.014 17.365
19.377999999999997 13.873999999999997
20.63 13.965
19.538 13.898000000000001
30.029 21.032999999999998
20.355 13.873000000000001
29.631999999999998 21.284
21.252 13.940999999999997
18.903 13.831
21.68 13.898
19.116 13.965
21.143 13.904
20.105 13.904
29.34 21.117
20.080000000000002 13.892
25.256999999999998 17.662999999999997
30.298000000000002 21.410999999999998
31.963 24.456999999999997
25.573 17.419
19.592 13.945999999999998
29.284 20.398000000000003
21.008 13.886000000000001
19.3 13.977
21.709999999999997 13.886
18.834999999999997 13.886000000000001
27.167 17.742
24.311 17.615
35.846000000000004 25.17
19.587 13.971
19.970999999999997 13.88
20.459 13.927999999999999
19.147 13.947
20.593 13.849
23.613999999999997 17.402
21.015 14.001
19.959 13.886
20.343999999999998 13.886
25.774 17.511
19.898 13.898
20.324 13.886
19.635 14.007
20.374000000000002 13.892
19.628 13.874
26.874 17.560000000000002
20.307 13.831
23.712 17.402
20.752 14.001
19.164 13.928
29.376 20.935999999999996
23.961999999999996 17.523
26.983999999999998 17.608999999999998
20.276 13.868
24.542 17.498
35.407 24.956999999999997
19.298000000000002 13.874
25.970000000000006 17.602999999999998
27.935 21.424
20.337 13.892
19.599 13.862000000000002
20.142 13.898
25.269000000000002 17.578000000000003
23.956 17.451
25.555 17.426
19.415 13.959
20.679 13.922
19.671 13.934000000000001
25.574 17.517000000000003
25.208 17.371
25.055 17.481
20.643 13.892
19.001 13.892
27.271 17.688000000000002
23.755 17.694000000000003
20.49 13.88
19.312 13.965
20.923 13.934000000000001
19.318 13.892
20.733 14.012999999999998
19.526 13.91
20.502000000000002 13.892
19.885 13.898
24.696 17.688
24.304000000000002 17.573
20.044 13.934000000000001
19.421 13.959
19.995 13.916
19.781 13.879999999999997
19.587000000000003 14.000999999999998
19.994999999999997 13.898
19.178 13.886
20.105 13.977
19.421 13.904
20.105 13.873
18.889999999999997 13.947
20.520000000000003 13.898
18.927000000000003 13.916
20.575000000000003 13.947000000000001
19.068 13.874
20.576 13.94
19.306 13.971
20.428 13.892
24.915 17.474
19.567999999999998 13.947000000000001
46.697 31.409
19.445999999999998 13.849
25.067 17.553
19.830000000000002 13.916
20.093 13.91
19.562 14.007
30.506 20.642
26.568 20.576
19.348000000000003 13.971
19.317999999999998 13.928
18.738000000000003 13.88
19.764 13.977
18.756 13.88
19.885 13.855
19.128999999999998 13.971
30.646 20.983999999999998
19.434 13.904
19.25 13.977
19.830000000000002 13.947000000000001
19.465 13.941
19.843 13.995000000000001
19.695999999999998 13.873
19.688999999999997 13.886000000000001
19.861 13.971
19.391 13.91
19.977 13.885
24.017 17.554000000000002
25.299 17.462999999999997
18.592 13.874
20.716 13.989
18.915 13.959
20.313 13.91
25.557000000000002 17.512
20.435 13.965
18.847 13.867
20.282 13.983
19.031 13.975999999999999
19.36 14.032
20.172 13.989
19.58 13.928
20.355 14.006999999999998
19.525 13.940000000000003
20.643 13.916
19.422 14.013000000000003
20.503 13.934000000000001
19.256 13.91
20.679 14.018999999999998
19.006 13.946
23.37 17.407999999999998
19.482 13.977
24.345999999999997 17.457
20.055 13.934000000000001
20.093 13.977
19.774 13.904
20.087 13.927999999999999
20.001 14.02
20.312 13.935
19.61 13.885
23.907999999999998 17.761
24.219 17.652
20.464 13.916
19.073999999999998 13.965
36.669000000000004 25.14
19.964 13.886
20.392000000000003 13.988999999999999
20.092 13.957999999999998
20.02 13.922
20.636 14.013
19.915 13.952
20.435 13.898
19.831 13.898
20.436 14.019
23.266 17.474
20.019 13.91
19.470000000000002 13.983
29.583 21.105999999999998
25.007 17.408
28.779 21.155
20.307 13.934000000000001
20.404999999999998 13.904
20.502000000000002 13.934000000000001
23.389000000000003 17.535000000000004
19.44 13.946
25.537 17.444000000000003
29.054000000000002 20.886
24.927 17.413
19.965 13.916
19.873 13.886000000000001
20.227 13.995000000000001
19.89 13.971
20.000999999999998 13.922
20.19 14.02
28.686 21.032999999999998
24.439 17.426
20.557 13.983
19.695 13.969999999999999
21.046 13.922
18.841 13.982999999999999
20.953999999999997 13.953
19.172 13.922
20.862 14.043999999999999
19.567999999999998 13.953
20.362 13.916
34.66199999999999 20.526
20.122 14.018999999999998
20.947 13.982
19.287000000000003 13.928
26.605 17.351
18.726 13.953000000000001
21.166999999999998 13.946
18.859 14.018999999999998
21.502 13.982999999999999
18.739 13.886
21.715999999999998 13.982
19.452 14.012999999999998
20.782 13.941
21.063 13.928
19.231 14.013
32.502 21.064
18.737000000000002 13.916
21.649 14.024999999999999
23.669999999999998 17.639000000000003
26.557000000000002 17.235999999999997
37.118 27.875
31.665 20.958999999999996
19.769000000000002 13.898
24.975 17.596
31.256 21.246000000000002
29.053 21.210999999999995
20.752000000000002 14.032
19.91 13.959
20.563 13.940000000000003
19.884 13.952
25.341 17.602999999999998
34.868 21.039
20.892000000000003 13.952
20.226 14.049999999999999
20.16 13.953
20.392000000000003 13.922
20.288 14.019
20.191 14.032
20.148 13.958
20.33 13.963999999999999
21.111 14.049
19.532 14.008
25.512999999999998 17.503999999999998
24.048 17.564999999999998
36.083999999999996 24.346
24.157999999999998 17.675
20.972 14.044
26.343 17.578
19.762 13.963999999999999
26.373 17.577
19.128 14.007
20.832 13.977
19.447 14.024999999999999
20.533 14.057999999999998
20.086000000000002 13.928
19.854 13.963999999999999
24.365000000000002 17.632
19.122 13.983
28.807000000000006 21.07
28.288999999999998 20.677999999999997
19.946 14.015
30.353 21.075000000000003
28.563999999999997 21.044
26.526 17.576999999999998
18.615000000000002 13.995
27.656 17.511000000000003
19.464000000000002 13.91
20.313 13.941
25.811 17.590999999999998
19.654 14.062
20.916999999999998 13.977
25.373 17.492
30.674 17.601999999999997
17.209000000000003 13.977
22.974 13.947000000000001
21.32 14.036999999999999
19.086 14.001000000000003
21.490000000000002 13.935
24.659 17.548
29.337999999999997 20.599
24.518 17.237
21.064 14.030999999999999
