14.779 10.034099999999999
14.057699999999999 9.7816
12.568999999999999 9.4606
13.779000000000002 9.769799999999998
11.855200000000002 9.7767
12.2721 9.831299999999999
13.640000000000002 9.5437
12.046999999999999 9.967699999999999
13.0754 9.423799999999998
13.3735 8.901100000000001
15.094199999999999 9.179199999999998
13.1993 9.2134
13.673999999999998 9.575700000000001
12.7167 9.6248
12.197000000000001 8.762599999999999
12.4189 9.299199999999999
13.68 9.599900000000002
14.5126 9.8384
13.755 10.0793
14.174999999999999 10.476299999999998
14.722000000000001 10.261099999999999
14.66 10.3248
15.953000000000001 10.4106
16.252999999999997 10.268799999999999
13.7408 9.975299999999997
12.854 10.0508
15.101 9.9959
14.518 10.118999999999998
15.092000000000002 10.409299999999998
16.476 10.589099999999998
17.338000000000005 10.465800000000002
17.336 10.214700000000002
15.953000000000001 10.5922
14.456999999999997 10.141000000000002
15.106 9.990199999999998
14.215 10.2985
16.026 10.146700000000001
15.383 10.559099999999999
16.173 10.445800000000002
16.536 10.3406
16.62 10.270299999999999
15.986999999999998 10.358
15.6 10.2959
14.541 10.1081
14.822000000000003 9.996799999999999
15.077300000000001 10.059400000000002
13.147400000000001 9.9338
14.469999999999999 9.812
13.234000000000002 10.0421
13.206000000000001 9.8691
15.052000000000001 10.320500000000001
13.2407 9.5822
13.888 9.7728
15.194999999999997 10.4177
14.837 10.1261
13.378799999999998 9.5573
13.597900000000001 9.5482
14.3231 9.432699999999999
15.350999999999997 9.7842
14.9315 9.8013
14.008199999999999 9.564400000000001
15.68 9.6897
16.912 10.2454
14.42 10.1621
13.785599999999999 9.476500000000001
14.097800000000001 9.5924
13.009800000000002 9.7459
15.082 9.975800000000001
15.727699999999997 10.402399999999998
13.641 10.2102
15.813000000000002 9.699200000000001
14.8921 9.511600000000001
15.021 9.6701
13.3271 9.770900000000001
13.279 9.990799999999998
14.082 9.9832
12.919999999999998 9.8741
13.061900000000001 9.6948
17.969099999999997 9.4795
16.8703 10.015900000000002
13.354 9.812800000000001
14.978000000000002 9.7777
13.473300000000002 9.614999999999998
13.897200000000002 10.1384
14.421999999999999 9.9346
12.72 9.552000000000001
15.594 9.7557
14.542 9.713499999999998
13.7431 9.895000000000001
14.023 9.5677
13.324 9.6075
14.567000000000002 10.097399999999999
14.063199999999998 9.435199999999998
15.265399999999998 9.183099999999998
14.551 9.5426
16.967000000000002 9.9213
16.754 10.478499999999997
17.96 10.5411
17.89 10.4635
15.317399999999997 10.1644
17.023 9.964999999999998
16.6064 9.593600000000002
16.647 10.011599999999998
16.893 9.647900000000002
15.773000000000001 9.401900000000001
17.932000000000002 9.803099999999999
17.756 9.9023
17.084 9.6501
15.940000000000001 10.0536
16.222 9.9975
17.654000000000003 10.141300000000001
17.532 10.386500000000002
17.495 9.9343
16.414999999999996 9.436599999999999
15.825999999999999 9.858699999999999
20.572999999999997 10.0655
17.464000000000002 10.1666
17.402 9.7166
18.647999999999996 9.627800000000002
16.888 9.8964
20.567 10.703899999999999
17.995 10.919700000000002
18.396 10.4201
18.226 10.0335
18.672 10.1666
16.506 9.720899999999999
16.95 9.521799999999999
18.432 9.8693
18.292 10.4437
18.204999999999995 9.9742
19.871999999999996 10.013200000000001
18.758999999999997 10.284799999999999
18.763 10.266500000000002
18.489 10.215599999999998
18.509999999999998 10.2212
19.301 10.3892
19.988 10.496500000000001
17.253 10.2333
19.334 10.5935
22.019 10.703399999999998
16.5581 10.631300000000001
21.419 10.661500000000002
19.365 10.443999999999999
19.746000000000002 10.464199999999998
17.876000000000005 10.0073
19.281000000000002 10.116200000000001
17.707 9.783999999999999
15.174999999999999 9.4112
19.006999999999998 9.3787
19.377 10.281799999999999
19.147 10.433600000000002
21.107000000000003 10.498199999999999
20.757 10.6727
19.317000000000004 10.4251
17.863 10.0072
16.745 10.005
17.64 9.612100000000002
17.387 9.6616
22.2 9.926099999999998
19.771 10.4405
21.494999999999997 10.311700000000002
23.957 10.563699999999999
20.778999999999996 10.710100000000002
22.469 10.871400000000001
20.456000000000003 11.141599999999999
19.052999999999994 10.142900000000001
18.897 9.7278
19.835 9.967200000000002
25.356999999999996 10.5655
26.611 11.2996
27.826999999999995 11.1199
25.705 10.794500000000001
22.939000000000004 10.8064
21.933000000000003 10.2233
21.164 10.1237
21.549000000000003 10.026299999999999
20.385 9.965499999999999
26.480999999999998 10.153800000000002
22.893 10.662099999999999
25.441999999999997 10.8939
29.306000000000004 11.2622
26.234999999999996 11.140199999999997
25.974999999999998 10.821300000000003
24.991000000000003 10.7198
23.595 10.433300000000003
22.822 10.4915
29.66892 12.8564
25.063999999999997 10.000700000000002
30.644000000000005 10.293800000000001
28.757000000000005 10.895399999999999
25.833000000000002 11.0302
27.180000000000003 10.592699999999999
25.245 10.630899999999999
24.545 11.189499999999999
24.547 10.819
24.413999999999998 10.332600000000001
25.174000000000003 10.3825
26.687 10.160599999999999
27.804000000000002 10.331900000000003
22.913999999999998 9.791500000000001
26.666 9.9675
23.119999999999997 10.2998
22.982 10.3351
24.121 10.4804
25.673999999999996 10.7345
23.647000000000002 10.629999999999999
23.403000000000002 10.3461
27.061999999999998 10.4127
24.772999999999996 10.4515
24.068 10.1297
20.444999999999997 10.2741
20.495 9.464999999999998
20.875000000000004 9.6978
19.472 9.491700000000002
21.089 9.4134
25.136999999999997 9.669500000000001
24.307000000000002 9.983699999999999
25.778000000000002 10.6347
21.445 9.7532
23.044000000000004 10.0304
20.909 9.932799999999999
22.976 10.0747
19.519000000000002 10.2182
20.806 10.3223
27.402999999999995 10.5713
26.985999999999997 10.7425
26.072999999999997 10.8247
22.881 10.627
24.099 10.6886
20.979 10.433099999999998
22.279 10.361199999999998
21.451000000000004 10.4111
23.019000000000002 10.611200000000002
24.808000000000003 10.9132
24.715999999999998 10.862
25.089 10.6848
22.384999999999998 10.4327
22.058999999999997 9.7334
23.324 10.0032
19.220000000000002 9.794500000000001
23.143 9.8392
21.756000000000004 9.836000000000002
25.14 9.7166
24.463 10.345
24.988 10.281799999999999
22.629000000000005 10.685400000000001
21.953999999999997 10.1291
25.740000000000002 10.5409
25.564999999999998 10.632800000000001
25.323 10.714599999999999
22.291000000000004 10.5655
26.942999999999994 10.7585
29.415999999999997 11.0795
22.592 10.203199999999999
27.182000000000002 10.414
23.456999999999997 10.245899999999999
20.922 10.2098
22.779 10.071099999999998
21.035999999999998 10.0342
20.894000000000002 10.184
22.535000000000004 9.770900000000001
25.858999999999998 10.3218
20.846999999999998 10.3416
24.835 10.0807
21.601 10.596099999999998
19.724 9.9203
20.031 9.668599999999998
19.523999999999997 9.8071
17.392000000000003 9.6974
22.770000000000003 10.115899999999998
21.545 10.338999999999999
22.348999999999997 10.3036
18.208000000000002 9.7226
21.562 9.9529
17.375 9.6631
18.345 9.262699999999999
18.495 9.3253
15.651000000000002 9.2174
19.913 9.8089
16.932 9.588199999999999
15.393300000000002 9.501999999999999
16.2013 9.2724
17.061999999999998 9.6657
15.264 9.038699999999999
14.965600000000002 8.438199999999998
15.214 8.7531
15.2627 8.7574
17.552200000000003 9.4409
