21.506959999999996 25.305339999999998
16.552259999999993 24.838379999999994
17.21119 24.865860000000005
19.493810000000003 25.400699999999997
25.10716 25.545979999999997
29.442210999999997 25.980899999999995
31.74855 26.207780000000003
30.758658999999998 26.193110000000004
30.167200000000005 26.372399999999995
30.056789999999996 26.364169999999998
28.679750000000006 25.806920000000005
25.357209999999995 25.099809999999994
25.63286 25.155050000000003
26.58066 25.234870000000004
26.324269999999995 25.332970000000003
26.01122699999999 25.451480000000004
26.051094000000003 25.064320000000006
24.253460000000004 24.618940000000002
25.682658000000007 24.795249999999992
25.716929999999994 24.912100000000002
26.4933 25.151329999999998
27.262840000000004 25.15464
25.301043 25.16322000000001
26.238761999999994 25.229029999999998
25.799999999999994 25.327899999999985
27.38779999999999 25.446899999999996
26.581200000000006 25.524100000000004
25.964000000000002 25.4042
25.500600000000006 25.5338
25.184599999999996 25.546799999999998
25.171400000000006 25.595699999999994
23.62350000000001 25.477
23.686999999999998 25.511000000000006
24.8892 25.602500000000006
20.4977 25.222699999999996
23.336399999999998 25.49969999999999
22.295700000000004 25.533400000000007
20.776600000000002 25.3823
19.769999999999992 25.299099999999996
20.919300000000003 25.5415
22.14400000000001 25.516999999999996
24.377699999999997 25.8941
23.6748 25.885599999999997
23.973900000000004 25.93979999999999
24.181000000000004 26.026800000000005
25.930699999999995 26.1687
24.734100000000005 26.17239999999999
25.309459999999994 26.225230000000003
24.590760000000003 25.69183
23.230600000000003 25.605119999999992
23.983099999999997 25.699200000000005
24.7383 25.826000000000004
24.698999999999995 25.909600000000005
25.019100000000005 25.868899999999996
25.67659999999999 25.920600000000004
24.810399999999998 25.9527
24.150999999999996 26.012400000000003
24.3596 25.960299999999997
23.7719 26.0824
25.521500000000003 26.08479999999999
24.293100000000003 25.9452
23.954599999999996 25.9472
23.585700000000003 25.893800000000013
24.292799999999996 25.9156
23.475500000000004 25.894199999999994
23.403799999999997 25.9558
23.5335 25.8865
24.048399999999994 25.973800000000008
23.1967 25.885199999999998
22.8069 25.900799999999997
21.153899999999997 25.6508
21.436300000000006 25.713199999999993
19.986700000000006 25.457399999999996
19.57239999999999 25.478099999999998
22.6027 25.6965
20.237899999999996 25.6449
21.668499999999998 25.5801
22.666700000000002 25.779199999999996
22.425600000000003 25.726099999999995
22.212999999999997 25.721000000000004
23.275399999999998 25.7796
24.318100000000005 25.8197
22.5347 25.698400000000003
23.3959 25.806400000000007
22.663900000000005 25.724099999999993
23.088 25.73410000000001
22.6542 25.65919999999999
24.2751 25.8156
23.323 25.720900000000007
23.771099999999997 25.756000000000007
23.3863 25.742300000000007
23.061799999999995 25.692500000000003
23.113500000000002 25.678000000000008
23.3162 25.704600000000006
23.180799999999998 25.7256
22.676899999999993 25.698600000000006
22.4798 25.5337
21.9878 25.57610000000001
21.779799999999998 25.556800000000003
21.5802 25.578400000000002
22.727400000000003 25.646000000000008
21.849499999999995 25.583999999999996
21.777 25.562099999999997
22.08489999999999 25.522100000000002
20.661599999999996 25.463800000000003
21.480500000000003 25.428900000000006
22.093799999999998 25.567
17.987799999999993 25.211100000000002
20.294900000000005 25.42989999999999
17.798399999999997 25.1496
19.4631 25.329200000000007
18.8627 25.280899999999995
19.82870000000001 25.2649
19.205099999999995 25.27600000000001
21.2242 25.408399999999997
21.230000000000004 25.494099999999996
21.478500000000004 25.449799999999996
20.8585 25.448500000000003
21.721599999999995 25.530800000000003
21.1405 25.4998
21.038300000000003 25.452600000000004
19.935200000000002 24.970000000000002
22.267000000000007 25.510899999999996
21.259099999999997 24.6198
21.513 25.369700000000005
23.73500000000001 25.588
21.635800000000003 25.469100000000005
20.897199999999998 25.432700000000004
20.007699999999996 25.383
20.641100000000005 25.361799999999995
20.0826 25.331300000000002
20.2655 25.312
21.038599999999995 25.4028
20.017699999999998 25.3382
20.1454 25.3254
20.041600000000006 25.31649999999999
20.252299999999995 25.372399999999995
13.973400000000002 24.879800000000007
11.222900000000005 24.712300000000003
13.176299999999996 24.8125
16.333399999999997 25.007099999999994
17.2313 25.048100000000005
15.674199999999999 24.99779999999999
14.193700000000002 24.841400000000004
19.3868 25.2349
20.269299999999994 25.283500000000004
19.495999999999995 25.274299999999993
17.992100000000004 25.216799999999996
19.577799999999993 25.238800000000012
18.939000000000004 25.214199999999998
20.757599999999996 25.367999999999995
21.40720000000001 25.408
20.354599999999994 25.303399999999993
20.7337 25.322700000000005
20.438699999999997 25.3805
20.3108 25.3571
19.851 25.33649999999999
21.0012 25.400699999999997
20.84466 25.463843000000004
20.14844 24.957660000000004
19.787639999999996 24.919140000000002
19.40664000000001 24.88067
19.939529999999998 24.964320000000008
19.539429999999996 24.85598000000001
20.162576000000005 24.988849999999996
20.666031 24.970179999999996
20.407040000000006 24.978730000000006
19.724099999999996 25.042599999999997
19.667599999999997 25.049000000000003
17.3823 24.836299999999994
17.298900000000003 24.8686
18.3943 24.960600000000003
19.2013 24.977899999999998
19.314200000000003 25.0622
17.411299999999997 24.860700000000005
20.505000000000003 25.129599999999996
19.602000000000004 25.0423
20.1187 25.0643
20.090000000000003 25.138300000000008
19.7068 25.135800000000003
18.9207 25.067800000000005
18.750000000000007 25.0701
17.217100000000002 24.9342
15.1112 24.8077
17.565 24.955800000000007
18.7374 25.076400000000003
18.0576 24.9799
18.5349 25.069099999999995
18.987199999999994 25.096699999999995
19.8092 25.21
19.431300000000007 25.1658
19.709300000000002 25.217300000000005
18.692399999999996 25.088100000000008
18.41 25.0872
18.591799999999992 25.111600000000006
18.685299999999998 25.134599999999995
19.315499999999997 25.1847
19.249000000000006 25.231399999999997
19.5987 25.247299999999996
20.1437 25.309700000000007
19.374300000000005 25.222100000000008
19.54697 25.260800000000007
19.813689999999998 25.081379999999996
19.811719999999994 25.070750000000004
20.1007 25.157499999999995
18.887099999999997 25.139400000000002
19.584799999999998 25.1895
21.612119999999997 25.375369999999997
20.07794999999999 24.439100000000003
19.207729999999998 24.42152
17.823249999999994 24.324950000000005
18.429840000000002 24.35446
20.355750000000004 24.440390000000008
20.481089999999995 24.594889999999996
21.03093100000001 24.62136
20.722801000000008 24.636179999999996
20.921856 24.646210000000004
17.70031700000001 24.45879
16.922700000000006 24.52970000000001
14.494200000000001 24.390999999999995
14.919599999999994 24.426600000000004
18.262099999999997 24.703400000000002
20.789100000000005 24.89
21.022500000000004 24.915499999999994
21.991300000000006 25.065499999999997
21.490100000000005 25.06630000000001
22.251099999999997 25.2012
21.568499999999997 25.103600000000004
21.2948 25.111500000000003
22.317799999999995 25.2311
23.706799999999998 25.364400000000003
22.808300000000006 25.3824
22.6323 25.3636
23.557600000000004 25.4679
21.9638 25.230399999999992
22.502700000000004 25.336100000000002
23.078899999999997 25.3792
23.284799999999994 25.413399999999992
23.092499999999994 25.4436
23.119 25.43969999999999
24.256900000000005 25.519299999999994
22.7413 25.454699999999995
22.923899999999993 25.474800000000002
21.970799999999997 25.3872
22.425500000000003 25.496299999999998
22.199599999999997 25.5841
21.73390000000001 25.568700000000007
22.861900000000006 25.619499999999995
16.920700000000004 25.176000000000005
13.3102 24.8726
13.496700000000006 24.901699999999995
13.302 24.830900000000003
14.202299999999997 24.889400000000002
14.308399999999999 24.887399999999996
12.568600000000002 24.7306
14.626100000000003 24.9626
17.4212 25.128400000000006
18.211999999999996 25.2216
16.9875 25.153300000000005
17.103799999999996 25.189599999999995
18.96230000000001 25.3429
20.7697 25.458400000000005
23.784700000000004 25.764299999999995
22.2884 25.727000000000004
23.146099999999993 25.724000000000004
24.0284 25.900499999999997
24.238899999999997 26.027300000000004
24.386899999999997 25.970831499999996
21.010620000000003 25.37458
23.05544 25.467769999999994
24.32088000000001 25.56641
25.917389999999997 25.763149999999996
27.287359999999993 25.87628
24.157380000000007 25.210260000000005
24.160697000000006 25.254420000000007
24.487962 25.282
23.164456999999995 25.157689999999995
23.749776999999998 25.200910000000004
23.468640000000008 25.302970000000002
23.998930000000005 25.41817
23.91281999999999 25.529899999999994
22.803459999999994 25.494900000000005
21.443660000000005 25.3852
21.5896 25.4441
22.544439999999998 25.476
25.068360000000002 25.656500000000005
25.065839999999994 25.686999999999994
23.712199999999996 25.685599999999997
