22.937990000000003 25.201789999999995
17.66621 24.808010000000007
18.074630000000006 24.799569999999992
20.259569999999997 25.508589999999998
24.688299999999998 25.416100000000004
28.9231 25.898299999999995
31.461000000000013 26.1239
30.968599999999995 26.179099999999995
30.763700000000004 26.1633
31.460000000000004 26.223999999999993
28.13190000000001 26.086800000000004
28.328499999999995 26.032600000000006
25.771500000000003 25.926700000000007
25.932199999999987 25.836499999999994
27.601099999999995 26.000100000000003
27.114000000000004 25.996300000000012
27.024700000000006 26.103400000000022
26.855000000000008 26.200199999999995
26.7063 26.171600000000012
26.169400000000003 26.212900000000005
25.801099999999998 26.297700000000003
27.537700000000005 26.3716
26.233700000000006 26.314500000000002
25.296700000000005 26.295399999999997
25.449200000000012 26.172999999999995
25.039299999999997 26.220800000000004
25.5584 26.2845
24.709300000000002 26.1979
24.723559999999996 26.295280000000005
24.255570000000006 25.797699999999992
23.858380000000004 25.752379999999995
23.323579999999996 25.707179999999997
25.26216999999999 25.857630000000004
25.170070000000006 25.91764000000001
19.620759999999997 25.381949999999996
23.031006 25.713680000000004
20.722278000000006 25.618030000000005
20.18907 25.548959999999997
19.67629999999999 25.505199999999995
20.840700000000005 25.807399999999998
24.602500000000003 26.007599999999996
27.970200000000002 26.3544
26.208199999999998 26.327700000000004
25.6127 26.2854
24.177699999999998 26.331399999999995
24.8119 26.362099999999998
25.36089999999999 26.498900000000003
24.823949999999996 26.46493999999999
24.225869999999997 26.00985
23.799029999999995 25.917049999999996
24.289699999999996 26.06590000000001
23.828100000000006 26.0293
25.3057 26.2741
25.0709 26.284199999999995
25.437100000000008 26.296000000000006
25.3823 26.241999999999997
26.275729999999996 26.40286
24.920010000000005 25.900879999999997
24.837000000000003 25.849729999999997
25.18073 25.877200000000006
24.60052 25.777
23.354930000000003 25.75158000000001
23.86251 25.772100000000002
24.745927 25.831379999999992
24.279116999999996 25.78731000000001
25.237131 25.9057
24.41123600000001 25.79626000000001
25.49379999999999 25.978999999999996
24.971600000000002 25.964399999999998
23.963400000000004 25.9991
23.396199999999993 25.7209
22.8514 25.835200000000004
20.626399999999993 25.533400000000007
19.620900000000002 25.46419999999999
22.082300000000004 25.743
20.211000000000006 25.6239
21.794199999999996 25.682500000000008
22.661699999999996 25.802200000000003
23.817499999999995 25.903500000000008
25.1974 26.024200000000004
23.146299999999997 25.9282
22.962799999999994 25.884900000000005
23.007399999999997 25.8526
23.9025 25.957
22.909199999999995 25.868700000000004
23.492200000000004 25.9061
22.557899999999997 25.797000000000004
22.5182 25.794500000000003
23.652599999999993 25.847600000000003
24.2139 25.855300000000003
24.053399999999996 25.914700000000007
22.824400000000004 25.829800000000002
22.911399999999997 25.80140000000001
23.498800000000003 25.883799999999997
22.6182 25.8454
22.96599999999999 25.872400000000006
22.7384 25.8864
24.049200000000003 25.869899999999994
23.570499999999992 25.866699999999998
22.203899999999997 25.814300000000003
22.081000000000003 25.746199999999998
21.723899999999997 25.733500000000003
22.2821 25.727299999999993
21.697300000000002 25.679299999999994
20.4735 25.626299999999997
21.120699999999996 25.607900000000004
21.9715 25.716299999999997
17.9968 25.343100000000007
21.9164 25.64580000000001
17.3921 25.2583
19.57729999999999 25.451400000000003
18.7819 25.424900000000004
21.584600000000005 25.641
20.231199999999998 25.508000000000003
21.595899999999997 25.583700000000004
22.113000000000003 25.719199999999997
21.463799999999996 25.60900000000001
21.7133 25.69390000000001
21.422499999999996 25.599700000000002
22.1977 25.696399999999997
21.795599999999997 25.670700000000004
22.809699999999992 25.284799999999997
21.311100000000003 25.658400000000004
21.156599999999997 24.8369
21.0152 25.651399999999995
21.1167 25.622
20.547699999999995 25.532299999999996
20.4067 25.571800000000007
19.960900000000006 25.499199999999988
20.182399999999994 25.52449999999999
20.489199999999997 25.551100000000005
20.735300000000002 25.6318
21.371699999999997 25.604499999999998
21.6837 25.7044
20.872799999999998 25.613999999999997
19.94369999999999 25.503299999999996
20.224699999999995 25.54579999999999
14.508899999999997 25.117699999999992
11.337600000000004 24.8963
12.8751 24.9153
15.7811 25.121000000000006
17.53000000000001 25.188100000000002
15.456299999999992 25.097199999999997
13.968000000000004 24.948600000000003
19.476300000000005 25.38970000000001
20.101399999999998 25.4986
20.219099999999994 25.483800000000006
18.933299999999996 25.433400000000006
19.014999999999997 25.329399999999993
19.5637 25.398
21.131300000000003 25.567099999999996
22.651199999999996 25.6575
22.7376 25.708499999999994
20.578799999999998 25.513700000000007
21.2376 25.5571
20.6428 25.548213999999998
21.24004000000001 25.172430000000006
21.46035 25.125850000000007
20.695870000000006 25.074669999999994
20.854370000000007 25.05089
20.70274000000001 25.058919999999997
20.17154 25.076130000000003
20.95159999999999 25.181799999999992
21.85989999999999 25.292900000000003
20.682399999999998 25.2622
20.434699999999996 25.20530000000001
20.053099999999993 25.203400000000002
19.7678 25.181199999999997
19.5132 25.162599999999998
17.166599999999995 25.011
17.092800000000004 25.000300000000003
17.461 25.002799999999997
19.01019999999999 25.112799999999996
19.153 25.158999999999992
17.671200000000002 25.02740000000001
19.070300000000003 25.1035
20.206499999999995 25.2596
20.008400000000005 25.206400000000002
20.12880000000001 25.2629
20.263499999999997 25.2587
19.851900000000004 25.260100000000012
19.073099999999997 25.265900000000002
16.5858 25.026500000000002
14.834200000000001 24.857300000000002
18.270799999999998 25.109199999999998
19.4161 25.2353
18.818099999999998 25.178600000000007
18.8502 25.262700000000006
18.259000000000004 25.178
18.8753 25.196099999999998
18.3726 25.187400000000004
19.8175 25.328999999999997
19.724399999999996 25.3031
19.536899999999992 25.371
18.859299999999998 25.264999999999993
18.967599999999997 25.3141
19.517500000000002 25.388000000000012
20.203699999999998 25.443799999999996
19.531600000000008 25.402600000000003
19.537000000000006 25.374200000000002
19.700200000000002 25.4249
20.182799999999997 25.450600000000005
20.041800000000002 25.451400000000003
19.88619999999999 25.4597
19.340499999999995 25.414100000000005
18.506200000000003 25.3634
19.91640000000001 25.4674
20.123899999999995 25.504799999999996
21.505200000000006 25.611600000000003
19.3551 25.46130000000001
17.672599999999996 25.273400000000002
19.7532 25.466099999999997
19.624499999999994 25.423799999999996
20.580599999999993 25.548000000000005
21.1325 25.559499999999996
21.5934 25.645599999999995
22.054600000000004 25.727900000000005
18.665989999999994 25.439300000000003
16.89119 24.906659999999995
14.651069999999997 24.67455
14.5601 24.650969999999997
17.03547 24.800699999999992
19.802470000000003 25.05222
21.4209 25.262
21.4924 25.375499999999995
22.150400000000005 25.3475
22.4491 25.521400000000007
23.296099999999985 25.5401
22.888600000000004 25.564799999999998
22.534000000000002 25.539700000000003
22.4403 25.520100000000006
21.929 25.527399999999993
21.8706 25.541099999999993
23.430999999999997 25.679999999999996
22.091099999999994 25.595299999999998
21.825899999999994 25.536199999999997
22.0418 25.5909
22.35309999999999 25.611
24.084400000000002 25.690599999999993
23.1725 25.6883
23.685300000000005 25.7324
23.301900000000003 25.650500000000005
22.5093 25.666399999999996
22.65 25.5971
23.163299999999992 25.731000000000005
22.445300000000003 25.7661
23.8522 25.756800000000002
22.719200000000004 25.7051
16.671599999999998 25.163100000000004
13.1187 24.868700000000004
13.511999999999999 24.9785
13.765399999999998 24.97949999999999
14.112799999999998 24.936899999999994
14.249400000000003 24.995899999999992
12.258100000000002 24.8067
14.533999999999999 25.026
17.777800000000003 25.259499999999996
17.7326 25.244099999999996
17.816799999999994 25.280900000000006
17.054900000000004 25.188000000000006
19.393899999999995 25.442699999999995
21.85599999999999 25.618000000000002
24.150600000000004 25.93519999999999
21.214700000000004 25.769200000000005
23.8328 25.847499999999997
25.560800000000008 26.1044
25.030400000000004 26.079500000000007
24.890700000000002 26.17010000000001
20.874000000000006 25.82540000000001
24.1188 26.064399999999992
24.947899999999994 26.199000000000005
26.9578 26.299600000000005
27.328199999999995 26.408999999999992
25.804100000000002 26.321299999999994
25.517700000000005 26.340799999999998
26.883099999999992 26.4225
25.768199999999997 26.393500000000003
25.3155 26.348899999999997
24.8136 26.302799999999998
25.373500000000003 26.4059
25.643399999999993 26.314899999999998
23.9818 26.3269
22.744400000000002 26.191800000000004
23.431299999999997 26.217000000000006
24.8144 26.318799999999996
25.545100000000005 26.441899999999997
25.515000000000004 26.385199999999998
26.343599999999995 26.5154
