26.813800000000004 26.409099999999995
24.867900000000002 26.285100000000007
26.833300000000015 26.4911
27.2793 26.422700000000006
27.615099999999998 26.4625
28.025700000000008 26.430500000000002
25.827699999999997 26.3624
26.420199999999998 26.431599999999992
26.021199999999993 26.463399999999996
25.0368 26.03700000000001
27.019200000000005 26.562799999999996
24.3718 26.448800000000006
25.651399999999995 26.514599999999994
26.274400000000004 26.490999999999993
20.289600000000004 26.143800000000013
20.425999999999995 26.082700000000003
25.7044 26.460299999999993
21.923299999999994 26.241799999999998
27.775199999999998 26.578399999999995
24.180100000000003 26.479999999999997
24.730100000000004 26.399800000000003
27.4823 26.6747
26.684300000000004 26.71730000000001
24.565700000000003 26.5685
25.279799999999998 26.4837
24.327399999999997 26.569400000000005
24.144999999999996 26.4718
25.339299999999998 26.5327
25.9964 26.570200000000003
25.508800000000008 26.53479999999999
24.4004 26.4258
25.7018 26.539899999999996
25.428999999999995 26.530000000000005
26.3781 26.634899999999995
25.83870000000001 26.5735
24.42610000000001 26.504499999999993
24.737000000000002 26.578099999999992
25.5826 26.658499999999997
24.3637 26.510900000000003
24.777300000000004 26.539299999999997
25.306699999999992 26.531399999999998
25.5519 26.5606
25.4268 26.566500000000005
24.190900000000003 26.482700000000005
24.454500000000007 26.552799999999998
25.59350000000001 26.591700000000003
26.143499999999992 26.655100000000004
26.5107 26.688599999999994
23.49429999999999 26.481199999999994
23.632799999999992 26.52199999999999
23.18414 26.589836
19.529469999999996 25.77267
21.06295 25.845190000000002
19.01388 25.721009999999993
20.863259999999997 25.842909999999986
21.70877000000001 25.862240000000007
23.485090000000007 26.03959999999999
21.625326999999995 25.88159999999999
22.766236 26.03137999999999
23.245941000000002 26.011219999999994
21.838245 25.941210000000005
22.416 25.994649999999996
23.968699999999995 26.221299999999992
23.686399999999995 26.2003
24.716500000000003 26.318600000000004
22.298799999999996 26.18059999999999
23.1438 26.20679999999999
23.201499999999996 26.299
23.685599999999994 26.275699999999997
23.4082 26.1428
24.4097 26.315700000000007
22.6497 26.154900000000005
24.026899999999998 26.269399999999997
22.228599999999997 26.1676
24.40120000000001 26.323000000000008
24.851700000000005 26.3425
25.422100000000004 26.4193
23.929299999999994 26.3048
21.901500000000006 26.1832
19.6834 26.0065
15.052299999999999 25.71360000000001
14.498300000000002 25.6843
17.0229 25.809699999999996
19.3896 25.957400000000003
20.328200000000006 26.017099999999992
15.8719 25.7825
19.7293 26.008
21.018999999999995 26.076500000000006
20.793599999999994 26.08319999999999
23.0207 26.1996
24.2675 26.3046
24.905400000000004 26.3305
23.8768 26.3131
23.998299999999997 26.311000000000007
24.7934 26.430400000000017
24.451800000000006 26.4115
25.348599999999998 26.446799999999993
23.948900000000005 26.35349999999999
22.927699999999998 26.3125
22.861300000000004 26.2904
25.090199999999996 26.427300000000002
25.768100000000004 26.409899999999997
25.500800000000005 26.510900000000003
25.137999999999995 26.4903
23.646700000000003 26.401399999999995
23.684999999999995 26.307499999999994
23.8883 26.409599999999994
22.809000000000008 26.2928
23.158400000000004 26.3317
25.8927 26.544099999999993
24.0146 26.456400000000002
25.088900000000002 26.4854
22.7925 26.34989999999999
24.314300000000003 26.3756
22.999000000000006 26.402400000000004
24.266300000000005 26.421699999999998
23.884 26.409899999999997
23.3553 26.335900000000002
23.372899999999998 26.454099999999997
15.939800000000002 25.882099999999998
16.899100000000004 25.913000000000007
21.16869999999999 26.1938
19.633100000000013 26.114900000000002
20.3385 26.141400000000004
15.2693 25.882499999999997
16.019199999999998 25.837100000000007
20.632199999999997 26.1681
20.517300000000006 26.22009999999999
22.79220000000001 26.259100000000004
25.2342 26.545799999999996
24.993499999999994 26.458299999999994
23.915509999999994 26.04482999999999
23.169539999999998 25.462340000000005
22.522869999999994 25.374690000000005
23.836099999999995 25.581600000000005
21.698800000000006 25.6098
22.8282 25.6586
21.913200000000003 25.684799999999996
23.179999999999996 25.804799999999993
23.9032 25.9035
23.154600000000002 25.835600000000003
20.6961 25.667000000000005
23.1072 25.8281
21.128400000000003 25.7365
22.453499999999995 25.777599999999996
23.2046 25.868099999999995
22.187199999999997 25.7969
21.825399999999988 25.789500000000004
23.958199999999998 26.0101
22.9792 25.903399999999994
22.654199999999985 25.882599999999993
22.987600000000008 25.877699999999997
22.9894 25.9347
21.239 25.841299999999993
19.694499999999994 25.670199999999998
22.245400000000004 25.8965
21.480499999999992 25.802400000000002
21.810599999999994 25.844100000000005
17.263299999999994 25.5423
21.796200000000002 25.867400000000014
19.747 25.730500000000006
18.187700000000003 25.557999999999996
19.677400000000006 25.657600000000002
19.268400000000007 25.705699999999997
18.30050000000001 25.6184
18.0301 25.5554
18.313299999999998 25.591399999999993
16.5085 25.438699999999997
13.422399999999998 25.25869999999999
12.913499999999999 25.226000000000003
14.6672 25.358800000000002
17.001400000000004 25.55259999999999
18.227400000000003 25.582499999999996
18.678299999999997 25.630399999999998
19.473999999999997 25.674999999999997
20.175899999999995 25.765100000000007
21.716799999999996 25.896600000000003
20.038300000000003 25.849099999999996
19.359099999999994 25.804900000000007
20.294499999999992 25.9814
22.237499999999997 26.135599999999993
22.918999999999997 26.379299999999994
22.499699999999994 26.397100000000005
18.438399999999998 25.657499999999988
22.296400000000002 25.929299999999987
21.761930000000003 25.854669999999995
19.251229999999996 25.57324000000001
16.872680000000003 25.275999999999993
18.221040000000002 25.35590000000001
16.357790000000005 25.613320000000005
18.62795000000001 25.442559999999997
18.748700000000003 25.426180000000002
20.01386999999999 25.55782
18.676811000000004 25.432409999999994
19.56912 25.4623
20.47344 25.54053
21.161727000000006 25.630540000000003
20.307 25.659200000000006
21.409799999999997 25.7492
22.006800000000005 25.8336
22.969600000000014 25.9805
23.32550000000001 25.979900000000004
21.523400000000002 25.862399999999997
21.238299999999995 25.7983
21.8992 25.854900000000008
22.478900000000003 25.99280000000001
23.959900000000008 26.1263
20.8353 25.912800000000004
21.413299999999996 25.945700000000006
23.7205 26.0639
23.112499999999997 26.164599999999993
23.420899999999996 26.162500000000005
23.246599999999997 26.136799999999997
23.204400000000003 26.151600000000002
23.16230000000001 26.191599999999994
22.45100000000001 26.088099999999997
24.186 26.227600000000002
23.5895 26.209300000000002
24.61999999999999 26.261400000000005
23.804799999999993 26.244500000000002
24.601799999999994 26.2938
24.144600000000004 26.285700000000002
24.38849999999999 26.280399999999997
23.057700000000004 26.183400000000006
23.839000000000002 26.304200000000005
25.3973 26.367900000000006
23.858100000000007 26.2938
24.036100000000005 26.338099999999994
17.0167 25.816600000000005
14.263899999999996 25.563099999999995
18.6284 25.917099999999998
17.8049 25.7404
18.779629999999997 26.377639999999992
14.608909999999995 25.196930000000002
11.59791 24.94017000000001
14.0043 25.130760000000002
18.959210000000002 25.51896
19.993019999999998 25.68354
19.839229999999997 25.705920000000006
22.177570000000003 25.866510000000005
19.415399999999995 25.7768
18.2625 25.664900000000003
20.328299999999995 25.864900000000006
19.093499999999995 25.737900000000003
19.4313 25.74639999999999
18.959200000000003 25.7255
24.4605 26.162799999999997
22.866700000000005 26.072200000000002
24.574099999999994 26.2353
24.395400000000002 26.2992
22.757599999999996 26.142800000000005
23.218799999999995 26.15559999999999
23.9739 26.2864
24.524199999999997 26.394900000000003
23.091900000000003 26.278900000000004
24.835099999999997 26.373800000000003
26.614100000000008 26.57500000000001
26.14430000000001 26.5467
25.738400000000006 26.495900000000006
23.935699999999997 26.317100000000003
26.779240000000005 26.598220000000005
23.53373 25.876190000000005
25.61873 26.13292000000001
25.04113 26.041909999999994
22.287139999999994 25.896570000000008
22.4281 25.907960000000006
21.552000000000003 25.93189999999999
17.9177 25.629099999999998
18.380299999999995 25.657799999999998
21.339700000000004 25.96620000000001
21.1899 25.912499999999994
22.628700000000002 26.039500000000004
16.905400000000004 25.638499999999997
20.8176 25.9871
22.791100000000004 26.152100000000004
23.905700000000003 26.262299999999993
26.0995 26.502400000000005
26.516399999999997 26.496699999999997
26.0786 26.594
23.200900000000008 26.316200000000002
26.5685 26.6417
26.960299999999993 26.722799999999996
27.015099999999997 26.601099999999995
27.870600000000007 26.405909999999988
23.715100000000007 26.146050000000002
28.961690000000008 26.49645
27.759920000000005 26.515229999999995
27.203610000000005 26.441609999999994
