14.214799999999997 20.180100000000007
13.396730000000007 19.499899999999997
14.868160000000003 21.25350790000001
16.220699999999997 20.9576
11.614239999999999 19.270600000000005
13.808609999999993 19.836499999999997
14.913520000000002 20.204100000000004
13.315430000000001 19.618100000000005
12.595109999999998 19.330999999999996
15.485740000000009 20.50560000000001
11.448850000000004 19.3349
13.747769999999992 19.847399999999993
14.867079999999994 20.184699999999996
13.27547 19.4344
12.609699999999997 19.185700000000004
15.573009999999998 20.3608
11.501419999999998 19.355000000000004
13.735289999999997 19.824700000000004
14.73413 20.190500000000004
13.398970000000002 19.494899999999998
12.270050000000001 19.195999999999998
15.766779999999999 20.289299999999997
11.40399 19.476200000000002
13.618530000000003 19.873000000000005
14.727039999999997 20.247100000000003
13.251210000000002 19.40410000000001
12.490010000000002 19.267599999999995
15.514149999999999 20.3003
11.427489999999999 19.356400000000004
12.790189999999999 19.578999999999997
14.36085 20.074099999999994
13.139040000000001 19.6089
12.334539999999999 19.3473
15.390959999999993 20.543999999999997
11.239119999999998 19.57779999999999
12.46358 19.7051
14.184629999999995 20.096900000000005
13.041149999999998 19.7382
12.169649999999995 19.345899999999997
15.167659999999994 20.565099999999997
11.253979999999993 19.646100000000004
12.605209999999998 19.8042
14.319709999999993 20.2691
13.231310000000002 19.699400000000004
12.217689999999997 19.385600000000004
15.36979 20.7111
11.298720000000003 19.63559999999999
12.534670000000004 19.824500000000008
17.592229999999994 20.6598
13.229479999999999 19.467300000000005
12.428029999999998 19.3237
15.427179999999998 20.51920000000001
11.346640000000004 19.395099999999992
12.707500000000001 19.678400000000007
14.871859999999995 20.247899999999998
13.274020000000004 19.586499999999994
12.380739999999998 19.313200000000002
15.361790000000001 20.574499999999997
11.421379999999996 19.5184
12.764930000000005 19.661
14.81593 20.280500000000007
12.936520000000003 19.310800000000004
11.822689999999994 18.97350000000001
15.42769 20.4606
11.279829999999999 19.6884
12.6365 19.5083
14.840530000000008 20.187599999999996
12.962410000000006 19.42219999999999
12.03582 19.1372
15.450689999999993 20.52610000000001
11.237429999999993 19.446300000000004
12.675999999999998 19.472300000000004
14.798289999999998 20.194099999999995
13.14782 19.3844
12.130390000000002 19.019799999999996
15.486950000000002 20.46840000000001
11.352549999999995 19.355499999999996
12.662970000000001 19.37659999999999
14.80151 20.249399999999998
13.146899999999997 19.516099999999994
12.04825 19.215099999999996
15.608869999999994 20.514
11.33261 19.3369
12.689549999999997 19.438399999999994
14.949760000000003 20.307200000000005
13.022840000000002 19.608
11.898349999999999 19.257199999999997
15.419969999999998 20.444999999999997
11.420349999999997 19.405200000000004
12.74005 19.50329999999999
14.888299999999996 20.294999999999995
13.132569999999996 19.5415
12.089529999999998 19.215
15.731780000000004 20.616400000000006
11.392100000000003 19.318999999999996
12.68242 19.620500000000007
14.96613 20.266599999999993
13.03391 19.329900000000002
12.05994 19.162399999999998
15.426690000000006 20.618500000000004
11.319530000000004 19.2134
12.624309999999998 19.509099999999993
14.939789999999995 20.400199999999998
13.190010000000003 19.500799999999995
12.09221 19.092000000000002
15.462999999999996 20.445300000000003
11.229769999999998 19.22030000000001
12.65947 19.49729999999999
14.939119999999997 20.1813
13.101750000000001 19.369800000000005
12.147400000000003 19.1055
15.67840999999999 20.3232
11.296559999999998 19.4154
12.566729999999996 19.558699999999995
14.853250000000001 20.154400000000013
13.076640000000001 19.3556
12.08247 19.1755
15.549669999999995 20.4112
11.218010000000003 19.297000000000008
12.496179999999999 19.431600000000007
14.835199999999999 20.29469999999999
13.13793 19.4482
12.158509999999998 19.2076
15.704750000000004 20.471600000000002
11.415539999999998 19.4069
12.782989999999996 19.721600000000006
15.117099999999997 20.317599999999995
13.347319999999998 19.670699999999993
12.25061 19.2993
14.866590000000002 20.742000000000004
12.524009999999999 19.870800000000006
12.778930000000004 19.700300000000006
15.082969999999998 20.2077
13.338380000000003 19.561999999999998
12.165029999999996 19.018100000000004
15.630830000000003 20.529499999999995
11.306160000000002 19.271800000000002
12.97124 19.4954
15.050169999999992 20.095799999999993
13.28302 19.338
12.109799999999996 19.104000000000003
14.606370000000005 20.389200000000002
11.197489999999997 19.246600000000008
13.902660000000001 20.130299999999995
14.931179999999996 20.2077
13.15533 19.35490000000001
12.02573 19.097299999999997
15.34975 20.543300000000002
11.356420000000007 19.464500000000005
12.680520000000001 19.6277
15.10129 20.2912
13.186310000000006 19.489800000000002
12.101149999999999 19.258799999999994
15.520790000000002 20.592899999999997
11.343959999999997 19.5248
12.68801 19.6537
15.230249999999995 20.2923
13.564559999999995 19.527900000000002
12.653099999999998 19.278299999999994
16.253330000000002 20.523600000000005
11.758740000000003 19.584799999999998
12.936469999999991 19.622500000000002
15.163209999999996 20.349499999999995
13.481339999999994 19.5364
12.183420000000003 19.334600000000002
15.87361 20.8276
11.37377 19.5627
12.707740000000001 19.70460000000001
15.060780000000001 20.5294
13.196369999999991 19.575799999999997
12.142039999999998 19.401099999999992
15.617890000000004 20.743199999999998
11.415990000000003 19.438399999999998
12.73831 19.673400000000004
14.999040000000004 20.459199999999996
13.118329999999997 19.770500000000006
12.09474 19.318899999999996
15.60272 20.745699999999992
11.326229999999997 19.716800000000003
12.78498 19.89209999999999
15.107439999999997 20.5364
13.206850000000001 19.824400000000004
12.197059999999993 19.4612
15.676789999999999 20.862
11.458519999999998 19.777999999999995
12.834339999999997 19.861399999999996
15.005010000000008 20.653499999999987
13.158560000000005 19.668499999999998
12.115789999999997 19.4314
15.578020000000011 20.735799999999994
11.32778 19.6677
12.725420000000002 19.842800000000004
15.068789999999998 20.58789999999999
13.049749999999992 19.70849999999999
11.954340000000004 19.40589999999999
15.600769999999997 20.7827
11.44202 19.711199999999995
12.731480000000001 19.873099999999997
15.067169999999999 20.525899999999993
13.116449999999999 19.697599999999994
11.980699999999999 19.441199999999995
15.576930000000003 20.6785
11.232550000000002 19.631499999999996
12.668299999999997 19.790999999999993
15.106009999999994 20.526899999999994
13.484479999999998 19.608600000000003
12.466279999999994 19.371499999999994
15.984720000000008 20.8726
11.516819999999997 19.569699999999994
12.78189 19.873700000000003
15.224299999999996 20.6591
13.321180000000002 19.756500000000006
12.201089999999994 19.331099999999992
15.820370000000002 20.795599999999993
11.350079999999998 19.506899999999998
12.729399999999998 19.771299999999993
15.048990000000009 20.449999999999996
13.125580000000001 19.663500000000006
11.953009999999995 19.3026
15.66781 20.697099999999992
11.40966 19.522200000000005
12.976469999999999 19.904200000000003
15.028690000000001 20.622100000000007
13.323289999999998 19.7136
12.20151 19.475899999999996
15.672079999999996 20.69109999999999
11.398239999999998 19.6862
12.81109 19.817500000000006
15.11295 20.710600000000007
13.233150000000006 19.690099999999997
12.176600000000008 19.410399999999996
15.804929999999995 20.769999999999996
11.583500000000004 19.747500000000002
12.950300000000006 19.628700000000002
15.30225 20.429800000000004
13.328879999999998 19.570700000000002
12.26114 19.418200000000002
15.739109999999995 20.869799999999998
11.384050000000006 19.6437
12.664449999999999 19.7177
15.117550000000005 20.507299999999994
13.186700000000007 19.4884
12.278550000000005 19.4334
15.63895000000001 20.595699999999994
11.421559999999996 19.48870000000001
12.763469999999996 19.663400000000006
15.12144 20.541099999999993
13.43934 19.756
12.2543 19.4058
15.74264 20.802400000000002
11.426319999999999 19.609100000000005
12.829189999999995 19.714
15.31459 20.568199999999997
13.332689999999998 19.81019999999999
12.213750000000003 19.433100000000007
15.844269999999995 20.771000000000004
11.479570000000002 19.588400000000004
12.754600000000005 19.764499999999998
15.282829999999997 20.552199999999996
13.40952999999999 19.7041
12.236000000000006 19.455700000000004
15.735059999999992 20.748500000000007
11.42515 19.5879
12.70188 19.8561
15.176580000000001 20.613200000000003
13.317629999999994 19.74300000000001
12.208159999999998 19.348399999999994
15.71942999999999 20.757299999999997
11.497759999999996 19.689999999999994
12.883619999999995 19.872499999999995
15.302369999999998 20.59099999999999
13.352840000000002 19.751399999999997
12.225199999999997 19.469900000000003
15.814599999999995 20.8248
11.421810000000004 19.730500000000006
12.724259999999996 19.871999999999996
15.314899999999998 20.580999999999992
13.43663 19.793700000000005
12.20138 19.446599999999993
15.814459999999993 20.802799999999987
11.439049999999998 19.6725
13.023219999999998 19.834699999999994
15.396309999999996 20.7428
13.373420000000003 19.7591
12.163429999999996 19.5556
15.824449999999995 20.8137
11.621949999999998 19.727900000000012
12.867520000000003 19.9724
