52.673199999999994 42.328700000000005
52.30579999999999 42.44310000000001
51.7855 42.29120000000002
51.32429999999999 42.247299999999996
52.1476 42.341499999999996
51.30819999999999 42.34970000000002
51.52699999999998 42.279100000000014
52.60569999999999 42.239399999999996
51.224500000000006 42.335499999999996
51.91439999999999 42.36619999999999
51.372299999999996 42.3276
51.57079999999999 42.134
51.7449 42.319
51.93829999999999 42.2906
52.295800000000014 42.3339
51.1609 42.223299999999995
49.93040000000001 42.2264
49.4125 42.1851
49.3113 42.1925
49.2213 42.151599999999995
48.753000000000014 42.1568
49.66700000000001 42.096900000000005
48.72610000000002 42.125800000000005
48.7687 42.11690000000001
49.862500000000004 42.11339999999999
50.9193 42.187000000000005
49.04409999999999 41.97899999999999
49.186299999999996 41.9351
48.033 41.925200000000004
48.356300000000005 41.98620000000001
48.524200000000015 42.076100000000004
48.34450000000001 42.0606
49.17059999999999 42.0989
49.4098 42.079100000000004
48.639799999999994 42.056400000000004
49.10640000000001 42.038199999999996
49.140199999999986 42.0548
47.9425 42.027300000000004
47.6217 41.93270000000002
47.9276 41.849500000000006
46.35190000000001 41.793600000000005
44.5425 41.7299
44.56240000000001 41.74579999999998
44.145500000000006 41.75059999999999
43.154800000000016 41.593900000000005
42.813100000000006 41.48340000000001
41.2596 41.4301
40.3206 41.3131
42.61800000000001 41.428500000000014
40.67429999999999 41.44519999999999
38.76630000000001 41.219199999999994
38.88680000000001 41.06210000000001
37.536799999999985 41.12910000000001
36.23480000000002 40.996399999999994
35.314800000000005 40.965700000000005
35.2577 40.99350000000001
33.86239999999999 40.84789999999999
33.472500000000004 40.70660000000001
33.53419999999999 40.716800000000006
31.679400000000008 40.5915
31.101800000000008 40.5295
29.96559999999999 40.40890000000001
29.2172 40.34139999999999
28.7758 40.2633
27.502 40.202999999999996
27.29979999999999 40.107000000000006
26.1864 39.99270000000001
25.387500000000003 39.95450000000001
24.4328 39.8842
24.238799999999998 39.78680000000001
23.995999999999995 39.771499999999996
23.601699999999997 39.731100000000005
22.799799999999998 39.72400000000001
22.094500000000007 39.6659
21.286899999999996 39.6071
20.646099999999993 39.52700000000001
19.6717 39.426800000000014
19.7453 39.41029999999998
18.486899999999995 39.3299
18.3879 39.2685
18.07639999999999 39.200700000000005
17.8348 39.1938
17.8259 39.150999999999996
17.140200000000004 39.0982
17.1875 39.16190000000001
16.631700000000006 39.131699999999995
15.601 39.0271
14.983900000000002 38.99510000000001
15.217599999999996 38.9041
14.633500000000002 38.9156
14.562100000000006 38.901
14.037900000000004 38.901799999999994
13.310299999999998 38.84460000000002
13.059899999999997 38.8305
13.614399999999998 38.81
12.971200000000001 38.762299999999996
13.891500000000004 38.82440000000001
13.539100000000001 38.81850000000001
12.6901 38.7466
12.482300000000004 38.722699999999996
12.4914 38.7106
11.378400000000003 38.6444
11.308900000000003 38.6054
13.403099999999998 38.718600000000016
12.429300000000001 38.66240000000001
12.4991 38.667100000000005
12.057400000000003 38.672000000000004
11.944700000000003 38.68100000000002
12.123800000000003 38.7072
11.966200000000002 38.688300000000005
11.310000000000004 38.64750000000001
11.282100000000002 38.60350000000001
11.469399999999998 38.601099999999995
11.310999999999998 38.60129999999999
11.077699999999998 38.5909
11.407300000000001 38.5774
11.030599999999998 38.57969999999999
11.107200000000002 38.556799999999996
11.107099999999999 38.573600000000006
11.188500000000003 38.56659999999999
12.503599999999999 38.6618
12.439199999999998 38.69700000000001
12.1752 38.65180000000001
11.9106 38.612399999999994
12.4552 38.6521
12.343699999999998 38.639900000000004
12.1188 38.64940000000001
12.566899999999997 38.66440000000001
12.220100000000004 38.658
12.673699999999998 38.6934
12.991399999999997 38.64440000000001
13.1244 38.711200000000005
13.709299999999999 38.7581
13.802199999999996 38.797
13.732100000000003 38.80350000000001
14.091899999999999 38.82030000000001
14.141200000000001 38.827100000000016
14.538099999999998 38.833200000000005
14.964299999999998 38.911700000000025
15.360100000000001 38.897400000000005
15.784999999999991 38.97240000000001
15.861200000000004 38.959
15.900299999999998 39.016099999999994
16.659 39.034400000000005
18.550099999999997 39.0753
19.255800000000004 39.188400000000016
18.585500000000003 39.18949999999999
19.180099999999996 39.24649999999998
19.74749999999999 39.290400000000005
19.669800000000002 39.34780000000001
20.022000000000002 39.412
20.4066 39.428000000000004
20.8796 39.4473
22.044100000000004 39.5347
22.7036 39.5531
23.034399999999998 39.646300000000004
24.759299999999993 39.737100000000005
26.146800000000002 39.81069999999999
26.239999999999995 39.82319999999999
26.3961 39.844899999999996
26.97169999999999 39.9016
28.04159999999999 39.98719999999999
28.5493 40.05140000000001
29.526899999999994 40.095900000000015
30.1369 40.23350000000001
31.3048 40.23770000000001
32.2323 40.329000000000015
32.834199999999996 40.43279999999999
34.09219999999999 40.613899999999994
34.85719999999999 40.66230000000001
35.567600000000006 40.681900000000006
36.784399999999984 40.749399999999994
38.16680000000001 40.85170000000001
38.3624 40.9683
38.9021 40.95919999999999
40.3227 41.15959999999999
40.376400000000004 41.26200000000001
41.098800000000004 41.25150000000001
42.21860000000001 41.225699999999996
42.4786 41.33079999999999
43.3823 41.381
43.8117 41.520100000000006
44.458 41.50659999999999
45.7503 41.490899999999996
45.126900000000006 41.560199999999995
45.827200000000005 41.5885
46.48649999999998 41.8286
46.9607 41.7221
47.8636 41.800200000000004
47.28 41.75420000000001
46.5053 41.811400000000006
46.7209 41.2422
47.477199999999996 42.26390000000001
47.4129 41.8001
47.56410000000001 41.745900000000006
47.22199999999999 41.60389999999999
47.72299999999999 41.722999999999985
47.412000000000006 41.72679999999998
47.52530000000001 41.754200000000004
47.27549999999999 41.642100000000006
48.20419999999999 41.7402
47.8931 41.763100000000016
47.62100000000001 41.6143
47.29410000000001 41.655300000000004
47.76960000000001 41.6807
47.60029999999998 41.81820000000001
47.20760000000001 41.6358
47.18039999999999 41.66270000000001
47.6162 41.732
47.011700000000005 41.717000000000006
47.2267 41.7909
48.235699999999994 41.7577
48.5511 41.8266
47.99100000000001 41.72120000000001
47.802400000000006 41.7542
47.87490000000002 41.807799999999986
48.79290000000001 41.789899999999996
48.10200000000002 41.8343
48.25030000000001 41.788800000000016
48.61650000000001 41.87340000000001
48.6794 41.8763
47.95400000000001 41.844
47.7719 41.871599999999994
47.89130000000001 41.8408
48.71599999999998 41.84270000000001
48.385999999999996 41.809200000000004
49.055800000000005 41.9456
48.386700000000005 41.963600000000014
49.420300000000005 42.01510000000001
48.42390000000002 41.899999999999984
47.53800000000001 41.87299999999999
48.6084 41.85040000000001
48.0284 41.98270000000001
47.6065 41.9739
47.931300000000014 41.8165
48.874600000000015 41.862599999999986
47.890400000000014 41.859700000000004
48.33959999999998 41.936499999999995
47.362300000000005 41.8031
47.49790000000001 41.732699999999994
46.9804 41.7461
46.40310000000001 41.803300000000014
46.866700000000016 41.812000000000005
46.88480000000001 41.8044
46.44840000000001 41.1723
47.441700000000004 42.3264
46.3899 41.81179999999999
46.6426 41.868000000000016
46.808899999999994 41.8465
47.93760000000001 41.809900000000006
49.25230000000001 41.9831
50.76259999999999 42.164500000000004
51.592599999999976 42.16380000000001
50.9641 42.19360000000001
48.933099999999996 42.0103
48.93620000000001 41.916199999999996
47.71789999999999 41.8845
47.57330000000001 41.760999999999996
47.9203 41.79930000000002
47.7006 41.884600000000006
47.74170000000001 41.8087
49.54820000000001 41.866
49.072500000000005 41.86510000000001
49.25280000000002 41.8792
52.1735 42.17160000000002
53.1301 42.39789999999999
54.391500000000015 42.46920000000002
54.481500000000004 42.53240000000002
53.593999999999994 42.495900000000006
54.44730000000001 42.53840000000001
56.45059999999999 42.68500000000001
55.62869999999999 42.7209
56.372800000000026 42.71460000000001
55.34620000000001 42.45000000000001
55.331599999999995 42.536000000000016
55.2414 42.578799999999994
55.866400000000006 42.59840000000001
56.65740000000001 42.74670000000002
56.49249999999999 42.666599999999995
56.40789999999998 42.6821
57.44850000000001 42.8199
57.5163 42.8404
58.105800000000016 42.7322
59.10859999999999 42.71789999999999
57.674000000000014 42.6518
56.525499999999994 42.5645
55.153900000000014 42.604000000000006
57.964999999999975 42.76970000000001
