9.1158 9.0231
9.3052 8.4043
8.4077 8.122499999999999
10.391200000000001 9.0319
9.860000000000001 8.8772
8.7995 8.244599999999998
9.158200000000003 7.972300000000001
8.4623 7.9750999999999985
9.4849 8.570500000000001
9.9186 8.8211
7.858699999999999 8.5425
7.5781 8.5532
10.394499999999999 8.4484
9.476499999999998 8.3596
10.281600000000001 8.6712
8.6676 8.2733
10.4971 8.507700000000002
8.9718 8.609300000000001
9.549 8.876600000000002
8.9251 8.825700000000001
9.934700000000001 8.2121
9.675100000000002 8.4291
8.794599999999999 8.0479
8.943900000000001 7.999500000000001
8.951400000000001 8.3588
10.2498 8.2861
10.355 8.8192
9.723500000000001 9.0706
9.668600000000001 8.6367
9.2729 8.4034
8.910000000000002 8.334
8.979999999999999 8.259
8.7653 8.165299999999998
9.1208 8.77
9.0401 8.3479
9.711400000000001 8.1305
8.8585 8.3812
9.1687 8.459499999999998
8.737499999999999 8.229299999999999
8.3993 7.963600000000001
8.728900000000001 8.2212
9.4897 8.4698
10.126 8.3018
8.6337 8.533299999999999
11.0716 8.5627
7.938300000000001 8.279300000000001
9.586699999999999 8.0913
8.3019 8.562199999999999
7.978500000000001 7.9209000000000005
8.430599999999998 8.0486
8.3286 7.820800000000001
8.8642 8.6088
8.153099999999998 8.6115
7.341400000000001 8.089400000000001
7.785200000000001 7.908600000000001
8.428499999999998 8.2446
8.237400000000001 8.1989
7.6187000000000005 8.0235
7.8687000000000005 7.962
7.929000000000001 7.8776
8.1525 7.9757
7.753299999999999 7.933999999999999
7.7124 8.1199
6.9702 7.6562
8.8197 8.4032
7.7973 7.9174
7.018999999999999 7.449
7.5573 8.119599999999998
8.1149 7.9264
8.161399999999999 8.4055
8.1844 8.3217
8.125800000000002 8.1822
8.3608 7.987300000000001
9.8514 8.892100000000001
8.691 8.6594
8.036 8.5501
8.163800000000002 8.411100000000001
7.6988 8.3356
8.2727 8.2168
8.6545 8.1303
8.219499999999998 8.8296
6.951199999999999 8.4623
9.0287 8.2889
7.474499999999999 8.414000000000001
8.3525 8.149999999999999
8.0143 8.2165
7.8224 8.5591
8.0345 8.144699999999998
8.4512 8.3095
8.7419 8.550300000000002
8.556 8.3179
9.216500000000002 8.426300000000001
9.768500000000001 9.2536
8.0319 8.126900000000001
8.734 8.3688
8.6821 8.528500000000001
9.393 8.4161
8.4549 7.789300000000001
9.1895 8.305599999999998
8.6825 8.2982
7.964300000000001 7.9602
7.633499999999999 8.060899999999998
9.3744 8.3326
9.1317 9.1067
7.7906 8.3045
8.561300000000001 8.188999999999998
10.683799999999998 8.8149
8.904700000000002 8.8461
9.252699999999999 8.8008
10.014999999999999 9.381599999999999
9.720799999999999 8.5234
9.718399999999999 8.693500000000002
10.6518 8.9468
10.2639 9.265399999999998
9.7422 8.8902
9.5583 8.6686
9.660200000000001 8.5271
10.278100000000002 8.7027
10.215800000000002 8.649700000000001
9.5193 8.9154
11.7719 8.9462
10.690400000000002 9.4998
9.6571 8.7866
9.9297 8.7589
9.815100000000001 8.401
9.638 8.475100000000001
10.042600000000002 8.1614
9.999 8.391499999999999
9.9643 8.720699999999999
10.845100000000002 8.4876
11.0073 9.2293
11.909 9.1807
11.687700000000001 9.087599999999998
12.664599999999998 9.5658
11.0193 8.9638
10.386400000000002 9.034600000000001
10.348 9.4755
10.6654 9.9336
11.1981 9.8699
9.9881 9.2056
9.506999999999998 9.034500000000001
10.985299999999999 9.307400000000001
12.2414 9.3428
12.6125 9.3266
10.2418 8.6408
9.572899999999999 8.6279
11.4076 9.333799999999998
10.257700000000002 9.137599999999999
11.0817 9.452
9.378299999999998 9.261800000000001
11.3399 9.2112
10.6642 10.2011
9.368099999999998 9.2693
10.2434 9.245099999999999
12.041699999999999 9.3536
11.0182 9.0325
11.5633 9.1167
11.0656 8.904700000000002
11.7818 9.2345
10.9488 8.8251
10.863100000000001 9.0892
10.2243 8.9093
12.9293 9.1034
11.604099999999999 9.7774
11.530100000000001 9.820299999999998
12.4619 9.6088
11.967 9.3076
12.265799999999999 9.842
12.733500000000001 9.8167
13.038 9.9574
13.634699999999999 9.882
12.165 9.484100000000002
12.712200000000001 9.2826
12.104900000000002 9.292
11.755500000000001 9.121400000000001
12.0588 9.640299999999998
13.0721 9.7338
13.624500000000001 9.4232
13.027099999999999 9.4665
13.140699999999999 10.0422
11.471099999999998 9.0389
13.463 9.462900000000001
10.880300000000002 9.231
12.880599999999998 9.6434
14.154999999999998 9.5823
13.931099999999999 9.6899
14.751999999999999 9.964400000000001
15.017999999999997 9.8652
13.763 9.737599999999999
13.516 9.834200000000001
14.185300000000002 10.068599999999998
12.410400000000001 10.1604
13.892 9.5544
15.315599999999996 9.3744
14.1958 10.2505
14.5817 10.0956
14.910799999999998 9.5779
15.373999999999999 9.720499999999998
15.444000000000003 10.396700000000001
13.752699999999999 10.106100000000001
13.4329 9.2806
15.965500000000002 9.2396
15.7045 9.747599999999998
13.6702 9.429700000000002
14.004 9.609099999999998
15.283999999999997 9.960600000000001
13.5794 9.6542
15.233200000000002 9.279
13.494800000000001 9.129000000000001
16.151 9.398
14.085 9.8543
13.3503 9.5957
14.302100000000001 9.475800000000001
13.5913 9.239799999999999
15.2315 9.4451
13.654399999999999 9.4742
13.965 9.6641
13.0828 9.472399999999999
13.699200000000001 9.4304
12.559600000000001 9.1521
14.030999999999999 8.962200000000001
13.1983 9.478200000000001
13.0393 9.707699999999999
15.9 10.0627
14.1876 9.713099999999999
12.770399999999999 9.4117
16.763300000000005 9.8718
12.912799999999999 9.9114
16.5919 10.167500000000002
14.3458 10.3126
13.2278 9.761700000000001
13.8807 9.3304
14.3374 9.886000000000001
11.5019 9.5221
12.614699999999997 9.249500000000001
13.736900000000002 9.8387
13.883299999999998 9.6174
16.025 9.961899999999998
15.794 10.3739
15.442 10.3166
15.001000000000001 10.1939
16.023 10.3517
15.765999999999996 10.8789
14.96 10.5968
15.512 10.4158
15.360000000000001 10.254199999999999
15.288000000000002 10.308
13.743 9.876
15.936 10.1217
17.956 10.8346
17.731 10.6778
16.323999999999998 10.4626
16.54 10.4929
15.672 10.218399999999999
15.3001 10.629
15.4161 10.5722
13.815 10.906199999999998
14.699600000000002 10.284699999999999
14.511 10.1324
13.743 9.7362
14.295999999999998 9.456600000000002
13.2677 9.5364
14.8872 9.725699999999998
14.412200000000002 9.7276
14.8202 9.7401
13.2277 9.2204
13.266100000000003 9.4721
12.9884 9.6573
12.806799999999999 9.4284
12.756800000000002 9.1865
12.701799999999999 9.9059
12.6489 9.6235
12.675600000000001 9.644199999999998
12.762699999999999 9.7058
12.1364 9.023200000000001
11.802499999999998 8.9925
12.4634 9.4595
13.1703 9.9503
13.173900000000001 10.2834
12.824 9.9046
13.084999999999999 9.7983
14.848000000000003 9.5373
13.463999999999999 9.8565
12.741000000000003 9.8233
12.890199999999998 9.7972
11.7714 9.040799999999999
12.966100000000003 9.176100000000002
11.700099999999999 9.498399999999998
