25.14461 24.433489999999995
22.0755 24.101969999999998
23.921450000000004 24.293789999999998
24.12024999999999 24.489500000000007
24.706470000000007 24.818199999999997
24.202078000000004 24.93049
25.372124999999997 25.12869999999999
23.328978 24.952880000000004
24.543315000000003 25.18368000000001
23.261381000000007 25.22266
21.616566000000002 25.196180000000002
22.941470000000006 25.494599999999995
23.235229000000007 25.46194
28.312103000000004 25.887990000000006
25.036620000000003 25.376319999999996
25.84377000000001 25.492520000000003
25.08625 25.459179999999996
26.379359999999995 25.605189999999993
26.212389999999996 25.71867
27.102197000000004 25.77859000000001
25.322997 25.66369
25.673188000000003 25.770879999999995
27.13102 25.859969999999997
25.78779 25.933559999999993
25.21627000000001 25.513059999999992
27.023600000000002 25.677529999999997
24.9906 25.362420000000007
25.564060000000005 25.353240000000003
25.687370000000005 25.431919999999998
25.865280000000002 25.50943
25.918260000000004 25.54981
26.213269999999994 25.593810000000005
26.670143999999997 25.763670000000005
26.64103 25.35684999999999
26.065299999999997 25.451949999999997
26.035899999999994 25.544400000000007
24.841019999999993 25.583700000000004
26.940500000000007 25.644800000000007
26.402000000000005 25.6933
24.346099999999996 25.54060000000001
24.552300000000006 25.5355
23.740999999999996 25.510200000000005
24.276599999999995 25.6417
24.762 25.659200000000016
24.983900000000002 25.674900000000004
25.580800000000004 25.76580000000001
24.1781 25.7056
23.906700000000004 25.785200000000003
22.797200000000007 25.632200000000005
21.527199999999993 25.4895
22.557700000000004 25.516400000000004
20.285799999999995 25.4133
17.274999999999995 25.138199999999998
19.6802 25.354200000000006
20.2142 25.36649999999999
23.608900000000002 25.701599999999996
23.8256 25.746399999999998
24.1591 25.794600000000003
25.4563 25.918400000000002
25.057500000000005 25.8322
24.9244 25.865000000000006
24.88800000000001 25.847300000000008
23.0691 25.72310000000001
24.954099999999997 25.8739
24.5568 25.8376
22.4679 25.751
24.9699 25.833799999999997
23.803600000000003 25.812699999999992
23.489399999999996 25.796299999999995
23.35160000000001 25.817399999999996
24.266099999999994 25.923500000000004
23.421900000000004 25.9235
24.62130000000001 25.942999999999998
23.549199999999992 25.918700000000005
24.8693 25.932800000000007
25.1499 25.97440000000001
23.807100000000002 25.919800000000002
23.883779999999994 25.962199999999996
23.295930000000002 25.867299999999993
22.022149999999996 25.719900000000003
22.4333 25.763100000000005
25.0547 25.940399999999997
21.889999999999997 25.751100000000005
22.636700000000005 25.826499999999996
21.873600000000003 25.681099999999997
21.801099999999995 25.7529
21.8332 25.711499999999994
22.774300000000007 25.847099999999994
21.7561 25.6922
20.3188 25.609099999999994
21.445150000000005 25.6388
20.56318 25.5884
16.459099999999992 25.223500000000005
16.5064 25.197499999999994
20.142200000000006 25.498499999999996
19.760499999999993 25.534000000000006
21.529499999999995 25.5795
23.050199999999997 25.7394
21.7844 25.604200000000006
22.822600000000005 25.709499999999995
22.239800000000002 25.666300000000003
22.117599999999992 25.698200000000003
21.957000000000004 25.66109999999999
21.1893 25.603000000000005
21.794900000000002 25.6782
21.8489 25.690299999999986
22.489700000000003 25.724700000000006
22.353 25.7042
23.857269999999993 25.818959999999997
22.206639999999993 25.479279999999992
22.083022999999997 25.42743
22.940240000000006 25.472499999999997
22.56268 25.493130000000008
21.042980000000004 25.390430000000002
18.565109999999997 25.197239999999997
17.41815499999999 25.083349999999992
15.504683 24.969149999999992
13.890513000000002 24.82803
13.320521999999999 24.74132
14.273300000000003 24.8568
15.530260000000002 25.003500000000003
15.848899999999997 24.976899999999997
13.808240000000001 24.9296
14.924060000000006 25.0124
16.25401 25.129100000000005
16.850860000000004 25.177599999999998
17.758470000000003 25.256
16.90503 25.2222
15.370040000000001 25.084299999999992
18.0794 25.276499999999995
17.8449 25.274399999999996
15.541339999999998 25.146000000000008
15.43549 25.123000000000005
18.3661 25.351900000000004
20.739799999999995 25.5349
19.596769999999992 25.4307
21.305460000000007 25.551600000000008
22.1766 25.7567
20.661300000000008 25.587300000000003
22.218899999999998 25.723200000000002
23.186600000000002 25.768800000000002
23.384300000000003 25.828400000000002
23.723499999999994 25.85949999999999
22.808400000000002 25.8303
21.954400000000003 25.739
20.988199999999992 25.715300000000006
20.40459999999999 25.68680000000001
20.4062 25.639400000000002
22.140800000000006 25.7276
21.4093 25.744600000000002
21.022099999999995 25.691099999999995
21.925699999999996 25.830200000000005
22.498399999999997 25.828500000000005
23.098400000000005 25.901200000000003
23.0004 25.8708
22.54 25.828800000000008
20.403900000000004 25.645500000000006
20.653499999999987 25.6851
22.006999999999994 25.753300000000003
21.574900000000003 25.724399999999996
22.25830000000001 25.80290000000001
22.202799999999996 25.916099999999997
21.173499999999994 25.7589
21.820699999999995 25.85909999999999
20.695700000000002 25.8182
21.16920000000001 25.8529
21.048000000000002 25.8053
21.2814 25.8762
21.803199999999993 25.8585
21.082700000000003 25.852499999999996
21.146999999999995 25.8405
20.689099999999993 25.859899999999996
20.09279999999999 25.7399
18.690800000000003 25.587799999999998
20.799600000000005 25.853499999999997
19.546500000000005 24.0491
21.994500000000013 25.951100000000004
20.871599999999997 25.938999999999997
19.060299999999998 25.703000000000003
21.432700000000004 25.9268
21.399 25.9758
22.821400000000004 26.069600000000005
20.758 25.900299999999998
21.3166 25.934199999999997
21.545710000000007 25.966300000000004
21.00078 26.01946
19.775799999999993 25.381639999999994
20.841050000000003 25.50555
20.187109999999993 25.523149999999994
19.51067 25.356759999999994
20.334279999999996 25.416900000000002
20.32898 25.497529999999998
19.598988000000002 25.40021
21.15195 25.541489999999996
20.425850000000004 25.49449
20.341439999999995 25.5366
21.23131 25.69769999999999
20.94427 25.652300000000004
21.150429999999997 25.662199999999995
21.64855 25.764099999999996
21.258879999999994 25.712799999999998
20.976640000000003 25.7349
20.674179999999996 25.7392
20.534979999999997 25.777
20.59136 25.748400000000004
21.042229999999996 25.826500000000003
20.391390000000005 25.8012
21.35233 25.92035
20.455909999999996 25.481500000000008
21.11592 25.538899999999998
21.57438 25.607499999999995
21.08497 25.594935000000003
18.488990000000005 24.919169999999998
16.088079999999998 24.72309
17.86543 24.795
21.319650000000003 25.093320000000002
18.322139999999997 24.97063
17.543729999999996 24.962339999999998
16.349679999999996 24.884099999999997
19.118370000000006 25.151200000000003
20.765720000000005 25.2519
21.09392 25.35899999999999
21.841600000000007 25.428632
22.714679999999994 25.221799999999998
21.60843000000001 25.206339999999994
22.518389999999997 25.190790000000003
22.619059999999998 25.25246
22.485460000000003 25.17808000000001
21.607120000000002 25.18748000000001
23.2983 25.39267
23.9752 25.447899999999997
22.384100000000004 25.351700000000005
22.7252 25.435999999999996
22.075299999999995 25.401100000000003
20.4017 25.2505
20.6664 25.31119999999999
21.777100000000004 25.348299999999995
22.200300000000002 25.481199999999987
22.726099999999995 25.4971
20.781 25.404500000000002
22.35470000000001 25.569799999999997
22.514199999999995 25.524300000000004
22.8439 25.582099999999997
21.5728 25.494500000000002
22.8903 25.626400000000004
23.8153 25.7645
23.106200000000005 25.699800000000007
21.819800000000004 25.549800000000012
22.489 25.645099999999992
22.920699999999997 25.733200000000007
22.449700000000007 25.712400000000002
19.478599999999997 25.498999999999995
21.0621 25.5313
17.11015 24.79541
21.049880000000005 25.156140000000004
19.321740000000005 24.977210000000003
20.865930000000006 25.1745
17.5891 24.862799999999996
19.08129999999999 25.1115
22.426900000000007 25.364899999999995
24.0628 25.561900000000005
23.176799999999993 25.606499999999997
24.534900000000004 25.696500000000004
21.233700000000006 25.4409
19.255100000000002 25.2755
18.8832 25.270600000000005
18.795 25.28939999999999
14.029899999999998 24.8525
14.721599999999995 24.922400000000003
17.518700000000003 25.1064
20.9131 25.4414
24.68379999999999 25.768299999999993
20.64169999999999 25.524100000000004
21.0485 25.519900000000007
25.084899999999998 25.844299999999997
23.117099999999994 25.797500000000007
23.881899999999998 25.543300000000002
20.371300000000005 25.257150000000006
21.612600000000008 25.416249999999994
24.120499999999996 25.727
24.260399999999997 25.789499999999997
24.535600000000006 25.759900000000002
21.963969999999993 25.6928
20.56461 25.41965
22.855430000000005 25.279840000000007
23.969980000000003 25.501239999999996
24.37385 25.523400000000002
24.56734000000001 25.563420000000004
