10.771799999999999 9.1058
10.688099999999999 9.1127
10.162100000000002 8.6462
11.2857 8.9215
9.026199999999998 8.6387
9.6426 8.454600000000001
7.920499999999999 8.3377
9.7214 8.461400000000001
9.767500000000002 8.652999999999999
9.018 8.510000000000002
11.2767 8.9022
9.5222 9.250599999999999
10.802599999999998 8.9787
9.083200000000001 8.8478
8.7721 8.4377
9.253400000000003 8.1846
9.387400000000001 8.188799999999999
8.484199999999998 8.4854
8.0683 8.2552
10.439100000000002 8.3641
10.3972 8.640699999999999
10.403700000000002 8.9488
9.3856 8.4951
8.776 8.2912
11.3015 8.6966
10.1973 8.779699999999998
9.973 9.151000000000002
9.267600000000002 8.716000000000001
8.6979 8.5906
10.6823 8.547100000000002
10.5379 8.8599
10.522900000000002 8.9304
10.172099999999999 8.779700000000002
9.9438 8.507000000000001
10.232 8.5604
9.9541 8.7207
9.178799999999999 8.668000000000001
8.9239 8.7094
10.054900000000002 8.900500000000001
9.183800000000002 8.5992
10.0663 8.1875
9.2338 8.7122
9.825800000000001 8.827000000000002
9.8 8.5886
9.913100000000002 9.0959
8.059700000000001 8.2802
9.513499999999999 8.488100000000001
8.8424 8.6811
8.4437 8.5448
7.7151 7.8158
9.6435 8.6366
9.5496 8.4165
8.590200000000001 8.958300000000001
8.4152 8.486699999999999
8.329 8.7916
7.6032 8.7963
6.843000000000001 7.965800000000001
8.9876 8.186200000000001
6.7523 7.6615
8.271499999999998 7.888700000000001
8.7941 8.052
8.043399999999998 8.242
7.908200000000002 8.0548
7.764399999999999 7.985099999999999
7.5721 7.781200000000001
8.216499999999998 7.6753
8.3087 8.089900000000002
8.184600000000001 8.160700000000002
7.1177 8.4035
7.827200000000001 7.9664
7.786600000000001 8.042300000000001
8.692599999999999 8.578000000000001
9.024400000000002 8.6712
8.6777 8.626100000000001
7.786499999999999 9.101099999999999
7.7683 8.4041
7.555199999999999 8.4081
7.1457999999999995 8.224899999999998
7.598599999999999 7.6743999999999994
8.416 8.098899999999999
8.5318 8.0611
7.962099999999999 8.2617
8.984399999999999 8.7977
6.7679 8.187400000000002
8.546800000000001 8.221300000000001
7.3479 7.765899999999999
7.822899999999999 7.9177
7.767799999999999 7.7377
8.954799999999999 8.0991
7.750700000000001 8.337599999999998
8.5096 8.514099999999997
9.254899999999997 8.734
7.536000000000001 8.6197
8.5144 8.177699999999998
8.183300000000001 8.042600000000002
6.7238999999999995 7.6067
7.8753 7.546799999999999
8.9923 7.9799999999999995
8.6131 8.453199999999999
8.853900000000001 8.256799999999998
9.1934 8.4501
8.077 8.809400000000002
8.2692 8.360600000000002
8.9365 8.3059
8.1564 8.613
8.721699999999998 8.407899999999998
10.6641 9.3326
10.510400000000002 9.2391
8.6151 8.6683
10.877799999999999 8.696299999999999
10.5993 9.1363
9.697 8.915999999999999
9.263 8.741299999999999
9.687399999999998 8.740499999999999
8.9917 9.1175
8.252500000000001 8.6169
9.5084 8.7922
8.3497 8.5846
9.1268 8.2096
12.4631 9.006699999999999
10.6801 9.6782
8.951499999999998 9.196200000000001
11.3777 9.3125
8.0535 9.1202
8.9118 8.3362
10.1397 8.604599999999998
9.1401 8.2317
8.9006 8.2954
9.666 8.6235
10.3211 9.3295
10.3326 9.3083
10.322400000000002 9.464000000000002
12.1879 9.4461
10.7552 9.415899999999999
10.796299999999999 9.149599999999998
9.5865 9.3208
9.1033 9.1276
8.3844 8.627199999999998
12.4085 8.694599999999998
9.2247 8.8282
9.398900000000001 8.538599999999999
9.617599999999998 8.7478
11.8713 9.1878
11.030000000000001 9.345599999999997
11.603000000000002 9.3971
10.1357 9.4855
10.1777 9.373999999999999
10.9789 8.8314
12.125699999999998 9.3508
12.824399999999999 9.9871
12.766200000000003 9.659200000000002
11.941999999999998 9.646100000000002
11.8597 9.4833
9.364700000000001 9.286
12.1667 9.668700000000001
10.9131 9.906200000000002
11.7455 9.813699999999999
12.996099999999998 10.1614
11.5925 9.9689
11.559600000000001 9.8018
10.4197 9.6448
11.465699999999998 9.638399999999999
11.8627 9.922199999999998
11.388599999999999 9.5112
10.6359 9.5671
11.3636 9.6375
12.991800000000001 9.963200000000002
11.839400000000001 9.981799999999998
13.074999999999998 9.4972
11.5334 8.9463
11.7485 8.840699999999998
12.9611 9.0137
11.5537 8.9495
12.892000000000001 9.2035
13.231800000000002 9.750900000000001
13.381400000000001 9.943
13.512599999999999 10.0835
13.337 9.539499999999999
13.7743 9.2998
13.351700000000003 9.5729
13.8921 9.642099999999997
13.541500000000001 9.7095
11.9866 9.2625
11.665699999999998 9.0499
14.088499999999998 9.2073
14.4758 9.978599999999998
12.913 9.8805
14.079 9.9968
11.7944 9.512899999999998
12.328800000000001 9.4062
12.128 9.484
13.9759 9.8324
11.295200000000001 9.7543
12.093300000000001 9.4964
13.349000000000002 9.4087
13.661000000000001 10.177899999999998
13.122900000000001 9.6194
12.7554 9.5873
11.7064 9.4333
12.9174 9.202399999999999
16.222 9.967300000000002
15.764999999999999 10.5394
12.715099999999998 10.0463
14.353999999999997 9.6951
12.7492 9.4747
13.358999999999998 9.5154
13.573599999999999 9.6263
14.769000000000002 9.5257
11.846200000000001 9.539499999999999
12.177 9.8185
14.774999999999999 10.1245
14.485900000000004 10.1145
12.4642 10.131599999999999
14.196 10.0089
13.155699999999998 10.0228
12.8156 10.061499999999999
13.818899999999998 9.994299999999999
13.857 9.7413
14.409899999999997 10.086599999999999
13.562199999999999 10.18
14.987 10.259599999999999
12.381400000000001 10.3469
15.656500000000001 10.159600000000001
16.555999999999997 10.3874
14.408000000000001 10.3463
14.7285 9.9593
12.235100000000001 9.733699999999999
12.9084 9.786599999999998
14.829400000000001 9.9761
12.6327 9.990599999999999
12.456700000000001 9.853900000000001
16.0745 10.0764
14.136 10.3145
13.988 10.006700000000002
15.199000000000002 10.228200000000001
12.404000000000002 9.8126
13.2576 9.739799999999999
13.3186 9.6354
14.387 9.633
15.390700000000002 10.066
14.129 9.619
18.498 10.635200000000001
15.069000000000003 10.3851
15.179 10.2655
15.966999999999999 10.298999999999998
15.714000000000002 9.889999999999999
15.549000000000001 10.0972
16.924 10.261899999999999
15.550899999999999 10.2494
15.897999999999998 10.3915
16.063999999999997 10.7515
15.081 10.340000000000002
15.363000000000001 10.404799999999998
16.436999999999998 10.4603
16.106 10.495999999999999
15.42 10.5402
15.114000000000003 11.0012
14.359000000000002 10.7385
15.004000000000001 10.5798
14.934 10.3319
13.415099999999999 10.2757
13.598000000000003 10.3315
13.318000000000001 9.8705
13.732 9.879
13.4682 9.8795
14.179 10.0896
13.587000000000002 10.544499999999998
15.0414 10.185300000000002
13.0841 9.9592
15.471000000000002 10.738399999999999
13.2225 10.5919
14.621999999999998 10.2593
13.045000000000002 10.061800000000002
13.038 9.8048
12.158399999999999 9.687700000000001
12.534300000000002 9.593600000000002
11.988000000000001 9.8581
11.7696 9.492199999999999
11.900099999999998 9.233600000000001
12.775400000000001 9.6802
13.032600000000002 9.5164
14.634999999999998 9.984399999999999
13.746 9.9625
11.7358 9.692300000000001
12.2201 9.656400000000001
13.255999999999998 9.575
13.370999999999999 10.1169
13.595699999999999 9.8232
