27.5385 25.757799999999996
30.0859 25.9886
31.230699999999988 26.1499
29.65134000000001 26.12679
30.30993000000001 25.940279999999998
31.60137 26.031219999999998
30.957469999999997 25.918649999999992
30.8453 25.959499999999995
30.942600000000002 26.124000000000002
31.614000000000004 26.076100000000004
29.871699999999997 26.055299999999992
29.462999999999994 26.030199999999994
29.435699999999994 26.068900000000006
29.360299999999995 26.042699999999996
28.34429999999999 26.061100000000003
27.2812 26.015100000000004
26.569699999999997 25.8613
28.4744 26.008599999999998
27.727600000000002 26.056400000000004
27.333999999999996 25.952600000000004
27.976640000000007 26.039679999999993
28.63618 25.836789999999997
28.433500000000006 25.871690000000008
28.2472 25.827090000000002
28.998060000000002 25.770310000000013
30.62105 25.946710000000017
27.251524999999997 25.80556
29.157121999999998 25.928089999999994
28.896917 25.913180000000004
24.888707999999994 25.65794
20.6115 25.4508
22.869300000000003 25.591400000000004
23.4322 25.693500000000004
24.575700000000005 25.711800000000007
25.733800000000002 25.849099999999996
26.287900000000004 25.8045
19.184899999999995 25.458499999999994
18.333800000000004 25.299099999999996
25.235799999999998 25.707099999999993
30.02059999999999 26.110899999999997
29.954199999999993 26.139400000000006
24.601300000000005 25.8142
30.589900000000007 26.2063
30.4315 26.311100000000003
30.99130000000001 26.24070000000001
29.815700000000007 26.237500000000004
28.542999999999996 26.186300000000003
30.370900000000013 26.31349999999999
30.022599999999994 26.313900000000007
29.05269999999999 26.236800000000006
30.554300000000005 26.268600000000003
29.835700000000003 26.347900000000003
27.6514 26.175799999999995
29.263600000000007 26.277099999999997
28.849699999999995 26.341899999999995
31.968799999999998 26.448299999999993
28.017199999999992 25.888599999999997
28.19106 25.877200000000002
28.19875 25.857869999999995
28.904517999999996 25.980449999999998
28.903500000000005 25.886329999999997
27.940800000000003 25.849810000000005
26.328609999999998 25.821099999999998
26.101309999999998 26.19081
28.489450000000012 25.903400000000005
28.089253999999997 25.95419
28.002169999999992 25.95161999999999
29.35169999999999 26.130699999999997
30.794 26.315600000000007
29.419850000000014 26.28124
29.485590000000013 25.923180000000006
28.040799999999997 25.933339999999998
27.44859 25.93784999999999
30.240589999999994 26.066070000000003
27.895189999999996 26.03337999999999
28.340399999999992 26.001440000000002
28.956600000000023 26.1453
26.734799999999993 26.099100000000004
19.83469999999999 25.730300000000007
23.0306 25.7097
28.3771 26.1437
28.739900000000006 26.152499999999996
27.136299999999995 26.1685
29.95 26.293
29.040600000000005 26.325399999999995
28.814 26.2882
29.540700000000005 26.391199999999998
30.2373 26.418999999999997
29.347000000000005 26.445000000000007
29.287800000000004 26.440099999999994
29.176439999999992 26.455080000000002
28.596680000000006 26.041220000000003
30.270499999999988 26.318600000000004
30.7384 26.342
29.90010000000001 26.3593
28.667100000000005 26.318200000000004
28.2595 26.293599999999994
28.3972 26.33680000000001
28.162999999999993 26.323200000000007
26.72989999999999 26.29179999999999
30.008800000000008 26.485300000000006
28.3937 26.404
27.548000000000002 26.296799999999987
28.137800000000006 26.390299999999993
28.0595 26.409900000000007
26.98999999999999 26.350700000000003
27.804660000000002 26.47676
28.509699999999995 26.276799999999994
27.619939999999993 26.179799999999997
27.51463999999999 26.170019999999994
26.3702 26.217299999999994
25.535000000000004 26.2311
24.649900000000002 26.166500000000003
25.42289999999999 26.1903
21.125100000000003 25.9894
19.011900000000008 25.8591
17.90040000000001 25.6835
21.159900000000007 25.935599999999997
22.5579 26.0586
26.5675 26.186099999999996
29.061199999999985 26.556400000000004
26.688400000000012 26.2832
27.525199999999987 26.432300000000016
26.866200000000003 26.4607
27.387299999999996 26.388900000000003
27.101999999999997 26.460299999999997
27.833199999999998 26.529999999999998
27.20255 26.467699999999994
25.909159999999996 26.191790000000008
25.31543 26.147419999999993
26.092600000000004 26.23420000000001
26.9921 26.429599999999997
26.014 26.2542
28.671299999999995 26.5268
24.5458 26.265699999999992
26.317900000000005 26.3743
25.044999999999995 26.352439999999994
24.53801 26.075250000000004
25.11519 26.117320000000007
24.072580000000002 26.002989999999997
24.3341 26.073650000000015
26.468099999999993 26.2883
27.412399999999987 26.3953
28.55540000000001 26.5101
27.730799999999988 26.483999999999995
28.216499999999993 26.527400000000007
26.8293 26.558200000000003
26.637799999999995 26.412499999999994
26.482900000000004 26.4756
24.893299999999993 26.340999999999998
26.947799999999994 26.49890000000001
21.902799999999996 26.234199999999998
19.4685 26.0295
17.735219999999998 25.96266000000001
20.750639999999994 25.752619999999997
26.06408 26.15356
21.904089999999997 26.005300000000002
24.72557 26.06908
27.347059999999995 26.27354999999999
27.04457 26.312399999999997
28.331200000000003 26.459100000000003
27.5679 26.438599999999994
27.332199999999997 26.4694
25.973300000000005 26.4093
25.00139999999999 26.345199999999995
26.873099999999994 26.45830000000001
26.81427999999999 26.94574
27.92223 26.218629999999994
27.361720000000002 26.08408
27.621139999999993 26.11555000000001
28.103000000000005 26.37236
26.532819999999997 26.01408
26.460929999999994 26.017060000000008
26.27574999999999 26.05163
26.143050000000002 26.089610000000015
26.038600000000002 26.11989999999999
26.498900000000003 26.26609999999999
26.490600000000004 26.259200000000003
24.494200000000003 26.1093
25.40148 26.337899999999998
24.05692 25.801750000000002
23.644590000000004 25.728399999999997
24.055069999999997 25.833650000000002
25.356100000000005 25.970100000000002
25.245099999999994 26.1117
24.797399999999996 26.067400000000006
24.5871 26.07119999999999
24.188499999999998 26.13809999999999
25.033000000000005 26.1428
21.3322 25.896199999999997
17.811499999999995 25.66759999999999
21.183300000000006 25.873800000000003
22.025499999999997 25.95760000000001
24.480199999999996 26.1747
22.890400000000007 26.113500000000002
27.1418 26.345799999999997
27.387500000000003 26.374499999999994
27.160700000000006 26.4262
26.147500000000008 26.31509999999999
25.940099999999994 26.415399999999998
26.0892 26.439
25.242199999999997 26.405299999999993
25.61460000000001 26.464
27.359799999999996 26.5509
26.9631 26.546500000000005
26.10119999999999 26.45199999999999
26.301399999999997 26.577199999999994
26.3516 26.53390000000001
25.1486 26.5168
27.54376 26.736700000000006
26.96486 25.990510000000004
25.948550000000004 25.8374
26.513490000000004 25.94781
27.95834 26.036770000000004
27.32979999999999 25.987189999999995
25.4563 26.148200000000006
25.605772199999986 26.1349
24.541979999999995 26.000419999999995
26.688600000000008 26.08119
25.111700000000003 26.1488
24.58759000000001 26.167109999999997
25.201460000000008 25.97531
24.56778 25.939849999999996
25.173010000000012 26.02884999999999
26.302910000000008 26.087399999999995
25.411499999999997 26.093219999999995
22.6311 25.920040000000004
19.1348 25.7445
19.202700000000004 25.768899999999988
23.573900000000002 26.0659
26.911899999999996 26.2286
25.488500000000002 26.22479999999999
23.6718 26.1835
25.63090000000001 26.262699999999995
28.523699999999984 26.445800000000002
26.6994 26.3886
25.257899999999996 26.287099999999995
29.26390000000001 26.590799999999998
26.12899999999999 26.503099999999996
26.463699999999996 26.425099999999997
25.816899999999997 26.359600000000004
25.708399999999994 26.426700000000004
26.938900000000004 26.5001
25.733100000000004 26.439900000000005
26.77830000000001 26.60709999999999
26.2162 26.5798
26.808800000000005 26.6189
29.4675 26.772500000000004
27.9809 26.696100000000005
28.454400000000007 26.67249999999999
26.372600000000002 26.608600000000003
27.617200000000004 26.5891
26.910000000000007 26.704300000000007
26.325100000000006 26.708699999999997
25.681200000000004 26.630399999999995
29.2612 26.799600000000005
26.915000000000006 26.6909
26.67469999999999 26.6346
26.625 26.690200000000004
28.329499999999996 26.832300000000004
26.589799999999997 26.70160000000001
27.469999999999995 26.699500000000004
28.5103 26.761499999999998
27.075300000000002 26.722199999999997
22.8616 26.45660000000001
23.077200000000005 26.380800000000004
20.499899999999997 26.232200000000006
19.668799999999994 26.150300000000005
23.342399999999998 26.316500000000005
25.093499999999995 26.604399999999995
22.1716 26.410800000000002
26.82202000000001 26.732110000000002
27.433629999999994 26.39594
25.524600000000007 26.411899999999992
28.187100000000004 26.683200000000003
26.89116000000001 26.491729999999997
25.033810000000006 26.34629000000001
24.53372000000001 26.352660000000007
27.419629999999994 26.489179999999994
24.984640000000002 26.33227
23.072420000000005 26.236629999999998
24.443217 26.328879999999998
25.182126999999994 26.36097999999999
26.802841000000004 26.435989999999993
26.703854 26.547979999999992
25.53850000000001 26.477770000000007
27.359099999999998 26.673900000000007
25.802500000000002 26.619500000000006
