25.494200000000006 25.928399999999996
24.3465 25.968000000000007
25.64240000000001 26.051399999999997
25.7553 26.159399999999998
25.835900000000002 26.168299999999995
25.12290000000001 26.18189999999999
26.144099999999998 26.282900000000005
25.927 26.261099999999992
26.332200000000007 26.2596
28.768630000000005 26.450840000000003
22.802519999999994 25.66847
24.233179999999987 25.696930000000005
22.31142 25.215229999999988
15.70621 24.21955
15.717819999999996 24.20113
15.34393 24.113409999999995
17.179069000000002 24.267940000000003
20.76893 24.575850000000006
20.064905999999993 24.65532
24.015295999999996 24.928080000000005
23.787608 24.94907
26.323071999999993 25.26406
21.651282 24.532449999999997
19.751120000000004 24.44166
20.237940000000002 24.475549999999995
22.078300000000002 24.704239999999995
21.42097 24.640050000000006
23.813930000000003 25.045439999999996
20.64046 24.47434
19.732260000000004 24.292540000000002
23.0983 24.7076
24.1139 24.838900000000002
27.325999999999993 25.144299999999998
27.432500000000005 25.348499999999994
25.758300000000002 25.204699999999995
26.63630999999999 25.341620000000002
23.501899999999996 24.65866000000001
27.030899999999995 24.852259999999998
26.29854 24.944610000000004
26.547340000000002 24.969709999999996
25.37925999999999 24.947869999999998
24.069225000000007 24.94499999999999
27.517906999999987 25.22040830000001
26.493340000000003 24.700400000000005
27.89274 24.99344
28.07109000000001 24.480370000000008
30.02926 24.70571
26.727350000000005 24.054130000000008
26.688649999999996 24.36415
27.828050000000005 24.648389999999996
26.985960000000002 24.16658
26.57909999999999 24.2606
28.023800000000005 24.579899999999995
27.70280000000001 24.583099999999998
27.089500000000005 24.662699999999997
26.901500000000006 24.763599999999997
27.08490000000001 24.815700000000003
27.351599999999998 24.866199999999992
26.38390000000001 24.846599999999995
27.25079999999999 24.881400000000003
26.618000000000002 24.939799999999998
25.074999999999996 24.944700000000005
25.116999999999994 24.9417
25.35550000000001 24.972800000000003
25.400700000000004 24.997300000000006
24.980999999999998 25.051500000000004
20.47169999999999 24.678499999999996
19.529100000000003 24.5077
24.0626 24.8912
25.889499999999998 24.992900000000006
26.419700000000002 25.128300000000003
27.702900000000007 25.215600000000006
25.494899999999998 25.1011
25.4001 25.080400000000004
26.669500000000006 25.217100000000002
27.0906 25.2719
24.987500000000004 25.1276
24.4193 25.090400000000002
25.437999999999995 25.216900000000003
30.402260000000002 25.294349999999998
24.485720000000004 24.75412
24.738699999999998 24.786870000000008
23.135610000000003 24.685150000000007
22.893220000000003 24.607079999999996
23.871669999999998 24.68127
23.068171 24.642739999999996
24.354130999999995 24.75959
23.885040999999998 24.66639
24.120680999999998 24.753959999999996
23.847378000000006 24.29231
22.462910000000004 24.23005
23.028029999999998 24.386009999999995
23.417230000000004 24.50456
24.41133000000001 24.435270000000006
23.938800000000004 24.460080000000005
24.829336 24.542479999999998
23.967127 24.49195999999999
23.494913000000004 24.40265000000001
24.599417000000003 24.510250000000006
21.447136000000004 24.296050000000005
14.915600000000001 23.822800000000004
15.5067 23.856699999999996
16.259100000000007 23.9233
16.559200000000004 23.907000000000004
17.987599999999997 24.0756
15.2285 23.903199999999995
14.585500000000001 23.833799999999997
16.3772 23.9248
19.111599999999996 24.1862
20.895400000000002 24.397900000000003
17.758399999999998 24.1667
20.519299999999998 24.365800000000004
22.53649999999999 24.604400000000005
25.087 24.803299999999997
24.8509 24.8978
23.853099999999998 24.758199999999995
23.6692 24.751800000000003
25.01938 24.951719999999995
24.56358 24.41584
24.65352 24.423430000000003
22.53805 23.843630000000008
22.834657999999997 23.825360000000003
22.298159999999996 23.82897
22.628593000000006 23.843149999999998
23.606039999999997 23.99462
24.370871 24.116729999999993
24.183875999999994 24.143019999999996
23.624870999999995 24.105459999999994
24.275643 24.183880000000006
24.356200000000005 24.244299999999992
24.6081 24.338500000000003
23.7519 24.362899999999996
25.241960000000002 24.508080000000003
24.84040999999999 24.032109999999996
23.634400000000007 24.132100000000005
24.8003 24.154899999999998
24.741200000000003 24.1621
24.902900000000006 24.280399999999997
23.8897 24.210099999999997
23.3495 24.1687
23.603699999999993 24.159599999999994
23.470299999999995 24.208000000000002
23.3955 24.2199
23.3142 24.2178
23.4558 24.301299999999998
22.586199999999998 24.237799999999996
22.503400000000003 24.210500000000007
21.379400000000008 24.125999999999987
16.832099999999997 23.758000000000003
20.021999999999995 23.971099999999996
22.796000000000003 24.272899999999993
24.255099999999995 24.337000000000003
23.375 24.36699999999999
21.314599999999988 24.211199999999998
20.428400000000003 24.1287
19.727900000000005 24.0952
19.4559 24.057900000000007
18.85769999999999 24.036799999999996
14.047500000000001 23.703800000000008
12.841 23.5514
14.330799999999996 23.6319
19.071700000000007 23.987299999999998
20.9402 24.107099999999992
18.342599999999997 23.967
21.956100000000003 24.262999999999998
23.301799999999997 24.362499999999997
20.050599999999996 24.156399999999998
20.152399999999997 24.164900000000003
19.096849999999993 24.03396
21.582759999999997 23.973130000000005
21.43679999999999 23.985550000000003
21.504500000000007 24.01792
22.134849999999997 24.09687999999999
21.545370000000002 24.065340000000006
20.932439999999996 23.984870000000004
22.937399999999997 24.165849999999995
22.50193999999999 24.20223
22.621811 24.25737
22.620800000000006 24.214429999999997
23.36760000000001 24.2655
21.805000000000003 24.211999999999996
21.816950000000002 24.243399999999998
22.333400000000005 24.2743
22.430000000000003 24.3491
21.601599999999998 24.2576
21.3588 24.2937
21.288500000000003 24.324
15.8997 23.827699999999997
18.004600000000007 23.9686
21.151 24.2853
22.295100000000005 24.3756
19.999099999999988 24.267200000000003
14.210499999999993 23.698500000000003
16.1901 23.8861
18.165000000000003 24.026600000000006
22.051000000000005 24.378099999999993
20.6398 24.312300000000004
16.954099999999993 23.9622
20.975500000000004 24.368499999999997
22.041400000000007 24.439400000000003
21.5866 24.370200000000008
19.60420000000001 24.261500000000012
18.462600000000002 24.088799999999996
21.621470000000002 24.387899999999995
21.47078 24.373500000000003
21.910249999999994 24.392199999999995
22.26610999999999 24.565800000000003
18.61984 24.2439
20.42352 24.402000000000008
19.104130000000005 24.267999999999997
20.29278 24.374999999999996
21.585820000000005 24.5006
21.506040000000006 24.51119999999999
22.11989 24.5616
22.287830000000007 24.613100000000003
21.41181999999999 24.584899999999998
20.592459999999996 24.551800000000004
20.783599999999993 24.595800000000008
20.368010000000005 24.54106
20.479540000000007 24.08893
20.881539999999998 24.13914
20.86855 24.129970000000004
20.531470000000002 24.149160000000002
20.14998 24.130639999999996
21.04158 24.154609999999995
22.155347000000003 24.375160000000008
20.182047000000004 23.83
20.647429000000006 23.416000000000007
20.150330000000007 23.467350000000003
21.121309999999998 23.57453
18.788710000000002 22.513880000000004
18.760711 22.550130000000006
15.134257000000002 22.164400000000004
17.613193000000003 22.532140000000005
21.560662000000004 22.937120000000004
18.731212 22.785760000000003
17.809581000000005 22.733549999999997
12.900907 22.310619999999997
15.386157000000003 22.58359999999999
18.28097 22.391199999999998
23.452130000000007 22.3467
24.064970000000002 22.536800000000007
21.67576 22.30806
23.281270000000003 22.109670000000005
21.638500000000004 22.089199999999998
23.205099999999998 22.245999999999995
21.132 22.225800000000007
18.8974 22.042699999999996
21.884499999999996 22.296799999999994
23.5029 22.4638
24.0744 22.622800000000005
23.9203 22.6155
25.525600000000004 23.329000000000004
24.815600000000014 23.2913
27.200499999999984 23.519200000000005
26.075799999999997 23.536600000000004
25.7554 23.5111
26.738900000000005 23.701000000000008
26.534299999999995 23.677200000000003
27.554699999999993 23.81750000000001
26.499900000000004 23.746799999999997
26.416099999999997 23.757300000000008
27.206699999999994 23.811100000000003
27.670499999999997 23.944500000000005
29.558600000000002 24.050800000000006
27.276699999999988 23.948199999999996
27.06099999999999 23.949599999999997
27.87830000000001 23.9987
27.235100000000003 23.9898
28.616900000000005 24.113000000000007
29.555300000000006 24.272400000000008
31.082400000000003 24.3258
29.8362 24.3462
29.177699999999994 24.3163
31.303899999999995 24.457199999999997
34.04850000000001 24.650799999999997
30.46939999999999 24.611099999999997
31.09770000000001 24.5782
30.7725 24.592399999999998
30.8609 24.6146
31.502399999999998 24.557500000000005
32.943400000000004 24.7216
30.4769 24.5921
28.024800000000006 24.4897
21.013000000000005 23.991600000000012
24.4889 24.133799999999997
29.456299999999995 24.598700000000008
30.864399999999996 24.695400000000003
