11.3526 6.0371
11.446499999999999 6.028600000000001
13.063999999999998 6.0745000000000005
13.114999999999998 6.1083
11.914 6.057899999999999
13.119999999999997 6.0408
11.9175 6.0645999999999995
12.296 6.0508999999999995
11.5521 6.0494
11.976999999999999 6.0446
11.7001 6.0356
12.0719 6.0332
10.4975 6.004300000000001
10.770900000000001 6.0189
8.6434 5.994199999999999
8.352799999999998 6.0280000000000005
8.699100000000001 6.066199999999999
9.1446 6.076999999999999
9.9596 6.0973999999999995
8.008899999999999 6.0807
7.855999999999999 6.0790999999999995
8.1135 6.0843
7.4257 6.0752
7.7446 6.0798
8.049699999999998 6.0837
8.155100000000001 6.0922
7.7347 6.0874
8.457999999999998 6.074599999999999
7.248800000000001 6.071400000000001
7.437199999999999 6.082800000000001
8.4947 6.0922
8.192200000000001 6.0868
7.0801 6.0798
8.2168 6.0883
7.691299999999999 6.0767
8.957 6.102799999999999
8.4808 6.0988999999999995
9.3941 6.1057999999999995
9.034600000000001 6.0920999999999985
7.8163 6.0814
8.341299999999999 6.092799999999999
8.463799999999999 6.098199999999999
9.451 6.1066
8.243500000000001 6.092999999999999
8.277899999999999 6.096799999999999
9.289399999999997 6.1356
7.4548000000000005 6.105
10.016399999999999 6.1653
9.549199999999999 6.1385
9.660499999999999 6.1415999999999995
9.2424 6.134199999999999
9.2851 6.122
9.4912 6.1142
9.204399999999998 6.0724
8.7712 6.0806000000000004
9.888899999999998 6.102100000000001
9.4495 6.0799
10.3764 6.087700000000001
9.2516 6.0761
10.298 6.0845
10.0108 6.0737000000000005
10.585700000000001 6.0707
10.4718 6.0753
10.1818 6.066200000000001
9.9208 6.0706999999999995
10.6268 6.101999999999999
9.799 6.0828999999999995
9.774099999999999 6.0754
10.504499999999998 6.0929
11.959999999999999 6.1202
11.134 6.112700000000001
10.3393 6.0829
10.971600000000002 6.0874
10.5214 6.0936
10.3766 6.0767999999999995
10.0203 6.0798000000000005
9.4924 6.0678
10.110199999999999 6.0723
9.8992 6.067700000000001
9.7066 6.0958
9.989899999999999 6.117900000000001
9.6203 6.1212
8.9378 6.1217
8.867899999999999 6.1212
9.4336 6.127199999999999
10.1159 6.1354999999999995
10.6184 6.1167
9.4909 6.0753
10.738999999999997 6.104500000000001
9.0334 6.077500000000001
8.825 6.0862
9.252400000000002 6.105099999999999
9.496999999999998 6.115799999999999
9.6329 6.1089
8.777399999999998 6.099
8.5581 6.0981
8.077000000000002 6.0944
7.6203 6.0869
7.8819 6.098299999999999
7.8416 6.0974
8.049800000000001 6.1073
7.827000000000001 6.112699999999999
7.338 6.0889
6.594800000000001 6.079
6.252899999999999 6.075899999999999
6.230800000000001 6.082800000000001
6.822099999999999 6.098199999999999
6.1401 6.0912999999999995
6.3096 6.0867
7.2082999999999995 6.117999999999999
7.17 6.1227
6.742900000000001 6.121800000000001
7.011399999999999 6.0866999999999996
7.3128 6.109000000000001
7.1427000000000005 6.108
8.254999999999999 6.127
8.5609 6.1219
7.9232 6.1401
7.5012 6.1219
7.614299999999999 6.125099999999999
7.3036 6.1301000000000005
6.8117 6.098999999999999
7.4708 6.1021
7.1565 6.0822
7.394299999999999 6.0889
7.5294 6.092199999999999
7.548399999999999 6.0874
6.9853 6.083600000000001
7.417400000000001 6.0785
7.419200000000001 6.068300000000001
7.505400000000001 6.0683
6.293500000000001 6.0477
7.471500000000001 6.0585
7.6145000000000005 6.069300000000001
7.498099999999999 6.07
7.2494000000000005 6.070899999999999
7.4860999999999995 6.0622
7.4226 6.069100000000001
7.347200000000001 6.0699000000000005
6.8512 6.057600000000001
7.3279 6.0676
7.156399999999999 6.079
6.7963 6.0813999999999995
5.7305 6.0554
6.827500000000001 6.0676
6.7625 6.090599999999999
5.774 6.0538
5.5548 6.0538
5.7732 6.0646
6.9091 6.0752
7.1937 6.092199999999999
6.5012 6.087400000000001
5.9327000000000005 6.08
5.896800000000001 6.0676
5.641 6.0714999999999995
7.2311 6.0806000000000004
6.570899999999999 6.0874999999999995
8.6352 6.1158
7.0935 6.084499999999999
7.3539 6.102
7.4997 6.1057
7.9728 6.1173
8.0801 6.1119
7.9748 6.1057
7.596 6.0938
7.5043 6.0989
7.6409 6.1113
8.0199 6.1110999999999995
8.036 6.1158
8.4862 6.107899999999999
8.0337 6.1028
7.842299999999999 6.092100000000001
7.706700000000001 6.092899999999999
7.659199999999999 6.0974
8.3322 6.098199999999999
8.3602 6.0981
8.4503 6.085999999999999
8.695500000000001 6.0806
9.011800000000001 6.077700000000001
9.8018 6.082999999999999
8.4534 6.048500000000001
8.460999999999999 6.0487
9.2129 6.0922
9.327100000000002 6.0952
9.462299999999999 6.089799999999999
9.6737 6.0989
8.706100000000001 6.079700000000001
8.9212 6.0851
8.3146 6.0752
8.0483 6.0759
8.998800000000001 6.0958
8.7655 6.0951
8.509699999999999 6.075399999999999
8.367 6.0913
9.286 6.092899999999999
8.9186 6.101999999999999
9.278699999999999 6.1021
9.4136 6.1067
8.7621 6.0920000000000005
8.6124 6.090400000000001
8.296199999999999 6.088400000000001
9.5922 6.111999999999999
9.7767 6.1021
9.5192 6.0988999999999995
10.0212 6.105200000000001
10.669400000000001 6.122799999999999
9.7956 6.0914
11.092500000000001 6.112699999999999
10.7743 6.1157
9.482899999999999 6.0676
9.7957 6.0806000000000004
10.291099999999998 6.0790999999999995
9.6542 6.0706999999999995
10.662199999999999 6.0874
10.8945 6.081499999999999
11.1644 6.0945
10.884400000000001 6.0859
10.459399999999999 6.0943
10.3717 6.104899999999999
10.1956 6.089
11.2413 6.1103000000000005
10.755999999999998 6.099700000000001
10.5533 6.1166
9.657300000000001 6.0845
10.006799999999998 6.1333
10.981 6.1349
9.811999999999998 6.1243
9.3559 6.108899999999999
11.1056 6.15
10.1073 6.1082
10.032399999999999 6.109500000000001
10.576300000000002 6.123199999999999
10.137599999999997 6.1058
11.0157 6.1065000000000005
10.993599999999999 6.116600000000001
9.579199999999998 6.0653
10.296199999999999 6.0806
8.7268 6.054099999999999
9.6164 6.0622
8.8699 6.0493999999999994
9.409400000000002 6.0607
9.9956 6.0767999999999995
9.159900000000002 6.062199999999999
9.1106 6.079000000000001
10.1338 6.089899999999999
10.152399999999998 6.111299999999999
9.918499999999998 6.0806
9.866900000000001 6.071400000000001
9.541 6.07
9.3623 6.0432
9.2239 6.038
8.314599999999999 6.0409999999999995
9.102400000000001 6.040900000000001
8.3832 6.0371999999999995
8.2304 6.042400000000001
8.227400000000001 6.0509
9.1741 6.0486
10.016200000000001 6.0745
10.0532 6.059399999999999
9.3748 6.038
10.939700000000002 6.0767999999999995
10.100000000000001 6.053800000000001
10.8323 6.0755
9.8215 6.0288
9.9193 6.0394
9.963799999999999 6.0348
10.1205 6.0516000000000005
10.5354 6.058599999999998
11.3712 6.0676999999999985
11.5424 6.0821
10.976099999999999 6.079
11.5758 6.0654
11.8254 6.0767999999999995
11.3992 6.0845
10.888100000000001 6.0487
12.126100000000001 6.0646
10.625499999999999 6.064499999999999
11.6929 6.0601
11.8032 6.055499999999999
10.4308 6.0394
10.4382 6.0249
10.8731 6.017399999999999
9.9473 6.0173
10.5167 6.0173000000000005
9.7094 6.0134
10.529200000000003 6.020300000000001
9.4489 6.0020999999999995
10.7768 6.0242
