13.6647 19.474800000000002
13.661399999999999 19.430100000000007
13.562600000000005 19.384300000000003
13.594900000000004 19.3615
13.701300000000002 19.438800000000008
13.750200000000001 19.4395
13.687300000000006 19.492000000000004
13.6628 19.4734
13.627099999999995 19.585100000000004
13.8533 19.629400000000008
13.648999999999994 19.6685
13.744700000000002 19.65019999999999
13.604099999999997 19.533300000000004
13.6962 19.470500000000005
13.4913 19.3837
13.5541 19.413000000000004
13.436700000000002 19.3172
13.3999 19.302700000000005
13.248199999999995 19.310400000000005
13.3634 19.348200000000002
13.336610000000002 19.340300000000006
13.323800000000002 19.455900000000007
13.396600000000003 19.493400000000012
13.340599999999995 19.500400000000003
13.457200000000006 19.520000000000003
13.575100000000004 19.36960000000001
13.441299999999998 19.426400000000005
13.325500000000002 19.371400000000012
13.306799999999996 19.403300000000005
13.262099999999988 19.377800000000004
13.099599999999997 19.355199999999996
13.13811 19.37370000000001
13.304299999999996 19.475899999999992
13.32449 19.4482
13.313299999999995 19.324300000000004
13.439100000000003 19.433699999999995
13.38725 19.373699999999996
13.418399999999997 19.349
13.4906 19.425600000000006
13.413900000000002 19.360299999999995
13.385899999999998 19.403799999999993
13.742299999999998 19.362700000000004
13.774199999999995 19.3686
13.825599999999996 19.32570000000001
13.801770000000001 19.429100000000002
13.9519 19.43479999999999
13.9559 19.424899999999994
14.028100000000002 19.363600000000012
14.13945 19.3634
14.01769999999999 19.470699999999997
13.994299999999992 19.395799999999998
14.083300000000001 19.4518
14.013199999999998 19.3799
14.014300000000002 19.42469999999999
13.998389999999999 19.41040000000001
14.077 19.497199999999992
13.949800000000002 19.4598
13.948650000000004 19.46360000000001
13.888699999999998 19.41330000000001
14.0008 19.427600000000005
13.994199999999996 19.438200000000013
13.935499999999996 19.4559
13.895000000000005 19.406700000000004
13.8431 19.42129999999999
13.8263 19.412199999999995
13.899400000000004 19.399000000000004
13.868899999999995 19.3424
14.035699999999995 19.4127
13.957499999999998 19.422699999999992
14.2281 19.455
13.966800000000001 19.393
13.896700000000001 19.3963
13.790999999999997 19.461400000000005
13.845899999999991 19.33680000000001
13.918800000000003 19.261099999999995
13.908800000000005 19.316500000000005
13.727000000000006 19.375200000000003
13.870400000000007 19.443600000000007
13.9287 19.416000000000004
14.004400000000002 19.38910000000001
14.024600000000001 19.371500000000008
14.016599999999999 19.366800000000005
13.911499999999998 19.441899999999997
13.978299999999999 19.41430000000001
13.8767 19.3382
13.854800000000001 19.47890000000001
13.868300000000003 19.478700000000007
13.880300000000004 19.4722
13.874499999999992 19.3925
13.825499999999998 19.488100000000006
13.839599999999994 19.485199999999995
13.973900000000006 19.405799999999996
14.036599999999991 19.434999999999995
14.128999999999998 19.40759999999999
14.094600000000005 19.494699999999998
14.105600000000004 19.5051
14.153000000000002 19.5295
14.298700000000004 19.5509
14.250019999999996 19.498000000000005
14.223199999999997 19.5159
13.946800000000003 19.503000000000007
13.989500000000005 19.384799999999995
13.874199999999998 19.370400000000014
13.882999999999996 19.3138
14.0458 19.325100000000006
14.258599999999996 19.4394
14.248699999999998 19.5285
14.074 19.5347
13.909400000000002 19.519900000000003
13.975999999999997 19.560200000000005
14.007700000000003 19.4797
14.089899999999997 19.5381
13.956900000000003 19.478500000000007
13.879000000000003 19.495400000000004
13.866 19.4741
13.918300000000006 19.5432
13.803500000000005 19.43690000000001
13.861449999999998 19.444200000000006
13.941499999999998 19.424300000000002
14.0253 19.493000000000002
13.973799999999997 19.499599999999997
14.289299999999997 19.482999999999997
14.584199999999994 19.524300000000004
14.6951 19.509400000000007
14.642299999999992 19.418000000000003
14.359300000000005 19.4206
14.0834 19.401300000000006
14.033999999999997 19.403799999999997
13.941599999999998 19.481299999999987
14.007299999999995 19.355900000000005
13.855100000000009 19.380900000000008
13.954199999999997 19.37550000000001
14.070499999999997 19.334800000000005
13.9676 19.366000000000007
13.920300000000003 19.34470000000001
13.964800000000002 19.4026
13.862200000000005 19.475200000000005
13.916300000000001 19.5363
13.859400000000004 19.4994
14.040799999999996 19.40190000000001
14.084299999999997 19.3587
14.106500000000006 19.348200000000002
14.211200000000005 19.351900000000008
14.318599999999998 19.420500000000004
14.209 19.444800000000004
14.2176 19.4632
14.320000000000002 19.4167
14.175100000000002 19.438899999999997
14.188900000000002 19.48170000000001
14.388899999999996 19.5057
14.371300000000002 19.471100000000007
14.480499999999994 19.477300000000007
14.349399999999996 19.432600000000008
14.222699999999996 19.340700000000002
14.210099999999997 19.3118
13.983400000000001 19.104499999999998
14.080699999999998 19.40260000000001
14.198200000000002 19.3919
14.122799999999996 19.329
14.148500000000006 19.3851
14.129399999999997 19.3987
14.0539 19.25879999999999
14.143900000000004 19.256100000000004
14.148000000000005 19.2537
14.190899999999996 19.2482
14.638600000000002 19.569100000000002
14.303500000000005 19.422200000000004
14.3537 19.488899999999997
14.490799999999998 19.551499999999997
14.489900000000002 19.453499999999995
14.4525 19.367500000000003
14.48230000000001 19.326500000000003
13.9256 19.4073
13.4657 19.4669
13.523399999999999 19.500600000000006
13.5502 19.351599999999998
13.5606 19.355500000000006
13.630499999999996 19.268299999999996
13.503499999999999 19.311499999999995
13.536660000000001 19.336100000000002
13.490000000000006 19.315
13.703369999999998 19.322600000000005
13.720699999999997 19.3314
13.747900000000005 19.350299999999997
13.768999999999995 19.387999999999995
13.819100000000004 19.471299999999996
13.840700000000004 19.4639
13.914399999999993 19.465000000000003
13.751899999999997 19.433600000000002
13.763999999999992 19.4094
13.505400000000007 19.333600000000008
13.565559999999998 19.253499999999995
13.699499999999992 19.29110000000001
13.706700000000005 19.2982
13.7139 19.234100000000012
13.708499999999995 19.242400000000007
13.692299999999994 19.2643
13.584000000000005 19.343700000000005
13.570469999999995 19.34550000000001
13.644399999999992 19.33760000000001
13.640100000000002 19.283500000000004
13.537099999999999 19.421100000000003
13.376599999999996 19.427199999999996
13.3274 19.4702
13.29097 19.397400000000008
13.344700000000003 19.28660000000001
13.363499999999998 19.374900000000007
13.376099999999996 19.386300000000002
13.2725 19.51590000000001
13.276959999999999 19.449099999999998
13.200050000000003 19.400200000000005
13.417100000000001 19.333
13.342299999999998 19.437400000000004
13.361499999999998 19.44800000000001
13.301700000000006 19.442300000000003
13.270899999999997 19.427800000000005
13.223400000000002 19.4528
13.317900000000005 19.505499999999998
13.300800000000002 19.445799999999995
13.376299999999993 19.466600000000003
13.310999999999995 19.424200000000006
13.290700000000008 19.4236
13.311969999999999 19.39870000000001
13.42336 19.3714
13.352900000000004 19.456400000000006
13.482099999999999 19.4416
13.370299999999999 19.45070000000001
13.737299999999998 19.3809
13.500199999999998 19.401499999999995
13.508299999999998 19.3768
13.533199999999997 19.459499999999995
13.636999999999997 19.481800000000003
13.578199999999999 19.414999999999996
13.586649999999997 19.438500000000005
13.534800000000002 19.4133
13.503799999999998 19.469799999999992
13.454599999999997 19.443399999999997
13.491890000000001 19.577599999999997
13.659370000000004 19.585300000000004
13.737300000000003 19.5092
13.631469999999998 19.373800000000003
13.686900000000001 19.407600000000002
13.545570000000007 19.482699999999998
13.55417 19.408799999999996
13.769399999999996 19.286100000000005
13.794699999999999 19.3091
13.748399999999993 19.3692
13.662600000000003 19.3212
13.636599999999998 19.378500000000006
13.700000000000001 19.350200000000015
13.652100000000003 19.3561
13.7572 19.35350000000001
13.849999999999998 19.321900000000014
13.658999999999999 19.343700000000002
13.740900000000003 19.311700000000005
13.6546 19.324700000000004
13.542999999999997 19.297199999999997
13.5594 19.4187
13.929999999999998 19.406400000000005
14.1594 19.4856
13.831699999999996 19.346199999999996
13.796079999999996 19.2965
13.806609999999994 19.2857
13.778800000000007 19.3763
13.611999999999998 19.440500000000007
13.723300000000002 19.297800000000002
13.717000000000008 19.3076
13.779600000000006 19.3726
13.877399999999994 19.3106
13.962799999999994 19.36229999999999
13.7443 19.3777
13.75435 19.417499999999997
13.6978 19.423999999999996
13.774100000000002 19.5006
13.6908 19.456300000000017
13.728100000000001 19.46060000000001
13.524099999999994 19.43210000000001
13.523699999999996 19.533899999999996
13.6349 19.449599999999993
13.710099999999997 19.435999999999996
13.671900000000004 19.454400000000003
13.814500000000004 19.53080000000001
13.746900000000004 19.4432
13.813600000000001 19.475499999999997
13.670100000000005 19.4588
13.772 19.4363
13.710400000000003 19.445700000000006
13.4714 19.478300000000008
