32.256190000000004 24.841259999999995
29.890469999999997 23.965289999999996
29.224470000000004 23.512820000000005
28.144370000000002 23.541419999999995
29.19376799999999 23.86241
29.909487000000006 24.056409999999996
32.225376 24.25302
32.965867999999986 24.337310000000002
30.083767999999996 24.159599999999994
29.318459000000008 24.20902999999999
29.202504 24.190490000000004
29.204069999999998 24.223330000000008
29.2255 24.3098
26.084200000000006 24.224699999999995
26.915499999999998 24.2389
30.796300000000006 24.512699999999995
30.771599999999992 24.6248
30.88590000000001 24.675499999999996
28.703 24.5447
32.48630000000001 24.798299999999998
31.388299999999987 24.765500000000003
32.097799999999985 24.845900000000004
30.78920000000001 24.85370000000001
28.402400000000007 24.745100000000004
29.471999999999994 24.835099999999997
30.758800000000008 24.823900000000005
31.302899999999994 24.995300000000004
29.331999999999997 24.857100000000003
30.65800000000001 24.956000000000003
31.61190000000001 25.011700000000005
30.8919 25.10539999999999
26.3874 24.780299999999993
25.794399999999996 24.591600000000007
26.410100000000003 24.6413
19.372200000000003 24.1569
24.6754 24.474199999999996
29.318199999999994 24.953000000000003
29.805799999999994 24.975700000000003
29.190199999999994 24.96329999999999
28.83919999999999 24.999299999999998
28.6987 25.039200000000005
30.184299999999997 25.1577
29.3846 25.054600000000004
32.183 25.240299999999994
32.080700000000014 25.298699999999997
29.341600000000007 25.236100000000008
31.120800000000003 25.3775
31.0339 25.3927
29.488600000000005 25.3713
29.549300000000002 25.3113
30.836750000000002 25.481500000000008
29.554539999999985 24.86432
27.656370000000003 24.760440000000003
28.402219999999982 24.33155
27.021849999999997 24.24928
27.988950000000006 24.44883
26.712100000000007 24.434710000000006
26.569599999999998 24.516800000000003
27.31150000000001 24.5697
31.517899999999997 24.9075
30.861599999999996 24.850099999999998
31.4582 24.9009
30.5421 24.8968
29.978700000000003 24.9217
29.9791 24.918000000000003
29.832799999999988 24.9364
30.15810000000001 25.012600000000003
26.17520000000001 24.790000000000003
29.0424 24.930900000000005
26.134400000000007 24.747400000000003
30.913500000000006 25.151200000000003
21.1583 24.465700000000002
24.3153 24.571499999999993
28.744500000000002 25.0075
29.204600000000003 24.980100000000004
28.6971 24.973500000000005
31.3056 25.179299999999994
30.32849999999999 25.103799999999993
29.266500000000008 25.029299999999992
28.998399999999997 25.0766
29.436700000000005 25.158399999999993
29.48510000000001 25.107000000000003
30.6508 25.27480000000001
28.515699999999995 25.0672
28.050000000000004 24.9979
27.54029999999999 25.051599999999997
29.945600000000006 25.24190000000001
28.442399999999996 25.134799999999995
29.297800000000002 25.189700000000002
30.5406 25.353799999999993
29.314600000000006 25.300599999999996
28.705500000000008 25.184100000000004
29.76580000000001 25.304099999999995
28.506799999999995 25.249299999999998
29.621500000000005 25.3027
27.445500000000006 25.154500000000002
26.31429999999999 25.037400000000005
27.6117 25.1365
28.207599999999992 25.175800000000002
26.880600000000005 25.087400000000002
27.472 25.11589999999999
26.94030000000001 25.083900000000003
26.92440000000001 25.149699999999996
25.6137 25.063399999999998
25.2932 24.957200000000007
23.8905 24.8884
29.187400000000007 25.238699999999998
27.0812 25.21230000000001
18.3865 24.484299999999998
19.701299999999993 24.541599999999995
24.3294 24.8713
27.489599999999996 25.120000000000005
26.0781 25.072800000000008
25.388899999999996 24.972599999999993
26.63040000000002 25.1189
27.773100000000007 25.155000000000012
26.38589999999999 25.0327
27.13699999999999 25.0903
26.019699999999997 25.1186
27.212300000000006 25.22549999999999
26.297199999999997 25.141999999999992
28.0858 25.21590000000001
26.315500000000004 25.094999999999995
24.778300000000012 25.0267
24.553900000000006 24.922000000000004
25.7515 25.070999999999994
25.54780000000001 24.997800000000005
21.957299999999993 24.829099999999997
16.5406 24.375499999999995
14.258200000000002 24.193000000000005
14.0175 24.18050000000001
18.878300000000003 24.563200000000005
19.344699999999996 24.556500000000007
18.1854 24.4979
15.583699999999997 24.190500000000004
20.7004 24.609999999999996
21.7466 24.677699999999998
22.2832 24.784699999999997
19.2931 24.529700000000002
20.977100000000004 24.677100000000003
22.076100000000004 24.8027
21.359400000000008 24.710900000000002
23.593899999999994 24.860299999999995
23.174100000000003 24.914400000000004
21.472900000000003 24.781500000000005
21.767500000000002 24.77139999999999
19.248399999999997 24.651699999999998
20.450200000000002 24.674200000000003
22.3876 24.833999999999996
23.705099999999995 24.943699999999996
24.462500000000002 25.025800000000004
19.027 24.626899999999996
22.866099999999992 24.925300000000007
21.851800000000004 24.8794
25.40766999999999 25.10146000000001
24.78688 24.70887
24.303930000000005 24.595280000000002
26.50053 24.773979999999998
28.539939999999998 24.929
26.847840000000005 24.801019999999998
26.57046999999999 24.76688
27.657699000000008 24.80788
26.268093999999998 24.728689999999997
26.434399 24.721370000000004
28.24129400000001 24.87578000000001
29.22697000000001 24.992230000000003
24.709829999999997 24.52808
23.68197 24.416360000000008
24.151339999999998 24.428759999999997
23.267120000000006 24.365639999999992
24.43087 24.48362000000001
24.852040000000006 23.798060000000003
26.696677999999995 24.081879999999998
26.63482000000001 24.051030000000008
25.85364 24.277603999999993
25.04451000000001 24.178819999999995
26.273199999999996 24.3708
27.4715 24.5109
27.464 24.5353
25.295900000000003 24.384599999999992
25.990199999999998 24.455299999999998
24.716300000000004 24.4302
26.943879999999996 24.64768
25.8171 24.221299999999996
25.78409999999999 24.2573
26.0536 24.273700000000005
19.7812 23.919999999999998
15.572000000000003 23.523600000000002
16.736299999999996 23.664999999999996
19.679599999999997 23.835699999999996
21.25049999999999 23.914799999999996
16.663400000000006 23.6859
14.339200000000005 23.433899999999998
14.88 23.493599999999994
17.678600000000003 23.69899999999999
21.858099999999993 24.078000000000003
21.4258 24.112499999999997
21.384600000000002 24.040099999999992
20.793000000000003 24.087500000000002
22.766999999999996 24.256299999999996
23.331800000000005 24.2783
24.586199999999995 24.411700000000003
17.5859 23.932000000000002
22.6508 24.29
23.561099999999993 24.355299999999996
20.2636 24.170500000000004
18.953199999999995 24.100800000000003
16.6102 23.808599999999995
20.1504 24.0912
22.046600000000005 24.2818
23.470299999999995 24.411299999999994
20.696400000000008 24.230600000000003
20.4301 24.1821
23.257499999999997 24.431700000000003
22.213800000000003 24.3805
23.8231 24.48050000000001
25.8526 24.6697
26.9568 24.772899999999996
27.363099999999996 24.8013
26.0961 24.777799999999996
27.476500000000005 24.9218
27.574199999999998 24.89229999999999
28.610200000000003 24.980900000000002
28.89259999999999 25.007800000000003
28.281000000000013 24.987900000000003
28.649499999999996 25.05430000000001
25.87549999999999 24.867100000000008
28.065 25.069700000000005
30.06190000000002 25.248700000000003
27.273400000000002 25.1228
30.250300000000003 25.2545
30.8612 25.267699999999994
30.576700000000006 25.3471
28.930799999999994 25.269800000000004
29.15630000000001 25.225499999999997
29.956999999999994 25.3351
32.23120000000001 25.509999999999994
31.297900000000013 25.380200000000002
32.51939999999999 25.494399999999995
29.647000000000016 25.450199999999995
29.0237 25.2414
27.855600000000003 25.222699999999996
28.5278 25.212999999999997
28.2715 25.2567
28.3957 25.242900000000006
31.798189999999998 25.94955
28.849400000000003 24.982169999999996
24.09886000000001 24.68845000000001
20.001900000000003 24.380000000000003
27.598399999999994 24.93679999999999
28.588699999999996 24.935000000000006
28.244800000000005 24.952300000000005
28.341300000000004 24.919800000000002
27.102999999999998 24.9073
28.025500000000005 24.883100000000002
29.1997 24.956599999999998
26.69109999999999 24.8328
28.5388 24.848799999999994
28.56200000000001 24.901099999999992
32.48672 26.75314000000001
29.437469999999994 24.093039999999995
30.15650000000001 24.72009
26.971580000000007 23.612270000000002
29.191250000000004 23.744069999999997
26.57911 23.614620000000002
28.0782 23.753080000000004
30.259010000000004 23.864370000000005
30.841118000000012 23.999690000000008
26.179640000000003 23.843939999999996
24.2775 23.9574
21.330199999999998 23.824199999999998
15.969100000000003 23.372500000000002
16.321 23.312600000000003
18.418 23.4922
23.004599999999996 23.876199999999994
20.347700000000003 23.811899999999998
23.6343 24.0206
28.679199999999994 24.4813
25.054700000000008 24.2634
29.700300000000013 24.4515
31.010600000000004 24.606700000000004
32.2346 24.7731
33.730900000000005 24.912300000000002
32.71190000000001 24.941199999999995
31.79929999999999 24.893700000000003
33.874700000000004 25.024599999999992
34.07480000000001 25.1398
33.547 25.080699999999993
