12.360199999999999 8.229000000000001
16.0407 8.344
13.611800000000002 8.562899999999999
12.2008 8.355100000000002
11.608400000000001 7.6674999999999995
12.020700000000001 7.7597999999999985
15.1623 8.405999999999999
14.203899999999997 8.211599999999999
14.154099999999998 8.372
12.3642 8.2532
16.0045 8.278599999999999
15.3922 8.508000000000001
12.793099999999999 8.5653
11.1056 7.9602
11.742500000000001 7.8012
13.400699999999999 8.2582
12.188400000000001 8.086699999999999
13.4621 8.6092
11.6748 8.4163
16.230099999999997 8.460700000000001
14.133200000000002 8.8209
11.9899 8.011199999999999
11.263100000000001 7.7241
10.880999999999998 7.739099999999999
13.524099999999997 8.352699999999999
12.2559 8.369100000000001
14.9678 8.393999999999998
13.763599999999999 8.5345
16.409999999999997 8.534899999999999
12.4278 7.9979000000000005
11.614400000000002 7.773799999999999
12.498500000000002 8.3573
11.896999999999998 8.3716
13.9651 8.1584
12.0567 8.210999999999999
14.3293 8.4906
15.2061 8.8196
17.508000000000003 8.9597
14.186499999999999 9.4072
12.572 8.6539
11.8874 8.1086
10.512 7.6110999999999995
15.138100000000001 8.091000000000001
12.3755 8.6728
13.9448 8.473500000000001
17.1468 8.8627
16.387999999999998 8.808200000000001
11.941000000000003 8.1309
12.933900000000001 8.246500000000001
12.0815 8.3043
11.6717 8.093300000000001
12.739499999999998 8.3706
12.6895 8.622499999999999
11.965799999999998 8.366800000000001
14.028500000000003 8.8254
12.0217 8.583099999999998
13.5186 8.6301
12.4168 8.698400000000001
10.750099999999998 8.5499
9.859699999999998 7.9536000000000024
11.232999999999999 7.8376
11.9947 8.1264
12.7025 8.5469
13.799199999999997 8.504299999999999
12.525899999999998 8.425400000000002
13.0857 8.693
12.2885 8.191
10.7608 8.077800000000002
11.997700000000002 7.941500000000001
10.672300000000002 7.872799999999999
14.0045 8.3569
11.263900000000001 8.606900000000001
12.616299999999999 8.680799999999998
11.2972 8.5055
15.552700000000003 8.6864
11.6001 8.3576
12.943500000000002 8.1432
11.590900000000001 8.1658
13.773000000000001 8.0307
14.2925 8.2934
11.733699999999999 8.1165
13.253499999999999 8.311900000000001
11.553099999999999 8.5125
15.6183 8.63
12.749700000000002 8.6605
12.9253 8.5261
14.0506 8.6773
13.4797 8.488400000000002
15.5963 9.000900000000001
13.277699999999998 8.7814
13.643600000000003 8.649799999999999
12.0003 8.2383
16.0972 8.6463
14.3322 8.9436
14.8203 8.7377
16.114 9.0611
14.345300000000002 8.9473
14.9648 8.8197
14.542100000000001 8.8236
12.9909 8.544
14.422800000000002 8.501700000000001
16.026 8.4512
16.0748 8.831399999999999
16.909800000000004 9.015399999999998
16.5412 8.8026
16.626 9.1463
15.623999999999999 8.909199999999998
19.805999999999997 9.433499999999999
16.1358 9.4488
15.844999999999999 9.4717
14.344999999999999 8.7202
16.387 8.5198
16.2207 8.721700000000002
16.7839 8.8078
19.1576 9.600700000000002
15.994 9.2813
17.823 9.1322
16.1905 9.118
15.579799999999999 8.9046
15.495499999999998 8.3968
18.644000000000002 9.068399999999999
15.042 8.4249
19.016 8.6325
18.404999999999998 9.624099999999999
16.386 9.0697
17.886000000000003 8.6875
15.876999999999999 8.678
15.213 8.4917
16.220000000000002 8.5998
16.918 9.1054
15.891999999999998 8.6369
15.802999999999997 8.879000000000001
18.428 8.991400000000002
18.129 9.532300000000001
18.913999999999998 9.364799999999999
17.992 9.8371
16.2356 8.8869
14.2895 9.008899999999999
18.78 9.5011
14.594 8.9441
15.727000000000002 8.870000000000001
17.3215 9.2631
17.0228 9.5504
17.308 9.2711
17.691000000000003 8.995000000000001
16.613999999999997 8.8593
17.732 9.0583
19.935 9.4435
16.999 8.5921
17.671999999999997 9.2076
17.441000000000003 9.2385
16.954 8.8591
17.444000000000003 8.8795
19.158 9.246000000000002
20.507 9.954099999999999
20.095000000000002 9.3211
19.776999999999997 9.405800000000001
20.780000000000005 9.368500000000001
21.49 9.1887
20.445 9.6098
21.618000000000002 9.6006
19.905 9.474200000000002
20.413 9.261899999999999
21.233999999999998 9.3194
21.107000000000003 9.584299999999999
20.437 9.514399999999998
20.84 9.505
20.276999999999997 9.345500000000001
21.200000000000003 9.4264
20.235999999999997 9.2861
22.735 9.4038
24.011000000000003 9.838899999999999
21.403000000000002 9.7486
21.451999999999998 9.578799999999998
20.823000000000004 9.202399999999999
21.826999999999998 9.426
24.924999999999997 10.106799999999998
24.481 10.3512
21.829000000000004 9.9693
25.532999999999994 9.870300000000002
22.412 9.9625
24.276999999999997 9.5566
24.633000000000003 9.6831
23.637 9.7916
23.319000000000003 9.8893
23.472000000000005 10.4305
24.877 10.0161
24.881000000000004 9.842399999999998
24.798 9.838
24.52 10.1758
24.505000000000003 10.510399999999999
26.104 10.754600000000002
23.421999999999997 10.5643
23.701 10.0173
22.927 10.448099999999998
23.836999999999993 10.468
22.566999999999997 10.3934
22.517 10.7656
23.287999999999997 10.479299999999999
23.796999999999997 10.8974
24.925000000000004 10.5763
24.127000000000002 10.673399999999999
22.764 10.052000000000003
23.918999999999997 10.2898
22.232000000000003 10.0751
23.165999999999993 10.020199999999999
21.648999999999997 10.289900000000001
20.087 10.471900000000002
21.104 10.4837
21.127000000000002 10.3744
21.237000000000002 10.344700000000001
18.322 10.366
21.718999999999998 10.229499999999998
21.202 10.1152
21.302 10.1084
21.317999999999998 9.854299999999999
22.113 10.4718
21.014000000000003 10.5019
22.184 10.571499999999999
19.809 10.219299999999999
22.085 10.0956
21.421999999999997 10.4369
21.131 10.6922
20.343999999999998 10.5747
22.332 10.248099999999999
22.058 10.939400000000003
22.153 10.384
21.857 10.5129
20.285999999999994 10.358
21.389 10.4215
19.697 10.282400000000003
22.112000000000002 9.893
20.709 10.3983
20.459 10.367500000000001
22.618000000000002 10.304400000000001
20.687 10.4974
19.899999999999995 10.0448
19.554999999999996 10.231900000000001
19.797999999999995 10.3518
18.844 10.1024
20.812 9.847999999999999
22.403000000000002 10.0653
19.948 10.295499999999999
21.647 10.527199999999999
23.144000000000002 10.897599999999999
20.445999999999998 10.832
20.436999999999998 10.285899999999998
19.84 10.5688
19.625999999999998 10.790899999999999
18.825 10.6064
19.035000000000004 10.084700000000002
19.861 10.1249
20.156 10.2642
20.036 9.951500000000001
18.599 9.9703
17.555 9.747599999999998
20.032999999999998 9.802200000000001
20.341 10.0698
20.016000000000002 9.836100000000002
19.499 10.464799999999999
18.438999999999997 9.5147
19.794999999999995 9.7704
21.107999999999997 9.9979
18.116000000000003 10.2106
17.122 10.290099999999999
18.17 10.0447
18.715 9.497
20.613999999999997 9.953599999999998
19.57 10.405899999999999
16.699 9.938699999999999
19.757 10.09
18.371 10.4384
16.849000000000004 10.3108
16.609 10.226299999999998
15.094000000000001 10.019400000000001
14.541000000000004 9.319099999999999
17.854 9.8081
15.917 9.8519
17.973999999999997 9.922799999999999
15.755999999999998 9.6158
14.805400000000002 9.8034
17.534 9.659200000000002
16.712 9.4682
18.230999999999998 9.611600000000001
14.545899999999998 9.792100000000001
14.689999999999998 9.434299999999999
14.178999999999997 9.490899999999998
13.2158 9.282200000000001
