7.381200000000001 34.92999999999999
8.7903 34.945
8.408799999999998 34.951
8.3589 34.951
8.402899999999999 34.954
7.793100000000002 34.93899999999999
7.5464 34.92999999999999
8.648299999999999 34.948
7.9099 34.939
8.1012 34.93899999999999
8.1646 34.92999999999999
8.596200000000001 34.94799999999999
8.570500000000001 34.94799999999999
8.517900000000003 34.93599999999999
8.3221 34.945
9.0394 34.957
9.0077 34.951
9.2714 34.965999999999994
8.785 34.951
8.550300000000002 34.94799999999999
8.590500000000002 34.957
9.3868 35.230000000000004
8.729800000000001 34.957
8.9329 34.95400000000001
9.1613 34.966
9.040099999999999 34.976
8.952000000000002 34.971999999999994
8.9038 34.963
9.1273 34.966
8.8732 34.954
8.965 34.966
9.134100000000004 34.966
9.0244 34.966
9.426999999999998 35.02400000000001
8.950099999999999 34.96
9.8406 34.970000000000006
9.5419 34.985
10.709200000000003 35.028999999999996
9.0838 34.98
9.464000000000002 34.964
9.6633 34.98900000000001
10.182200000000002 35.008
9.126399999999999 34.992000000000004
8.6884 34.97200000000001
8.6817 34.963
8.874500000000001 35.32399999999999
9.310099999999998 34.99200000000001
9.2083 34.982000000000006
9.0028 34.963
9.791299999999998 34.998000000000005
8.669399999999998 34.981
8.974699999999999 34.967
8.643500000000003 34.978
9.0392 34.997
8.132700000000002 34.969
8.375399999999997 34.970000000000006
8.073299999999998 34.96
8.648200000000001 35.028
8.112 34.963
8.475299999999999 34.998000000000005
8.1393 34.972
8.5311 34.972
9.025100000000002 34.99500000000001
8.9852 35.001000000000005
8.3224 34.967
8.0067 34.957
9.001600000000002 34.976
9.4688 35.01700000000001
8.924300000000002 35.014
9.123700000000001 35.346999999999994
9.040899999999999 35.011
9.379800000000001 35.011
9.3813 35.007000000000005
8.922499999999998 34.982
9.468300000000001 34.99200000000001
9.1222 34.991000000000014
8.8931 34.978
8.837399999999999 34.97800000000001
9.488199999999999 34.99100000000001
9.4215 34.99
9.931700000000001 35.007
9.2829 35.251
9.4367 35.019000000000005
9.613600000000002 35.057
9.771400000000002 35.017
10.034600000000001 35.008
9.5674 35.001000000000005
9.868899999999998 35.01100000000001
10.166000000000002 35.02
9.212299999999999 34.99700000000001
9.575299999999999 35.001000000000005
9.6861 35.017
9.714900000000002 34.994
9.719900000000003 35.007000000000005
9.3268 35.00000000000001
8.769900000000002 34.998000000000005
10.400700000000002 35.044000000000004
10.0052 35.007
11.7608 35.050000000000004
11.1594 35.03800000000001
10.937400000000002 35.008
10.636099999999999 35.02000000000001
10.7106 35.032000000000004
10.563099999999999 35.03500000000001
12.004900000000001 35.078
12.1045 35.806
9.513799999999998 35.044000000000004
9.871699999999999 35.02600000000001
11.2951 35.06300000000001
10.7292 35.03200000000001
10.6268 35.050000000000004
10.337800000000001 35.038000000000004
11.6088 35.059999999999995
11.3386 35.05400000000001
11.144499999999999 35.029
11.280899999999999 35.06
10.971800000000002 35.047
10.142199999999999 35.050000000000004
10.453800000000001 35.078
10.319099999999999 35.029
10.782699999999998 35.05300000000001
11.229800000000003 35.048
11.9934 35.062
12.6739 35.106
12.651399999999999 35.078
12.703100000000001 35.094
12.422900000000002 35.07900000000001
12.764000000000001 35.085
12.863199999999999 35.106
12.8358 35.67799999999999
13.6243 35.12
13.445200000000002 35.11500000000001
14.382200000000001 35.142
13.809900000000003 35.11200000000001
13.103399999999999 35.105
12.624399999999996 35.105000000000004
14.252300000000002 35.10300000000001
13.935999999999998 35.138999999999996
16.180100000000007 35.20399999999999
14.536999999999999 35.181999999999995
14.9788 35.17599999999999
14.619499999999999 35.19199999999999
13.4758 35.12899999999999
12.940299999999999 35.213
11.9231 35.135000000000005
12.361699999999999 35.12299999999999
11.987399999999997 35.114000000000004
11.189500000000002 35.07300000000001
11.466300000000002 35.059000000000005
11.457900000000002 35.07800000000001
10.9955 35.071000000000005
10.814100000000002 35.07400000000001
11.6067 35.142
10.5697 35.225
10.157900000000001 35.099999999999994
10.713199999999997 35.05
11.4868 35.072
12.567 35.072
11.724200000000002 35.050000000000004
13.249299999999998 35.096
13.034800000000002 35.105000000000004
12.603200000000003 35.075
13.291999999999998 35.091
12.5717 35.078
13.2529 35.099000000000004
12.2597 35.63399999999999
12.656400000000001 35.13400000000001
12.950899999999999 35.12
12.687100000000001 35.11099999999999
11.693 35.089999999999996
12.503300000000001 35.099000000000004
12.9301 35.117
12.509299999999998 35.12
13.578799999999996 35.11099999999999
13.5047 35.144000000000005
13.391699999999998 35.13300000000001
13.2748 35.108
11.822400000000002 35.06
11.9752 35.071999999999996
12.558499999999997 35.083999999999996
12.5305 35.102
13.5108 35.121
13.010300000000003 35.112
13.732799999999997 35.120999999999995
13.210400000000003 35.106
13.6549 35.12100000000001
13.209700000000002 35.12099999999999
12.761699999999998 35.099999999999994
12.803999999999998 35.136
13.7078 35.587
12.5062 35.30600000000001
12.2415 35.078
11.6684 35.079
13.4933 35.109
13.383499999999998 35.123999999999995
15.619299999999999 35.144999999999996
14.1894 35.175999999999995
13.3444 35.10500000000001
14.032200000000003 35.112
14.073300000000003 35.12500000000001
14.657299999999998 35.136
13.3606 35.10500000000001
13.532499999999997 35.108
15.582799999999999 35.169
14.2285 35.12599999999999
13.741299999999997 35.083000000000006
13.5875 35.099
12.131500000000003 35.077000000000005
11.786 35.071000000000005
12.5413 35.120000000000005
12.896899999999997 35.111
12.603900000000001 35.123000000000005
12.1524 35.13
12.5472 35.467
11.803899999999999 35.249
13.6184 35.13
12.043100000000003 35.102
13.2667 35.132000000000005
13.187400000000002 35.13
12.545700000000002 35.114
11.759500000000003 35.093
11.7288 35.077000000000005
12.057799999999999 35.08800000000001
12.136700000000001 35.080000000000005
11.204500000000001 35.074
11.166899999999998 35.071999999999996
10.9569 35.065
12.063600000000003 35.074
11.7096 35.087
11.9258 35.102
11.4098 35.088
12.9525 35.13700000000001
12.106999999999998 35.1
13.2247 35.138000000000005
14.479999999999999 35.166
14.1433 35.138
12.770500000000002 35.099
12.796000000000001 35.559999999999995
12.1567 35.303000000000004
11.4162 35.114999999999995
12.766799999999998 35.10300000000001
13.1129 35.118
12.152 35.112
12.712199999999996 35.108000000000004
12.920699999999998 35.103
12.3389 35.084
11.6058 35.09700000000001
13.343399999999999 35.129999999999995
11.4914 35.102999999999994
11.5153 35.253
11.193499999999998 35.08500000000001
11.6413 35.094
11.108500000000001 35.093
11.7842 35.088
11.7471 35.112
12.496500000000001 35.119
13.076799999999999 35.146
12.412999999999997 35.112
12.846400000000003 35.12500000000001
12.398599999999998 35.09100000000001
12.382299999999999 35.120999999999995
11.021199999999999 35.547000000000004
10.5164 35.113
10.488499999999998 35.061
10.584899999999998 35.066
11.059700000000001 35.05000000000001
11.9237 35.081
11.566600000000001 35.078
11.721100000000002 35.072
11.3511 35.063
11.438199999999998 35.072
11.449399999999997 35.066
12.278500000000001 35.108000000000004
12.825000000000001 35.33099999999998
12.997300000000001 35.13499999999999
11.748600000000001 35.096000000000004
12.124600000000003 35.099
12.962400000000002 35.102
12.3186 35.106
13.7162 35.134
13.741399999999999 35.152
13.741399999999999 35.154999999999994
12.252 35.099000000000004
13.484300000000001 35.126999999999995
13.9907 35.163999999999994
13.0687 33.781000000000006
11.7424 33.393
12.047499999999998 33.38100000000001
