12.085009999999997 46.5934
12.144699999999997 46.622599999999984
12.157060000000001 46.64509999999999
12.25368 46.6794
12.516219999999995 46.68030000000001
12.35008 46.690000000000005
12.235609999999998 46.7002
12.279100000000003 46.687099999999994
12.3254 46.66809999999999
12.314770000000003 46.664600000000014
12.704780000000001 46.71979999999999
12.990199999999996 46.7478
12.363069999999999 46.6689
12.318419999999998 46.67309999999999
12.665219999999994 46.7238
12.343919999999994 46.70639999999999
12.602819999999996 46.67459999999999
12.538179999999999 46.67469999999999
12.57979 46.653100000000016
12.406059999999995 46.65410000000001
12.396880000000003 46.65240000000001
12.57748 46.66789999999998
12.273810000000006 46.6566
12.4336 46.659900000000015
12.35038 46.6604
12.342879999999996 46.660500000000006
12.563420000000002 46.71819999999999
12.281459999999997 46.67349999999999
12.428959999999998 46.64670000000001
12.046740000000007 46.229499999999994
12.279640000000002 46.22769999999999
12.634409999999994 46.437099999999994
16.018990000000006 46.94069999999999
13.152349999999998 46.59109999999998
12.77616 46.744099999999996
12.629680000000002 46.56529999999999
12.572070000000002 46.55949999999999
12.648659999999994 46.5506
12.387089999999997 46.52249999999999
12.458659999999998 46.527599999999985
12.505539999999996 46.5114
12.309449999999996 46.51989999999999
12.289769999999997 46.541899999999984
12.454580000000002 46.548700000000004
12.486550000000003 46.54569999999998
13.521639999999998 46.634600000000006
12.403360000000003 46.61610000000002
12.414739999999998 46.554100000000005
12.589909999999998 46.5434
12.66207 46.55339999999999
12.432099999999998 46.569500000000005
12.319890000000001 46.55779999999999
12.295059999999996 46.554899999999996
12.150799999999997 46.53660000000001
12.068489999999999 46.5486
12.433759999999996 46.5909
12.876310000000005 46.63329999999999
12.563070000000003 46.57099999999999
12.270969999999998 45.929700000000004
12.497959999999999 46.194700000000005
12.279050000000003 46.21989999999998
12.246149999999997 46.4205
12.936979999999998 46.36689999999997
12.24774 46.28489999999997
12.22461 46.29179999999998
12.154810000000001 46.285199999999996
12.258140000000003 46.2978
12.582479999999999 46.29090000000001
12.492939999999999 46.2836
12.249749999999999 46.29470000000001
12.23704 46.28450000000001
12.311149999999996 46.284499999999994
12.230960000000003 46.2908
12.464579999999998 46.2981
12.29565 46.29430000000001
12.427570000000001 46.290700000000015
12.410680000000001 46.292300000000004
12.532880000000002 46.29260000000001
12.475359999999998 46.28660000000001
12.538399999999998 46.28790000000001
12.273879999999998 46.2765
12.368799999999998 46.26669999999999
12.942270000000002 46.35450000000001
12.132869999999999 46.2426
12.139259999999998 46.24949999999998
12.551129999999999 46.271100000000004
12.618009999999998 46.282499999999985
12.328050000000001 46.30489999999999
12.201780000000001 46.31609999999999
12.157519999999996 46.31849999999999
12.069839999999997 46.321499999999986
12.180880000000004 46.34459999999998
12.365630000000001 46.35509999999999
12.18507 46.38729999999998
12.1093 46.39099999999999
12.120899999999999 46.398799999999994
12.36403 46.408599999999964
12.388810000000001 46.41939999999997
12.338859999999997 46.434799999999996
12.641289999999996 46.45070000000002
12.780670000000004 46.480399999999996
12.818619999999997 46.481899999999996
12.613069999999995 46.467099999999995
12.399110000000002 46.460899999999974
12.33461 46.46339999999999
12.149849999999995 46.475999999999985
12.088789999999998 46.47069999999999
12.192030000000003 46.4469
12.4727 46.432399999999994
12.338149999999999 46.44759999999999
12.312980000000001 46.45739999999999
12.302139999999998 46.4671
12.35661 46.4788
12.319889999999997 46.472399999999986
12.382079999999997 46.47009999999999
12.476020000000002 46.469100000000005
12.394670000000001 46.457999999999984
12.510610000000005 46.47099999999999
12.4924 46.44689999999999
12.383989999999997 46.434999999999995
12.288920000000003 46.43119999999998
12.336109999999996 46.44639999999999
12.404409999999999 46.45569999999999
12.47338 46.474399999999996
12.466310000000002 46.47439999999999
12.299060000000003 46.47359999999999
12.29553 46.45879999999998
12.519910000000003 46.44049999999999
12.384089999999997 46.428300000000014
12.8204 46.48699999999999
12.49996 46.475100000000005
12.796959999999999 46.48499999999999
12.63908 46.50690000000003
12.668649999999996 46.514300000000006
12.613839999999996 46.514499999999984
12.43728 46.4949
12.554760000000003 46.50660000000001
12.532709999999996 46.5307
12.421069999999999 46.53630000000001
12.539259999999997 46.534200000000006
12.496289999999997 46.54509999999999
12.141579999999998 46.547900000000006
12.171869999999998 46.55149999999999
12.15832 46.54969999999998
12.271 46.55050000000001
12.406789999999999 46.537400000000005
12.612010000000001 46.535999999999994
12.619699999999995 46.54370000000001
12.311759999999998 46.54700000000001
12.495260000000002 46.5616
12.45084 46.53780000000001
12.49199 46.534200000000006
12.410500000000003 46.5199
12.387109999999996 46.49289999999998
12.429659999999998 46.46459999999996
12.370239999999995 46.450999999999986
12.39308 46.45119999999999
12.597549999999998 46.46309999999998
12.579749999999997 46.46610000000001
12.413030000000004 46.44750000000002
12.59463 46.45870000000001
12.531330000000002 46.455699999999986
12.579120000000001 46.4492
12.494329999999996 46.43600000000002
12.430219999999997 46.43580000000001
12.451990000000002 46.45470000000001
12.363290000000001 46.464000000000006
12.231919999999995 46.4729
12.834369999999998 46.56869999999999
12.290890000000001 46.514500000000005
12.260870000000008 46.50800000000001
12.296069999999997 46.48819999999999
12.311390000000001 46.498
12.393569999999997 46.49399999999998
12.403199999999995 46.50890000000001
12.440899999999994 46.5178
12.330069999999997 46.52419999999999
12.202270000000002 46.53619999999997
12.28337 46.54009999999998
12.160390000000003 46.542300000000004
12.843989999999994 46.62520000000001
12.371580000000005 46.55339999999998
12.51736 46.5689
12.320689999999997 46.572399999999995
12.29192 46.5639
12.254150000000005 46.56269999999999
12.316700000000003 46.545999999999985
12.31039 46.570599999999985
12.218619999999996 46.622899999999994
12.336290000000004 46.625000000000014
12.38039 46.6272
12.607779999999996 46.662400000000005
12.265529999999996 46.62760000000002
12.318190000000001 46.61180000000001
12.394179999999997 46.63110000000001
12.514529999999999 46.62890000000001
12.463089999999998 46.63399999999998
12.551619999999996 46.6374
12.651030000000002 46.6372
12.724980000000002 46.636
12.585749999999999 46.6441
12.429209999999996 46.64439999999999
12.493709999999997 46.649100000000004
12.639210000000004 46.6365
12.692509999999999 46.652
12.61808 46.646799999999985
12.666720000000003 46.66499999999999
12.621539999999998 46.69169999999999
12.656779999999996 46.74300000000001
12.296989999999997 46.68490000000001
12.2305 46.67930000000002
12.144270000000002 46.696100000000015
12.13333 46.68060000000002
12.26076 46.683099999999996
12.346569999999998 46.681799999999996
12.326759999999993 46.673700000000004
12.364860000000002 46.6816
12.609700000000002 46.70970000000001
12.598339999999997 46.726499999999994
12.622949999999994 46.717200000000005
12.538089999999999 46.72160000000001
12.546 46.73230000000001
12.394619999999993 46.73389999999999
12.374669999999998 46.742700000000006
12.19563 46.71120000000001
12.203899999999999 46.7113
12.262689999999994 46.694599999999994
12.3004 46.69369999999999
12.321969999999999 46.7161
12.221139999999997 46.6315
12.110260000000002 46.60720000000001
12.15414 46.622600000000006
12.123129999999996 46.63790000000001
12.012730000000001 46.64530000000002
12.273190000000001 46.66630000000001
12.42648 46.680499999999995
12.39108 46.69069999999999
12.306770000000002 46.6934
12.197320000000003 46.693900000000006
12.47843 46.715599999999995
12.06307 46.705699999999986
12.149089999999998 46.6924
12.212 46.70799999999998
12.1877 46.70399999999999
12.47606 46.75399999999998
12.251080000000007 46.692400000000006
12.146719999999997 46.671199999999985
12.214069999999996 46.69279999999999
12.124319999999997 46.669
11.993080000000003 46.65390000000001
12.010710000000005 46.637100000000004
12.11448 46.6292
12.17651000000001 46.652799999999985
12.217469999999995 46.67429999999999
12.18311 46.676999999999985
12.259229999999997 46.67069999999999
12.248099999999999 46.675299999999986
12.214020000000005 46.676899999999996
12.36078 46.6904
12.35641 46.69330000000001
12.33206 46.69529999999998
12.138189999999994 46.69339999999998
12.219960000000004 46.69229999999999
12.271549999999994 46.685099999999984
12.248620000000004 46.69170000000001
12.34661 46.69470000000001
12.389070000000002 46.696300000000015
12.377870000000005 46.7105
12.16797 46.70850000000001
12.239699999999992 46.726500000000016
12.14387 46.74380000000002
12.26089 46.757700000000014
12.280819999999999 46.75860000000001
12.234880000000002 46.7377
12.257290000000001 46.71650000000002
12.40486 46.69960000000002
12.176339999999996 46.65659999999999
12.072310000000002 46.640199999999986
12.008990000000004 46.647700000000015
12.253330000000002 46.63069999999998
12.467220000000005 46.65240000000001
12.68637 46.68369999999998
12.72398 46.7078
12.770180000000005 46.73250000000001
12.33671 46.752700000000004
12.466370000000005 46.754899999999985
12.399649999999998 46.74569999999999
12.310479999999995 46.736299999999986
