17.242 6.709
18.761999999999997 6.712
14.462 6.742000000000001
15.983 6.723
14.66 6.731999999999999
16.744999999999997 6.6979999999999995
15.049000000000001 6.72
15.322000000000003 6.7059999999999995
14.084 6.766000000000001
16.117 6.775
13.65 6.75
15.878 6.728000000000001
17.589999999999996 6.706000000000001
15.766 6.710000000000001
16.563 6.715999999999999
17.005 6.7059999999999995
15.012 6.742000000000001
18.157 6.737
12.955 6.787
12.152000000000001 6.7989999999999995
11.671999999999999 6.764
15.613000000000001 6.737
11.826 6.7909999999999995
13.354 6.816
13.001 6.7909999999999995
16.506999999999998 6.756000000000001
11.664999999999997 6.756000000000001
17.19 6.726999999999999
12.590000000000002 6.742000000000001
16.486 6.719
15.186 6.765000000000001
12.822999999999999 6.810999999999999
12.314 6.7780000000000005
13.471 6.749
12.309 6.746
18.354 6.744
13.054999999999998 6.773999999999999
15.592 6.734
11.273 6.742000000000001
8.956999999999999 6.6850000000000005
7.735 6.684000000000001
8.735 6.715
8.536 6.708
7.2940000000000005 6.715
8.285 6.7459999999999996
7.6499999999999995 6.7589999999999995
9.116 6.804
10.682 6.822
9.75 6.7940000000000005
9.851 6.819999999999999
8.520000000000001 6.847
9.674000000000001 6.833
10.523 6.779
12.273 6.768000000000001
10.495 6.7940000000000005
11.99 6.7909999999999995
14.069 6.734
12.531 6.670999999999999
11.911 6.731000000000001
10.81 6.78
11.905000000000001 6.76
14.939 6.737
11.991 6.800000000000001
12.256999999999998 6.714
10.623 6.742000000000001
11.600000000000001 6.75
11.637 6.7379999999999995
10.794 6.783
12.219 6.7589999999999995
10.703 6.784
10.297 6.83
9.848 6.862
7.0956 6.813
8.441 6.7299999999999995
9.506 6.734000000000001
8.039 6.773
8.118999999999998 6.747
8.319 6.719
8.85 6.744
12.946 6.787999999999999
14.029 6.772
14.393 6.770999999999999
12.519 6.76
12.301 6.751
13.668000000000003 6.741
12.02 6.783
11.063 6.747
9.137 6.7379999999999995
9.67 6.712999999999999
9.78 6.7540000000000004
10.138 6.776
8.993 6.773
10.911999999999999 6.781999999999999
9.574 6.776
10.361 6.811
8.927 6.8309999999999995
10.236000000000002 6.824
13.577 6.719
8.290999999999999 6.709
6.878999999999999 6.743
7.671 6.719
8.459 6.683
8.536 6.692000000000001
13.177 6.737
14.065 6.75
16.949 6.724999999999999
17.474999999999998 6.727000000000001
16.887 6.701
16.03 6.719
15.47 6.694999999999999
15.328 6.709
16.065 6.723999999999999
15.165000000000001 6.749
15.800999999999998 6.75
15.046000000000001 6.772
15.293000000000001 6.784
16.3 6.7730000000000015
14.181 6.769
15.467 6.752000000000001
15.43 6.755999999999999
11.770999999999999 6.770000000000001
11.05 6.783
13.684 6.75
17.572000000000003 6.721000000000001
13.467 6.7299999999999995
13.313999999999998 6.7330000000000005
13.006 6.723
11.126000000000001 6.731000000000001
9.488000000000001 6.748
9.520999999999999 6.723
11.102 6.723
13.996 6.719
12.245000000000001 6.737
13.718000000000002 6.747
11.645 6.766
10.961 6.752
11.64 6.776
8.727999999999998 6.734
9.314 6.711
6.5588999999999995 6.731
7.5551 6.738999999999999
7.725 6.752
8.25 6.7860000000000005
10.202 6.805
10.155999999999999 6.793
9.461 6.888
8.705 6.895
7.872 6.816999999999999
8.082 6.784
6.106700000000001 6.7540000000000004
9.171000000000001 6.723
10.325999999999999 6.748
10.309 6.756999999999999
11.739 6.744999999999999
12.661 6.763
13.857999999999999 6.723
14.216000000000001 6.7379999999999995
14.59 6.723
12.436 6.734
10.467 6.723999999999999
9.18 6.7059999999999995
8.174 6.719
9.703000000000001 6.720999999999999
8.238999999999999 6.701
8.774999999999999 6.715
12.522 6.769
11.197 6.7490000000000006
10.136000000000001 6.7909999999999995
9.646 6.7940000000000005
8.378 6.768000000000001
10.676000000000002 6.741
12.059999999999999 6.719
11.299 6.708
11.151 6.711
11.754999999999999 6.723
10.245 6.718
10.852 6.736000000000001
6.3317 6.712999999999999
7.521 6.723999999999999
9.937 6.726
10.55 6.734000000000001
10.89 6.7330000000000005
12.864 6.7459999999999996
12.008999999999999 6.7669999999999995
9.758 6.739000000000001
8.449 6.712
12.289 6.7540000000000004
10.22 6.726999999999999
11.023 6.746
10.076 6.766
8.753 6.751
8.971 6.803000000000001
8.166 6.784
7.582 6.757000000000001
9.068999999999999 6.723999999999999
9.15 6.7540000000000004
10.639 6.77
11.113999999999999 6.763000000000001
9.716 6.731999999999999
10.052999999999999 6.6979999999999995
9.717 6.701
10.684 6.715
10.83 6.72
12.367999999999999 6.734999999999999
15.633 6.752
14.627 6.741
13.302 6.7540000000000004
14.328 6.735
14.801999999999998 6.743
13.884000000000002 6.731000000000001
11.618 6.7490000000000006
10.327 6.739000000000001
10.190000000000001 6.7250000000000005
10.346 6.7459999999999996
7.898999999999999 6.739000000000001
7.662999999999999 6.744999999999999
7.384 6.737
7.463 6.711
5.314299999999999 6.726999999999999
6.8619 6.743
7.0889999999999995 6.732
8.649 6.726999999999999
9.207 6.709999999999999
7.916 6.715
8.939 6.719
9.242 6.7
11.002 6.711
9.856000000000002 6.715999999999999
9.744 6.723999999999999
10.935 6.715999999999999
11.044 6.7299999999999995
13.305 6.7250000000000005
12.405 6.747
15.469 6.742000000000001
13.081999999999999 6.752999999999999
12.397 6.74
12.461 6.746
12.570999999999998 6.734
10.232 6.762
7.875 6.7940000000000005
7.671 6.776
7.042 6.789000000000001
7.773 6.750999999999999
9.147 6.741
11.506 6.75
8.302000000000001 6.743
8.097999999999999 6.7379999999999995
8.854000000000001 6.705
8.963000000000001 6.734999999999999
10.318 6.758
11.633000000000001 6.752
11.508000000000001 6.731
11.633000000000001 6.723
16.357 6.729
14.142 6.765000000000001
15.363 6.755
14.567 6.764
11.587 6.755999999999999
13.33 6.756999999999999
11.751999999999999 6.7459999999999996
11.312 6.763
10.66 6.760000000000001
9.3 6.770999999999999
9.199 6.8180000000000005
8.032999999999998 6.803000000000001
7.390000000000001 6.796
9.59 6.789999999999999
10.391 6.789000000000001
9.338999999999999 6.788999999999999
9.42 6.795
10.324 6.800000000000001
10.382 6.796
11.033 6.781000000000001
12.946 6.800000000000001
10.831 6.773999999999999
10.265 6.7379999999999995
10.799 6.747
12.03 6.757000000000001
10.678 6.741
15.695999999999998 6.748000000000001
14.533000000000001 6.755999999999999
14.867999999999999 6.744
13.702 6.743
12.796 6.743
14.312999999999999 6.7589999999999995
13.582999999999998 6.734999999999999
10.889000000000001 6.814999999999999
11.462 6.814000000000001
