16.540999999999997 8.6327
13.946900000000001 8.578299999999999
15.2002 8.687899999999999
15.027999999999997 8.5748
14.227700000000002 8.728399999999997
14.141700000000002 8.6977
16.0574 9.058
13.705700000000002 8.5066
14.6157 8.6632
15.466000000000001 8.4372
15.322 8.7897
12.775999999999998 8.457699999999999
14.687 8.319700000000001
14.7972 8.6614
13.3764 8.545300000000001
12.503 7.869000000000001
14.0893 7.791100000000001
15.845300000000002 8.2818
17.898999999999997 8.7113
18.723999999999997 8.9156
17.414999999999996 8.8188
16.879799999999996 8.8345
16.675999999999995 9.0001
16.9353 8.782300000000001
14.828800000000001 8.6896
14.114800000000002 8.4534
16.387999999999998 8.283800000000001
16.7678 8.2715
16.398 8.443999999999999
16.673000000000002 8.5102
16.4575 8.7111
16.612 8.3591
15.520500000000004 8.5479
13.4133 8.3648
15.997 8.512199999999998
18.444000000000003 8.6699
16.361 8.9191
17.108999999999998 8.965399999999999
17.110999999999997 8.912599999999998
15.481 8.347999999999999
15.073 8.140499999999998
15.211999999999998 8.4695
15.784999999999998 8.528400000000001
16.792 8.404700000000002
15.251999999999999 8.2265
15.376999999999999 7.867399999999999
16.112000000000002 8.6895
16.659799999999997 8.576500000000003
14.176699999999997 8.244299999999999
14.954600000000001 8.133899999999999
16.57 8.709
13.324999999999998 8.2839
12.486699999999999 7.8095
13.927099999999998 7.8764
13.168299999999999 7.983999999999999
12.618600000000002 8.0337
14.577399999999999 8.299199999999999
26.9575 17.4741
13.494 8.4122
13.9173 8.107
15.736600000000001 8.023
13.872300000000001 8.3253
13.6632 8.560699999999999
12.979500000000002 8.2096
13.848199999999999 8.072799999999999
14.104 8.237999999999998
14.958499999999999 8.6459
12.0349 8.052900000000001
14.6569 8.357000000000001
13.521200000000002 8.642900000000003
14.6515 8.5477
14.5649 8.5613
14.628 8.466
12.956299999999999 8.3123
16.262 8.624700000000002
17.020000000000003 9.197999999999999
12.4622 8.354199999999999
13.7905 8.1726
12.550899999999999 8.0826
11.827800000000002 7.7285
15.161000000000001 8.3926
11.825600000000001 8.163300000000001
12.1461 7.829300000000002
13.6983 8.4979
12.815700000000001 8.0864
13.8119 8.160900000000002
12.3631 8.2274
12.5712 8.106
13.5573 8.070200000000002
16.217100000000002 8.371300000000002
17.300400000000003 8.551300000000001
15.867700000000001 8.2153
16.3219 8.427800000000001
15.325 8.348399999999998
13.9517 8.4729
15.1613 8.8689
15.686999999999996 8.7061
15.241000000000001 8.502399999999998
17.137999999999998 8.8393
17.766000000000002 8.4145
18.57 8.6788
16.740999999999996 8.5575
16.416999999999998 8.5209
16.474999999999998 8.822500000000002
14.237400000000001 8.239500000000001
17.701999999999998 8.4473
17.19 8.734200000000001
17.848 8.6427
19.792 8.7686
19.423000000000002 8.925900000000002
21.288999999999998 9.198
18.824999999999996 8.988100000000001
17.794999999999998 8.9706
15.4779 8.6439
17.468000000000004 8.6621
17.617 8.6896
17.281 8.8134
19.656000000000002 8.9369
15.863199999999999 8.4662
15.952 8.666999999999998
17.573000000000004 8.797099999999999
17.299 9.035099999999998
14.891999999999998 8.75
19.220000000000002 9.1797
16.761 9.47
15.883999999999999 8.8587
19.357999999999997 8.9816
17.323 9.031699999999999
15.5472 8.119900000000001
16.9354 8.030000000000001
15.391999999999998 8.050700000000003
16.764000000000003 8.3652
15.496000000000002 8.727999999999998
20.666000000000004 9.195599999999999
18.585 8.7506
19.1 9.121999999999998
17.578 8.679599999999999
17.525 8.7941
19.551000000000002 8.772
15.517999999999999 8.4791
17.6944 8.849400000000001
16.8223 8.373700000000001
19.375999999999998 9.2196
17.746 8.7927
21.924 9.3285
18.964 9.0107
17.482 8.781199999999998
17.970999999999997 8.889
17.634 8.6636
16.093000000000004 8.8839
20.896 9.372300000000001
20.243 9.322999999999999
19.976 9.0463
22.579 8.931399999999998
20.449 9.0529
21.014 9.2432
21.124 8.9031
19.167 8.8589
18.425000000000004 9.2317
19.744 9.1097
21.365000000000002 9.2835
22.154 9.0486
19.924 9.1509
18.467000000000002 9.088500000000002
23.958000000000002 9.1885
22.727999999999994 9.3285
20.322000000000003 9.4679
21.684 9.099499999999999
20.161 8.6868
26.553000000000004 9.4109
22.011999999999997 9.339199999999998
22.259 8.9143
21.406 9.168
22.272 9.1297
18.959 8.798599999999999
22.592000000000002 8.6413
23.466 9.606399999999999
17.812 9.1539
21.9 9.0877
25.39 9.1048
22.281 9.3619
22.381 9.1529
23.625 9.1805
21.05 9.5614
25.790999999999997 9.700799999999997
24.051000000000002 9.334499999999998
24.697 9.6721
23.567 9.7584
27.733999999999998 10.0133
24.72 9.7049
24.087 9.5095
24.439 9.6175
21.718 9.6359
23.114 9.641499999999999
21.014 9.529200000000001
22.125 9.599000000000002
23.119999999999997 9.320199999999998
26.968999999999998 9.6951
26.456000000000003 10.3067
22.299999999999997 9.5727
23.77 9.415399999999998
25.471 9.638699999999998
24.397000000000002 9.404799999999998
22.428 9.439499999999999
20.844999999999995 9.4049
22.701999999999998 9.4163
25.150999999999996 10.0888
27.088999999999995 9.8605
24.005 9.514799999999997
24.435 9.481299999999997
23.072000000000006 9.668000000000001
24.979 9.4845
21.720000000000002 9.1342
20.668 9.3269
25.102999999999998 9.7124
24.302 9.063500000000001
21.537 9.4605
22.079 9.233800000000002
23.847999999999995 9.4217
20.582 9.5029
20.363 9.006599999999999
21.81 9.450700000000001
15.672 8.774399999999998
24.922000000000004 9.0379
21.471 9.286100000000001
21.022 9.142599999999998
20.233999999999998 9.164
29.108 9.167200000000001
25.720000000000002 9.675799999999999
26.178 10.1484
21.967 9.819199999999999
19.795 9.273800000000001
21.836 9.2727
21.857999999999997 9.2539
21.995 9.168899999999999
22.552 9.175
24.649000000000004 9.3974
22.919000000000004 9.7014
22.748 9.457300000000002
22.997 9.373400000000002
21.447999999999997 9.271700000000001
18.381000000000004 8.8944
19.684 8.9303
18.921000000000003 8.7365
17.544 8.5282
21.485000000000003 8.8472
24.593999999999998 9.668299999999999
20.937 9.351700000000001
22.682000000000002 9.1263
21.19 8.9359
22.004000000000005 9.227599999999999
18.368000000000002 8.8569
20.505000000000003 8.5555
18.938000000000002 8.8384
19.159 8.937700000000001
23.514 9.463400000000002
21.895999999999997 9.479299999999999
17.703999999999997 9.112499999999999
18.903 8.811
20.846000000000004 9.317299999999998
17.305999999999997 9.204699999999999
18.526999999999997 8.766300000000001
19.699 8.9408
18.546000000000003 8.896100000000002
24.470000000000002 9.0421
23.177 9.542100000000001
17.612 9.0299
15.697999999999999 8.655800000000001
19.5 9.177200000000001
19.157 9.5446
19.858000000000004 9.093
16.927 8.7799
18.0345 9.236
21.423000000000002 9.160599999999999
18.798000000000002 9.203100000000001
16.311999999999998 8.9893
15.949999999999998 8.7552
14.402999999999999 8.541200000000002
18.778 9.2014
16.1934 8.8619
15.387099999999998 8.6983
15.364 8.948499999999997
24.0 9.3754
20.004 9.794500000000001
16.619000000000003 9.275099999999998
16.953 8.899999999999999
16.8533 8.7422
16.358000000000004 9.0088
