25.290000000000003 24.965
25.133999999999997 24.891000000000002
25.829 25.03
24.196 24.926999999999996
25.248000000000005 24.927000000000003
26.040999999999997 25.083
25.613000000000003 24.991000000000003
25.167 24.969
25.395 25.088
25.785999999999998 25.003000000000004
25.677 24.977999999999998
26.168000000000003 24.997000000000003
25.620000000000005 25.089
26.089000000000002 25.018
25.624999999999996 24.96
25.177000000000007 24.985
26.548 25.11
25.248000000000005 24.969
26.478 24.995
26.043 25.098
25.604 24.996000000000002
25.992000000000004 24.970000000000002
25.666 24.978
26.345000000000002 25.102999999999998
25.953 25.069000000000003
26.017000000000003 25.039
26.730000000000004 25.234
26.172 25.230000000000004
26.187000000000005 25.220000000000002
25.745 25.339000000000006
24.915000000000003 25.409000000000002
25.256 25.351000000000003
25.487 25.427
25.984 25.534000000000002
25.344 25.531000000000002
25.418000000000003 25.526
26.814 25.785000000000004
26.863 25.887
26.157999999999998 25.926
26.876 26.216999999999995
26.38 26.264000000000003
26.319000000000003 26.351999999999997
28.675 26.574
27.898999999999997 26.871000000000002
26.980000000000004 26.896000000000004
28.025 27.034999999999997
28.225 27.32
29.130000000000006 27.345
28.186 27.423000000000002
28.136 27.742999999999995
29.366999999999997 27.872999999999998
29.49 27.933999999999997
30.633 28.048000000000002
28.173000000000002 28.115000000000002
27.282 28.207000000000004
29.557999999999996 28.491000000000007
29.820999999999998 28.785000000000004
31.484000000000005 28.795000000000005
28.835 28.901
29.487999999999996 29.235999999999997
31.174999999999997 29.290999999999993
32.076 29.476000000000003
31.673000000000002 29.819000000000003
28.970000000000002 29.967
37.980900000000005 31.898335
47.4831 33.060431
39.422000000000004 30.207
28.250000000000004 28.036
26.713000000000005 28.086
27.609 28.338
27.881 28.253
29.503 28.424
28.439999999999998 28.723
26.977999999999998 28.577
28.669000000000004 28.683999999999997
31.055 29.034
31.430999999999997 29.235
29.845 29.241999999999997
28.682000000000002 29.369999999999997
28.328999999999997 29.522999999999993
31.588 29.715000000000003
37.397999999999996 31.79199999999999
39.6011 32.132048999999995
31.218999999999998 27.804000000000002
29.724 29.772
44.2114 31.700240000000008
39.17499999999999 29.662
25.101000000000003 25.393
25.881999999999998 25.447999999999997
25.771 25.738
26.352999999999998 25.489
25.641000000000002 25.496000000000002
25.889 25.698000000000004
25.513 25.741000000000003
24.314000000000004 25.573
27.166 25.846999999999998
24.692 25.676000000000005
25.525 25.622
26.333000000000002 25.771
24.575000000000003 25.904
26.136999999999993 25.716999999999995
26.563 25.817
25.074 25.951
24.605 25.753000000000004
25.101000000000003 25.874999999999996
25.47 26.045
25.436000000000003 25.855999999999995
25.996999999999996 25.936999999999998
24.240000000000002 26.029999999999998
25.173000000000002 25.838
28.218999999999994 26.028000000000002
25.730000000000004 26.111
26.526 26.177
25.636 26.006
24.137000000000004 26.012
26.061999999999998 26.226
25.616999999999994 26.085
25.567 26.067
26.094 26.26
24.939000000000004 26.057999999999996
25.539 26.102999999999998
25.608000000000004 26.273000000000003
25.253000000000004 26.137999999999995
26.188 26.092
24.564999999999998 26.186
25.678 26.418000000000003
25.334 26.250999999999998
25.838 26.471
25.441999999999997 26.3
24.581999999999997 26.31
24.556 26.491999999999997
25.251 26.344
24.584 26.302000000000003
26.441000000000003 26.374
24.21 26.553999999999995
24.467 26.361
24.572 26.385
25.246999999999996 26.613
24.062 26.444999999999997
27.192 26.46
24.636 26.610000000000007
24.375000000000004 26.531999999999993
24.695999999999998 26.526999999999994
24.833000000000002 26.745
25.345000000000002 26.552999999999997
25.515 26.543
24.979 26.654
32.700399999999995 29.072
27.749000000000002 26.281
27.118 28.376
24.115000000000002 26.497999999999998
25.040999999999997 26.328000000000003
24.014 26.306
24.318999999999996 26.383000000000003
25.369999999999997 26.601999999999997
25.112999999999996 26.372
25.363999999999997 26.373
24.346 26.569000000000003
23.863999999999997 26.362999999999996
24.418 26.417
25.129 26.606
24.769999999999996 26.354
24.328 26.357999999999997
24.733 26.47200000000001
24.416 26.541000000000004
25.290999999999997 26.363999999999997
25.414999999999992 26.427
24.560000000000002 26.569000000000003
24.306 26.351999999999997
24.655999999999995 26.413999999999998
24.72 26.578000000000003
25.872999999999998 26.383000000000003
24.753 26.345999999999997
25.401 26.476
24.340999999999998 26.450000000000003
24.300999999999995 26.344
25.729000000000003 26.504
25.262 26.322000000000003
24.737000000000002 26.271000000000004
24.729 26.441000000000003
23.677 26.276999999999994
25.209000000000003 26.259
25.338 26.334000000000003
25.194 26.401999999999997
24.884000000000004 26.232
23.980999999999998 26.196
25.108999999999998 26.206000000000007
25.409000000000002 26.312
25.095 26.388
24.094 26.129
24.444000000000003 26.120000000000005
23.755000000000003 26.101999999999997
24.914 26.154
25.005 26.352000000000004
23.770999999999997 26.082
24.943 26.064
22.985 26.057999999999996
24.873000000000005 26.093
25.669999999999998 26.136
25.072 26.229999999999997
24.422 26.024
24.369000000000003 26.049000000000007
25.040000000000003 26.217000000000002
23.774 26.067999999999998
25.029 25.994
24.378 25.989
24.586999999999996 26.191
24.371 26.037999999999993
24.980000000000004 26.023000000000003
24.533 26.011999999999997
25.078 26.206000000000007
24.227999999999998 25.988
24.302 25.991000000000003
24.74 26.035000000000004
23.743 26.145999999999997
24.786 25.975000000000005
23.215000000000003 25.912000000000003
23.830999999999996 25.951999999999998
25.217 26.126999999999995
25.036 26.039
24.996000000000002 25.932000000000006
24.227999999999998 25.968000000000004
25.000000000000007 26.133999999999997
24.333 25.947000000000003
25.497999999999998 25.965
24.034 25.861
24.848000000000003 25.915
24.404999999999998 26.013
24.107 25.812
25.428 25.849
23.895999999999997 25.994
24.903 25.848
23.688000000000002 25.817999999999998
23.923000000000002 25.975000000000005
24.313000000000002 25.833000000000006
24.627999999999997 25.796000000000003
24.659 25.845000000000002
24.142000000000003 25.958000000000002
23.784000000000002 25.729000000000003
24.526999999999997 25.775000000000002
24.357 25.962999999999997
24.352999999999998 25.745
23.656000000000002 25.706
23.651 25.697000000000003
24.978 25.748000000000005
24.571000000000005 25.911
24.696 25.785000000000004
23.907999999999998 25.674999999999997
23.346999999999998 25.878
25.090999999999998 25.72
23.304 25.650000000000002
25.909 25.732000000000006
23.501 25.847999999999992
24.072999999999997 25.672000000000004
24.369 25.641000000000002
24.46 25.662000000000003
24.722 25.854
24.465999999999998 25.680999999999997
23.49 25.569000000000003
23.829 25.602000000000004
24.667 25.614000000000004
23.474 25.759999999999998
24.826999999999998 25.611
23.498 25.529999999999998
24.197000000000006 25.769
23.479999999999997 25.576999999999998
25.391 25.772000000000002
24.988000000000003 25.636
24.85 25.531
23.893 25.714
24.037999999999997 25.602000000000004
24.761 25.570999999999998
23.772 25.704
24.808000000000003 25.583999999999996
22.731 25.455
23.669999999999998 25.692999999999998
24.410999999999998 25.598
25.185999999999996 25.579
25.625999999999998 25.833000000000002
23.874000000000002 25.576
24.705999999999996 25.564999999999998
24.430000000000003 25.686000000000003
23.555 25.516
25.436999999999998 25.541999999999998
24.939 25.734999999999996
25.192999999999998 25.549
24.38 25.686000000000003
24.773000000000003 25.576
