16.98 9.555
12.695 9.046
15.842 9.017
16.814999999999998 8.991
16.610999999999997 8.939
15.068999999999999 8.901
18.225 9.253
14.995999999999999 8.922999999999998
19.262999999999998 9.11
13.331000000000001 8.892
15.082 9.038
12.097 8.917
13.125 9.11
10.009 8.566
14.295 8.824000000000002
9.9 8.625
14.335999999999999 8.817
13.903000000000002 8.751999999999999
19.19 8.991
14.194 8.764999999999999
18.433 9.086
15.869000000000003 8.830999999999998
18.387 9.371
14.127 8.662999999999998
15.081 9.415999999999999
10.489999999999998 8.56
12.064 8.56
12.647 8.657
12.283 8.738000000000001
13.537000000000003 8.624
17.517 9.311
12.909 8.845
15.395999999999999 8.937999999999999
16.083 9.068999999999999
16.646 9.133
11.947000000000001 8.713
13.455 8.789
11.633000000000001 8.607000000000001
12.537 8.736999999999998
13.824 8.709999999999999
12.781 8.777
12.658999999999999 8.860000000000001
14.804999999999998 9.162
14.002 8.754000000000001
16.479 9.411
11.498999999999999 8.86
17.844 9.228
13.852 9.213000000000001
15.009 9.564
10.433 8.902
10.636 8.895999999999999
12.354000000000001 8.834
11.517000000000001 9.235000000000001
10.780999999999999 8.823
11.440999999999999 8.853
10.751 8.522
13.3 8.706
11.169 8.651
9.727 8.460999999999999
9.802999999999999 8.466999999999999
9.783999999999999 8.776
8.911 8.591999999999999
11.34 8.649999999999999
9.927999999999999 8.842
10.411999999999999 8.677
11.769 8.511
13.239 8.854
10.42 8.541000000000002
14.355 8.709
14.120000000000003 8.674
18.261 9.064
15.076 9.273000000000001
16.214 9.442
10.894 8.917
12.261999999999999 8.749
12.547 8.764
12.836 8.778
11.920000000000002 8.737
14.765 8.709999999999999
10.863999999999999 8.479000000000001
15.561000000000003 8.831999999999999
12.517999999999999 8.610999999999999
11.825000000000001 8.587
9.591999999999999 8.555
10.420999999999998 8.627
9.519000000000002 8.623
10.578 8.536000000000001
11.886 8.773
12.068999999999999 8.64
11.701 8.675
12.687000000000001 8.786
11.983999999999998 8.879999999999999
13.970999999999997 9.085
13.536000000000001 8.689
16.12 9.469
12.348 8.819
14.802000000000001 9.341000000000001
11.240999999999998 8.74
13.783999999999999 9.248000000000001
17.883 9.123999999999999
17.541999999999998 9.525
17.124 9.06
29.108 9.686000000000002
15.661 9.463000000000001
20.148 9.824
10.401 9.414
10.962 9.244000000000002
11.057 9.123000000000001
10.036 9.271
10.899000000000001 8.913
12.781 9.0
14.868 9.134
14.528999999999998 9.529
12.397 9.145
13.029000000000002 9.062
12.613 8.916
16.178 9.362
13.062000000000001 9.031
22.54 9.783999999999999
17.922 9.61
17.826 9.555
12.273 9.045
13.263 8.983
11.822 8.751000000000001
15.234 9.247
12.937000000000001 9.0
13.581 8.895999999999999
13.617 8.940000000000001
16.021 9.116
14.681 8.828999999999997
14.853 9.067
13.138 8.847
11.78 8.866
11.246 8.763
14.337 8.818999999999999
11.463000000000001 8.768
16.144 9.046
15.357000000000001 9.075000000000001
19.019000000000002 9.247
17.046 9.034
20.691 9.46
15.809999999999999 9.15
22.258999999999997 9.669
13.079000000000002 9.164
12.189 8.917
10.729 8.676
14.373999999999999 8.878
14.774000000000001 8.846
16.18 9.055
14.706 8.860999999999999
17.182 9.109
13.678 8.895
15.371000000000002 8.987
12.253 8.999
13.986 9.275
11.863 8.829
12.543 8.838
12.012 8.835999999999999
14.356 9.231000000000002
15.299000000000001 9.036
15.47 9.200999999999999
14.056 8.936
19.317999999999998 9.251999999999999
17.200000000000003 9.190999999999999
20.02 9.371000000000002
15.21 9.220999999999998
16.156000000000002 9.241
14.325 9.186
15.283 9.280999999999999
14.299999999999999 9.064
17.613 9.517999999999999
13.547999999999998 9.117
14.916000000000002 9.204
15.018 9.002
18.121 9.255999999999998
15.059999999999999 9.133
18.621 9.447
17.000999999999998 9.274
21.496000000000002 9.797
16.941 9.441999999999998
18.505000000000003 9.687
14.264 9.164
18.414 9.44
16.595 9.283
16.705000000000002 9.347000000000001
17.343 9.280999999999999
20.630000000000003 9.699
16.947000000000003 9.39
19.909 9.580999999999998
20.545 9.716999999999999
27.509 9.995
19.081 9.774000000000001
18.958 9.729
16.403000000000002 9.403
21.235 9.766
16.654 9.676000000000002
21.130000000000003 9.799
15.746000000000002 9.357
19.361000000000004 9.801000000000002
16.043 9.421
20.594 9.719999999999999
17.486 9.384999999999998
20.776 9.702
16.174 9.288
18.927 9.665
14.721 9.348
18.378 9.54
16.016 9.247
17.108999999999998 9.575
16.119 9.386
21.271000000000004 9.738000000000001
17.328 9.613
23.552999999999997 9.989
18.988 9.683
23.118999999999996 10.0
17.309 9.518
19.005999999999997 9.806
16.226000000000003 9.43
19.464000000000002 9.607000000000001
18.078 9.499
19.36 9.68
15.717 9.6
21.539 9.908999999999999
18.731 9.678
18.994 9.762
14.02 9.433000000000002
15.139 9.604
17.153000000000002 9.594
16.467 9.772
16.323999999999998 9.564
19.762999999999998 9.78
21.863 9.717
21.174 9.837000000000002
19.756999999999998 9.623
21.478 9.848
18.115000000000002 9.681
21.015 9.919
15.048 9.611
21.002 9.908999999999999
18.157999999999998 9.684999999999999
17.98 9.799
16.08 9.559999999999999
18.791999999999998 9.629999999999999
17.398000000000003 9.561
19.971 9.623000000000001
18.676000000000002 9.536
16.279000000000003 9.549000000000001
16.535 9.507000000000001
18.305 9.625
16.84 9.579
17.804 9.482
17.285 9.543
18.332 9.707
14.571000000000002 9.503999999999998
17.212 9.439
13.73 9.425999999999998
15.57 9.391
19.696 9.588
19.39 9.774000000000001
17.239 9.604
20.594 9.897
19.392 9.592
24.304 10.117
15.991 9.894
23.851999999999997 10.245
12.882 9.821
17.34 9.835999999999999
17.980999999999998 9.645999999999999
16.049 9.563999999999998
16.365 9.433
14.67 9.373000000000001
15.851999999999997 9.293
14.665999999999999 9.308
16.016 9.302
15.927 9.369
15.131 9.369
12.791 9.179
12.558 9.107
10.679 9.259999999999998
10.873000000000001 9.183000000000002
14.041999999999998 9.137
17.421999999999997 9.305
12.844 9.278
15.905999999999999 9.161999999999999
16.557 9.329
17.598999999999997 9.274999999999999
14.036999999999999 9.107
12.722999999999999 9.044
