10.287700000000005 37.5647
9.0405 37.4375
13.989099999999999 37.580600000000004
8.805100000000003 37.31539999999999
14.087500000000006 37.476500000000016
8.7555 37.368599999999994
9.363300000000004 37.39690000000001
14.64 37.520199999999996
8.648299999999999 37.2933
13.5305 37.418800000000005
8.975299999999997 37.3876
8.7478 37.2802
14.296099999999996 37.5292
8.834100000000003 37.322700000000005
13.1269 37.4106
9.180200000000001 37.3668
8.328499999999998 37.22430000000001
13.443799999999994 37.44860000000001
8.929100000000002 37.222100000000005
17.2577 37.67290000000001
12.7899 37.9068
11.616399999999997 37.9096
17.0994 38.01910000000001
13.574899999999998 38.08189999999998
11.6493 38.0463
15.564900000000002 37.931099999999994
9.7611 37.4717
12.1545 37.402
12.828999999999999 37.463
9.566100000000002 37.2532
12.4979 37.25260000000001
11.187699999999998 37.358800000000016
8.423 37.1839
13.367500000000001 37.3632
7.861699999999999 37.222100000000005
10.677100000000001 37.2002
11.041 37.3535
8.504800000000005 37.1772
13.7708 37.3194
8.255500000000001 37.206200000000024
8.1506 37.12229999999999
13.054999999999998 37.3828
9.293399999999998 37.2016
13.324600000000004 37.3295
8.457900000000002 37.2443
8.131700000000002 37.11120000000001
12.987699999999997 37.28140000000001
8.3622 37.11770000000001
8.399499999999998 37.04690000000001
13.219100000000001 37.2812
7.6141 37.098600000000005
12.082700000000003 37.142900000000004
9.816000000000003 37.28790000000001
7.9777999999999984 37.07390000000001
13.2249 37.2723
8.560700000000002 37.108500000000014
12.058100000000003 37.161
9.746699999999999 37.2923
8.247599999999997 37.08340000000001
12.999700000000002 37.3455
8.3477 37.1229
12.2334 37.2244
10.006299999999998 37.32599999999999
8.816 37.1313
12.6227 37.2958
10.2623 37.29770000000001
12.8777 37.67119999999999
16.267200000000006 37.764199999999995
13.811099999999998 37.8229
12.492799999999997 37.8496
18.908599999999996 37.9542
16.487100000000005 38.01369999999999
11.379699999999998 37.9465
12.608099999999995 37.6643
12.7805 37.5032
9.482600000000001 37.29370000000001
11.303999999999998 37.25519999999999
12.2375 37.371300000000005
9.976 37.26420000000001
12.946200000000003 37.272499999999994
9.3867 37.37980000000001
7.902600000000001 37.20440000000001
13.000499999999999 37.39160000000001
8.020599999999998 37.2077
12.689999999999998 37.3355
8.459000000000001 37.246500000000005
7.999999999999999 37.1352
12.976399999999993 37.39990000000001
8.0981 37.19270000000001
12.569699999999994 37.29500000000001
8.702900000000001 37.2883
7.881800000000001 37.14670000000001
12.541700000000002 37.347699999999996
7.3562 37.11970000000001
9.147199999999998 37.0763
11.000800000000002 36.418400000000005
8.4201 37.17260000000001
11.7817 37.2425
9.139400000000002 37.353300000000004
7.605199999999999 37.147200000000005
12.327899999999998 37.3137
7.213700000000002 37.081600000000016
12.670100000000001 37.1965
10.203900000000003 37.3159
7.623899999999999 37.2019
13.473099999999997 37.3976
9.817799999999998 37.17800000000001
12.5532 37.344300000000004
7.6142 37.2924
9.063 37.1704
12.432900000000002 37.4427
7.267499999999999 37.22290000000001
13.793599999999998 37.361799999999995
7.803900000000002 37.32909999999999
8.356300000000001 36.193
16.0497 36.6093
13.9595 36.90019999999999
25.2662 36.971199999999996
11.748600000000003 37.10549999999999
15.988700000000003 37.238699999999994
15.413499999999997 37.418000000000006
10.283699999999998 37.23270000000001
13.187 37.07929999999999
8.8365 36.726000000000006
14.555499999999999 36.88590000000001
9.8707 36.68520000000001
14.424299999999999 36.8241
9.153800000000002 36.68500000000001
12.727300000000003 36.6406
7.3988999999999985 36.68280000000001
10.3236 36.52429999999999
9.0875 36.749700000000004
7.929500000000001 36.483599999999996
12.593300000000001 36.72820000000001
8.8139 36.57159999999999
13.202999999999998 36.77730000000001
9.315499999999998 36.6255
13.988000000000003 36.9159
9.574800000000003 36.89880000000001
12.213999999999999 37.013
9.5263 36.871500000000005
11.2742 36.8511
9.358800000000002 36.889399999999995
10.9969 36.8277
11.494499999999999 36.995
9.4212 36.8416
13.607500000000005 37.00209999999999
9.0686 36.78530000000001
13.5308 36.9479
8.580900000000002 36.7801
13.453700000000001 36.9398
8.8839 36.784499999999994
13.2022 36.8803
8.685999999999996 36.81570000000001
11.9895 36.7858
11.189200000000001 36.8768
9.592999999999996 36.757600000000004
13.059800000000003 36.8569
10.111900000000002 36.81900000000001
8.986199999999997 36.7334
14.102200000000003 36.8981
9.118599999999999 36.763400000000004
11.000399999999997 36.73590000000001
15.021100000000004 37.161300000000004
11.443700000000003 37.144800000000004
15.2392 37.254
12.8007 37.265800000000006
13.094000000000003 37.340599999999995
17.458000000000002 37.46860000000001
11.389299999999999 37.3802
10.8398 37.1327
15.201099999999999 37.0644
11.591999999999997 36.896699999999996
10.7896 36.855399999999996
24.0751 37.354499999999994
29.036800000000007 37.93670000000001
12.9019 37.2047
10.7209 36.883300000000006
12.4323 36.941
11.6424 36.9216
11.352100000000002 36.89639999999999
10.5879 36.91479999999999
14.9396 37.23759999999999
23.000700000000002 37.6612
10.3773 36.9458
10.569099999999999 36.84620000000001
10.6838 36.89960000000001
10.567500000000003 36.9444
9.999800000000004 36.9745
9.3817 36.94310000000001
11.689799999999998 37.001799999999996
10.925099999999999 36.9495
11.006900000000002 36.9572
9.516300000000003 36.9757
9.5056 36.9663
15.167400000000006 37.1824
9.739200000000002 37.00319999999999
14.554400000000003 37.1353
10.651900000000003 37.04019999999999
10.151000000000002 36.9808
14.701000000000002 37.17600000000001
10.273700000000002 37.0011
14.166 37.1514
9.6281 36.996199999999995
14.2732 37.0763
9.375699999999997 37.092200000000005
9.3753 36.96670000000001
13.965199999999998 37.1575
9.2497 36.9467
13.707399999999994 37.13779999999999
12.321600000000002 37.2684
15.884899999999998 37.4392
11.5573 37.45080000000001
14.494799999999996 37.417699999999996
13.710799999999997 37.57620000000001
12.124099999999999 37.516000000000005
17.136699999999994 37.6488
11.3528 37.50600000000001
15.765900000000002 37.429300000000005
11.085800000000004 37.1762
10.978499999999997 37.04650000000001
15.900599999999997 37.205299999999994
11.159499999999998 37.0344
15.7674 37.11800000000001
10.1215 37.059799999999996
9.296499999999995 37.00180000000001
14.449800000000005 37.18860000000001
9.501400000000002 36.991
14.792199999999998 37.07629999999999
10.413500000000003 37.08469999999999
9.649700000000003 37.022400000000005
14.650199999999995 37.178900000000006
10.698100000000002 37.1196
12.366799999999998 37.0916
11.5397 37.1755
9.6694 37.05410000000001
14.1856 37.17980000000001
8.938600000000003 36.9813
9.151200000000001 36.9351
14.733899999999991 37.14150000000001
9.761600000000001 37.0442
13.243299999999996 37.084300000000006
10.7463 37.17240000000001
10.377300000000002 37.045700000000004
15.337100000000003 37.215
9.961700000000002 37.11310000000001
13.427299999999997 37.132100000000015
11.101199999999997 37.1672
9.693500000000002 37.02660000000001
14.765900000000002 37.1831
9.383700000000001 37.0565
13.152999999999999 37.071900000000014
11.199699999999996 37.1328
9.678400000000002 37.02340000000001
14.4454 37.22050000000001
9.1468 37.06060000000001
12.584199999999997 37.076800000000006
11.303799999999997 37.1846
8.990299999999998 37.018499999999996
13.961100000000002 37.1601
8.838400000000002 37.01980000000001
16.7574 37.47779999999999
16.117100000000008 37.65920000000001
12.397500000000003 37.6573
19.214000000000002 37.8313
15.121799999999999 37.840399999999995
12.1087 37.66370000000001
15.6979 37.453900000000004
11.4205 37.25760000000001
13.550999999999998 37.2362
14.4591 37.385999999999996
11.5786 37.25439999999999
15.717300000000002 37.377
9.5455 37.200100000000006
14.143500000000003 37.341699999999996
10.023200000000001 37.3499
9.6178 37.248599999999996
14.639199999999997 37.44079999999999
9.190000000000001 37.272999999999996
14.057699999999995 37.370999999999995
9.975900000000001 37.36840000000001
10.117000000000003 37.2641
14.961500000000003 37.45199999999999
9.8224 37.315
14.019599999999999 37.44949999999999
11.2369 37.488499999999995
9.545100000000001 37.3364
14.335299999999995 37.4426
