15.444000000000003 8.2329
15.554799999999998 8.9266
15.2436 8.5891
17.880000000000003 8.865300000000001
16.076 9.0421
16.342000000000002 8.9003
12.945200000000002 8.666200000000002
13.088999999999999 8.4306
14.3372 8.341300000000002
16.509 8.4988
14.4455 8.0292
15.837000000000002 8.9171
15.731799999999998 9.285400000000001
14.0332 8.461
15.3797 8.5633
14.975999999999997 8.655699999999998
14.416599999999999 8.3899
13.776400000000002 8.5934
13.3484 8.5837
18.531499999999998 9.035299999999998
14.8068 8.7799
14.992700000000001 8.519
13.7594 8.666199999999998
13.2798 8.7498
15.5461 8.567699999999999
15.207999999999998 8.7645
13.1738 8.4549
14.4142 8.374
15.694999999999999 8.757299999999999
15.339 8.974599999999999
14.575000000000001 8.8218
13.643400000000003 8.4275
15.134900000000002 8.1574
11.8389 8.161999999999999
17.01 8.9093
14.4308 8.8969
13.0353 8.5245
13.1245 8.4022
13.026800000000001 8.376
14.874399999999998 8.4191
13.4119 8.536200000000001
15.209499999999998 8.498999999999999
12.3889 8.6069
16.609299999999998 8.517499999999998
17.595 8.857000000000001
15.246 8.9783
13.99 8.5328
14.504 8.7837
14.857999999999999 9.164399999999999
13.218400000000003 8.5909
13.1215 8.180900000000001
11.5424 8.2126
13.350499999999998 8.4756
14.229799999999997 9.1151
14.373099999999999 8.89
12.907399999999999 8.416600000000003
14.5946 8.3015
13.039800000000001 8.3855
12.556000000000001 8.484900000000001
13.832999999999998 8.519599999999999
12.739700000000001 8.3174
11.5948 7.855200000000001
13.2584 8.203299999999999
15.6837 8.8076
14.487000000000002 8.8673
12.637800000000002 8.7325
14.5493 8.648499999999999
13.471 8.5117
13.531700000000003 8.2148
12.803400000000002 8.212900000000001
23.381100000000004 16.633700000000005
13.958699999999999 8.8278
14.4662 8.763800000000002
15.398 9.0307
14.259 8.888599999999999
14.9611 8.6845
15.349999999999998 9.178199999999999
15.116 9.2614
12.842699999999999 8.825
11.7367 8.061300000000001
14.4655 8.184800000000001
13.677900000000001 8.797500000000001
15.654600000000002 8.8959
13.9309 8.567499999999999
14.219800000000001 8.4521
12.9413 8.966000000000001
14.016200000000001 8.918999999999999
13.7851 8.317699999999999
13.858899999999998 8.3007
14.735499999999998 8.5003
14.3287 8.6565
16.242 8.377899999999999
15.357900000000003 8.6605
14.2717 8.543699999999998
14.689000000000002 8.831700000000001
15.523099999999998 8.784299999999998
14.207 8.4629
13.7372 8.207699999999999
14.555600000000002 8.2549
14.0792 8.1824
14.106000000000002 8.0567
16.6482 8.2924
16.992 8.419199999999998
17.34 8.858999999999998
18.935000000000002 8.9614
16.118999999999996 8.819600000000001
16.984999999999996 9.370099999999999
17.645999999999997 9.0346
17.746000000000002 8.9784
16.228 8.7888
16.901000000000003 8.919599999999999
17.443 9.235700000000001
16.497 9.138399999999999
19.522 8.9345
16.351 9.040499999999998
17.712 8.981300000000001
18.733 8.9919
15.482300000000002 8.840200000000001
16.7052 8.544199999999998
17.553 8.687000000000001
16.866 8.6966
15.697999999999999 8.750700000000002
15.547 8.520900000000001
14.735999999999999 8.333499999999999
17.217000000000002 8.4991
16.962000000000003 8.782900000000001
15.456 8.723600000000001
15.348999999999998 8.6869
18.243000000000002 8.6131
17.583000000000002 9.0157
17.901999999999997 9.3528
19.258999999999997 9.6566
19.274 9.621300000000002
18.688999999999997 8.892900000000001
19.073999999999998 8.8756
16.869999999999997 8.9723
16.153000000000002 9.316099999999999
19.661 9.1016
18.625999999999998 9.928799999999999
17.348 9.243000000000002
17.386999999999997 9.4176
18.086999999999996 9.645699999999998
17.627000000000002 9.038400000000001
18.189000000000004 9.0227
17.735 8.788200000000002
17.708000000000002 9.2316
20.108 9.276199999999998
15.806000000000001 8.753599999999999
15.767000000000001 8.421599999999998
17.151 8.612099999999998
18.296 8.8794
16.999 8.625699999999998
19.317999999999998 8.6662
15.817999999999998 8.607999999999999
18.854 8.484499999999999
18.732 8.8474
22.693 9.2348
22.088 9.3202
22.244 9.291699999999999
20.044999999999998 9.137500000000003
19.132 9.0643
20.082000000000004 8.987
19.306 8.8624
19.632 9.107099999999999
21.904000000000003 9.691400000000002
21.563999999999997 9.612700000000002
20.003999999999998 9.6603
20.66 9.0978
21.948 9.226399999999998
20.006 9.5158
21.576 9.509699999999999
20.259 9.1739
17.997999999999998 9.462000000000002
22.356 9.768099999999999
20.913 9.541100000000002
21.449 8.4253
20.875999999999994 9.629999999999999
19.081 9.1609
18.735999999999997 8.8118
22.595000000000002 9.175
23.439 9.7614
20.366 8.967500000000001
23.232999999999997 9.0808
24.873 10.022999999999998
25.989 9.691000000000003
24.891 9.1829
26.343 9.3707
22.276999999999997 9.6266
21.826 9.3642
27.471 9.5975
23.461 9.3185
25.814000000000004 9.945699999999999
24.006000000000004 10.271700000000001
24.731999999999996 10.2421
20.633 8.4279
23.702 9.475399999999999
22.883000000000003 9.596400000000003
22.731 9.138399999999999
24.634999999999998 9.6844
23.968999999999998 9.58
26.186999999999998 9.697299999999998
24.065 9.7101
26.26 9.979000000000001
25.304 10.041
24.487000000000002 9.698100000000002
23.322 10.0054
20.067 9.2759
21.722 9.0594
22.309 9.3201
23.979 9.583699999999999
23.637999999999998 9.7379
21.051000000000002 9.4583
22.107000000000003 9.023499999999999
23.037000000000003 9.1475
20.383000000000003 9.44
20.345 9.0891
17.769000000000002 8.7813
20.895999999999997 9.0247
20.0149 9.252999999999997
24.923 9.421799999999998
22.39 9.788599999999999
22.416999999999998 9.6948
21.981999999999996 9.598999999999998
21.066000000000003 9.540099999999999
19.461 9.292200000000001
17.754 9.0815
19.588 9.411800000000001
19.496999999999996 9.323299999999998
21.187 9.284500000000001
21.311000000000003 9.500900000000001
25.891 9.936900000000001
24.683 10.6322
22.87 10.335799999999999
20.304 10.0813
18.245999999999995 9.6319
19.967999999999996 9.5687
16.816 9.0004
15.443000000000001 8.785699999999999
23.337 9.5844
28.359 10.2682
21.7 10.1044
19.691 9.685599999999999
20.913999999999998 9.7665
18.392 9.604299999999999
20.48 9.6362
18.046999999999997 9.0154
15.833999999999998 8.8976
22.651 9.445400000000001
28.422000000000004 10.6899
22.746 10.477
22.807 10.0577
19.988 9.4139
18.946999999999996 9.240200000000002
18.264999999999997 9.218000000000002
19.512 9.3856
18.072000000000003 9.5437
18.03 8.9986
22.971 9.5652
27.128000000000004 10.9086
19.900999999999996 10.147099999999998
20.086000000000002 10.075199999999999
19.008 9.575800000000001
21.339 9.618
20.2 9.493900000000002
17.053 9.262200000000002
16.171000000000003 8.9272
18.759 8.9293
19.703 9.4723
20.383000000000003 9.7748
20.021 9.937999999999999
18.14 9.3971
14.060999999999998 8.583099999999998
18.392 9.103499999999999
15.251800000000001 8.907500000000002
13.7904 8.3613
13.9569 8.599699999999999
16.730800000000002 8.973
16.7714 9.062499999999998
19.353 9.5215
15.522000000000002 9.0804
16.535 8.834
16.970000000000002 9.186699999999998
16.624999999999996 9.051
14.873999999999999 8.7204
14.41 8.5603
16.3317 8.928399999999998
16.2168 8.9706
17.617 9.183899999999998
