20.847899999999992 24.09209999999999
30.081499999999995 24.7693
33.535 25.032799999999995
31.9857 25.045099999999998
30.599799999999995 24.9756
34.9522 25.154600000000006
32.95739999999999 25.139400000000002
33.9662 25.28990000000001
34.3619 25.3341
32.2131 25.254899999999996
31.206400000000006 25.245900000000006
29.854200000000002 25.163599999999995
30.412199999999988 25.206900000000005
29.4401 25.211100000000002
25.293399999999995 24.8859
19.596 24.508900000000004
20.960799999999992 24.558700000000005
26.7088 24.925799999999995
30.694800000000004 25.2604
28.106099999999994 25.178
25.2205 24.853700000000007
29.212100000000007 25.247199999999992
29.22149999999999 25.249399999999994
29.290099999999995 25.389700000000005
28.4353 25.255600000000005
29.077299999999994 25.32709999999999
30.422700000000003 25.325799999999997
29.2316 25.3901
29.4735 25.357999999999997
27.19799999999999 25.252999999999997
28.498499999999993 25.294800000000002
28.199099999999994 25.27779999999999
28.947840000000014 25.367909999999995
27.869929999999993 24.90126
27.5015 24.830900000000003
27.911400000000004 24.82641
28.9226 25.0859
29.180199999999996 25.1206
27.4497 25.0396
29.2209 25.1569
29.571799999999993 25.163399999999996
26.577099999999998 25.102399999999996
28.08680000000001 25.143899999999995
29.001199999999994 25.2652
31.2083 25.336399999999998
30.9452 25.369299999999996
28.319799999999994 25.267899999999997
27.786500000000004 25.3471
27.02940000000001 25.2579
29.111700000000006 25.31480000000001
26.658699999999996 25.2361
28.381500000000003 25.387199999999993
29.053299999999993 25.34970000000001
29.173 25.317899999999995
30.03749999999999 25.51279999999999
29.468100000000003 25.4363
21.1032 25.0231
16.6144 24.5412
21.6373 24.82570000000001
25.846399999999992 25.15
26.001099999999994 25.228600000000007
20.940100000000005 24.9244
15.901299999999999 24.5184
15.7966 24.45779999999999
20.7365 24.726100000000002
29.710000000000004 25.383500000000005
28.460800000000003 25.383499999999998
31.0016 25.5033
30.0627 25.534900000000004
22.494300000000006 25.094499999999996
29.675799999999995 25.5166
30.688399999999998 25.574299999999994
28.882499999999993 25.55520000000001
29.4456 25.611100000000004
23.01810000000001 25.202600000000004
30.4168 25.585199999999997
29.072899999999997 25.5577
29.6589 25.622600000000002
27.851799999999997 25.568599999999996
30.15420000000001 25.608700000000002
29.4959 25.550099999999997
29.156700000000008 25.669800000000002
28.061500000000006 25.634700000000006
27.7588 25.5792
27.867199999999993 25.60429999999999
28.088300000000004 25.615700000000007
30.385099999999998 25.697799999999997
27.949599999999997 25.672599999999996
28.758500000000005 25.69840000000001
27.596799999999998 25.686000000000007
29.644599999999997 25.715200000000003
27.5287 25.676099999999995
27.965699999999995 25.717299999999998
29.866599999999995 25.848599999999998
30.953799999999998 25.856299999999997
27.680400000000006 25.6782
31.6703 25.93330000000001
28.7825 25.7904
28.339300000000012 25.818399999999997
28.367399999999993 25.759500000000013
28.325700000000005 25.788
25.823400000000007 25.63980000000001
27.137500000000003 25.742999999999995
27.913700000000002 25.7585
27.112 25.6971
27.751799999999992 25.797700000000003
29.218000000000004 25.851500000000005
28.461800000000004 25.8317
27.751200000000004 25.7669
28.294000000000004 25.8123
27.1331 25.776199999999992
20.532200000000007 25.267400000000006
23.1918 25.4294
25.94019999999999 25.629500000000004
25.180999999999997 25.718400000000003
24.5024 25.605700000000002
24.954500000000007 25.671099999999992
24.220399999999998 25.643799999999995
26.451900000000002 25.789
26.236200000000004 25.762800000000002
27.20159999999999 25.887500000000003
28.569900000000004 25.9626
28.881800000000002 25.947
26.0899 25.74349999999999
27.193500000000004 25.778000000000002
29.185400000000005 25.969900000000006
29.131100000000014 25.998499999999996
27.001599999999996 25.908899999999985
27.8094 25.970699999999997
28.213399999999993 26.08335
27.01704 25.450579999999995
25.198789999999992 25.34263
23.976350000000004 25.295980000000007
22.555769999999995 25.308050000000005
15.191379999999995 24.661180000000005
15.300726999999997 24.675419999999995
16.316450000000003 24.81713
17.733841 24.79055
22.838945000000002 25.122329999999998
19.539036000000003 24.88061
27.54082199999999 25.470399999999998
26.852000000000004 25.64010000000001
27.581 25.73530000000001
28.509300000000003 25.890400000000003
25.841899999999995 25.592700000000008
30.3091 26.02829999999998
29.8474 26.0236
28.050100000000004 25.969299999999997
27.703899999999994 25.927300000000002
28.281799999999997 25.927300000000002
30.3604 26.129500000000007
26.559400000000004 25.836699999999997
26.435399999999998 25.8101
27.897700000000004 25.951200000000007
27.40379999999999 25.9013
29.744400000000006 25.960299999999997
26.695600000000002 25.863599999999998
27.9293 25.871399999999994
26.4857 25.83200000000001
28.242300000000004 26.0428
26.27 25.860899999999997
25.397599999999997 25.786499999999997
26.6504 25.871699999999997
27.574700000000004 25.95650000000001
26.074300000000004 25.895500000000006
27.682999999999986 25.96289999999999
26.170900000000003 25.884100000000004
28.510199999999998 25.96140000000001
24.3783 25.760600000000007
23.274700000000003 25.624299999999998
26.52669999999999 25.817199999999996
25.153599999999997 25.7759
25.1253 25.7368
24.60330000000001 25.745799999999996
25.028599999999994 25.759600000000006
25.405 25.8214
24.891 25.803799999999992
27.5626 25.985500000000005
27.432699999999993 25.9691
25.465400000000006 25.867400000000007
23.0082 25.711500000000008
19.69710000000001 25.471700000000002
22.777100000000004 25.647599999999997
25.926900000000003 25.845500000000005
25.6554 25.868300000000005
25.295600000000007 25.904800000000005
25.901200000000006 25.908900000000006
26.519 25.921900000000008
24.994699999999995 25.9282
24.3492 25.9191
24.3854 25.878700000000006
26.598099999999995 26.0433
24.8947 25.9691
26.0407 26.031900000000007
24.7527 25.932600000000004
26.279900000000005 26.04530000000001
25.2793 26.0216
26.6504 26.095300000000005
26.084600000000002 26.081699999999998
26.647000000000006 26.124600000000004
26.064 26.1396
27.20610000000001 26.277900000000002
26.252899999999986 26.1656
27.672499999999996 26.255900000000004
27.5128 26.225199999999994
26.803699999999985 26.262900000000005
25.815500000000004 26.18009999999999
27.08580000000001 26.247499999999995
26.136800000000004 26.131999999999998
27.22829999999999 26.227500000000003
26.43109999999999 26.182399999999994
25.136099999999995 26.09489999999999
28.0412 26.32090000000001
26.9475 26.279999999999994
27.342700000000004 26.338099999999997
26.483899999999995 26.22789999999999
25.669999999999998 26.24290000000001
23.278599999999997 26.09279999999999
20.87309999999999 25.893799999999988
17.152799999999996 25.562800000000003
18.6551 25.6855
25.722499999999993 26.1713
25.4765 26.227900000000005
29.770399999999984 26.5245
30.0214 26.61380000000001
28.77590000000001 26.477500000000003
21.655499999999996 26.025800000000004
17.838500000000003 25.7135
20.222199999999997 25.8632
26.953300000000002 26.31989999999999
27.218699999999995 26.447299999999995
24.598499999999994 26.3459
25.2397 26.234499999999993
27.627200000000002 26.44129999999999
26.629 26.4025
28.642699999999998 26.560699999999997
28.3013 26.470199999999988
28.1399 26.564400000000006
29.18770000000001 26.630399999999998
28.701800000000006 26.64229999999999
28.3627 26.639100000000006
29.986099999999993 26.65690000000001
28.334300000000002 26.659499999999998
29.380499999999994 26.703230000000016
28.935730000000003 26.218400000000003
27.34098 26.157239999999994
29.463800000000006 26.429899999999996
28.966899999999995 26.350300000000004
30.12719999999999 26.5483
27.829299999999996 26.379
28.624699999999997 26.497899999999998
31.183900000000005 26.6959
28.801200000000005 26.597900000000006
30.111100000000008 26.681699999999996
29.46220000000001 26.697699999999998
30.426099999999995 26.746100000000006
32.2391 26.87690000000001
28.491099999999992 26.7054
30.3079 26.703000000000003
30.056299999999993 26.7202
28.3908 26.690599999999996
28.27420000000001 26.6845
29.287700000000005 26.831099999999996
30.768699999999992 26.859699999999997
27.716599999999996 26.694699999999997
28.6779 26.7172
27.587299999999992 26.6485
26.6362 26.7044
25.629300000000004 26.632099999999987
25.2081 26.510700000000003
25.587400000000006 26.582299999999996
29.660799999999988 26.740099999999995
28.697199999999995 26.913800000000005
29.6851 26.905600000000003
28.844700000000007 26.888799999999996
27.837799999999994 26.781899999999997
27.002799999999986 26.72020000000001
25.7543 26.6785
25.4369 26.645199999999992
19.5667 26.168299999999984
16.0585 25.871299999999998
18.5146 25.975799999999992
24.7207 26.539600000000004
30.109500000000004 27.00119999999999
27.825899999999994 26.9191
29.023399999999995 26.940799999999992
29.5715 26.97969999999999
27.4122 26.9094
