15.063 8.437700000000001
16.650000000000002 8.505799999999999
13.899000000000001 8.814
14.9923 8.4016
14.714200000000002 8.9131
12.177299999999999 8.2437
13.9338 8.136800000000001
14.044200000000002 8.4859
13.965400000000002 8.2825
14.6119 8.535799999999998
13.872000000000002 8.4672
13.163 8.5003
12.784499999999998 8.0406
11.300199999999998 7.6986
12.5951 8.0695
13.677900000000001 7.858699999999999
14.715499999999999 8.2047
15.703300000000004 8.661600000000002
17.466 9.316499999999998
15.125 9.0991
14.879000000000001 8.924
13.874600000000001 9.0575
11.821299999999999 8.4045
11.668000000000001 7.754399999999999
13.731100000000001 8.1969
13.8652 8.478299999999999
13.153 8.3051
14.621799999999999 8.3592
12.987000000000002 8.0026
14.488100000000001 8.1123
14.713000000000001 8.827499999999999
12.572600000000001 8.238199999999999
12.6866 8.106300000000001
15.434699999999998 8.4901
13.411100000000001 8.8149
13.934599999999996 8.7368
13.528099999999998 8.5108
14.535900000000002 8.3817
16.142899999999997 8.417500000000002
15.576000000000004 9.311500000000002
11.8366 8.316099999999999
14.871 8.8612
14.126 8.726199999999999
11.445500000000001 7.804899999999999
15.170899999999998 8.613500000000002
14.415400000000004 8.960300000000002
15.224499999999999 8.6604
15.419000000000002 8.925799999999999
17.167 9.298599999999999
13.6207 9.142199999999999
12.256800000000002 8.7604
13.2579 8.1789
13.788799999999998 8.891200000000001
11.941899999999999 8.383799999999999
13.221599999999997 8.637699999999999
15.116499999999998 8.967799999999999
14.105300000000003 9.1444
12.959000000000001 8.9178
13.384699999999999 8.630700000000001
13.1298 8.2039
14.0127 8.615999999999998
12.654200000000001 8.8217
12.437099999999997 8.5879
11.943999999999999 8.558
18.062300000000004 9.0037
15.297300000000003 9.201600000000001
11.7915 8.0833
13.6136 8.056
12.754299999999999 8.431899999999999
13.172599999999997 8.616800000000001
13.563 8.765899999999998
10.5312 7.840399999999999
12.2191 7.8803
14.283199999999999 8.563899999999999
13.063799999999997 8.1428
13.0659 7.9186000000000005
12.031 7.9575000000000005
11.643099999999999 8.079699999999999
11.2711 8.1715
12.823899999999998 8.4
12.778300000000002 8.378800000000002
11.8418 8.5016
14.479700000000001 8.424800000000001
13.994600000000002 8.523800000000001
13.700899999999999 8.225900000000001
13.394799999999998 8.022400000000001
12.9991 7.8642
12.0783 8.2903
12.631700000000002 7.8965000000000005
14.1654 8.4818
12.6362 8.4854
15.966000000000003 8.4992
13.36 8.354299999999999
14.621499999999997 8.2257
16.878999999999998 8.6479
13.221 8.579
15.153000000000002 8.6041
13.763300000000001 8.454699999999999
15.2026 8.5874
14.544 8.755799999999999
17.084 8.796200000000002
13.095600000000001 8.602400000000001
16.515 8.5895
18.587999999999997 9.1961
15.709999999999999 8.878400000000001
15.207600000000001 8.655
15.8002 8.6343
15.222999999999997 8.7381
17.502499999999998 9.101899999999999
18.175 9.3534
16.711 9.1939
15.762999999999996 8.5712
18.627000000000002 8.853000000000002
17.075000000000003 9.1486
15.767999999999999 9.096200000000001
17.5116 9.0292
15.5138 9.2003
19.156000000000002 8.8618
17.549300000000002 8.936200000000001
15.417 8.4571
18.040100000000002 8.723100000000002
19.967 8.9823
16.948 8.693900000000001
18.046 8.782799999999998
17.974 8.7728
18.622300000000003 8.991299999999999
17.095 9.0274
20.095000000000002 9.319099999999999
16.854000000000003 9.501199999999999
17.775 9.095699999999999
19.689000000000004 9.1085
17.694 9.1507
17.19 9.2666
18.185000000000002 9.262900000000002
17.965000000000003 9.1221
15.290799999999999 8.5327
20.376 8.6685
16.14 8.916400000000001
18.753 9.419899999999998
18.870000000000005 9.170499999999999
16.284599999999998 9.1572
17.4285 8.9922
18.235 9.053799999999999
17.772000000000002 9.073
16.953699999999998 8.963700000000001
17.197999999999997 8.973499999999998
18.647999999999996 9.235600000000002
20.179 9.2307
21.785999999999998 9.4554
17.411 9.5918
17.52 9.353700000000002
18.451999999999998 9.310099999999998
18.744000000000003 9.645499999999997
17.979 9.6464
16.052999999999997 8.9787
14.883 8.5305
25.340999999999998 8.8508
22.042 9.471
19.688999999999997 9.4569
18.692 9.373099999999999
19.126 9.037400000000002
19.829 9.6213
18.192000000000004 9.2048
17.095 9.137599999999999
17.360999999999997 9.0167
24.976000000000003 9.244299999999999
26.893 10.358799999999999
18.773999999999997 10.0242
20.996000000000002 9.4776
21.252999999999997 9.327200000000001
20.118 8.9948
17.985 8.9729
18.138 8.589400000000001
17.944999999999997 8.409699999999999
22.53 8.575
22.87 9.3149
24.613 9.5142
21.916000000000004 9.667
21.195000000000004 9.993
21.377 9.3162
23.586000000000002 9.5911
22.654000000000003 9.9982
20.548 9.5895
21.368000000000002 9.136699999999998
22.596000000000004 9.4848
22.078 9.1943
24.034 9.823
24.148999999999997 9.8942
20.787 9.7066
19.232 8.962200000000001
26.769 9.3253
22.195 10.1513
20.616 9.306600000000001
20.487 9.18
20.06 9.2591
23.261000000000003 9.453899999999999
25.145999999999997 9.1042
23.712000000000007 9.799299999999999
18.996 9.4119
22.588 9.501299999999999
26.676 9.8646
24.755999999999997 10.1595
21.370000000000005 9.9597
19.979 9.2948
22.967 9.8147
22.133999999999997 9.6501
23.119 9.7947
21.756000000000004 9.457099999999999
20.290999999999997 9.432500000000001
23.285999999999998 9.6793
23.706 9.6558
27.363 10.0159
21.866999999999997 9.302299999999999
20.790999999999997 10.058900000000001
18.397999999999996 8.971600000000002
23.035999999999998 9.604199999999999
18.378999999999998 9.1927
17.663999999999998 8.8185
25.518 9.3223
22.25 9.5258
19.341 9.537399999999998
25.649 9.2373
20.947 9.8226
21.380000000000003 9.3777
21.833000000000002 9.3142
20.411 9.3098
17.861 8.9194
21.131 9.011800000000001
22.766000000000002 9.8889
19.628999999999998 10.247399999999999
19.276 9.4908
19.236 9.3662
19.517 9.4635
20.986 9.6159
17.142000000000003 8.941
18.166 8.3672
21.616 9.1949
21.26 9.3637
22.106 9.1324
20.388999999999996 9.1736
17.754 9.0209
19.688 9.237800000000002
22.179 10.1128
22.782999999999998 9.983500000000001
20.495999999999995 9.595699999999999
18.58 8.9821
21.093 8.872799999999998
21.573999999999998 9.4763
19.984 9.536000000000003
19.653000000000002 9.2903
17.882 9.0784
21.694000000000003 9.354999999999999
22.840000000000003 9.3948
20.363999999999997 9.1532
18.825999999999997 9.088600000000001
19.993 9.1806
22.361 9.6388
19.526 9.012800000000002
19.186 9.2281
19.407000000000004 8.9095
22.782 9.5297
21.996000000000002 9.3171
18.747000000000003 9.0217
17.938000000000002 8.9243
20.771 8.9329
23.927 9.9432
18.266000000000002 9.467
18.189999999999998 8.905000000000001
17.376 8.6899
20.962 9.3295
20.503 9.8116
17.901 9.301799999999998
15.9999 9.1545
18.333 9.368699999999999
21.365999999999996 9.846300000000003
17.338 9.357199999999999
16.606700000000004 8.8364
14.918800000000001 8.742799999999999
16.685699999999997 8.760900000000001
15.339000000000002 8.6257
14.212000000000003 8.9341
14.985000000000001 9.2423
14.5127 9.0985
16.8324 8.755499999999998
16.268 9.0819
14.041800000000002 8.490099999999998
13.988600000000002 8.527899999999999
15.789000000000003 9.1365
