11.560000000000002 89.21699999999996
11.667900000000001 89.17099999999996
11.811799999999998 89.645
11.0666 89.14000000000001
10.682699999999997 88.69899999999998
11.4203 88.682
10.842099999999999 88.663
11.1735 88.71899999999998
11.745300000000002 88.90299999999998
11.200000000000001 88.80300000000001
12.4029 88.92399999999999
11.9985 88.72099999999999
11.3014 88.35799999999998
13.349099999999996 89.53299999999997
12.455100000000002 87.59299999999999
12.300100000000002 88.04169999999996
11.8874 88.44799999999998
12.318 88.52899999999997
10.931700000000001 88.51899999999998
10.9229 88.41999999999999
11.814 88.74099999999996
12.2248 89.55299999999997
10.581100000000001 88.38999999999999
12.025200000000002 89.0
11.464 88.99899999999998
12.1045 89.52599999999997
11.4551 89.12099999999998
11.526800000000001 89.216
11.352999999999996 89.09399999999998
11.598999999999998 89.39199999999997
12.319199999999999 89.60699999999996
12.4141 89.48699999999998
12.240599999999999 89.65200000000002
13.4404 89.57799999999997
13.477899999999998 90.084
13.271699999999997 90.19100000000002
13.100300000000004 89.809
15.140399999999996 90.92199999999998
16.0971 90.82100000000003
16.660900000000005 90.71499999999999
16.239299999999997 90.743
15.277799999999997 90.52
16.146800000000006 90.81899999999999
14.697500000000005 90.42699999999999
15.117400000000004 90.82099999999997
13.766700000000004 90.42000000000002
12.8693 90.08100000000002
13.567599999999997 90.364
13.204799999999997 89.69299999999998
14.026600000000004 89.99399999999999
13.463199999999997 90.50200000000001
14.019799999999998 90.237
14.2762 90.47699999999998
14.821499999999999 90.816
14.481800000000003 90.63500000000002
13.651599999999995 90.17199999999998
12.5968 90.10400000000001
11.9934 89.69499999999996
12.251900000000001 89.93299999999998
13.249199999999997 90.11200000000001
13.347100000000001 90.014
14.303599999999998 90.461
14.573699999999997 88.467
14.884799999999998 89.25700000000002
14.064100000000002 89.11849999999998
14.4268 89.01580000000001
14.041300000000003 89.1587
14.036500000000002 89.513
14.990799999999997 89.91600000000001
13.458600000000004 90.01599999999996
13.292300000000001 90.136
13.1709 90.15299999999999
12.7487 89.85999999999997
12.236699999999999 89.93099999999998
12.2838 89.852
12.301900000000002 89.94299999999996
12.182700000000002 89.8
13.08 89.66499999999999
11.558399999999995 89.14099999999998
11.555500000000002 89.44899999999998
11.529399999999999 89.47599999999997
10.4162 89.019
11.353800000000001 88.859
13.512400000000003 89.61199999999998
11.553199999999999 89.06599999999997
12.045200000000001 89.13499999999999
12.015700000000002 89.01
10.555299999999997 88.39799999999997
10.924800000000001 88.68199999999997
10.3889 88.70899999999999
10.715599999999997 88.48799999999997
10.8968 88.64699999999999
10.5902 88.456
9.665999999999999 88.21199999999996
9.876800000000001 87.983
11.0069 88.79399999999998
9.164200000000001 87.78400000000002
9.531899999999997 88.15899999999998
11.4755 88.76099999999997
8.6267 87.55100000000003
8.038499999999999 87.44099999999997
7.8667 87.297
9.023900000000001 87.83799999999997
7.6882 87.25300000000004
8.075300000000002 87.24300000000002
9.9923 87.97999999999998
8.204799999999999 87.051
8.197700000000001 87.103
9.717799999999999 87.92699999999998
8.210400000000002 87.32799999999996
7.656599999999998 87.01900000000005
8.0867 87.19000000000004
7.355199999999999 87.12900000000002
6.85597 86.61300000000003
9.1516 87.105
6.859399999999997 86.636
6.729199999999999 86.32999999999998
7.598199999999999 86.94699999999996
5.743820000000001 85.98499999999993
5.927240000000002 85.763
7.770799999999999 86.64199999999997
6.260789999999999 86.35400000000001
6.882229999999997 86.36899999999999
7.580899999999997 86.71000000000004
6.721399999999999 86.44600000000004
5.757620000000001 85.895
6.9951 86.309
7.441699999999998 86.13099999999999
6.482399999999999 86.142
6.572819999999998 85.97300000000003
7.650699999999999 86.26099999999998
7.504999999999999 86.55300000000001
6.7026 86.146
7.7027 86.8
9.079600000000001 87.12000000000002
7.199799999999999 86.88
6.53492 86.22900000000003
6.353559999999998 86.136
8.232 87.01800000000001
6.8207 86.369
6.7917000000000005 86.215
7.4091000000000005 86.28799999999998
7.684499999999998 87.163
5.998970000000001 85.775
6.6268999999999965 86.08299999999998
7.929199999999999 86.71099999999996
9.466299999999999 88.113
7.606200000000002 86.79100000000001
7.695 86.93000000000002
7.682699999999998 86.802
10.088300000000002 87.844
8.581199999999997 87.45799999999997
8.963300000000002 87.17399999999999
8.746200000000002 87.13100000000003
10.287300000000002 87.81000000000002
10.188899999999999 87.92500000000003
9.473999999999998 87.93799999999999
9.0828 87.41199999999995
9.850200000000001 87.302
12.4517 88.94899999999998
10.132800000000001 88.215
9.905800000000001 87.94799999999998
11.596199999999998 88.19099999999995
11.247000000000002 88.57
9.534400000000002 87.315
9.9118 87.56600000000002
12.600600000000007 88.54799999999999
10.081599999999998 87.96600000000002
10.3261 87.68800000000002
13.669500000000001 89.29799999999997
10.3978 87.98099999999998
10.211599999999997 87.95600000000002
11.525500000000003 88.53099999999998
11.349800000000002 88.73499999999997
10.607300000000002 88.419
10.630299999999998 88.352
11.0998 88.738
12.360399999999998 88.88899999999998
10.993300000000001 88.33199999999995
12.1132 88.69299999999997
12.318200000000003 89.3
12.338300000000004 89.493
12.845600000000001 89.24399999999999
12.047200000000002 89.47099999999996
12.2592 89.30900000000001
12.320299999999998 89.38099999999997
12.636700000000001 89.54699999999998
11.0657 88.717
13.1333 89.38599999999998
13.6296 90.122
11.853000000000002 89.458
12.632000000000001 89.41400000000002
14.0272 89.797
13.5771 90.049
13.011800000000004 89.29299999999999
12.669000000000002 89.28399999999999
13.6145 89.667
14.1527 90.16
11.875300000000005 89.00999999999999
11.405300000000004 88.93599999999998
11.4245 88.78299999999997
12.0654 88.98899999999998
15.679199999999996 90.36000000000003
12.627999999999995 89.365
12.372399999999999 89.25399999999998
12.459000000000001 89.423
15.124499999999994 90.67300000000002
11.505100000000002 88.90999999999998
12.294500000000003 89.04999999999997
12.508200000000002 89.02799999999998
12.416999999999998 88.75699999999999
15.160699999999999 90.21599999999998
12.363399999999999 88.66299999999998
12.707900000000002 89.37299999999998
12.114099999999999 88.98599999999998
12.6939 89.07199999999997
13.659500000000001 90.06799999999997
13.192599999999999 89.59999999999998
13.586799999999998 89.45100000000001
14.932800000000004 89.87500000000001
19.1432 91.01299999999999
14.113000000000003 89.752
13.825099999999996 89.319
12.590899999999996 88.97399999999998
15.769200000000003 90.24099999999996
13.117900000000004 89.30799999999995
13.466499999999998 89.53399999999999
13.032700000000002 89.13799999999998
16.4062 90.39299999999999
13.2128 89.69699999999997
12.5304 89.13799999999996
13.7497 89.38799999999999
16.2014 90.726
13.2166 89.41199999999998
14.089399999999996 89.84100000000001
16.756800000000002 90.58999999999999
13.2042 89.85899999999998
13.538899999999998 89.63299999999998
13.341299999999997 89.78399999999999
15.525299999999998 90.35699999999999
13.1057 89.38799999999996
13.734900000000003 89.50299999999997
14.244600000000002 89.59
17.2782 90.91399999999997
14.903900000000005 90.16
15.399 90.045
16.3767 90.502
16.892599999999995 91.029
14.648599999999995 90.09400000000002
15.001899999999996 90.192
16.347100000000005 90.30800000000002
18.181900000000006 91.00500000000001
14.061400000000003 90.09800000000001
12.9395 89.73499999999999
13.5702 89.777
15.899900000000002 90.61699999999999
12.8671 89.639
13.608800000000002 87.77
15.031 88.023
16.457700000000003 88.826
13.753800000000002 88.3945
13.550600000000005 88.61399999999998
15.292599999999998 89.572
12.478 87.80699999999997
12.404500000000002 88.95600000000002
12.3306 89.06000000000004
15.122300000000003 90.41500000000002
12.553599999999998 89.40399999999998
13.201200000000002 89.533
14.166499999999996 89.961
13.750600000000002 89.911
12.194799999999999 89.12799999999994
12.525200000000005 89.36699999999999
14.053 89.73899999999998
13.598700000000003 89.15599999999996
11.361799999999999 88.5
12.362800000000002 88.70299999999999
12.134500000000003 88.79999999999998
11.8777 89.05399999999997
11.465899999999998 88.52700000000002
12.470699999999995 89.09499999999998
12.4864 88.984
11.499799999999995 88.28800000000001
12.205699999999998 88.78899999999997
12.3446 88.85399999999997
11.7948 88.92099999999998
13.117299999999998 89.79799999999997
11.863500000000002 89.14599999999996
