10.6404 33.121
10.7315 33.121
11.1917 33.20997
10.2355 33.117999999999995
11.232 33.4606
11.2816 33.705999999999996
11.832500000000001 33.673300000000005
12.9442 33.711800000000004
12.965499999999999 33.7179
13.4216 33.8377
12.8922 33.7187
11.407399999999999 33.697
11.335500000000001 33.6813
11.021400000000002 33.695600000000006
10.691500000000001 33.6746
10.7678 33.6987
9.927800000000001 33.6815
10.4053 33.7104
10.6988 33.721000000000004
10.2009 33.71509999999999
9.7874 33.721900000000005
10.6111 34.1853
9.0869 33.744
8.679299999999998 33.7243
8.716399999999998 33.7273
8.8694 33.7174
8.5709 33.7084
8.7639 33.7133
9.1076 33.72979999999999
8.427200000000001 33.721399999999996
8.809000000000001 33.7252
8.6146 33.7283
9.400600000000003 33.7549
9.2658 33.7655
9.7905 33.7828
9.772399999999998 33.7943
9.327400000000003 33.806599999999996
9.2186 33.8082
9.8025 33.8173
9.329099999999997 33.8151
9.010000000000002 33.8211
8.6043 33.8014
9.161499999999998 33.812
9.755799999999999 33.8391
9.4747 33.8469
9.149899999999999 34.2152
10.7499 33.89280000000001
12.663300000000003 33.9717
10.748200000000004 33.9448
11.7044 33.9073
11.254999999999999 33.9306
10.9508 33.93810000000001
10.363299999999999 33.9044
10.7593 33.9217
11.1763 33.923199999999994
9.968699999999998 33.8932
9.337599999999997 33.885799999999996
8.881500000000003 33.865300000000005
8.4435 33.8654
8.831100000000001 33.8609
8.3876 33.8762
8.298100000000002 33.8732
8.3683 33.8869
9.1682 33.9004
8.3043 33.89
8.8941 33.9021
8.963600000000001 33.9097
9.2447 33.9097
9.584599999999998 33.926300000000005
9.311799999999998 34.3945
8.7017 33.9279
8.373 33.904399999999995
8.308000000000002 33.91049999999999
8.242199999999999 33.9235
8.3071 33.919599999999996
10.103499999999999 33.944599999999994
10.204699999999999 33.949200000000005
10.492099999999999 33.9623
10.3638 33.97330000000001
10.2922 33.9704
9.792600000000002 33.962900000000005
10.7009 33.99400000000001
10.5057 34.00149999999999
10.1155 33.982600000000005
10.677200000000001 34.0066
10.462 34.0156
9.901599999999998 34.0072
10.259699999999999 34.0207
10.554100000000002 34.0492
11.1397 34.0327
10.5539 34.0388
11.3491 34.0433
10.789900000000001 34.05380000000001
10.930300000000003 34.6274
10.596600000000002 34.096900000000005
10.648700000000003 34.064499999999995
10.042800000000002 34.061
10.511499999999998 34.037499999999994
11.826900000000002 34.0852
12.446800000000001 34.103300000000004
11.157100000000002 34.0845
12.339800000000002 34.1336
12.2169 34.14260000000001
11.999 34.1501
12.424499999999998 34.1577
12.473400000000002 34.239700000000006
13.079099999999997 34.1798
12.358200000000002 34.1533
11.8126 34.15039999999999
11.151099999999998 34.1399
10.074599999999998 34.11350000000001
10.619499999999999 34.135000000000005
12.362 34.187
12.215399999999999 34.205
12.2208 34.18299999999999
12.0613 34.174
10.4459 34.122
10.540799999999999 34.354
10.4988 34.36
10.8405 34.14699999999999
11.483699999999999 34.17700000000001
10.1155 34.153
10.2772 34.172999999999995
10.6154 34.184000000000005
11.3993 34.217999999999996
11.2231 34.23100000000001
12.592199999999998 34.26699999999999
12.6709 34.277
11.812600000000002 34.24399999999999
12.943299999999999 34.286
11.778100000000002 34.275000000000006
11.535599999999999 34.27599999999999
11.4532 34.277
11.699899999999998 34.260000000000005
11.249700000000002 34.25900000000001
11.508100000000002 34.267999999999994
11.647499999999997 34.278999999999996
11.908800000000001 34.319
12.8205 34.333000000000006
12.610499999999996 34.317
11.770400000000002 34.331999999999994
10.750900000000001 34.842000000000006
11.218999999999998 34.449000000000005
11.2344 34.342000000000006
12.661800000000001 34.34199999999999
13.131699999999999 34.367000000000004
13.0746 34.367
11.9939 34.33800000000001
12.259700000000002 34.359
11.899700000000001 34.382
12.342099999999999 34.396
12.0996 34.382
12.9059 34.422000000000004
12.437599999999998 34.673
12.5872 34.364
12.548100000000002 34.361000000000004
12.301499999999999 34.375
11.546700000000001 34.361000000000004
10.655199999999999 34.355
11.8774 34.400999999999996
11.634199999999998 34.414
12.4739 34.432
11.154799999999998 34.410999999999994
10.5874 34.395
10.1177 34.382999999999996
10.7813 34.647
11.3498 34.458999999999996
10.879599999999998 34.440000000000005
10.3824 34.415000000000006
11.072899999999997 34.43899999999999
11.9111 34.439
12.454199999999998 34.469
13.5546 34.492999999999995
12.137999999999998 34.474
11.804300000000001 34.443999999999996
12.564599999999999 34.474000000000004
12.222899999999997 34.504000000000005
11.7626 34.809
12.120199999999999 34.589999999999996
11.792200000000001 34.486
12.654600000000002 34.528
11.7623 34.50699999999999
13.590100000000001 34.544
12.884599999999999 34.553000000000004
13.058299999999997 34.55400000000001
11.959200000000001 34.523999999999994
12.8913 34.561
12.3113 34.556
12.721400000000003 34.573
12.592500000000001 34.852
12.6164 34.695
12.780199999999997 34.577000000000005
13.0052 34.618
13.503200000000001 34.599000000000004
11.990599999999997 34.57300000000001
12.543500000000002 34.602
13.610800000000003 34.633
13.4353 34.635999999999996
13.364299999999998 34.639
15.323900000000002 34.68399999999999
14.560799999999999 34.696
13.186200000000001 35.332
12.269799999999998 34.76800000000001
11.8079 34.644999999999996
12.5223 34.660000000000004
11.674199999999999 34.62800000000001
12.6311 34.657
13.8467 34.687
12.7692 34.678000000000004
12.542 34.658
13.847399999999999 34.691
13.344799999999998 34.699
12.335899999999999 34.673
11.5915 34.951
11.683399999999999 34.67999999999999
11.37 34.719
13.6218 34.739999999999995
12.5611 34.744
11.8433 34.744
11.7021 34.734
12.523399999999999 34.708000000000006
11.789000000000001 34.719
12.381100000000002 34.724000000000004
13.021900000000002 34.74399999999999
13.493999999999998 34.727999999999994
13.1684 34.736999999999995
13.457700000000003 34.758
11.754800000000001 34.706
11.279300000000001 34.691
10.996699999999999 34.682
11.559299999999999 34.7
11.383899999999999 34.694
12.0125 34.714999999999996
11.082500000000001 34.69799999999999
11.9057 34.712999999999994
12.684500000000002 34.713
11.952300000000001 34.704
10.9058 35.17799999999999
11.267900000000001 34.732
10.864600000000001 34.692
11.883400000000002 34.70399999999999
12.255999999999998 34.718999999999994
11.472999999999999 34.69799999999999
10.763900000000003 34.655
10.705700000000002 34.677
10.7055 34.667
11.1154 34.68600000000001
12.392900000000001 34.705999999999996
10.985399999999998 34.685
10.9402 34.718
10.1715 34.706
12.1809 34.711999999999996
11.3236 34.705999999999996
10.9585 34.67
11.0085 34.687999999999995
11.659200000000002 34.699999999999996
12.0001 34.721
11.926499999999999 34.711999999999996
10.3662 34.678000000000004
11.281399999999998 34.70099999999999
12.0592 34.719
11.527600000000001 35.193999999999996
12.283399999999999 34.735
11.611400000000001 34.707
12.486100000000002 34.736999999999995
12.406199999999998 34.715999999999994
12.711500000000001 34.71300000000001
12.6596 34.736
11.831800000000001 34.717999999999996
11.7745 34.721000000000004
11.6296 34.725
11.836999999999998 34.721000000000004
12.9281 34.761
11.615999999999998 35.05
10.0117 34.699000000000005
9.843499999999999 34.684000000000005
9.7279 34.688
10.4862 34.702999999999996
9.7339 34.691
10.6026 34.70599999999999
10.348600000000001 34.697
10.7075 34.706
11.5108 34.711999999999996
11.2295 34.721000000000004
10.8811 34.7
12.0194 35.172
10.790300000000002 34.818999999999996
9.888000000000002 34.679
