18.2824 51.731000000000016
18.137999999999995 51.714000000000006
17.103000000000005 51.641999999999996
15.4054 51.23599999999999
16.041000000000004 51.385999999999996
17.6209 51.344999999999985
15.764299999999999 51.31399999999999
15.242600000000001 51.307999999999986
16.3731 51.32599999999999
15.931600000000005 51.307999999999986
16.525899999999996 51.33899999999999
16.2364 51.337999999999994
16.9981 51.355
19.0645 51.37399999999999
15.8165 51.39299999999999
17.4848 51.385999999999996
14.877599999999996 51.55
14.709000000000003 51.36099999999999
14.9648 51.35099999999998
15.567899999999998 51.361000000000004
16.4541 51.36199999999999
13.605499999999997 51.32599999999999
13.438799999999999 51.35599999999999
13.659900000000002 51.385999999999996
15.1132 51.379999999999995
13.4802 51.379999999999995
17.531899999999997 51.42899999999999
17.7708 51.416
17.027900000000002 51.599
16.456400000000006 51.44799999999999
17.846899999999998 51.440999999999995
15.584299999999999 51.410999999999994
19.457 51.873000000000005
17.129 51.793
14.0735 51.769
16.3478 51.698
17.170099999999998 51.410999999999994
16.430600000000002 51.41199999999999
15.100199999999997 51.39999999999999
15.486899999999999 51.36299999999999
17.474099999999996 51.35099999999999
19.324400000000004 51.385999999999996
18.066899999999997 51.36199999999999
16.678600000000003 51.33699999999999
17.9901 51.38699999999999
19.405499999999996 51.37499999999999
18.5874 51.380999999999986
18.2284 51.39299999999999
18.807899999999997 51.39299999999999
19.276899999999998 51.385999999999996
22.2827 51.39299999999999
24.292900000000003 51.368999999999986
18.661700000000003 51.59199999999999
16.522399999999998 51.355
18.9144 51.349000000000004
19.0083 51.332
21.017000000000003 51.361000000000004
18.460500000000003 51.337999999999994
18.2962 51.324999999999996
19.744699999999998 51.312999999999995
16.669900000000002 51.32599999999999
16.018300000000004 51.29499999999999
15.526499999999999 51.35599999999999
15.490300000000001 51.422999999999995
15.0175 51.381
17.1536 51.398999999999994
16.7117 49.82299999999999
16.8393 47.83699999999999
18.156300000000005 46.71999999999999
18.1836 47.715999999999994
18.709999999999997 48.69500000000001
20.006599999999995 48.895
17.241699999999998 49.05900000000001
18.3584 48.803999999999995
17.9454 48.757
14.9147 48.83099999999999
14.963499999999996 48.324
18.2918 47.37299999999999
17.0272 47.59499999999999
19.034000000000002 47.770999999999994
16.6965 47.97599999999999
17.4421 48.25099999999999
18.949899999999996 48.44799999999999
19.5143 48.663
19.3624 48.687
20.000400000000003 48.75600000000001
19.763600000000004 48.793
21.1366 48.87399999999999
21.6834 49.23599999999999
21.8015 49.20299999999999
20.497799999999998 49.17099999999999
20.586800000000004 49.19599999999999
20.315699999999996 47.98399999999999
21.818600000000004 46.325
20.2913 46.32399999999999
20.870299999999997 46.787
21.638900000000003 47.346999999999994
22.7677 47.654999999999994
21.3145 47.80399999999999
20.8921 47.85899999999999
22.8344 48.252
24.959800000000005 48.21299999999999
25.7604 48.395999999999994
22.948600000000006 48.63399999999999
22.5614 46.907999999999994
23.083299999999998 45.417
22.4093 46.07599999999999
21.6617 45.166000000000004
21.966499999999996 45.49899999999999
22.3097 46.266
22.5618 46.574
23.4037 46.95599999999999
21.0404 47.20199999999999
22.397399999999998 46.204
23.2915 45.89699999999999
22.168 44.66199999999999
25.245900000000006 44.911
23.968799999999998 44.892
25.757599999999996 44.352999999999994
24.5814 44.989
24.306000000000004 45.484
24.1052 45.87200000000001
24.876 46.208
24.402599999999996 46.525000000000006
24.3991 46.737
23.1931 46.766000000000005
22.5671 47.047
24.301500000000004 47.429
23.086000000000002 47.752
23.0235 47.859
21.5453 47.88099999999999
21.9079 47.980999999999995
27.302100000000003 48.126999999999995
27.1071 48.331999999999994
27.361 48.44499999999999
24.893800000000006 48.471999999999994
24.875000000000004 48.666000000000004
26.979499999999994 48.87599999999998
25.095899999999993 48.99699999999999
20.399 41.925999999999995
26.561999999999998 35.413000000000004
31.368000000000002 29.232000000000003
33.561 31.471
28.014 34.214999999999996
29.468 36.522
29.574 37.47599999999999
28.1713 37.789
26.683 38.52
24.081000000000003 39.626999999999995
25.965100000000003 40.24100000000001
26.152000000000005 40.886
28.747 41.383
26.863599999999998 41.499
29.271 41.95399999999999
28.87 42.34100000000001
29.547999999999995 42.82
25.459000000000003 43.08
28.421000000000003 43.523
29.687 43.76199999999999
31.094 44.062000000000005
32.098000000000006 44.412000000000006
33.445 44.992
31.441599999999998 45.35699999999999
31.32700000000001 45.531
31.964 45.838000000000015
31.252000000000002 46.148999999999994
29.641000000000005 46.494
31.601000000000006 46.74399999999999
32.623999999999995 46.98699999999999
30.354 47.218999999999994
30.113999999999997 47.347
34.971000000000004 47.778999999999996
32.478 48.028
34.04599999999999 48.289
33.153000000000006 48.456
33.247 48.961000000000006
34.308 49.086999999999996
32.16099999999999 49.239
34.469 49.419
34.028999999999996 49.516
30.55 49.78399999999999
33.28 50.129999999999995
31.31800000000001 50.20899999999999
36.228 50.28599999999999
33.273 50.486
35.410000000000004 50.617000000000004
33.346 50.623000000000005
32.855000000000004 50.67800000000001
34.579 50.687000000000005
34.436 50.729
35.11 50.772000000000006
34.555 50.753
34.172999999999995 50.769
33.160000000000004 50.798
39.01199999999999 50.839
45.452999999999996 50.900999999999996
44.222 51.06600000000001
41.287000000000006 51.053000000000004
40.660999999999994 51.171000000000014
36.07300000000001 51.208999999999996
41.46000000000001 51.275000000000006
37.84400000000001 51.294
36.501 51.37299999999999
33.824000000000005 51.358000000000004
31.924999999999994 51.322
31.94600000000001 51.365
30.110999999999997 51.39
30.943999999999996 51.415
31.461 51.42100000000001
32.384 51.45799999999999
31.45 51.446000000000005
30.174000000000007 51.434000000000005
29.780999999999995 51.391
29.652 51.55099999999999
29.002 51.93899999999999
28.733999999999998 51.855
26.388000000000005 51.855
28.748999999999995 51.446999999999996
32.166 51.403
26.205999999999996 51.347
24.8717 51.527
26.056500000000003 51.300000000000004
26.305000000000007 51.300999999999995
25.135 51.312999999999995
24.767 51.324000000000005
27.708999999999996 51.317
24.74 51.29900000000001
25.686999999999998 51.306
25.874999999999996 51.33
28.973 51.298
28.694999999999997 51.31099999999999
29.969999999999995 51.361000000000004
28.036000000000005 51.441999999999986
29.244999999999994 51.373999999999995
31.162 51.35599999999999
32.95 51.337999999999994
32.63699999999999 51.379
28.191 51.379
27.316999999999997 51.38499999999999
27.613 51.33000000000001
27.545199999999998 51.392
29.961600000000004 51.373000000000005
30.455000000000005 51.379000000000005
30.116500000000002 51.33
31.020999999999997 51.373999999999995
27.9084 51.349000000000004
29.273000000000003 51.32499999999999
29.397100000000005 51.403
31.825 51.42199999999999
28.277 51.40899999999999
27.446199999999994 51.739000000000004
27.482 51.916
28.122000000000003 51.819999999999986
27.477800000000002 51.77799999999999
30.380000000000003 51.39699999999999
27.260599999999997 51.391999999999996
28.529700000000002 51.70099999999999
28.112600000000004 51.45099999999999
27.0926 51.39699999999999
27.958 51.32899999999999
21.977999999999998 51.274
26.590999999999998 51.318
26.347999999999992 51.37299999999999
21.4521 51.28699999999999
19.229400000000002 51.24999999999999
19.5478 51.245
20.8108 51.305
20.839000000000002 51.300000000000004
19.054399999999998 51.281
21.060600000000004 51.26200000000001
17.6573 51.244
17.747399999999995 51.244
16.377500000000005 51.244
14.745799999999997 51.23800000000001
16.8826 51.251000000000005
15.564000000000004 51.269999999999996
15.148299999999997 51.263000000000005
14.1169 51.257
15.2046 51.245
14.486800000000002 51.257
13.0333 51.512
13.223299999999998 51.22599999999999
16.5644 51.245
15.946299999999999 51.23899999999999
13.7962 51.208999999999996
13.245500000000002 51.391
13.656299999999998 51.758
13.008699999999997 51.678000000000004
