17.298000000000002 6.0089999999999995
10.69 6.028
16.266 6.0600000000000005
13.779 6.063000000000001
13.507 6.068
12.899 6.07
10.635 6.071999999999999
13.312 6.069999999999999
10.674999999999999 6.068999999999999
10.917 6.087000000000001
13.254 6.104
11.19 6.103
10.666 6.101999999999999
13.553 6.097
10.409 6.087
10.934 6.085999999999999
12.450999999999999 6.088
11.865 6.090000000000001
10.572 6.085999999999999
13.309000000000001 6.083999999999999
10.976 6.092
13.459999999999999 6.09
16.364000000000004 6.085
16.404000000000003 6.085
16.750999999999998 6.085
16.672 6.085999999999999
13.203999999999999 6.100999999999999
12.833 6.1049999999999995
11.572000000000001 6.106
10.466 6.107
13.058 6.114999999999999
11.145000000000001 6.114999999999999
13.363 6.113
16.275000000000002 6.114999999999999
16.499 6.114999999999999
10.733 6.117
17.477 6.117999999999999
16.900000000000002 6.111
13.706999999999999 6.114
16.906000000000002 6.116
13.341999999999999 6.114
16.61 6.114
13.027 6.111999999999999
13.215000000000002 6.109000000000001
11.429 6.111999999999999
10.818999999999999 6.114
13.239 6.117999999999999
11.553999999999998 6.119
10.818 6.114
13.0 6.116
11.426 6.121
17.339 6.111999999999999
16.7 6.116
16.804999999999996 6.1129999999999995
13.681000000000001 6.114
16.811999999999998 6.114
13.044 6.1160000000000005
11.325 6.115000000000001
13.507 6.114
17.334 6.114
13.523 6.1160000000000005
13.785 6.113
13.378 6.113
13.177999999999997 6.121
11.099 6.125
10.314 6.122
12.303 6.121
11.243 6.122
10.288 6.122
13.488 6.1240000000000006
13.888 6.1240000000000006
16.863999999999997 6.1259999999999994
13.821999999999997 6.131
17.01 6.1259999999999994
16.606 6.125
13.405999999999999 6.128
17.095 6.123
16.676 6.128
13.512000000000002 6.126000000000001
15.761999999999999 6.122999999999999
16.572 6.107
9.998999999999999 6.104
16.537 6.11
16.580000000000002 6.111999999999999
13.019 6.106
13.208 6.111999999999999
16.546 6.111
11.111 6.111999999999999
13.049000000000003 6.108999999999999
11.188999999999998 6.11
10.096 6.111999999999999
12.687000000000001 6.111
11.859 6.11
10.737 6.111999999999999
13.931000000000001 6.111
16.419 6.11
13.921 6.111
16.500999999999998 6.12
10.385 6.1259999999999994
12.703999999999999 6.1240000000000006
11.493 6.125
10.999999999999998 6.1240000000000006
13.117 6.122
11.119 6.123
10.716999999999999 6.1240000000000006
10.599 6.1240000000000006
12.628 6.131
11.447000000000001 6.129
13.382 6.132999999999999
13.254 6.136
16.110000000000003 6.13
11.207 6.129
10.392 6.132
12.774 6.136
11.562 6.139
10.192 6.125
13.604 6.122
16.503999999999998 6.12
16.717 6.122
13.592 6.124
13.634000000000002 6.12
16.541 6.122999999999999
16.805999999999997 6.118
12.943 6.12
11.139 6.1240000000000006
10.789000000000001 6.125
13.412000000000003 6.124
13.272999999999998 6.123
13.102 6.123
11.076 6.123
16.822 6.127
10.56 6.132999999999999
16.644000000000002 6.13
16.444000000000003 6.1259999999999994
13.333999999999998 6.129
13.358 6.13
13.391000000000004 6.129
13.736 6.132
13.219 6.139
13.174 6.137
11.190999999999999 6.137
10.309 6.135
12.695 6.1370000000000005
11.16 6.136
10.703 6.1339999999999995
13.324 6.1339999999999995
13.452000000000004 6.101999999999999
13.236999999999998 6.105
10.421 6.101
10.898 6.1
13.672 6.100999999999999
10.684 6.101999999999999
10.401 6.100999999999999
13.428 6.102
14.382 6.101999999999999
10.331 6.106
13.028 6.105
11.357 6.102
12.818 6.103
11.593 6.103
10.812999999999999 6.105
12.915 6.103
11.564 6.112
10.333 6.127999999999999
12.747999999999998 6.142
11.517999999999999 6.145
12.784 6.141
11.521 6.143999999999999
13.083 6.1419999999999995
10.834000000000001 6.142
10.349 6.140000000000001
12.847999999999999 6.138
11.363999999999999 6.145999999999999
10.653 6.145
12.959000000000001 6.146999999999999
10.876000000000003 6.1499999999999995
10.953 6.148
12.857000000000001 6.146999999999999
11.6 6.151
10.019 6.156000000000001
12.722 6.144
11.142000000000001 6.1419999999999995
10.773 6.141000000000001
10.663 6.141000000000001
12.414 6.142
11.481000000000002 6.143000000000001
12.477 6.142
11.271 6.14
10.518 6.145
12.888 6.142
11.674 6.143
11.276 6.138
13.491 6.1339999999999995
10.927999999999999 6.135
10.772 6.141
13.504 6.138
10.808000000000002 6.1370000000000005
10.681000000000001 6.1370000000000005
13.456000000000001 6.1370000000000005
10.48 6.135
13.824 6.136
13.031 6.1419999999999995
10.955 6.144
13.735 6.143999999999999
13.459999999999999 6.146
13.553 6.146999999999999
13.923999999999998 6.1530000000000005
13.895 6.15
17.431 6.152
13.788 6.151
13.818 6.156
10.678 6.1530000000000005
13.702 6.151
14.451 6.146999999999999
12.75 6.149
13.774999999999999 6.144
11.64 6.141000000000001
13.850999999999999 6.142
10.459 6.141000000000001
14.182 6.136
12.701 6.135
11.71 6.135
13.807 6.1370000000000005
15.902999999999997 6.135
14.664999999999997 6.1339999999999995
14.045 6.134
17.45 6.142
12.676000000000002 6.14
11.664000000000001 6.141
13.254 6.142
12.204 6.144
11.465 6.14
12.441000000000003 6.143000000000001
11.57 6.143000000000001
11.628 6.138000000000001
13.019 6.141
11.556999999999999 6.151
11.671000000000001 6.149
13.257 6.151
14.295 6.1530000000000005
13.828 6.16
13.541 6.156
13.509000000000002 6.16
13.486999999999998 6.158
16.662000000000003 6.166
17.301 6.165
17.218 6.173000000000001
17.046999999999997 6.166
16.939999999999998 6.165
16.941 6.165
14.42 6.167
13.915 6.175
16.823 6.162999999999999
13.573000000000002 6.155
13.352 6.157
14.094000000000001 6.1530000000000005
13.447999999999999 6.156000000000001
13.281 6.16
11.841 6.162
10.988000000000001 6.162
13.569 6.164
10.987 6.159000000000001
10.807000000000002 6.161
16.98 6.166
16.900000000000002 6.167
17.059 6.171
16.633 6.196
17.078 6.196
17.138 6.186
16.73 6.190999999999999
16.619 6.186999999999999
16.746999999999996 6.1899999999999995
14.102 6.193999999999999
17.046 6.191999999999999
17.09 6.202
13.818 6.202999999999999
16.748 6.207
10.637999999999998 6.205
13.458 6.207999999999999
11.44 6.204
11.213 6.204999999999999
13.055999999999997 6.204
11.609000000000002 6.202000000000001
11.415999999999999 6.195
13.541 6.1899999999999995
16.779000000000003 6.191
15.792 6.186999999999999
14.945999999999998 6.193999999999999
