23.247822 25.925130000000003
22.832113000000003 25.885929999999995
18.888313 25.660299999999996
20.684579999999993 25.682259999999996
24.8427 26.153399999999998
27.839119999999994 26.315900000000003
25.90382 26.304900000000004
26.73930000000001 26.402900000000002
26.35670000000001 26.333100000000005
28.909700000000004 26.638000000000005
28.183199999999996 26.628999999999987
27.93500000000001 26.668400000000002
27.477399999999996 26.62799999999999
27.662899999999997 26.625299999999996
27.280500000000004 26.588299999999997
26.771499999999993 26.632700000000003
26.9897 26.631099999999996
27.2215 26.6693
28.378899999999994 26.689500000000006
27.585500000000007 26.67389999999999
29.24290000000001 26.7529
27.8665 26.629699999999996
27.083300000000005 26.657999999999987
24.0708 26.497199999999992
24.10010000000001 26.444599999999994
23.683 26.455000000000005
24.173600000000004 26.430000000000003
17.372300000000003 25.979299999999995
19.571700000000003 26.061900000000005
21.954799999999995 26.25499999999999
25.565700000000007 26.538800000000002
25.5759 26.555699999999998
26.354 26.6712
20.677199999999996 26.205200000000005
25.902400000000004 26.578399999999995
25.322400000000002 26.561699999999995
25.8821 26.49229999999999
29.53349999999999 26.891799999999993
26.461399999999998 26.643799999999985
23.37409999999999 26.421899999999997
24.2729 26.424000000000003
25.980700000000002 26.658999999999995
27.278999999999996 26.703999999999994
27.460699999999992 26.744699999999995
23.946000000000005 26.62279999999999
22.140700000000006 26.327099999999998
25.906699999999994 26.593599999999995
26.015499999999996 26.684199999999986
26.97480000000001 26.730900000000002
25.3518 26.61529999999999
24.73009999999999 26.577399999999997
23.072200000000002 26.398
25.9374 26.6826
27.597200000000004 26.778499999999987
26.361600000000003 26.705599999999997
26.90400000000001 26.7648
24.690149999999996 26.6028
23.7984 26.5051
27.188999999999997 26.696900000000014
27.105599999999985 26.7289
25.768700000000006 26.71179999999999
27.41989999999999 26.813299999999995
25.779000000000003 26.7321
23.497499999999995 26.48830000000001
25.7268 26.71089999999999
25.9654 26.726200000000006
25.497800000000005 26.720199999999995
25.4592 26.697399999999995
26.974000000000004 26.80297000000001
24.490739999999995 26.22464
25.410159999999998 26.261319999999998
24.7971 26.20658999999999
23.215980000000005 26.100390000000008
23.670169999999995 26.102179999999997
24.273991999999993 26.089840000000002
23.904453000000004 26.113340000000008
22.094800000000003 26.138199999999994
20.420800000000007 25.97650000000001
24.311099999999993 26.2902
23.762900000000002 26.2313
24.446900000000007 26.24089999999999
24.92589999999999 26.267500000000005
21.235700000000005 26.141400000000004
21.210199999999997 26.072699999999994
23.687699999999996 26.3259
23.318999999999996 26.306900000000006
23.711 26.378499999999995
23.566599999999998 26.2992
24.561300000000003 26.384499999999996
24.2823 26.446599999999997
23.428 26.4249
24.2957 26.47359999999999
24.391399999999997 26.471799999999995
24.901999999999997 26.460500000000003
25.5043 26.578099999999992
26.502699999999997 26.576500000000003
25.171199999999992 26.4826
25.7357 26.5183
25.898199999999992 26.523600000000002
25.4081 26.575
24.190400000000004 26.502699999999997
24.750500000000002 26.574800000000003
24.536000000000005 26.589799999999997
25.622599999999995 26.5952
26.16989999999999 26.667499999999993
24.795899999999993 26.63050000000001
23.8636 26.578899999999994
25.406799999999997 26.598099999999995
24.0817 26.54569999999999
24.317800000000002 26.567
23.1801 26.5217
22.421100000000003 26.499299999999987
23.185299999999998 26.571299999999987
23.08450000000001 26.569600000000005
24.867399999999996 26.684199999999997
24.4017 26.6979
22.3924 26.561699999999988
23.352300000000003 26.475099999999998
23.414099999999998 26.548000000000005
24.368499999999997 26.676299999999998
23.6535 26.625799999999995
24.0358 26.667799999999993
22.023300000000003 26.526999999999994
23.119399999999995 26.5796
21.055000000000003 26.4638
19.644500000000004 26.364600000000003
19.112199999999994 26.317100000000003
23.6658 26.5952
22.877700000000004 26.60480000000001
24.892800000000005 26.735400000000002
23.554799999999997 26.6336
24.7882 26.719600000000003
23.172899999999995 26.6444
23.466100000000004 26.694400000000012
23.106000000000005 26.677600000000005
23.1478 26.705199999999994
24.8717 26.838299999999997
24.39230000000001 26.78150000000001
24.169600000000006 26.7571
23.996000000000002 26.771100000000004
24.153859999999998 26.807939999999995
23.55035 26.383640000000003
20.532789999999995 26.159519999999993
16.522590000000008 25.851320000000005
17.485079999999996 25.883260000000003
16.552979999999998 25.835869999999993
17.473041 25.84944000000001
19.548331 25.98661
19.047835999999993 26.014830000000007
18.517127000000002 25.92544
20.872211000000004 26.147809999999993
22.353949999999998 25.749409999999994
23.86 26.04950000000001
23.689899999999998 26.095499999999998
19.021500000000007 25.779700000000005
23.342099999999995 26.094099999999997
24.07360000000001 26.194700000000005
22.722499999999997 26.103499999999997
22.840899999999998 26.093200000000007
21.3452 26.0258
18.721999999999998 25.817399999999996
22.111 26.044699999999988
22.513600000000004 26.097299999999997
22.60370000000001 26.187099999999997
19.796300000000002 25.9628
18.055399999999995 25.819799999999997
16.067500000000003 25.7079
18.427200000000006 25.766299999999998
19.204200000000004 25.8328
19.255599999999998 25.902099999999994
22.047600000000006 26.068300000000004
20.028499999999998 26.058999999999994
18.4647 25.7916
22.45 26.132499999999997
21.49895 26.1384
22.594600000000003 26.20660000000001
21.860899999999994 26.236700000000003
19.470000000000002 26.076300000000003
21.956399999999995 26.145499999999995
21.296200000000002 26.173399999999997
21.2452 26.164700000000007
20.761599999999998 26.1369
20.6237 26.1795
20.673799999999993 26.162399999999998
20.811199999999992 26.138
19.829199999999997 26.10589999999999
22.154999999999994 26.339299999999998
21.791500000000003 26.318099999999987
22.7206 26.383100000000002
21.378600000000002 25.8507
20.3252 25.708399999999997
19.6126 25.700000000000006
20.736579999999996 25.863229999999998
20.26837 25.80429
20.838980000000003 25.888959999999994
16.462709999999998 26.03441
17.747670000000003 25.584250000000004
20.65654 25.733729999999998
21.22909 25.809700000000007
21.071879999999997 25.861279999999997
17.498457000000002 25.607210000000002
17.550039999999996 25.547460000000004
20.72663999999999 25.836399999999998
21.35064 25.926049999999996
22.143589999999996 26.089800000000007
22.864330000000006 26.165
21.106460000000006 26.0678
17.020820000000008 25.257799999999996
20.482219999999998 26.023300000000006
22.06572 26.110000000000007
21.33959 26.08
22.03984999999999 26.1773
19.151670000000003 25.9656
19.039029999999997 25.93540000000001
20.93974 26.137700000000002
22.09295999999999 26.190800000000003
21.090149999999998 26.160899999999998
21.576690000000003 26.220199999999995
20.944319999999998 26.18729999999999
21.06077 26.2465
21.195480000000003 26.262200000000007
21.801039999999993 26.373839999999987
24.766233 25.993219999999994
22.335969999999993 25.54346
22.860030000000002 25.66812
22.57707 25.6753
22.868640000000003 25.70479
23.20772000000001 25.720180000000003
22.550722999999994 25.720999999999993
22.70945 25.742809999999995
24.101760699999993 26.085130000000007
24.034530000000004 25.697819999999993
23.64489999999999 25.644180000000006
24.45639 25.765930000000004
23.40916 25.708229999999993
24.471550000000008 25.818899999999996
23.563340000000004 25.786620000000006
24.205647999999993 25.928529999999995
23.907700000000006 25.946399999999997
23.53864 25.9734
23.445940000000007 25.921
24.162219999999998 25.9804
23.926579999999994 26.001699999999992
24.70093 25.6629
24.28954 25.6154
24.17187 25.656349999999996
22.985400000000002 25.52841999999999
22.566850000000002 26.07552
22.687090000000005 25.538279999999997
23.278950000000005 25.614570000000004
23.08949000000001 25.691220000000015
23.90569799999999 25.715960000000003
22.321703 25.62174
19.769019999999994 25.440550000000012
17.546062999999997 25.210330000000003
21.512909999999998 25.572140000000005
24.18233 25.83460000000001
23.912460000000003 25.956599999999995
23.259170000000005 25.978599999999997
23.97234 26.0627
23.40666 26.058500000000002
24.61157 26.1268
24.576815000000003 26.215060000000012
24.580049999999993 25.973639999999996
24.294850000000007 26.004870000000007
24.389039999999994 25.99591
24.92865999999999 26.1201
23.68476 26.150600000000008
26.22927000000001 26.335499999999985
24.942820000000008 26.245799999999996
24.221949999999993 26.269599999999997
25.252479999999995 26.31920000000001
25.127049999999997 26.304400000000005
24.55881 26.35430000000001
25.37206 26.365500000000008
24.330280000000005 26.40130000000001
26.05843000000001 26.497619999999987
25.99809 26.135089999999998
25.174439999999997 26.020329999999998
25.364929999999998 26.128019999999996
24.8447 26.083640000000003
26.0262 26.346890000000005
25.587664999999998 26.31014000000001
25.358000000000008 26.31328
25.74829999999999 26.397399999999998
26.769699999999997 26.499799999999997
25.192249999999994 26.590249999999994
21.94666 24.157970000000006
