23.297400000000003 26.954100000000004
22.184599999999993 26.924
18.900499999999997 26.695000000000007
21.6856 26.8179
26.110999999999997 27.153499999999998
27.91080000000001 27.333699999999993
26.4044 27.2702
27.469800000000006 27.300500000000007
23.3535 27.0971
27.916499999999996 27.365299999999998
27.287000000000006 27.447400000000005
27.32929999999999 27.388899999999992
27.335700000000006 27.406600000000005
27.498999999999995 27.515400000000014
28.6361 27.575400000000005
26.859599999999993 27.495499999999996
27.686500000000002 27.533099999999987
27.95330000000001 27.532400000000003
27.470700000000004 27.50230000000001
28.482000000000014 27.499899999999993
25.81 27.357400000000005
25.878199999999996 27.425799999999995
26.923099999999994 27.49089999999999
25.358800000000002 27.325100000000013
23.7748 27.238699999999994
23.391000000000005 27.173399999999994
23.025600000000008 27.224200000000003
17.73699999999999 26.815299999999997
19.447700000000005 26.87110000000001
22.486700000000003 27.161
25.616299999999992 27.264699999999998
26.5079 27.36509999999999
26.244100000000003 27.469299999999997
20.464100000000002 26.958900000000003
27.3173 27.489399999999996
24.5975 27.3666
24.0754 27.2563
25.890299999999993 27.4086
26.450389999999995 27.52228
22.23396 26.695710000000002
24.250899999999994 26.869090000000007
26.6762 27.091929999999998
26.590790000000002 27.02873000000001
26.756590000000006 27.118669999999995
24.939700000000006 27.070800000000002
22.62500000000001 26.8345
26.443289999999998 27.1573
25.601299999999995 27.177799999999998
25.4417 27.140000000000004
25.6407 27.188200000000002
25.6017 27.19350000000001
24.0538 27.0394
26.248699999999996 27.257800000000003
27.402400000000004 27.346400000000003
27.199399999999997 27.4202
27.628769999999996 27.373820000000006
24.37787999999999 26.81857000000001
23.73901 26.70849
25.040390000000002 26.87272
27.95069 26.98743
27.459709999999994 26.982509999999998
28.286000000000005 27.173599999999986
26.138900000000003 26.987800000000007
25.989600000000003 26.98319999999999
27.76459999999999 27.168899999999997
26.32260000000001 27.113300000000006
26.736900000000002 27.150500000000005
26.062 27.156300000000016
25.657200000000003 27.1237
25.258299999999995 27.0918
24.803100000000004 27.024799999999992
24.881500000000003 27.038099999999993
23.682599999999997 26.995800000000003
24.6073 27.0401
26.668000000000003 27.168799999999994
25.3336 27.092099999999995
23.302500000000002 26.9557
21.283400000000004 26.793200000000013
25.982600000000005 27.152199999999997
25.137500000000003 27.064000000000004
25.520200000000003 27.106400000000004
24.8134 27.0291
20.483099999999993 26.7158
21.563440000000003 26.718199999999992
22.943200000000008 27.049526100000005
22.426180000000002 26.529859999999992
23.126829999999995 26.538330000000006
23.196180000000002 26.519759999999998
23.49143000000001 26.52569
22.906840000000003 26.50371
22.897389999999994 26.62285000000001
23.974783000000002 26.59982
23.98877 26.603499999999997
24.75812999999999 26.7208
26.261419999999998 26.886300000000006
24.757649999999998 26.860700000000005
24.782719999999998 26.814000000000004
24.851160000000007 26.932499999999994
24.157890000000005 26.920700000000007
25.238870000000002 26.953500000000002
24.96183000000001 26.9833
25.634619999999998 27.034099999999995
25.227499999999996 26.979900000000008
24.969040000000003 27.019599999999993
23.663539999999994 26.942200000000007
22.99982 26.8913
25.13134 27.137360000000005
24.139100000000006 26.56705
23.61876000000001 26.542150000000003
23.644489999999998 26.542800000000007
22.43332 26.550300000000004
22.50045 26.637100000000004
22.92895 26.711099999999995
23.737129999999997 26.823199999999996
23.87880999999999 26.8492
24.699990000000003 26.9013
21.898909999999997 26.786899999999996
23.04288 26.69549999999999
23.760530000000003 26.784499999999987
24.3013 26.907000000000004
23.728260000000002 26.864299999999997
23.830000000000005 26.85450000000001
22.827120000000008 26.821099999999998
22.990930000000002 26.890199999999993
21.501529999999995 26.7781
18.7292 26.571599999999997
18.88763 26.528800000000004
23.380729999999996 26.843799999999995
22.501280000000005 26.803099999999997
23.698549999999997 26.909699999999997
23.805829999999997 26.929699999999997
24.28303 27.031900000000007
24.065140000000003 27.06501000000001
23.86582 26.63447
22.649690000000003 26.571630000000003
22.814600000000002 26.7183
24.540200000000002 26.8483
23.696 26.785899999999994
23.965900000000005 26.819599999999987
24.3226 26.854999999999997
24.1347 26.841899999999995
24.060899999999993 26.858899999999984
21.020899999999994 26.6544
16.881199999999993 26.30430000000001
16.7512 26.268900000000002
17.4707 26.310000000000006
18.220300000000005 26.381100000000004
21.521600000000007 26.635099999999994
19.4864 26.5363
19.741400000000002 26.500400000000013
21.583199999999998 26.6646
23.3976 26.752099999999995
25.263999999999996 26.913300000000007
24.129399999999993 26.8592
18.748100000000004 26.49800000000001
22.448899999999995 26.697700000000008
23.308899999999998 26.793399999999995
24.096999999999994 26.9134
23.375200000000003 26.7953
21.787100000000002 26.758699999999997
19.292199999999998 26.59519999999999
23.135399999999994 26.793499999999998
22.4404 26.756800000000002
22.129700000000003 26.7098
19.977 26.631499999999992
18.86219999999999 26.558199999999992
16.3532 26.346199999999996
19.836 26.570799999999988
20.6232 26.705000000000013
20.359099999999998 26.6171
20.784900000000004 26.627900000000004
19.48870000000001 26.549399999999995
19.282399999999996 26.501400000000004
21.8557 26.682799999999997
21.7995 26.706900000000005
23.753700000000002 26.885599999999986
21.686999999999994 26.80920000000001
19.5237 26.644099999999998
21.978599999999997 26.809900000000003
20.83590000000001 26.725200000000005
21.188100000000006 26.718299999999996
20.9279 26.746499999999994
20.050900000000006 26.664800000000007
21.054600000000004 26.6822
20.568400000000004 26.705299999999998
20.2095 26.663800000000005
21.934 26.869799999999998
21.278699999999994 26.8012
21.368099999999995 26.85740000000001
21.4888 26.51299999999999
20.793499999999995 26.4688
19.643400000000003 26.344500000000004
19.89618 26.433799999999998
19.72473 26.33619
20.14167 26.424940000000007
16.312979999999996 26.4594
17.357859999999988 26.15932
21.231980000000004 26.456280000000003
21.622450000000004 26.522969999999997
21.175846 26.480290000000007
17.409862000000004 26.25370000000001
17.954024999999998 26.263779999999997
20.514334 26.494209999999992
21.984920000000006 26.679669999999994
22.180800000000005 26.693550000000005
23.055349999999997 26.88281999999998
21.002849999999995 26.292340000000003
17.05899 25.478440000000003
20.53643 26.236099999999997
22.156579999999998 26.323810000000016
21.634380000000007 26.306379999999997
22.971040000000006 26.513609999999993
19.239690000000007 25.874160000000003
20.176600000000004 25.95106
21.770999999999994 26.217300000000005
21.7097 26.245800000000003
22.03180000000001 26.315300000000008
23.430599999999995 26.4429
22.0997 26.3423
21.1008 26.3183
22.084699999999994 26.374599999999997
22.4413 26.424499999999995
22.697899999999997 26.562099999999994
22.951900000000002 26.5894
22.6886 26.611900000000006
22.740799999999997 26.57689999999999
22.457200000000004 26.615499999999997
22.711779999999983 26.611000000000008
24.068759999999997 26.814000000000004
24.725109999999994 26.83559999999999
26.120249999999995 26.924799999999998
25.87699 26.90910000000001
25.463060000000016 26.946700000000014
26.071179999999995 26.992299999999993
24.347409999999993 26.854499999999998
23.933079999999997 26.813599999999997
23.89155 26.872400000000006
24.511779999999998 26.911399999999997
23.7304 26.84149999999999
24.217170000000003 26.936099999999996
24.292839999999995 26.979600000000005
23.908890000000003 26.925699999999996
24.468650000000004 26.9823
24.112510000000004 26.962000000000003
24.575909999999993 26.988999999999997
24.394559999999995 26.9715
24.33929 26.960099999999997
21.802180000000007 26.7974
22.88629999999999 26.844800000000003
24.596360000000004 27.130509999999997
23.60175 26.66725999999999
25.34586999999999 26.827989999999996
22.79921 26.69917
18.486069999999994 26.32142
17.554220000000004 26.15596
22.43151 26.56823
24.692697000000003 26.861729999999994
23.122511999999993 26.70295000000001
24.59748 26.83586999999999
23.96242 26.909299999999988
24.75349 26.9949
24.68708999999999 27.031200000000005
24.547599999999996 27.0363
25.021559999999997 27.0071
24.72705999999999 27.099299999999992
26.002899999999997 27.192100000000007
23.63432 27.019199999999998
26.087030000000013 27.16690000000001
24.620570000000004 27.0976
25.690280000000005 27.144500000000004
25.850429999999996 27.147900000000003
25.716920000000005 27.31709
25.838440000000006 26.774259999999995
25.49141999999999 26.3343
26.077490000000008 26.39389
24.521960000000004 25.908339999999995
25.340640000000008 26.030409999999993
25.657059999999998 26.151950000000003
24.322015000000004 26.045250000000003
24.962624999999996 26.20729
26.116699999999998 26.444700000000005
27.302939999999992 26.264540000000007
25.342539999999993 25.701450000000005
25.75069 25.632679999999997
26.724559999999997 25.7678
26.507289999999994 25.81541
26.56175 26.11395999999999
19.982228000000003 21.764049999999994
