20.518483 24.49147
22.422299999999996 24.634399999999996
24.7891 24.964700000000004
25.749899999999997 25.106000000000005
25.97714 25.263529999999996
22.338779999999996 24.574320000000004
24.26264 24.674480000000003
27.53117 25.00512
24.58741 24.32778999999999
26.526280000000003 24.506959999999996
27.479729999999996 24.70232
25.227670000000003 24.15697
25.000329999999998 24.170569999999998
22.847420000000003 24.167410000000004
22.95099 24.106810000000003
24.046099999999996 24.306949999999993
25.217499999999998 24.5173
26.1789 24.630499999999998
24.723300000000002 24.691399999999998
26.724500000000006 24.804900000000004
24.82939999999999 24.683799999999994
25.168499999999998 24.741000000000003
25.005300000000002 24.793200000000006
24.1544 24.829900000000002
25.506900000000005 24.811299999999996
26.360899999999994 24.921300000000006
25.3309 24.8455
27.893099999999993 25.01080000000001
24.186399999999995 24.9218
23.554100000000005 24.7483
25.076600000000006 24.902800000000003
26.397400000000008 25.054700000000008
24.621200000000005 25.011899999999997
24.930159999999997 25.113959999999995
20.798030000000008 24.271819999999998
16.849589999999992 23.946370000000005
15.532259999999997 23.83317
20.188290000000002 24.198579999999996
20.882799999999996 24.295799999999996
22.978199999999994 24.541700000000006
19.8846 24.425600000000003
17.453599999999998 24.110500000000002
23.272299999999994 24.653399999999998
24.387600000000006 24.823299999999993
26.527500000000003 25.0279
23.55680000000001 24.889100000000003
23.5168 24.792599999999997
27.79693000000001 25.17872
26.1953 24.686149999999994
26.752589999999998 24.69638000000001
25.720070000000007 24.733259999999994
24.344929999999994 24.681259999999998
26.58969999999999 24.842099999999995
25.7534 24.802000000000003
25.78100000000001 24.9471
26.0849 24.9279
26.8754 25.076700000000002
26.282 25.100300000000004
26.75642 25.120200000000004
25.268459999999997 24.592030000000005
25.104000000000003 24.65145
25.254327 24.668209999999995
24.000917999999995 24.623039999999992
24.072179999999996 24.61759999999999
24.525736999999996 24.668300000000002
23.79712699999999 24.644900000000007
23.081369999999996 24.551490000000005
23.1297 24.635799999999993
24.201100000000004 24.770900000000008
23.668099999999992 24.806299999999997
24.653499999999994 24.884800000000002
23.731300000000005 24.789299999999997
23.918699999999994 24.853299999999994
22.682000000000002 24.725699999999996
23.1527 24.774500000000003
23.479299999999995 24.8213
23.1773 24.835299999999997
23.7764 24.839700000000004
23.790200000000002 24.890900000000002
23.773699999999998 24.904899999999998
24.0517 24.9055
23.3844 24.952099999999998
21.42219999999999 24.769099999999998
18.690200000000004 24.4356
21.269800000000004 24.613699999999998
22.759099999999993 24.74940000000001
24.56739999999999 24.856200000000005
24.878 24.938399999999998
24.524899999999995 24.989800000000002
23.683299999999996 24.927800000000005
24.4564 24.96680000000001
24.297599999999996 24.950700000000005
23.86339999999999 24.93529999999999
23.769099999999998 25.0052
24.3553 25.033900000000003
25.0209 25.102400000000003
23.5339 25.018500000000003
23.212000000000007 24.9441
23.6216 25.004900000000003
22.465500000000006 24.929599999999997
19.869999999999997 24.661299999999997
21.3216 24.8676
22.217799999999997 24.890199999999993
23.066169999999993 25.000569999999993
21.671829999999996 24.38061
19.630939999999995 24.292089999999995
19.26814999999999 24.203950000000006
22.879729999999995 24.45136
22.806919999999998 24.514390000000006
22.821945999999997 24.48723
21.635208 24.4257
21.572499000000004 24.457889999999995
22.6163 24.619200000000003
23.715899999999994 24.767300000000002
23.27380000000001 24.781799999999997
23.533800000000003 24.837799999999998
22.187999999999995 24.7334
21.822200000000002 24.6392
21.780499999999996 24.672900000000002
19.3603 24.48850000000001
18.011199999999995 24.3876
15.738999999999995 24.157400000000003
16.483399999999996 24.20830000000001
16.9999 24.231699999999993
20.750600000000002 24.56610000000001
22.185999999999993 24.689199999999996
22.347600000000003 24.771399999999993
22.8223 24.854699999999998
22.471 24.836500000000004
22.1845 24.7144
23.4647 24.8582
22.899400000000007 24.927299999999995
22.924699999999998 24.8667
24.400799999999997 25.04660000000001
23.698800000000002 24.8886
22.125100000000003 24.826100000000007
22.849300000000003 24.865399999999998
23.121899999999997 24.903999999999996
23.8793 24.964600000000004
23.724800000000002 24.905599999999993
22.565500000000004 24.921800000000008
23.181400000000004 24.917700000000004
22.782500000000006 24.8793
22.866400000000002 24.899899999999995
21.554400000000005 24.743299999999998
23.279700000000002 24.954099999999997
22.867999999999995 24.8747
21.817099999999996 24.806000000000004
21.091999999999995 24.351899999999997
21.950000000000003 24.3311
22.11364 24.42415999999999
22.008650000000003 24.43999
21.545300000000005 24.47078
21.318830000000013 24.43837
22.194249999999997 24.46955999999999
21.759439999999998 24.41989000000001
20.521900000000006 24.3236
18.8223 24.2498
16.396909999999995 24.091399999999986
14.659899999999999 23.9878
14.9671 23.949499999999997
16.31309999999999 24.01560000000001
21.260300000000004 24.425000000000004
20.167999999999996 24.379000000000005
21.964900000000007 24.495700000000003
22.956200000000003 24.652099999999997
16.379500000000004 24.1668
15.2129 24.0169
19.372130000000002 24.222350000000002
20.086389999999998 24.434577000000004
20.719929999999998 23.260469999999998
17.678810000000006 23.04098
19.54608000000001 23.21261999999999
21.744229999999998 23.54059999999999
21.43567000000001 23.667070000000002
21.816499999999994 23.76445
22.09219999999999 23.8839
21.894600000000004 23.926
23.091299999999997 24.024399999999996
22.719900000000003 24.017899999999997
21.700400000000002 23.587999999999997
22.339589999999998 23.787650000000003
22.40697 23.80645
21.24194 23.27936
21.291939999999997 23.810839999999995
21.078030000000002 22.813889999999997
20.57157 22.828010000000003
20.032210000000006 22.957960000000003
20.718170000000004 23.010510000000007
20.738715 23.094539999999995
20.719900000000013 23.198360000000005
22.206300000000002 23.463600000000007
18.9728 23.211100000000005
20.669000000000004 23.3642
20.313699999999997 23.422499999999996
21.82570000000001 23.610999999999997
21.550199999999993 23.581199999999995
20.367900000000002 23.517199999999995
21.078599999999998 23.621799999999997
22.178599999999992 23.7063
22.760400000000004 23.7983
22.688800000000004 23.802399999999995
20.911 23.7132
22.300299999999996 23.857499999999998
21.941650000000003 23.917499999999997
21.15842 23.805399999999995
22.124719999999996 23.888500000000004
20.351329999999997 23.820300000000007
19.621969999999997 23.829
16.573139999999995 23.564499999999995
20.49129 23.775299999999998
21.468700000000002 23.972999999999995
22.686410000000006 24.047699999999992
22.36773000000001 24.026200000000003
24.29037 24.256299999999992
23.394309999999994 24.214
22.90738 24.238799999999998
22.548850000000005 24.258399999999998
22.489009999999997 24.272299999999998
22.573010000000004 24.255600000000005
23.191800000000004 24.35990000000001
22.646419999999996 24.344599999999996
22.214799999999997 24.364899999999995
22.416339999999998 24.385700000000003
23.333459999999995 24.4748
22.75467 24.4574
22.8102 24.504599999999996
22.228569999999994 24.033090000000005
22.473300000000002 24.040480000000006
21.71698 23.967200000000002
23.30781 24.10741999999999
22.09811 24.0028
20.25322999999999 23.87878999999999
22.635624999999994 24.051589999999997
23.60235000000001 24.223620000000004
23.5384 24.266000000000005
23.057600000000004 24.271300000000007
21.2301 24.113699999999998
21.895200000000003 24.180700000000005
24.003500000000003 24.310499999999998
24.9113 24.462400000000002
23.599500000000003 24.442800000000002
22.673999999999996 24.287
23.3068 24.377900000000004
21.440100000000008 24.219500000000004
21.1491 24.264199999999995
17.871200000000005 23.9357
16.705499999999994 23.858099999999993
18.036700000000003 23.9417
21.286300000000004 24.193000000000005
24.084 24.5232
26.663400000000003 24.73850000000001
26.399499999999993 24.7254
25.384800000000006 24.770000000000007
26.34438 24.805081499999996
26.79297000000001 24.42250999999999
27.07367000000001 24.506099999999996
27.065290000000005 24.47378
26.90229999999999 24.446799999999996
28.229600000000005 24.646199999999997
26.086499999999997 24.529999999999998
26.33239999999999 24.52758000000001
27.260839999999998 24.178810000000002
27.830570000000005 23.734870000000004
28.076620000000013 23.80002
26.602719999999998 23.71983000000001
25.751659999999994 23.744020000000003
26.951039999999992 23.934309999999996
25.995799999999992 23.868290000000002
28.511000000000003 24.1454
28.476000000000006 24.1722
27.002900000000007 24.106199999999998
29.2579 24.274900000000002
30.95869999999999 24.4369
30.0614 24.4609
28.571600000000007 24.367999999999995
30.5027 24.514200000000006
29.295800000000007 24.4227
30.659130000000008 24.533559999999994
28.620370000000005 23.990800000000004
29.379939999999998 24.042790000000004
29.734320000000004 24.144690000000004
28.148560000000007 24.054199999999998
21.62357 23.54091999999999
18.452139999999993 23.34958
20.677079999999997 23.466290000000008
27.54436 23.972900000000003
32.188110000000016 24.24817000000001
