6.056100000000002 32.98500000000001
6.675300000000001 34.837
6.3598 34.746
6.2904 34.733000000000004
6.274399999999999 34.746
6.177400000000001 34.73700000000001
6.1211 34.737
6.0527 34.734
6.0040000000000004 34.731
5.930499999999999 34.746
5.8605 34.742000000000004
5.8925 34.736000000000004
6.255299999999998 34.73700000000001
5.944699999999999 34.733000000000004
6.596099999999999 34.725
6.1402 34.727000000000004
5.854400000000002 34.727999999999994
5.838799999999999 34.727000000000004
6.087000000000001 34.731
6.1238 34.73
6.040399999999998 34.721000000000004
5.9696 34.717999999999996
5.8277 34.714999999999996
5.9116 34.714999999999996
6.149 34.714999999999996
6.189399999999999 34.717999999999996
6.248499999999999 34.714999999999996
6.299099999999999 34.721000000000004
6.185099999999999 34.721999999999994
5.732399999999999 34.733999999999995
5.664200000000001 34.736999999999995
5.613399999999999 34.733999999999995
5.5893999999999995 34.737
5.366599999999999 34.74
5.4509 34.74
5.538900000000001 34.742999999999995
5.4593 34.743
5.6588 34.74
5.6911 34.743
5.5899 34.743
5.663100000000001 34.746
5.6114999999999995 34.74
5.719199999999999 34.74
5.8192 34.74
5.8523 34.736999999999995
5.6598 34.736999999999995
5.5194 34.744
5.437499999999999 34.744
5.862 34.736999999999995
5.921099999999999 34.746
6.045 34.733999999999995
6.0207999999999995 34.708999999999996
6.1424 34.711999999999996
5.9896 34.714999999999996
6.132699999999999 34.717999999999996
6.1946 34.714999999999996
6.2065 34.718999999999994
6.1762 34.721
6.0872 34.714999999999996
5.867 34.721
5.9069 34.733999999999995
5.8418 34.730000000000004
5.5919 34.724000000000004
5.700499999999999 34.711999999999996
5.7219999999999995 34.718999999999994
5.754499999999999 34.711999999999996
5.7968 34.721000000000004
5.729 34.721
5.844899999999999 34.721999999999994
5.733 34.714999999999996
5.7633 34.727
5.505600000000001 34.721000000000004
5.497299999999999 34.724
5.7503 34.724
5.8612 34.717999999999996
5.5633 34.721000000000004
5.4841 34.728
5.463399999999999 34.728
5.458099999999999 34.725
5.749200000000001 34.721000000000004
5.6734 34.721999999999994
5.7328 34.715
5.859300000000001 34.715999999999994
5.805000000000001 34.721000000000004
5.816000000000001 34.724000000000004
5.4691 34.728
5.458500000000001 34.724000000000004
5.5198 34.724000000000004
5.5394000000000005 34.721
5.5205 34.711999999999996
5.4915 34.715
5.4664 34.714999999999996
5.444400000000001 34.711999999999996
5.8053 34.715999999999994
5.7984 34.722
5.645800000000001 34.711999999999996
5.749899999999999 34.712999999999994
5.9966 34.711999999999996
5.8531 34.717999999999996
5.5988 34.714999999999996
5.601 34.711999999999996
5.718100000000001 34.716
5.604499999999999 34.724
5.663200000000001 34.717999999999996
5.743199999999999 34.715
5.6014 34.717999999999996
5.4895 34.721
5.692399999999999 34.719
5.8993 34.717999999999996
5.7675 34.727
5.743999999999999 34.721999999999994
5.7459999999999996 34.714999999999996
5.643000000000001 34.717999999999996
5.4756 34.715
5.5208 34.711999999999996
5.4754 34.717999999999996
5.4502 34.709
5.4726 34.711000000000006
5.4708000000000006 34.713
5.3763000000000005 34.719
5.423900000000001 34.716
5.6129 34.727999999999994
5.7909999999999995 34.725
5.627199999999998 34.727999999999994
5.8192 34.732
5.8362 34.730999999999995
5.7346 34.732
5.939000000000001 34.726
5.793 34.71900000000001
5.782099999999999 34.722
5.7404 34.728
5.6355 34.74100000000001
5.7309 34.74100000000001
6.1159 34.74100000000001
6.1429 34.729000000000006
5.995 34.722
5.865500000000001 34.725
6.3767000000000005 34.713
5.874499999999999 34.722
6.249199999999999 34.722
5.8927 34.713
5.5832 34.712
5.3289 34.721000000000004
5.3341 34.718
5.3592 34.714
5.541399999999999 34.717999999999996
5.6103 34.714999999999996
5.55 34.711999999999996
5.697299999999999 34.713
5.826499999999999 34.699
5.9596 34.693000000000005
6.2096 34.711000000000006
6.040699999999999 34.712
5.8482 34.708
6.0189 34.708
5.9667 34.70199999999999
6.1038 34.703
6.329700000000001 34.687
6.410399999999999 34.699
6.375400000000001 34.719
6.3338 34.733999999999995
6.122599999999999 34.736999999999995
6.096900000000001 34.744
6.1484000000000005 34.732
6.321099999999999 34.727999999999994
6.2456 34.738
5.975 34.734
6.003499999999999 34.732
6.1854 34.724
6.136 34.734
5.940699999999999 34.727000000000004
6.013 34.731
5.853400000000001 34.734
5.8370999999999995 34.721
5.855800000000001 34.730999999999995
6.0423 34.727999999999994
6.0408 34.717999999999996
6.0211 34.721999999999994
6.0199 34.730999999999995
5.999999999999999 34.721000000000004
6.032299999999999 34.711000000000006
6.032100000000001 34.695
6.070799999999998 34.699
5.9636 34.69799999999999
5.906300000000001 34.709
5.8619 34.705
5.842199999999999 34.708
5.9098 34.711
6.1188 34.711999999999996
6.2076 34.718
6.053800000000002 34.705
6.101599999999999 34.70399999999999
6.1177 34.711000000000006
6.0098 34.695
6.1417 34.69899999999999
6.323 34.702999999999996
6.213600000000001 34.70199999999999
5.9796 34.69999999999999
5.799600000000001 34.696999999999996
5.9119 34.696999999999996
5.900600000000001 34.69699999999999
5.9758 34.696000000000005
6.0843 34.693
6.096 34.699
7.055840000000001 39.930766
6.818299999999999 34.542
6.441199999999999 34.73
6.176799999999999 34.724
6.133699999999998 34.73
5.974700000000001 34.761
5.830850000000001 34.746
6.1292 34.73300000000001
6.03063 34.742999999999995
5.9691 34.736
5.8196 34.72899999999999
5.842100000000001 34.72899999999999
5.799899999999999 34.739
5.957599999999999 34.732
5.8442 34.723
5.5718000000000005 34.723
5.659599999999999 34.717
5.50808 34.717
5.469399999999999 34.727
5.3232 34.74
5.383699999999999 34.733
5.6949 34.73
5.4956999999999985 34.73
5.5323 34.727000000000004
5.729200000000001 34.73
5.758199999999999 34.733
5.679 34.73
5.7621 34.724
5.738799999999999 34.727
5.7454 34.73
5.888300000000002 34.73
5.994 34.724000000000004
6.067340000000001 34.727000000000004
5.724600000000001 34.743
5.792199999999999 34.721000000000004
5.6477 34.715
5.6237 34.717999999999996
5.744500000000001 34.717999999999996
6.0174 34.717999999999996
5.7732 34.724
5.574599999999999 34.727000000000004
5.6244000000000005 34.721000000000004
5.6551 34.727000000000004
5.60301 34.73
5.6767 34.714999999999996
5.6168 34.724
5.779150000000001 34.717999999999996
5.914199999999999 34.717999999999996
5.850000000000001 34.721000000000004
5.81476 34.727
5.8264700000000005 34.736999999999995
5.814429999999998 34.743
5.702900000000001 34.743
5.553 34.746
5.5802000000000005 34.736000000000004
5.691199999999999 34.743
5.641100000000001 34.734
5.608 34.727999999999994
5.601999999999999 34.743
5.7119 34.737
5.766100000000001 34.739
5.6932 34.743
5.7824 34.743
5.6971 34.74
5.633300000000001 34.749
5.6661 34.749
5.7424 34.749
5.791600000000002 34.739
5.7817 34.73500000000001
5.709899999999999 34.733000000000004
5.541599999999999 34.739000000000004
5.8006 34.739000000000004
5.8925 34.733000000000004
5.780599999999999 34.736000000000004
5.769999999999999 34.733000000000004
5.5304 34.727
5.479100000000001 34.733000000000004
5.634999999999999 34.733000000000004
5.5682 34.73
6.010899999999999 34.73
5.8675 34.733
5.5977 34.736
5.7612000000000005 34.73499999999999
5.5487 34.733
