45.80131000000001 8.111249999999998
45.594449999999995 8.205649999999999
45.67949 8.21475
45.67202000000001 8.129250000000003
46.37483 8.14305
45.81283 8.22235
46.4843 8.12925
45.973259999999996 8.14015
45.51558999999999 8.21945
44.63402000000001 8.14625
44.56183 8.155349999999999
44.053920000000005 8.23475
44.04211 8.16135
45.151349999999994 8.11095
45.751729999999995 8.168849999999999
46.70934999999999 8.21785
45.548730000000006 8.21335
46.519729999999996 8.18275
46.48972999999999 8.12695
46.32573 8.143049999999999
45.93354 8.168949999999999
45.66063 8.231549999999999
46.09983 8.185649999999999
46.29463 8.229849999999999
46.35711 8.28495
46.28944 8.21005
46.29953999999999 8.19795
46.33116 8.24225
46.019540000000006 8.17495
45.93387 8.21175
46.06258999999999 8.22995
45.82949000000001 8.25745
45.115300000000005 8.20875
44.55301 8.184149999999999
44.50121 8.17645
44.45721 8.207150000000002
44.512679999999996 8.19035
44.67678 8.18425
45.293400000000005 8.13995
45.21077999999999 8.21325
44.91025 8.280249999999999
44.77473 8.21005
44.84535 8.24835
44.56044 8.20245
44.82435 8.15215
45.28734999999999 8.266549999999999
45.84954 8.240649999999999
45.47044 8.29555
45.88643999999999 8.225349999999999
45.58025 8.24075
45.769439999999996 8.298749999999998
45.073159999999994 8.25435
45.28205999999999 8.223949999999999
44.566159999999996 8.268149999999999
44.32335 8.259049999999998
44.25021000000001 8.26045
44.3014 8.216249999999999
44.79368 8.156649999999999
44.21911 8.236149999999999
44.05610999999999 8.21935
44.5803 8.24225
44.19621000000001 8.17495
44.720400000000005 8.24535
44.75083 8.21185
44.597300000000004 8.24075
44.03021 8.312349999999999
43.810919999999996 8.23755
43.714209999999994 8.263649999999998
43.26821 8.28945
42.65621000000001 8.25585
42.48821 8.20865
42.5593 8.21475
43.03021000000001 8.25285
43.55473 8.225449999999999
43.464299999999994 8.24205
42.907920000000004 8.214649999999999
42.432590000000005 8.18125
42.20011 8.268149999999999
42.671299999999995 8.27735
43.45011 8.26515
43.03649 8.19945
42.9564 8.191949999999999
43.03749 8.208549999999999
42.939589999999995 8.269649999999999
43.03039999999999 8.243649999999999
43.38921 8.25125
42.767869999999995 8.27125
42.639590000000005 8.24975
42.40749 8.19025
42.67059000000001 8.227049999999998
43.15140000000001 8.21475
43.31059 8.21945
43.07259 8.234649999999998
42.89668 8.181149999999999
42.894070000000006 8.216449999999998
42.663869999999996 8.196449999999999
42.78186999999999 8.18425
42.19911 8.21945
42.76149 8.20425
43.09168 8.17225
42.81521 8.21945
42.82849 8.224150000000002
42.98021 8.237749999999998
41.9064 8.227250000000002
42.20059 8.28795
41.600210000000004 8.272649999999999
41.80949 8.17055
41.76510999999999 8.21315
41.802110000000006 8.24215
41.34511 8.19185
41.33192 8.21165
41.28902 8.25905
40.65592 8.26195
40.36311 8.274149999999999
40.93549 8.23925
41.52092 8.091149999999999
42.10911 8.18435
42.790489999999984 8.21635
42.65259 8.35045
42.436400000000006 8.277149999999999
40.90649 8.27275
40.563869999999994 8.283449999999998
40.94349 8.265049999999999
40.942299999999996 8.266549999999999
40.92459 8.24375
41.25359 8.27885
41.18211 8.178149999999999
40.362109999999994 8.121649999999999
40.67521000000001 8.175149999999999
40.4853 8.26355
40.678399999999996 8.263549999999999
40.99949000000001 8.24985
41.40049 8.23005
40.853680000000004 8.225349999999999
41.485299999999995 8.243649999999999
40.925489999999996 8.234549999999999
41.42448999999999 8.21035
40.92959 8.246949999999998
41.53402 8.243739999999999
41.10802 8.24704
40.83311 8.230240000000002
40.5953 8.23944
40.66021 8.178339999999999
40.289109999999994 8.207239999999999
40.70568000000001 8.19524
40.25829999999999 8.20904
40.54629999999999 8.19524
40.18502 8.13094
40.4444 8.15864
40.428110000000004 8.19984
40.25902 8.23654
40.08801999999999 8.18764
40.1513 8.22274
40.30611 8.19674
40.741110000000006 8.26544
41.50421000000001 8.234939999999998
42.528299999999994 8.12674
44.239779999999996 8.26244
44.68445 8.25324
43.458450000000006 8.21063
42.94020999999999 8.21373
43.764399999999995 8.196829999999999
43.874500000000005 8.22283
43.318020000000004 8.196829999999999
42.56164 8.19543
42.596869999999996 8.18613
41.78478 8.15583
41.25859 8.105329999999999
42.07249 8.17853
42.7253 8.15113
42.39311 8.23213
41.5634 8.14373
41.53087 8.174030000000002
41.8514 8.20013
42.87068 8.213730000000002
42.7003 8.22143
42.273300000000006 8.16353
41.80921 8.19243
41.73067999999999 8.18013
41.77321 8.117730000000002
42.38749 8.19383
42.70148999999999 8.14673
43.3164 8.19233
42.70011 8.215429999999998
42.64040000000001 8.197019999999998
42.876490000000004 8.19872
43.27449 8.18192
43.02411000000001 8.20772
43.109590000000004 8.15902
43.18959 8.172719999999998
43.17797 8.22762
43.55068 8.26572
43.561679999999996 8.207819999999998
43.52392 8.24132
43.23811 8.21402
43.170210000000004 8.19412
42.828109999999995 8.19562
42.994299999999996 8.16652
42.87721 8.17432
42.7414 8.168120000000002
43.18929999999999 8.180419999999998
43.30521 8.20792
43.0973 8.21232
43.06002 8.223019999999998
42.72458999999999 8.19562
42.41311 8.22612
42.28402 8.19412
42.1944 8.14672
42.385400000000004 8.152719999999999
42.486869999999996 8.18022
42.7863 8.19092
43.00392 8.18952
42.780590000000004 8.18182
42.08402000000001 8.238319999999998
41.94221 8.22442
41.6513 8.20152
41.83297 8.123719999999999
42.17068 8.11332
42.7554 8.239920000000001
42.682210000000005 8.18952
43.16502 8.29792
43.14021 8.271730000000002
43.60383 8.213829999999998
43.26111 8.19992
43.32802000000001 8.19252
42.761919999999996 8.11992
41.9694 8.19422
42.352109999999996 8.17742
42.68221 8.22312
42.63902 8.16212
43.029399999999995 8.21842
42.38902 8.20322
42.05959000000001 8.17272
42.24349000000001 8.22612
42.689400000000006 8.09772
42.89568 8.165019999999998
42.298019999999994 8.15432
41.888020000000004 8.19102
42.091210000000004 8.15142
42.668020000000006 8.174120000000002
42.987489999999994 8.174120000000002
42.77221000000001 8.186419999999998
42.6703 8.17412
42.67492 8.16212
42.79221000000001 8.16812
42.69330000000001 8.238319999999998
42.159589999999994 8.23222
42.07202 8.24892
41.978919999999995 8.224530000000001
41.83901999999999 8.21392
42.04159 8.24902
41.8574 8.117719999999998
42.011109999999995 8.11323
41.79721 8.15892
41.77792 8.17422
41.407019999999996 8.198620000000002
41.50492 8.22302
41.78329999999999 8.28562
42.39349 8.25662
42.39502 8.25202
42.1254 8.25042
42.18762999999999 8.18482
41.94911 8.244520000000001
42.08459 8.276520000000001
41.73249 8.290120000000002
41.77111 8.250420000000002
42.15602 8.235320000000002
42.4684 8.20632
42.456970000000005 8.247619999999998
42.603590000000004 8.19082
42.64021 8.119420000000002
42.95692 8.192519999999998
42.499210000000005 8.197220000000002
42.97383 8.221520000000002
43.0353 8.197019999999998
42.87211 8.252220000000001
43.26140000000001 8.212420000000002
42.88249 8.26442
43.06421 8.220019999999998
42.45702000000001 8.191019999999998
42.62121 8.185119999999998
43.39021000000001 8.230720000000002
43.327729999999995 8.19102
42.71754 8.175819999999998
42.98802 8.246119999999998
43.33602 8.15002
43.26211000000001 8.14382
43.714209999999994 8.16832
