21.0107 25.6227
28.236 26.034000000000006
32.49740000000001 26.397199999999998
32.1476 26.373500000000007
31.0017 26.34079999999999
30.358300000000003 26.3249
30.195700000000002 26.2768
32.79510000000001 26.437200000000004
31.226000000000003 26.395699999999994
30.525999999999993 26.379799999999996
30.6679 26.387200000000004
29.799099999999996 26.3308
31.923999999999996 26.430000000000003
30.3472 26.414699999999996
24.741500000000006 26.070299999999996
19.520599999999998 25.668999999999997
21.395499999999995 25.737699999999997
27.54460000000001 26.169199999999996
27.409800000000008 26.173399999999997
26.789600000000007 26.17640000000001
26.110999999999997 26.1165
28.949899999999996 26.291000000000004
28.299400000000002 26.213600000000003
26.638199999999994 26.142100000000006
29.083399999999987 26.361099999999997
30.7368 26.470699999999997
29.63819999999999 26.4912
28.711399999999994 26.3574
28.704599999999992 26.413800000000016
29.096700000000002 26.371899999999997
28.4862 26.400499999999997
28.831100000000003 26.4093
29.414899999999992 26.470699999999997
28.013099999999998 26.3855
26.8858 26.310000000000006
27.304000000000006 26.301800000000007
25.280699999999996 26.159700000000015
24.860300000000006 26.131200000000003
27.635899999999992 26.357600000000005
29.442099999999993 26.487499999999997
28.804100000000005 26.3816
27.007699999999996 26.3668
29.958199999999984 26.499799999999997
29.473 26.520299999999995
28.586899999999993 26.485500000000005
30.900199999999998 26.5447
30.089900000000007 26.559600000000007
29.749100000000006 26.565300000000004
30.428000000000004 26.599099999999996
28.1538 26.533500000000004
28.30470000000001 26.525099999999995
27.474899999999998 26.44
28.337 26.53270000000001
28.4827 26.507599999999996
29.605500000000006 26.539899999999996
29.166299999999996 26.588500000000003
20.787799999999994 26.111100000000008
16.705699999999997 25.696400000000015
20.483600000000006 25.995299999999986
24.6223 26.252899999999997
24.077399999999997 26.2567
21.3777 26.1446
15.5941 25.665
16.2482 25.7316
19.7136 25.8761
26.283499999999993 26.346400000000003
28.011899999999994 26.5316
29.29379999999999 26.619999999999997
28.913199999999996 26.645699999999994
22.440700000000007 26.294800000000002
27.275100000000002 26.589300000000005
30.185399999999994 26.7532
30.0103 26.768599999999992
30.70310000000001 26.7333
24.566300000000002 26.4074
31.8583 26.7198
30.590600000000006 26.8005
31.366099999999996 26.953899999999997
26.8843 26.6358
30.50289999999999 26.840300000000006
29.332500000000007 26.874499999999983
30.3906 26.854499999999998
31.267000000000007 26.856400000000008
29.6054 26.84200000000001
29.46559999999999 26.829199999999993
27.58210000000001 26.743200000000005
30.011499999999998 26.901199999999992
28.929799999999993 26.854499999999998
29.240600000000004 26.825999999999993
30.5548 26.911399999999986
28.839400000000005 26.416099999999997
29.2481 26.5586
28.551499999999997 26.585999999999988
28.824700000000007 26.596600000000002
27.914199999999994 26.5874
28.4634 26.579300000000007
28.734499999999997 26.7249
29.236099999999997 26.797499999999996
29.749099999999988 26.8005
29.293500000000005 26.701400000000007
28.728900000000007 26.705600000000008
27.577799999999993 26.68999999999999
26.598300000000002 26.6384
27.546800000000005 26.703
28.611700000000003 26.792099999999998
28.065699999999993 26.74950000000001
27.03750000000001 26.723300000000012
27.609499999999993 26.722099999999998
27.870799999999996 26.723699999999994
29.7089 26.93699999999999
29.993299999999994 27.014900000000004
19.801499999999997 26.277900000000002
22.895799999999998 26.327200000000005
26.905300000000004 26.6934
29.0422 26.861899999999995
25.200199999999995 26.6415
24.227500000000006 26.585599999999985
24.472300000000004 26.576800000000006
25.019900000000007 26.645700000000005
26.6772 26.686100000000003
27.3409 26.747799999999998
25.9409 26.7006
27.77231000000001 26.893908999999994
27.07059 25.8829
27.13836 25.943229999999996
26.035650000000004 25.859160000000003
26.502749999999992 25.941260000000003
28.030149999999992 26.155280000000005
25.292119999999997 25.987560000000006
27.41062700000001 26.08865
26.826645 26.11106
25.307540999999993 26.029159999999997
23.495599999999996 25.95205
22.173299999999998 25.981000000000005
16.0504 25.598
15.114500000000003 25.472899999999992
15.690899999999994 25.48420000000001
18.758500000000005 25.672099999999997
25.30059999999999 26.2332
22.5022 26.0222
29.286299999999997 26.5051
29.0302 26.534900000000007
27.96290000000001 26.559499999999996
26.868500000000004 26.533100000000008
25.740099999999995 26.3908
27.09060000000001 26.545600000000004
27.099999999999998 26.520699999999998
28.242400000000007 26.5747
29.174700000000005 26.655800000000003
29.61719999999999 26.697300000000002
27.609599999999997 26.5997
27.5095 26.5855
24.839199999999998 26.455199999999984
26.755799999999997 26.514799999999994
28.186499999999988 26.618599999999997
29.0054 26.727800000000002
26.927399999999995 26.601999999999986
26.742700000000003 26.535000000000004
28.342809999999997 26.69547000000001
29.235900000000004 26.350800000000003
27.7237 26.365900000000003
26.606 26.3534
26.71059999999999 26.221799999999995
26.3859 26.269400000000005
24.818799999999992 26.2273
25.775400000000005 26.262600000000003
26.776500000000002 26.318099999999994
25.726300000000002 26.262699999999995
25.924400000000002 26.249200000000002
24.318500000000007 26.075499999999995
25.495399999999997 26.1607
25.711499999999994 26.22480000000001
24.9612 26.223700000000004
26.111 26.3401
25.163900000000005 26.2675
25.700999999999997 26.335199999999997
26.384 26.413199999999986
24.5386 26.309200000000004
24.710199999999993 26.281399999999998
25.098699999999997 26.321699999999993
22.709100000000003 26.18929999999999
18.0096 25.835599999999996
21.4356 26.0425
23.650400000000005 26.15950000000001
25.063299999999998 26.278800000000004
23.8653 26.298200000000005
25.5372 26.35740000000001
24.993899999999993 26.407899999999994
24.925599999999992 26.352400000000003
25.9426 26.481900000000007
25.3266 26.441100000000002
25.846000000000004 26.3947
22.22449999999999 26.209800000000005
24.749499999999998 26.330999999999992
24.8489 26.453100000000003
24.615100000000005 26.427999999999997
25.41310000000001 26.502799999999997
25.987500000000008 26.529100000000007
25.852999999999994 26.525699999999997
25.60430000000001 26.5082
25.9403 26.4814
26.555199999999996 26.587299999999995
25.7567 26.57399999999999
26.3129 26.600800000000003
25.833599999999997 26.562400000000004
25.759999999999994 26.6081
25.5012 26.649799999999995
26.054000000000006 26.64269999999999
26.3703 26.645000000000003
28.94320000000001 26.839799999999997
25.756300000000003 26.665899999999997
26.9905 26.741000000000003
27.655799999999996 26.815299999999993
27.781100000000002 26.774399999999993
28.007200000000005 26.910499999999992
28.565600000000003 26.931500000000003
27.2318 26.801499999999994
23.2222 26.567900000000012
20.3134 26.331599999999998
17.506199999999996 26.060899999999997
19.397799999999997 26.2571
25.408700000000007 26.593100000000003
23.979499999999998 26.538
27.587970000000016 26.813499999999994
26.56282000000001 26.302920000000007
26.770023000000005 26.375239999999998
22.4749 26.10445
17.478100000000005 25.782500000000002
21.237000000000005 25.9961
26.741399999999988 26.514399999999995
28.48449999999999 26.600899999999996
26.326700000000002 26.528199999999995
25.891200000000005 26.43090000000001
28.521000000000008 26.66100000000001
27.1413 26.6544
26.867400000000004 26.58719999999998
27.727899999999995 26.754800000000007
29.1692 26.8551
27.837400000000006 26.8151
27.598999999999997 26.754900000000003
28.103299999999994 26.775800000000004
28.66420000000001 26.8109
29.64640000000001 26.9732
28.4721 26.914200000000005
28.412800000000004 26.847700000000007
27.780500000000004 26.877599999999997
28.2779 26.918100000000006
28.307399999999994 26.836199999999987
28.580400000000004 26.9426
28.039900000000017 26.9278
25.992900000000002 26.833299999999994
28.643299999999993 26.938899999999993
28.288400000000003 26.891699999999997
28.392199999999995 26.863300000000002
29.075200000000002 27.048899999999996
29.987 27.0972
27.84830000000001 26.996699999999997
29.374500000000005 27.068200000000004
29.236000000000008 27.048500000000008
28.95620000000001 27.04639999999999
29.05748000000001 27.089709999999993
28.817859999999996 26.61031
28.603129999999993 26.570940000000004
28.267129999999995 26.515670000000004
26.526470000000003 26.473109999999988
26.68317 26.414410000000004
25.385539999999995 26.347179999999987
23.881436000000004 26.27448000000001
23.762222 26.25283
22.621135999999993 26.079039999999992
23.113600000000005 26.307700000000008
27.476800000000008 26.555699999999998
27.484300000000005 26.617399999999996
27.749599999999997 26.710299999999997
30.096599999999995 26.823099999999993
27.218899999999994 26.7972
25.505199999999995 26.613999999999987
23.741 26.511700000000012
24.164400000000008 26.533200000000008
19.194799999999994 26.242699999999992
15.4425 25.902399999999997
18.461000000000002 26.073800000000002
22.7542 26.410599999999995
25.3096 26.56920000000001
23.121800000000004 26.504999999999995
25.821400000000004 26.651200000000003
25.6824 26.641299999999994
24.091899999999995 26.533700000000003
