18.188099999999995 50.498999999999995
18.235400000000002 50.19899999999999
17.234800000000003 50.13999999999999
18.4124 50.14099999999999
17.543 50.385000000000005
16.5903 50.124
17.106700000000004 50.11
16.085600000000003 50.109
17.524700000000003 50.198
18.0908 50.267999999999994
18.452699999999997 50.34799999999999
16.102199999999996 50.369
16.1724 50.388
17.9043 50.43099999999999
16.790799999999997 50.461
16.118199999999998 50.446000000000005
15.857799999999997 50.458000000000006
16.3388 50.483
17.7846 50.477
15.6255 50.452
15.870999999999999 50.512
16.6046 50.53399999999999
16.633200000000002 50.534
14.9832 50.54099999999999
14.264900000000003 50.49199999999999
12.6562 50.50499999999999
14.1823 50.50499999999999
13.762300000000002 50.535999999999994
12.6984 50.757
14.755399999999996 50.60299999999999
14.374900000000002 50.586999999999996
14.3568 50.592999999999996
13.527599999999998 50.580000000000005
14.8117 50.614000000000004
16.551099999999998 50.88799999999999
16.5415 51.10399999999999
18.9139 51.04299999999999
18.727300000000003 51.05499999999999
18.5734 50.690999999999995
19.593700000000002 50.673
18.466799999999996 50.67999999999999
16.556500000000003 50.67299999999999
20.575599999999998 50.70399999999999
19.654099999999996 50.66799999999999
19.468200000000003 50.685999999999986
18.514000000000003 50.685
19.4738 50.678999999999995
17.870399999999997 50.676
17.7049 50.712999999999994
17.9619 50.742999999999995
18.0411 50.759
18.124399999999998 50.781
18.4271 50.91899999999999
17.859 49.39799999999999
19.6833 49.53899999999999
17.977700000000002 49.81999999999999
18.451999999999998 49.98399999999999
16.3535 50.121999999999986
16.1784 50.166999999999994
16.197499999999998 50.202999999999996
16.1357 50.239999999999995
15.7314 50.29699999999999
13.413400000000001 50.181999999999995
13.165600000000003 48.453999999999986
14.6216 48.89099999999999
16.1746 49.12099999999999
17.1407 49.54299999999999
15.1174 49.989999999999995
17.210200000000004 49.897000000000006
15.135399999999999 49.958000000000006
14.596799999999998 49.75999999999999
14.105400000000005 49.849
14.618800000000002 49.891
14.3647 49.92499999999999
13.719599999999998 49.93699999999998
12.803600000000001 49.93699999999999
12.3191 50.049
14.527499999999998 49.95299999999999
14.4465 50.003
13.400400000000001 50.047
15.1735 50.10499999999999
14.169200000000004 50.12399999999999
14.908699999999996 50.13599999999999
14.087300000000003 50.157
14.147499999999996 50.16599999999999
14.181200000000002 50.17499999999999
16.163 48.447999999999986
15.5426 48.51299999999999
14.859300000000001 48.570999999999984
15.0449 48.66599999999999
13.937900000000003 48.70899999999999
15.308 48.759999999999984
14.729199999999999 48.83999999999999
15.826599999999996 48.926999999999985
14.2126 49.057999999999986
14.809700000000001 49.253999999999984
15.752000000000002 49.36799999999998
14.490000000000002 49.40199999999999
15.218700000000002 49.442999999999984
15.574499999999999 49.43999999999999
14.068200000000003 49.62199999999999
14.344399999999998 49.43099999999999
14.5674 49.442999999999984
13.932000000000002 47.70799999999999
15.728100000000001 47.81199999999999
16.203999999999997 47.94699999999998
14.2596 48.02899999999999
12.537499999999998 48.11499999999999
12.9699 48.22499999999999
15.2729 48.37699999999999
14.923499999999997 48.52599999999999
15.5593 48.736999999999995
13.580300000000001 48.89799999999999
14.474800000000002 48.98799999999999
14.271299999999998 49.078999999999986
14.9785 49.115999999999985
15.363799999999998 49.10399999999999
15.520400000000004 49.086
17.0044 49.115999999999985
14.710700000000001 49.11299999999999
15.3418 49.091999999999985
14.977599999999999 49.085999999999984
13.436200000000001 49.08299999999999
15.5791 49.12299999999999
14.744000000000002 49.24499999999999
13.8675 49.24499999999999
13.600700000000002 49.29399999999999
15.310700000000002 49.332999999999984
13.9433 49.44899999999999
14.3845 49.50099999999999
13.374699999999997 49.53399999999999
12.4146 49.55799999999999
11.738900000000001 49.53399999999999
12.469000000000001 49.53999999999999
12.0044 49.536999999999985
13.2877 49.54899999999999
12.300399999999998 49.707
13.152500000000003 49.53699999999999
12.550699999999997 49.54299999999999
11.861 49.54599999999999
12.412999999999998 49.593999999999994
11.148299999999999 49.71
10.148299999999999 49.744
11.781600000000001 49.74999999999999
11.8376 49.738
11.652800000000003 49.738
11.494900000000001 49.74999999999999
11.719100000000001 49.75899999999999
11.6869 49.81699999999999
11.1404 49.85399999999999
11.8513 49.846000000000004
12.148100000000001 49.855999999999995
11.6706 49.861999999999995
11.9027 49.858999999999995
11.8179 49.870999999999995
11.385499999999999 49.874
11.435599999999999 49.856
12.3342 49.864999999999995
13.557799999999997 49.877
13.001100000000001 49.919999999999995
12.229199999999999 49.992999999999995
13.1751 49.896
13.584200000000003 49.88699999999999
13.375700000000002 49.91
12.485999999999999 50.061
13.9321 50.109999999999985
14.480699999999999 50.142999999999994
12.841299999999997 50.125
11.678300000000002 50.13099999999999
12.2715 50.125
11.272200000000002 50.13099999999999
12.434000000000001 50.13099999999999
14.837200000000001 50.20899999999999
12.694099999999997 50.137
13.068999999999997 50.16099999999999
13.6184 49.70099999999999
17.1287 48.338
15.782299999999996 48.568
13.885900000000003 48.67199999999999
13.109499999999999 48.760999999999996
13.512099999999998 48.836999999999996
13.4083 48.876999999999995
15.775699999999995 48.946999999999996
15.000600000000002 49.053999999999995
14.130499999999998 49.154
13.4211 49.148999999999994
14.390200000000004 49.209999999999994
14.618899999999998 49.24999999999999
14.110700000000003 49.326
14.139300000000002 49.415
14.4213 49.469
15.130500000000001 49.466
14.414899999999998 49.482
14.0332 49.503
14.288400000000001 49.509
13.6905 49.497
13.673499999999999 49.617000000000004
14.705500000000002 49.503
13.5915 49.5
15.562899999999999 49.519
14.4593 49.507
15.010700000000002 49.5
13.903999999999996 49.519
15.0615 49.513
12.975799999999998 49.501
12.496699999999999 49.50999999999999
14.5398 49.55
13.4754 49.638999999999996
13.639199999999999 49.827999999999996
13.6279 49.88199999999999
13.5358 50.446999999999996
14.711900000000004 50.431000000000004
13.7623 50.437
12.693400000000002 50.07299999999999
13.625600000000002 49.95499999999999
13.261400000000002 49.95499999999999
12.988 49.94899999999999
14.699300000000001 49.95499999999999
13.454799999999997 49.93699999999998
13.9048 49.95499999999999
12.899500000000003 50.05099999999999
13.105500000000001 49.93699999999998
13.855699999999999 49.93699999999998
14.2564 49.93099999999998
11.8134 48.50299999999999
14.345500000000003 48.24999999999999
13.346299999999998 48.32999999999999
13.1997 48.43999999999999
13.0628 48.663
13.1088 48.88799999999999
13.0125 49.02499999999999
13.0017 49.15999999999999
12.6882 49.20799999999999
12.800500000000001 49.16599999999999
13.7463 49.19299999999999
13.298599999999999 49.187
14.7945 49.211
14.6801 49.22299999999999
13.9323 49.26
15.430200000000003 49.309
16.4294 49.394
15.3925 49.44899999999999
14.1206 49.476
12.610200000000003 47.56699999999999
13.183900000000001 48.077
16.271699999999996 48.291999999999994
13.010399999999997 48.88799999999999
12.740500000000003 48.974
12.2681 49.129
12.2034 48.738
11.9698 48.677
12.864899999999999 48.80199999999999
12.205199999999996 48.858000000000004
12.397700000000002 48.864
11.9187 48.88599999999999
10.052299999999999 48.986999999999995
9.511199999999999 48.13099999999999
12.034699999999999 47.429
11.3245 47.584
10.782299999999998 47.737
10.589 47.862
11.9382 47.99099999999999
11.608199999999998 48.112
12.000499999999999 48.165
11.849800000000002 48.247
12.7004 48.26499999999999
11.5276 48.267999999999994
11.7353 48.323
12.2714 48.515
10.1511 48.517999999999994
9.8232 48.57599999999999
11.826099999999999 48.652
11.168 48.778
10.849 48.842999999999996
11.1974 48.845
11.8729 48.882
12.369000000000002 48.924
13.222100000000001 48.924
12.447700000000001 48.92999999999999
11.910100000000002 48.95499999999999
10.735999999999999 49.00399999999999
11.517999999999999 49.060999999999986
12.1304 49.559000000000005
11.9695 49.50400000000001
11.495599999999998 49.522000000000006
12.532500000000002 49.12799999999999
12.1009 49.11
11.596099999999998 49.11299999999999
