32.185 24.121800000000007
35.2277 24.227199999999996
32.22847999999998 24.233689999999992
30.970029999999987 23.76508
32.83356 23.85733399999999
31.00779 23.532869999999996
31.29243000000001 23.621139999999997
30.123250000000002 23.215929999999997
32.55756 23.42958
33.18425 23.061009999999992
33.410815 23.26105
33.5269 23.442269999999997
32.73686 23.251149999999996
31.969570000000008 23.320209999999996
30.4018 23.439500000000006
33.2771 23.5933
32.74279999999999 23.658499999999997
32.263500000000015 23.762900000000002
32.2704 23.8493
32.267500000000005 23.965499999999995
32.6786 23.892900000000004
27.6454 23.6879
27.862900000000014 23.747400000000006
27.482 23.7366
22.537159999999997 23.39680000000001
26.935150000000004 23.7175
24.45656 23.567199999999996
26.677629999999997 23.791299999999996
28.44165999999999 23.944900000000004
30.252290000000002 24.084100000000007
29.028389999999998 23.9653
28.809829999999998 24.023800000000005
31.48143 24.024799999999995
31.101339999999993 24.1848
28.439619999999998 24.055500000000002
30.497889999999998 24.1395
28.563860000000002 24.018600000000003
29.02381 24.123469999999994
26.493090000000002 23.657009999999996
30.163329999999988 23.85880000000001
28.467480000000002 23.9222
30.016390000000005 23.993400000000005
30.440129999999993 24.0421
29.234799999999993 23.967699999999997
27.7691 23.8986
29.901910000000004 24.07350000000001
27.606460000000006 24.0345
28.74724 24.115449999999996
28.70086 23.69979
27.886618000000013 23.72381
26.999022999999994 23.699330000000003
29.02289999999999 23.76054999999999
28.59581799999999 23.835940000000004
30.025170000000013 23.840140000000005
28.277745000000014 23.77645
27.972364 23.815150000000003
27.29265899999999 23.807360000000006
27.911231000000004 23.74298
29.292754 23.880579999999995
27.570269999999997 23.81567
21.552200000000006 23.528699999999997
18.840400000000006 22.7928
17.471500000000002 22.641199999999998
22.904989999999998 23.093209999999996
24.596270000000004 23.248070000000002
25.710000000000015 23.327150000000003
28.570599999999995 23.50499
26.066600000000008 23.88235
23.557323 23.24127
24.069160000000007 23.27274999999999
28.207750000000004 23.59917000000001
28.498853999999994 23.561860000000003
26.427850000000007 23.433979999999988
27.71265 23.582080000000005
28.296153999999984 23.713400000000007
29.14950000000001 23.863099999999996
30.2723 23.926999999999996
30.142000000000007 23.969999999999995
29.3997 23.996999999999993
29.11394 24.033759999999997
28.367800000000003 23.508930000000003
28.8162 23.717699999999997
29.217400000000005 23.803099999999993
31.491300000000006 23.835000000000004
31.7253 23.909699999999997
27.597599999999993 23.7039
27.540699999999994 23.645900000000008
28.0268 23.780800000000003
28.328799999999998 23.823600000000003
27.9889 23.812499999999996
27.551100000000005 23.840999999999998
26.710899999999988 23.4564
26.62715 23.562280000000005
23.341829999999995 23.318800000000007
24.337339999999998 23.34012
27.36519999999999 23.91478
25.6252 23.67770000000001
18.977400000000006 23.160699999999995
22.8142 23.401199999999996
19.408100000000005 23.2216
21.145000000000007 23.220900000000004
26.79210000000001 23.7187
27.121900000000004 23.806500000000003
28.645799999999994 23.908599999999996
26.985400000000006 23.805100000000003
26.800399999999996 23.8718
25.438999999999997 23.8655
26.145000000000003 23.869000000000003
26.728600000000004 23.944900000000008
26.0239 23.8767
28.050200000000004 24.019200000000005
27.274199999999997 24.012100000000007
27.304400000000008 23.844999999999995
27.388100000000005 24.042499999999997
25.160299999999996 23.90109999999999
26.194800000000008 23.946000000000005
26.306800000000003 24.003600000000002
27.0851 23.966899999999995
27.6877 24.068
24.5175 23.845099999999995
27.3337 24.120799999999996
27.580199999999994 24.210300000000004
28.3073 24.210500000000003
25.6674 24.056499999999996
27.551900000000007 24.060399999999998
28.08390000000001 24.175700000000003
25.555299999999992 24.102800000000006
26.638900000000003 24.162499999999998
27.002100000000013 24.215400000000002
27.4307 24.2577
29.019200000000005 24.3183
25.266199999999994 24.1033
25.739399999999996 24.040399999999995
24.973400000000005 24.0616
22.2428 23.8305
22.820100000000004 23.951299999999996
20.767399999999995 23.826199999999996
20.179499999999997 23.697599999999998
25.804499999999997 24.1118
26.98210000000001 24.209000000000003
26.666300000000003 24.207899999999995
28.105699999999995 24.355900000000005
27.911799999999992 24.322100000000006
29.1205 24.292699999999996
27.2617 24.2517
28.177099999999992 24.353399999999993
26.4981 24.225600000000007
29.197399999999995 24.405099999999997
28.73359999999999 24.445000000000004
29.632500000000007 24.41339999999999
28.043299999999995 24.445700000000002
26.285199999999993 24.313200000000002
24.65800000000001 24.2193
19.681900000000006 23.820800000000002
17.838900000000002 23.646699999999996
19.6546 23.749600000000004
23.393899999999995 23.97049999999999
24.421200000000002 24.114699999999996
20.897900000000003 23.88330000000001
22.183999999999997 23.883799999999997
28.385599999999993 24.394399999999994
27.743499999999997 24.381000000000004
27.7561 24.357
24.209400000000006 24.153999999999993
26.808799999999994 24.289799999999993
26.066200000000002 24.3228
29.02799999999999 24.439800000000005
26.265599999999996 24.28909999999999
25.9519 24.242500000000007
27.8457 24.349300000000003
27.338999999999995 24.422299999999993
26.93950000000001 24.288999999999998
28.1166 24.466899999999995
27.998299999999997 24.504900000000003
29.069499999999998 24.513099999999994
28.79219999999999 24.535300000000003
27.676100000000005 24.519199999999998
26.878199999999993 24.3867
25.730800000000002 24.3604
27.648599999999995 24.447799999999997
27.930300000000003 24.441299999999995
27.45970000000001 24.489299999999993
26.6324 24.400499999999997
27.421500000000005 24.469499999999996
26.935499999999994 24.45520000000001
25.9278 24.41180000000001
27.27170000000001 24.5014
27.57389999999999 24.531200000000002
27.4426 24.529500000000006
25.593899999999998 24.427799999999998
26.2465 24.377000000000006
25.670899999999996 24.412600000000005
25.751 24.369999999999997
23.693900000000006 24.311699999999995
24.900199999999998 24.442300000000007
25.951500000000006 24.514200000000006
25.9484 24.5181
25.789199999999994 24.521599999999996
27.460099999999986 24.6345
23.295099999999987 24.366200000000006
19.252800000000004 24.093800000000005
23.079099999999997 24.274900000000006
27.775799999999997 24.657500000000006
27.96479999999999 24.735999999999994
26.665 24.659
26.63340000000001 24.617900000000002
26.17469999999999 24.6191
27.963200000000004 24.756099999999996
26.858700000000006 24.647100000000002
23.787199999999995 24.582200000000007
18.23181 23.757930000000005
19.358579999999996 23.79370999999999
24.8453 24.266460000000002
27.0137 24.390430000000006
26.1197 24.379290000000005
23.130010000000002 24.151470000000007
27.116455000000002 24.463419999999996
24.95 24.28146
27.6872 24.5684
27.78970000000001 24.612599999999997
27.764899999999997 24.691999999999993
27.670500000000004 24.750600000000013
26.9052 24.685200000000002
25.8949 24.594200000000004
26.4857 24.642700000000005
27.154600000000006 24.7594
27.4657 24.776099999999996
29.975800000000007 24.923899999999996
29.020500000000006 24.972799999999992
25.016399999999994 24.627800000000004
23.482800000000008 24.5419
20.269999999999996 24.300100000000008
14.981099999999998 23.818800000000007
20.300699999999992 24.1866
24.809699999999996 24.605399999999992
22.6496 24.458099999999988
24.605800000000013 24.644599999999997
22.8327 24.48200000000001
26.721100000000007 24.7297
28.230299999999993 24.962300000000003
28.189799999999998 24.960300000000004
29.090899999999998 25.1191
25.417199999999994 24.89840000000001
27.0382 24.949900000000003
26.224700000000013 24.878200000000007
29.911299999999997 25.09009999999999
22.8917 24.7456
26.475900000000006 24.919200000000004
26.533099999999997 24.897900000000003
27.1204 24.9046
28.2228 25.041900000000002
22.130700000000004 24.592100000000002
26.072300000000006 24.964600000000004
30.224600000000002 25.262099999999997
28.355199999999996 25.210699999999996
29.781999999999996 25.309900000000003
31.01150000000001 25.4011
29.7672 25.381000000000004
28.664300000000004 25.310799999999993
28.058500000000002 25.28600000000001
28.842000000000006 25.354
28.856500000000008 25.3645
28.765199999999997 25.323400000000003
29.4153 25.4745
28.742200000000008 25.383599999999994
28.755999999999997 25.440699999999993
29.5024 25.5182
30.467450000000003 25.60438
28.478350000000002 25.04016
29.430600000000002 25.222300000000008
30.500899999999998 25.3488
29.66149999999999 25.367100000000004
31.679399999999998 25.3934
30.7195 25.380100000000006
31.090600000000006 25.460100000000008
29.944399999999998 25.4195
28.023400000000002 25.3511
29.419200000000007 25.4229
30.163599999999995 25.497200000000003
29.769799999999996 25.498299999999997
30.93860000000001 25.551800000000004
28.566500000000005 25.456700000000005
31.90589999999999 25.599100000000004
29.540900000000004 25.584599999999995
30.292999999999992 25.613000000000003
29.9433 25.5848
30.85440000000001 25.636600000000005
26.13669999999999 25.3992
