31.913000000000004 22.588400000000004
34.384299999999996 22.701900000000002
33.321000000000005 22.8349
34.344 22.9057
33.09279999999999 22.9149
32.1703 23.062099999999997
32.34260000000001 22.67011
30.958299999999994 22.802999999999997
31.559299999999997 22.855900000000005
32.825700000000005 22.9244
32.179899999999996 22.996
33.0339 23.170699999999997
33.9094 23.226300000000002
32.60189999999999 23.235500000000002
32.19279999999999 23.1686
32.22679999999999 23.238100000000003
32.7597 23.313799999999997
32.363 23.403999999999996
31.288 23.506300000000003
30.861500000000003 23.601799999999997
31.4337 23.683999999999997
32.8165 23.7567
33.58070000000001 23.8776
28.625399999999996 23.632200000000008
22.578200000000002 23.122099999999996
30.57469999999999 23.697699999999998
26.435099999999995 23.44760000000001
28.162399999999987 23.5986
27.4287 23.615900000000007
29.1728 23.684600000000007
28.2449 23.663100000000004
29.785199999999996 23.742
28.973599999999998 23.6773
27.784600000000008 23.6123
27.781800000000008 23.627900000000004
26.85759999999999 23.6042
25.12504 23.450000000000003
27.120039999999996 23.626899999999996
27.20951 23.627699999999997
28.217519999999986 23.691799999999997
26.591359999999998 23.642500000000002
28.49269 23.746499999999997
28.005219999999998 23.7987
28.82771999999999 23.800780000000003
28.221189999999996 23.404400000000003
29.17147 23.49130000000001
28.380730000000003 23.528800000000004
29.82718000000001 23.619999999999997
29.889529999999997 23.625700000000005
27.56137 23.493400000000005
26.892140000000005 23.4942
26.498099999999997 23.4393
28.133469999999996 23.5541
27.508370000000003 23.5892
27.76283 23.589999999999993
26.68316999999999 23.537600000000012
26.112650000000002 23.5928
28.32535 23.660000000000004
29.036970000000007 23.714689999999987
29.407030000000017 23.483449999999998
21.383670000000002 22.53341
17.507809999999992 21.872759999999992
17.910807 21.861180000000004
21.914177000000002 22.223009999999995
23.119949999999996 22.31462
24.875289999999993 22.519609999999997
28.038373999999997 22.737090000000002
27.263330000000007 22.727330000000006
24.630684 22.14096
26.332334000000003 22.390569999999997
26.712433999999995 22.355770000000003
26.959443999999998 22.573600000000006
28.197460000000007 22.72343
29.040927 22.878700000000006
29.177800000000005 22.952049999999993
28.787199999999995 23.098899999999997
28.918499999999998 23.123300000000004
30.04600000000001 23.292599999999993
27.675099999999997 23.139899999999994
27.625899999999998 23.204099999999997
26.4194 23.1436
29.631900000000012 23.389300000000013
28.985 23.4267
29.836300000000016 23.511
28.51529999999999 23.406299999999998
26.669800000000006 23.3528
27.106599999999997 23.384800000000006
29.1526 23.482999999999997
27.687899999999992 23.474499999999992
27.532599999999995 23.452500000000004
27.0652 23.484400000000008
26.1019 22.935800000000008
25.290049999999997 22.943170000000006
23.684310000000004 22.822530000000004
25.616329999999998 22.95848
27.92402 23.60592
26.207340000000002 22.95356
19.076040000000003 22.524169999999994
22.682683000000004 22.703390000000002
19.292330999999997 22.508179999999996
19.3243 22.377279999999995
27.755999999999993 23.181299999999997
27.081099999999996 23.26060000000001
27.89250000000001 23.3002
26.850900000000006 23.2607
27.603500000000004 23.396199999999997
25.796599999999998 23.32169999999999
26.82110000000001 23.422399999999996
27.5746 23.430400000000006
26.684600000000007 23.33530000000001
25.5564 23.335499999999996
26.666 23.3167
26.681300000000004 23.435100000000006
27.526800000000012 23.4843
23.885700000000003 23.2798
27.440800000000003 23.465500000000006
28.323500000000003 23.5112
27.128899999999994 23.5393
25.986899999999995 23.377299999999998
25.78119999999999 23.448
25.964899999999997 23.466799999999992
27.091299999999997 23.625100000000003
28.38320000000001 23.702
28.656599999999997 23.651500000000006
26.97489999999999 23.639499999999998
26.439200000000003 23.610800000000005
25.135199999999998 23.50999999999999
26.0406 23.516900000000003
26.459799999999994 23.573299999999996
27.7059 23.706200000000003
27.1154 23.644800000000007
27.1199 23.702899999999993
27.243000000000002 23.6363
23.824900000000007 23.5099
21.6385 23.252700000000004
23.355500000000003 23.414800000000003
18.844099999999997 23.1103
20.0149 23.112500000000004
28.451499999999996 23.742
28.214100000000002 23.821
27.08040000000001 23.754199999999997
29.531099999999995 23.8511
27.7175 23.773099999999996
29.023500000000002 23.880000000000003
29.6752 23.9972
27.159799999999994 23.844300000000004
30.1237 23.997299999999992
26.651699999999995 23.764699999999994
26.692500000000003 23.77
26.8771 23.810699999999997
26.411 23.812100000000004
24.527000000000005 23.6692
23.277100000000004 23.5492
20.338499999999996 23.37399999999999
19.425299999999996 23.2735
19.531299999999995 23.357499999999995
22.4468 23.506599999999995
25.295799999999996 23.6272
20.7841 23.344300000000008
21.999100000000006 23.357799999999997
26.3586 23.782300000000006
25.7903 23.7432
26.650799999999997 23.785
26.0762 23.82130000000001
26.7983 23.802999999999997
25.931599999999992 23.777000000000005
27.621200000000012 23.893200000000007
28.4829 23.9749
26.245600000000003 23.83710000000001
26.2935 23.846099999999996
25.026200000000003 23.762800000000002
26.533099999999994 23.9113
28.989999999999995 24.072799999999997
27.793499999999995 23.989199999999997
27.645900000000008 24.002100000000006
26.1085 23.835199999999997
26.933899999999994 23.896000000000008
28.119099999999996 24.038600000000002
24.868400000000005 23.8462
27.162900000000008 23.881299999999992
25.518599999999996 23.886400000000005
27.211199999999998 23.988200000000003
26.339999999999993 23.933400000000006
29.696500000000004 24.132800000000007
25.311099999999996 23.925600000000003
26.628199999999996 23.9761
26.233800000000002 23.871099999999995
27.201399999999985 23.996199999999995
26.06920000000001 23.961000000000006
25.411 24.008200000000002
25.993699999999997 24.033799999999992
25.866000000000007 23.973400000000005
27.7131 24.137199999999996
23.2385 23.878999999999998
23.7536 23.9172
25.338400000000007 24.014300000000002
26.6346 24.111800000000006
25.308400000000002 24.111999999999995
27.548700000000004 24.215099999999996
23.65030000000001 23.9473
20.3361 23.708899999999993
23.392799999999994 23.87199999999999
26.069 24.069499999999998
25.729999999999997 24.037899999999997
27.295399999999997 24.2136
26.167799999999996 24.1789
23.7816 23.935399999999994
27.041399999999992 24.258200000000002
26.479300000000006 24.186900000000005
25.746799999999997 24.219100000000005
18.133960000000005 23.366619999999994
18.093770000000003 23.31377
24.941219999999998 23.760910000000006
27.183629999999994 24.03933
26.006279999999997 23.991030000000002
23.92486999999999 23.700309999999998
27.725950000000005 24.068199999999997
27.673208 24.00502000000001
26.471604 24.022440000000007
26.159222000000003 23.924329999999994
26.510227000000004 23.979810000000004
27.985321999999996 24.04109
26.404599999999995 24.06309999999999
28.01600000000001 24.363499999999995
27.890899999999995 24.3094
26.5865 24.244999999999994
28.76600000000001 24.4485
29.735 24.4976
26.925999999999995 24.280600000000003
24.2579 24.101999999999997
23.4394 24.101399999999998
23.4487 24.106999999999996
16.087899999999998 23.536999999999995
21.010200000000005 23.7451
25.04779999999999 24.260399999999997
24.7694 24.180899999999994
24.704700000000003 24.157899999999998
21.735500000000002 23.913300000000003
26.268600000000003 24.317999999999998
31.485499999999988 24.730200000000004
28.940000000000005 24.615399999999994
31.0722 24.7793
25.554100000000002 24.418599999999998
26.417999999999996 24.502099999999995
28.080099999999998 24.597499999999997
27.007599999999996 24.5127
20.0752 23.996699999999993
25.612300000000005 24.396000000000008
24.238500000000005 24.227600000000006
25.377999999999997 24.40530000000001
28.1953 24.555000000000003
22.649600000000003 24.242699999999996
27.785600000000006 24.60709999999999
27.913200000000003 24.660300000000003
29.824000000000005 24.73989999999999
28.953699999999994 24.7448
31.761600000000005 24.969699999999992
30.594000000000005 24.960599999999996
31.0785 24.980599999999995
31.224000000000014 24.999899999999997
32.04449999999999 25.124999999999996
30.0292 24.981900000000003
30.015899999999995 25.020400000000002
31.013799999999993 25.074300000000004
30.3888 25.019900000000007
31.283500000000014 25.049100000000006
31.633700000000008 25.227500000000003
30.564699999999995 25.181700000000003
28.731300000000005 25.003500000000003
30.1073 25.139099999999985
28.363400000000006 25.060900000000004
29.7912 25.15149999999999
31.646199999999997 25.342100000000006
32.720699999999994 25.3713
33.6673 25.516800000000007
32.246199999999995 25.462599999999995
27.918099999999995 25.1926
30.152799999999996 25.2834
33.358799999999995 25.491800000000005
31.758399999999998 25.383399999999988
30.137900000000002 25.3747
29.570299999999992 25.361100000000004
31.352500000000006 25.450900000000004
31.1804 25.4179
29.4518 25.49879999999999
31.800599999999996 25.611600000000006
31.191700000000004 25.574
27.707800000000006 25.394299999999998
