29.3207 26.427300000000002
27.811000000000003 26.491100000000007
27.901900000000012 26.3977
28.2124 26.524599999999992
26.647 26.4067
26.902700000000003 26.5577
27.68049999999999 26.662300000000005
29.163199999999996 26.6855
25.922999999999995 26.52310000000001
26.253099999999996 26.572300000000006
27.3187 26.5993
27.067499999999995 26.529700000000002
27.9408 26.593199999999996
31.245900000000006 26.8181
26.6437 26.566699999999997
26.347999999999992 26.564800000000005
26.071599999999997 26.543900000000004
26.9837 26.6761
29.698200000000007 26.72790000000001
26.7382 26.491300000000003
27.202399999999994 26.6855
29.236300000000004 26.7333
25.367600000000014 26.597400000000004
28.230360000000005 26.66454999999999
24.854540000000004 26.13153
27.436550000000004 25.722530000000006
26.15207 25.801830000000002
25.569740000000003 25.777320000000003
27.04057999999999 26.07310000000001
26.530590000000004 25.053220000000003
25.869919999999997 25.024030000000003
21.995218999999995 24.779220000000006
19.345509999999997 24.539120000000004
23.990569999999998 24.96624
27.116569000000002 25.39339
26.213541000000006 25.42459
25.246843 25.269879999999993
26.380135999999993 25.460200000000004
25.475326999999997 25.416799999999995
25.355 25.5173
25.608199999999997 25.649499999999993
28.52280000000001 25.856899999999992
26.825599999999998 25.7523
27.084099999999996 25.804399999999994
26.97416 25.78953000000001
24.643530000000005 25.26175
25.699840000000002 25.24685
25.85323000000001 25.375890000000002
23.594330000000003 25.185079999999992
21.811629999999997 25.061700000000002
18.703929000000002 24.80982000000001
14.945536000000004 24.402769999999993
14.988330999999999 24.431910000000002
16.763922000000004 24.53648999999999
20.572926999999993 24.83243
19.750300000000003 24.967100000000002
19.840500000000002 24.906800000000004
24.736200000000004 25.4092
24.2355 25.444659999999995
24.679700000000004 25.00119999999999
21.607419999999998 24.910250000000005
21.533409999999996 24.877209999999998
23.10022000000001 24.929260000000003
23.097910000000002 25.048819999999992
23.40549 25.10628
25.399 25.29779999999999
24.1041 25.308600000000002
25.3112 25.3714
24.0667 25.387500000000003
25.513100000000005 25.382800000000007
27.56609999999999 25.6235
24.8163 25.537099999999995
24.527199999999997 25.502900000000007
26.381099999999996 25.600999999999996
24.1779 25.497200000000003
24.529600000000002 25.5699
23.232100000000003 25.514200000000002
24.397499999999997 25.6108
24.593500000000002 25.589900000000004
25.046499999999998 25.648
24.278400000000005 25.6079
23.4424 25.536099999999994
24.756499999999992 25.70409999999999
24.895000000000003 25.608100000000007
24.72280000000001 25.7006
24.836699999999997 25.704
26.335000000000004 25.65166
23.119880000000002 25.33732
22.9335 25.294979999999995
22.685699999999997 25.300300000000004
23.949300000000004 25.44450000000001
23.898300000000003 25.478299999999997
24.218899999999994 25.5456
26.00246 25.63746
23.245589999999993 24.973589999999998
23.86880000000001 25.05393
20.4051 24.815350000000002
19.742600000000003 24.830000000000002
22.21199999999999 24.9916
21.246599999999997 24.9619
21.313099999999995 25.022299999999998
23.868199999999995 25.231500000000008
22.437699999999992 25.162200000000002
24.022099999999995 25.30810000000001
23.010699999999996 25.207899999999995
22.7035 25.1703
23.583700000000004 25.292399999999997
24.5016 25.374100000000006
23.410400000000003 25.3203
23.0189 25.292499999999997
23.618 25.360599999999998
23.339400000000012 25.410599999999995
23.5661 25.361799999999995
25.6979 25.523900000000005
22.478600000000004 25.333099999999998
22.678000000000004 25.332699999999996
23.065900000000006 25.339500000000005
23.189 25.404999999999994
24.7999 25.5007
24.3539 25.465100000000003
23.614799999999995 25.441100000000006
23.404499999999995 25.3982
24.203099999999996 25.438699999999997
23.7924 25.4741
23.497400000000003 25.516700000000004
22.177599999999998 25.425900000000013
22.477699999999995 25.408200000000008
22.903300000000005 25.455099999999998
22.081700000000005 25.396000000000008
23.2315 25.4276
23.068999999999996 25.429000000000002
23.478799999999996 25.540499999999998
19.1777 25.21026
15.447669999999999 24.357250000000004
16.42468 24.49177
19.556280000000005 24.74706
18.33938000000001 24.63719
19.646169999999998 24.746570000000006
21.013162000000005 24.812900000000003
22.856299999999997 25.025899999999996
23.8284 25.178399999999996
22.3661 25.106500000000004
21.7767 25.07210000000001
22.698900000000002 25.176400000000008
21.8409 25.155500000000004
22.8008 25.200999999999997
21.9742 25.1305
23.120600000000003 25.222900000000003
22.546699999999994 25.133599999999994
23.002 25.256899999999998
23.942000000000004 25.3112
22.8789 25.282799999999998
21.9208 25.19259999999999
22.066600000000005 25.176399999999997
22.5048 25.302299999999995
22.077099999999998 25.21
21.471500000000002 25.134800000000002
22.2136 25.182699999999997
23.435500000000005 25.248300000000008
21.9579 25.2094
21.379800000000003 25.164400000000008
22.312199999999997 25.241899999999994
21.296599999999994 25.14839999999999
22.146900000000002 25.248199999999994
21.716900000000003 25.233800000000002
16.486700000000006 24.7953
13.5536 24.5572
12.838099999999999 24.4706
13.427799999999998 24.527299999999993
13.1865 24.022199999999998
12.456999999999999 23.943299999999997
12.610700000000003 24.385700000000003
14.211700000000002 24.512800000000006
17.065699999999996 24.782599999999995
17.817600000000006 24.822400000000002
19.3034 24.9505
17.623900000000006 24.8118
20.2079 25.045499999999997
20.531399999999994 25.0527
21.38630000000001 25.176900000000007
20.389499999999995 25.1028
16.9815 24.82140000000001
19.767100000000003 24.9889
20.091400000000004 25.140500000000003
20.8875 25.245300000000004
21.7662 25.2859
21.394800000000007 25.497750000000007
21.075200000000002 24.928000000000004
21.2136 24.970100000000002
20.7139 24.93959999999999
20.598 24.929100000000002
20.435799999999997 24.9379
19.7157 24.872100000000003
20.1281 24.896899999999995
20.8715 25.041700000000006
20.725099999999998 25.0185
21.610199999999992 25.128
21.364 25.1569
21.443100000000005 25.1823
22.406699999999997 25.188600000000005
21.4633 25.1533
22.0033 25.10980000000001
21.24609999999999 25.1609
22.2763 25.240500000000004
22.1667 25.261500000000005
22.2384 25.2726
19.910600000000002 25.069300000000005
21.0078 25.105100000000004
20.072499999999998 25.0892
20.345200000000006 25.2077
19.7426 25.016700000000007
21.140000000000004 25.227800000000006
19.1815 25.061
21.9901 25.2642
23.2864 25.3782
22.511000000000003 25.381300000000007
18.765700000000002 25.103199999999998
16.770599999999998 24.8833
19.222099999999998 25.110400000000006
22.812399999999997 25.3955
22.3007 25.464599999999997
21.905300000000004 25.355300000000003
22.911899999999992 25.39429999999999
22.106099999999998 24.9441
24.190969999999997 25.256280000000007
23.08486999999999 25.125689999999995
23.15549 25.118429999999996
22.933400000000002 25.223599999999998
22.263699999999996 25.13190000000001
22.929500000000004 25.204300000000003
22.873699999999996 25.29320000000001
23.018399999999996 25.303299999999997
23.010100000000005 25.3401
23.4367 25.340600000000002
23.451200000000004 25.363700000000005
23.078699999999998 25.4193
23.784999999999993 25.462
22.690200000000004 25.4081
23.0117 25.479999999999997
23.9199 25.43220000000001
24.2916 25.5712
24.891500000000004 25.540599999999998
23.3138 25.422100000000007
22.554100000000002 25.392699999999994
22.952699999999993 25.4753
23.167700000000004 25.44249999999999
22.222100000000005 25.436799999999998
22.2074 25.4906
20.811199999999996 25.336299999999994
19.239499999999996 25.20829999999999
22.662900000000008 25.487599999999993
23.581000000000003 25.552500000000013
19.275600000000004 25.20779999999999
16.014299999999995 24.9443
15.963299999999997 24.915000000000003
18.732219999999998 25.16821000000001
20.17928 24.8037
22.050580000000004 25.033779999999993
22.919 25.134
24.543 25.25625999999999
23.153910000000007 25.17989
22.792526999999996 25.12339999999999
22.367399999999996 25.148269999999997
21.590200000000014 25.1494
20.8428 25.135799999999996
23.327600000000004 25.310299999999998
23.55449999999999 25.363999999999997
21.815299999999993 25.287999999999993
23.1532 25.364299999999997
24.6376 25.503799999999995
23.34320000000001 25.422599999999996
23.45470000000001 25.451299999999993
23.958300000000005 25.563799999999997
23.607199999999995 25.484099999999994
22.766600000000007 25.508799999999994
23.374199999999988 25.491199999999996
23.522499999999997 25.627499999999998
24.452799999999996 25.641
24.8609 25.738600000000005
22.680799999999998 25.5739
23.428500000000003 25.6573
24.2319 25.692500000000003
22.9254 25.733299999999996
22.563100000000002 25.602400000000003
23.261500000000005 25.752200000000002
19.3447 25.072000000000006
21.531700000000008 25.310699999999997
21.483610000000002 25.294649999999997
