33.1413 24.722199999999994
34.413900000000005 24.827299999999994
34.25149999999999 24.809900000000003
32.72864000000001 24.461570000000002
31.876179999999998 24.36441
33.96067 24.56435
31.506990000000005 24.108889999999995
33.424627 24.260749999999998
30.957219999999996 24.219519999999996
32.33124000000001 24.35892
30.562150000000006 24.284229999999994
31.12767999999999 24.264189999999996
29.03418 24.209450000000004
31.883 24.352280000000004
30.0703 24.388100000000005
31.156000000000006 24.412599999999994
30.8599 24.555999999999997
31.805699999999998 24.586899999999993
31.582500000000003 24.6863
31.47260000000001 24.748099999999997
31.025099999999995 24.687600000000007
30.458800000000007 24.7075
32.365899999999996 24.92929999999999
28.238999999999997 24.5903
22.159100000000002 24.157900000000012
28.672699999999995 24.643200000000007
28.002899999999993 24.5558
27.550899999999988 24.5394
29.335300000000014 24.8058
28.309399999999997 24.767400000000002
29.641600000000007 24.703600000000005
27.356800000000003 24.595099999999995
28.723200000000006 24.644500000000008
28.1673 24.624499999999998
27.101300000000002 24.576500000000014
27.730799999999995 24.570000000000004
27.77637 24.34455
26.92425000000001 24.258910000000007
27.550389999999997 24.291309999999996
27.791259999999994 24.42793
27.782950000000007 24.465400000000006
28.641580000000005 24.530479999999997
28.39400000000001 24.5873
30.6066 24.788500000000006
28.717499999999994 24.721600000000002
29.690699999999996 24.785899999999994
28.569500000000005 24.761599999999998
27.536700000000003 24.714500000000005
29.461199999999998 24.808499999999995
30.272899999999996 24.8491
28.981299999999997 24.8524
29.420599999999997 24.89930000000001
28.643300000000004 24.772800000000007
27.601499999999994 24.719400000000004
29.097899999999992 24.824400000000004
28.6459 24.899500000000003
31.378600000000002 25.096199999999996
29.226200000000002 24.988900000000005
28.8614 24.928199999999997
27.4536 24.786400000000004
22.554699999999997 24.489599999999996
18.4519 23.6484
19.2884 23.7155
22.596319999999995 23.90719
24.59885 24.08105
25.666480000000007 24.24519
28.08856999999999 24.30461
27.503280000000004 24.782369999999997
24.134179999999994 24.178279999999997
26.403218 24.273760000000006
26.847199999999994 24.366479999999992
26.898000000000007 24.442400000000006
27.546800000000005 24.549600000000005
27.866000000000003 24.691
28.325899999999997 24.714299999999998
29.3361 24.7154
27.616399999999995 24.6421
30.2039 24.787000000000013
29.214000000000006 24.785100000000007
30.8454 24.952219999999993
28.026970000000002 24.31396
26.510317999999994 24.23619
28.170927000000006 24.35287
29.12093200000001 24.442710000000005
26.719509999999996 24.314989999999998
29.960717999999996 24.453090000000007
28.309853999999984 24.501890000000003
26.130049999999994 24.271980000000006
25.611144999999997 24.253690000000002
24.475336 24.227490000000003
25.641958999999993 24.295280000000012
25.733599999999996 23.97099999999999
26.336210000000015 24.12648
24.410270000000008 24.01066
23.843039999999995 23.877269999999996
24.969970000000007 24.510120000000004
24.036429999999996 23.969389999999994
19.37366 23.623829999999998
21.788 23.812209999999993
19.742199999999997 23.68325
19.77940000000001 23.749599999999997
24.752499999999998 24.129299999999994
25.740500000000004 24.319599999999998
28.37670000000001 24.543400000000002
26.7598 24.431099999999997
26.593700000000002 24.5069
27.5932 24.507799999999992
26.374200000000002 24.440200000000008
26.20940000000001 24.512400000000014
26.97960000000001 24.551000000000002
25.295599999999997 24.446199999999997
24.41910000000001 24.375200000000003
26.0671 24.510899999999996
26.412599999999998 24.4716
24.510900000000007 24.420599999999997
24.0835 24.446600000000004
26.0598 24.4973
26.095299999999998 24.522099999999995
26.9592 24.580300000000005
25.20490000000001 24.481800000000003
25.8044 24.500900000000016
27.4474 24.675599999999996
28.344099999999994 24.767799999999998
27.2628 24.722699999999996
26.870500000000003 24.714199999999995
26.50749999999999 24.703099999999992
27.827600000000007 24.73500000000001
25.8439 24.673299999999994
26.1794 24.6865
23.2664 24.472999999999995
26.5474 24.689200000000007
25.7998 24.701200000000004
26.536899999999996 24.744699999999995
24.085199999999986 24.545800000000003
22.2524 24.433200000000003
22.734599999999993 24.4405
19.099000000000004 24.218600000000006
20.621300000000005 24.266899999999993
24.556000000000004 24.5331
28.229399999999995 24.8406
26.751 24.846000000000004
28.20879999999999 24.912799999999997
27.261000000000013 24.809599999999993
27.594800000000003 24.891600000000004
25.773600000000012 24.80869999999999
27.052800000000005 24.814799999999998
24.618699999999993 24.740199999999998
26.085199999999993 24.821700000000007
25.60650000000001 24.821500000000004
27.87399999999999 25.017300000000002
26.484999999999996 24.947199999999995
24.807999999999996 24.790499999999998
26.3319 24.8145
18.990999999999996 24.333000000000006
17.7116 24.178200000000004
18.67949999999999 24.223500000000005
25.3156 24.7025
25.608700000000002 24.775
20.5545 24.436300000000003
22.0058 24.514799999999994
26.416800000000002 24.864800000000002
27.57150000000001 24.8996
26.659 24.909699999999997
25.122600000000002 24.8281
24.975500000000004 24.774800000000003
25.901499999999995 24.8224
26.572399999999984 24.902200000000004
28.23550000000001 25.016400000000004
27.8044 24.888099999999994
27.301100000000005 24.916500000000006
25.485799999999998 24.768699999999992
26.76689999999999 24.922299999999993
27.746400000000015 24.9866
27.6731 25.027099999999997
27.408299999999997 24.9898
25.32979999999999 24.814399999999996
26.584899999999994 24.915299999999995
25.551299999999998 24.824199999999994
27.82480000000001 25.036800000000003
26.153599999999997 24.993499999999997
27.707099999999997 25.0691
28.439000000000004 25.136300000000006
25.988600000000005 24.93680000000001
26.857500000000005 24.9657
28.625099999999993 25.122
26.6957 24.9753
27.090700000000005 24.972099999999998
28.372700000000005 25.040899999999993
24.7763 24.80470000000001
25.241099999999996 24.880099999999995
25.561799999999995 24.880699999999997
26.059700000000003 24.9406
24.678399999999996 24.937299999999997
26.56950000000001 25.045400000000008
26.889100000000006 25.079799999999995
26.8199 25.053699999999996
26.67730000000001 25.036500000000007
27.720200000000006 25.054200000000005
24.785799999999995 24.942700000000002
22.919099999999997 24.879099999999998
20.119600000000005 24.595400000000005
21.478499999999997 24.6608
25.516399999999994 24.955399999999997
26.9722 25.102899999999988
26.819 25.1481
26.5364 25.170199999999998
24.169499999999996 24.911499999999993
26.835000000000004 25.105500000000003
27.394099999999987 25.249799999999993
23.400600000000004 24.989600000000003
16.731749999999998 24.136449999999996
19.357079999999996 24.35229
24.3885 24.678720000000002
25.10091 24.800149999999995
24.76742 24.72425
24.646020000000007 24.715669999999985
26.715459999999997 24.84708
27.227340999999996 24.963560000000005
26.336936000000005 24.951689999999996
26.369026999999996 24.986769999999993
30.121399999999998 25.233900000000002
26.664200000000005 25.135799999999993
27.20060000000001 25.185199999999995
25.541000000000004 25.158399999999997
26.8905 25.254199999999997
28.001099999999994 25.3396
27.541500000000003 25.297200000000007
26.163800000000002 25.2465
28.2524 25.363800000000005
23.475800000000007 25.063899999999993
23.365299999999994 25.083199999999994
22.14399999999999 24.97399999999999
17.0774 24.678399999999996
19.318999999999992 24.710600000000003
22.026799999999998 24.908600000000003
23.951700000000002 25.118800000000004
24.4777 25.205100000000012
23.938699999999997 25.044100000000004
28.945799999999995 25.52960000000001
29.250299999999996 25.54179999999999
28.66059999999999 25.5555
27.806600000000003 25.460300000000004
24.2217 25.2154
25.402 25.303399999999996
26.42780000000001 25.323599999999992
25.9936 25.335299999999993
20.4556 24.958200000000005
25.687900000000003 25.313700000000004
24.40460000000001 25.238100000000003
27.924 25.423400000000008
28.161300000000004 25.528699999999994
23.782699999999988 25.293099999999995
27.104599999999994 25.4671
28.733800000000002 25.5948
27.189400000000003 25.5318
29.5083 25.702100000000005
30.026299999999996 25.78409999999999
30.894400000000005 25.80420000000001
29.991999999999997 25.843400000000006
29.165000000000003 25.72169999999999
29.764200000000006 25.805100000000003
31.2673 25.881300000000003
30.0049 25.86070000000001
30.049799999999994 25.854600000000012
27.524299999999997 25.7498
28.427199999999992 25.810199999999995
29.445300000000003 25.830300000000005
29.985300000000002 26.009800000000006
29.772299999999994 25.959499999999995
30.07990000000001 25.97649999999999
29.42979999999999 25.958700000000007
28.267200000000003 25.995899999999995
29.701100000000004 26.092100000000002
28.727100000000007 26.078199999999995
31.649700000000003 26.210699999999992
30.202500000000004 26.209100000000003
26.956500000000005 25.914399999999997
29.26769999999999 26.0776
28.979100000000006 26.0455
30.585999999999995 26.135999999999992
28.419800000000002 26.061299999999992
29.418399999999988 26.1072
29.9401 26.172200000000007
31.2466 26.20299999999999
30.6842 26.224199999999996
29.67480000000001 26.266499999999983
31.031999999999986 26.2735
27.443800000000007 26.15679999999999
