13.486999999999998 19.42250000000001
13.600500000000002 19.47080000000001
13.356800000000002 19.462800000000012
13.579999999999998 19.483300000000007
13.467800000000008 19.4397
13.619499999999999 19.476100000000002
13.500499999999995 19.524300000000004
13.435 19.446599999999997
13.479399999999995 19.472199999999997
13.625400000000004 19.492699999999992
13.643200000000006 19.47250000000001
13.484400000000003 19.496400000000005
13.360499999999998 19.535600000000013
13.308499999999999 19.590200000000017
13.1751 19.471700000000002
13.361 19.405399999999993
13.199799999999993 19.207499999999996
13.401200000000003 19.327360000000006
13.500800000000005 19.495100000000008
13.333900000000003 19.3986
13.218 19.420099999999998
13.278300000000002 19.351199999999995
13.473500000000001 19.4857
13.461799999999997 19.482400000000002
13.441099999999997 19.3571
13.528249999999996 19.289500000000007
13.482449999999996 19.25060000000001
13.5238 19.289499999999997
13.298700000000002 19.3172
13.155700000000001 19.36239999999999
13.094670000000006 19.403499999999998
13.5614 19.364599999999996
13.584739999999995 19.347199999999994
13.612299999999996 19.3691
13.493899999999995 19.399199999999997
13.5698 19.475099999999994
13.494700000000002 19.533499999999997
13.52468 19.425000000000004
13.63563 19.4308
13.729119999999995 19.487000000000005
13.521170000000005 19.4963
13.551399999999997 19.483299999999996
13.432890000000006 19.45239999999999
13.497 19.451799999999995
13.511599999999996 19.501099999999994
13.37933 19.484899999999996
13.457350000000002 19.4674
13.422000000000006 19.422800000000002
13.287719999999997 19.480100000000007
13.354199999999999 19.52809999999999
13.333799999999997 19.574
13.437100000000001 19.567300000000003
13.35753 19.476799999999997
13.35790999999999 19.423499999999986
13.25114 19.4119
13.365199999999996 19.487099999999998
13.548000000000002 19.398199999999992
13.409799999999994 19.381399999999996
13.22209 19.350199999999994
13.181880000000005 19.398199999999996
13.404169999999999 19.4581
13.368449999999996 19.354300000000002
13.2948 19.3656
13.316799999999999 19.4869
13.160350000000006 19.481099999999994
13.261800000000004 19.510499999999997
13.382589999999997 19.537000000000006
13.392179999999994 19.568999999999996
13.2853 19.565500000000007
13.409900000000002 19.5444
13.436699999999993 19.5072
13.373699999999996 19.439400000000006
13.3764 19.472300000000004
13.430520000000001 19.401500000000002
13.175949999999995 19.434999999999995
13.295999999999996 19.298899999999993
13.369759999999994 19.3858
13.197770000000004 19.428800000000006
12.974500000000006 19.4406
12.869420000000002 19.416799999999995
12.948740000000003 19.4264
12.890599999999994 19.4654
13.089800000000002 19.4264
13.011279999999998 19.481900000000003
13.012600000000003 19.533799999999992
13.320599999999997 19.362399999999997
13.133199999999997 19.4216
13.096200000000005 19.441500000000005
12.990500000000003 19.527499999999993
12.948899999999997 19.5318
12.94626 19.433000000000007
12.78085 19.559699999999996
12.7606 19.530599999999993
12.829859999999998 19.469999999999995
12.956899999999996 19.431000000000004
13.23551 19.476499999999998
13.432399999999998 19.432899999999997
13.299900000000001 19.451599999999996
13.2422 19.418500000000005
13.178099999999999 19.30919999999999
13.151800000000001 19.408999999999985
13.09266 19.43889999999999
13.13744 19.422999999999995
13.4443 19.473100000000002
13.391199999999994 19.4147
13.30404 19.479999999999993
13.210099999999994 19.4192
13.111499999999996 19.3666
12.9676 19.432400000000005
12.861400000000003 19.344900000000003
12.8276 19.321400000000004
12.901610000000002 19.4186
13.217499999999994 19.4244
13.2481 19.3832
13.254839999999998 19.343399999999995
13.329000000000004 19.361700000000003
13.322599999999998 19.393300000000004
13.333680000000006 19.4587
13.414700000000005 19.387500000000006
13.3854 19.375299999999996
13.326500000000003 19.3976
13.410600000000006 19.45339999999999
13.359900000000009 19.5512
13.532270000000004 19.5096
14.019000000000004 19.429399999999998
14.0511 19.499600000000004
14.015200000000005 19.470800000000008
13.584470000000001 19.392299999999995
13.481249999999998 19.3812
13.513500000000006 19.431399999999993
13.364889999999999 19.387999999999998
13.439699999999997 19.381799999999995
13.4521 19.320100000000004
13.5239 19.395100000000003
13.536500000000004 19.470499999999998
13.5985 19.481499999999997
13.495010000000002 19.463700000000003
13.490500000000004 19.419999999999995
13.415099999999997 19.429800000000007
13.629099999999994 19.3202
13.948699999999995 19.298699999999997
14.208500000000008 19.293
14.1891 19.3243
14.294699999999999 19.250300000000003
13.8742 19.213099999999997
13.92800000000001 19.267
13.856299999999996 19.2723
13.944199999999999 19.2828
13.938300000000003 19.281
13.856300000000005 19.291800000000002
13.800199999999998 19.336000000000002
13.911399999999997 19.33600000000001
13.915900000000006 19.4059
13.988500000000004 19.3375
13.775000000000004 19.3642
13.624999999999998 19.386900000000004
13.669130000000001 19.414
13.672299999999998 19.500500000000002
13.7077 19.443100000000005
13.775630000000003 19.4629
13.737499999999997 19.44639999999999
13.741600000000002 19.304200000000005
13.669099999999998 19.314999999999998
13.659100000000002 19.327300000000008
13.739099999999995 19.369299999999996
13.577919999999995 19.36209999999999
13.477200000000003 19.439
13.4966 19.464899999999993
13.509869999999996 19.45229999999999
13.437699999999996 19.2891
13.707799999999997 19.366899999999987
13.7427 19.313599999999994
13.569399999999993 19.3016
13.771299999999997 19.384050000000002
14.483599999999996 19.338299999999993
14.753899999999998 19.4679
14.704400000000001 19.469600000000007
14.746800000000004 19.476200000000006
13.7867 19.554500000000004
13.494119999999999 19.478199999999994
13.567540000000001 19.510299999999994
13.3838 19.308800000000005
13.584500000000006 19.4693
13.873099999999997 19.4364
13.870500000000005 19.408399999999997
13.7934 19.4222
13.754509999999993 19.475600000000007
13.819599999999992 19.4472
13.763500000000004 19.396500000000007
13.822700000000001 19.408399999999997
13.812899999999997 19.358700000000006
13.8658 19.419200000000004
13.534590000000001 19.389599999999994
13.3856 19.31850000000001
13.371500000000003 19.33
13.422180000000003 19.274200000000004
13.991969999999998 19.803651
13.633599999999996 19.284370000000003
13.340899999999998 19.037630000000007
13.363709999999996 19.093869999999995
13.299399999999997 19.120559999999994
13.4414 19.225629999999995
13.466699999999998 19.152369999999998
13.497800000000002 19.2081
13.7277 19.187800000000003
13.712900000000005 19.2495
13.511890000000001 19.246199999999998
13.563199999999998 19.218700000000002
13.488800000000003 19.1533
13.430499999999999 19.2742
13.438800000000004 19.3421
13.500700000000002 19.279700000000002
13.566300000000004 19.207300000000004
13.635699999999998 19.2287
13.741199999999997 19.143
13.659400000000005 19.176400000000005
13.660000000000002 19.201499999999992
13.657900000000003 19.0854
13.46109999999999 19.176699999999993
13.460899999999999 19.128600000000002
13.355400000000001 19.25100000000001
13.437900000000006 19.2702
13.377000000000006 19.258
13.4764 19.22370000000001
13.557900000000004 19.270500000000006
13.495599999999996 19.278700000000008
13.5275 19.2402
13.537300000000002 19.224900000000005
13.517699999999994 19.202700000000007
13.512200000000005 19.315999999999992
13.513800000000002 19.371700000000004
13.487899999999991 19.276000000000007
13.635799999999998 19.426000000000002
13.573700000000008 19.365900000000007
13.424869999999997 19.366600000000005
13.50202 19.3706
13.676300000000003 19.3078
13.535400000000003 19.3466
13.298799999999996 19.2434
13.547699999999999 19.2837
14.001 19.201400000000003
13.961600000000004 19.170300000000005
13.617000000000004 19.196099999999998
13.509339999999995 19.218200000000003
13.661699999999993 19.1988
13.612700000000002 19.2087
13.652039999999996 19.185400000000005
13.5572 19.2788
13.5876 19.214799999999997
13.570099999999998 19.309800000000006
13.513300000000001 19.287299999999995
13.532800000000003 19.222399999999993
13.761499999999996 19.261900000000008
13.568660000000001 19.204500000000007
13.392700000000005 19.1515
13.4293 19.1167
13.368699999999997 19.1349
13.403999999999993 19.116300000000003
13.448699999999999 19.254899999999996
13.401219999999997 19.260900000000007
13.501390000000004 19.2667
13.535659999999993 19.216099999999997
13.461709999999997 19.124399999999994
13.351669999999997 19.204700000000006
13.429400000000005 19.21890000000001
13.591969999999993 19.2666
13.53367 19.338200000000004
13.669800000000004 19.301800000000007
13.601679999999996 19.285500000000003
13.635019999999997 19.28660000000001
13.579469999999997 19.238700000000012
13.626800000000006 19.247500000000006
13.5524 19.28570000000001
13.646999999999998 19.196400000000004
13.710099999999997 19.249000000000002
13.707899999999999 19.37520000000001
13.643999999999995 19.348299999999995
13.6052 19.361500000000003
13.447290000000004 19.461999999999993
13.485999999999997 19.372700000000005
13.448199999999996 19.382300000000004
13.570900000000002 19.389
13.4992 19.418699999999987
13.539599999999998 19.4493
13.5791 19.3578
13.472500000000002 19.264099999999992
13.457700000000003 19.271300000000004
13.391699999999998 19.331899999999994
