60.233000000000004 6.109899999999999
61.678999999999995 6.1705
60.459999999999994 6.130399999999999
49.30199999999999 6.0885
46.696 6.0261000000000005
43.783 6.0840000000000005
54.315000000000005 6.121700000000001
61.831 6.1737
61.72300000000001 6.1598
60.837999999999994 6.1331999999999995
62.756000000000014 6.151199999999999
63.44600000000001 6.1633000000000004
59.95299999999999 6.144400000000001
61.14299999999998 6.155400000000001
60.455000000000005 6.1295
61.799000000000014 6.1328000000000005
63.44500000000001 6.1533000000000015
59.939 6.0878000000000005
60.92799999999999 6.143700000000001
60.155 6.1343000000000005
59.385 6.141700000000001
60.022000000000006 6.1552999999999995
62.844 6.1618
63.1 6.1613
63.097 6.2044999999999995
63.40699999999999 6.203899999999999
61.707 6.1851
62.81600000000002 6.171500000000001
60.738 6.1379
61.327999999999996 6.150799999999999
61.59499999999999 6.163900000000001
60.495999999999995 6.142700000000001
60.66099999999999 6.143699999999999
63.693999999999996 6.2007
62.21499999999999 6.2143999999999995
61.39300000000001 6.1932
61.83 6.194399999999999
59.914999999999985 6.203199999999999
60.839999999999996 6.2463999999999995
62.230000000000004 6.266299999999999
61.78399999999999 6.247099999999999
61.578 6.210400000000001
61.448 6.225900000000002
61.272000000000006 6.2315000000000005
60.510000000000005 6.2012
60.436 6.1874
59.32599999999999 6.1787
58.483 6.1452
59.93000000000001 6.176400000000001
60.62 6.191900000000001
59.410999999999994 6.1944
58.776 6.173499999999999
58.99200000000001 6.168500000000001
58.748 6.1558
58.35399999999999 6.186800000000001
57.86 6.1755
59.255 6.149699999999999
59.47 6.170799999999999
57.87799999999999 6.157299999999999
57.61199999999999 6.1466
59.68499999999999 6.172199999999999
58.207 6.1498
59.38599999999998 6.176400000000001
57.888000000000005 6.167399999999999
57.64499999999999 6.179100000000001
57.25800000000001 6.1927
57.19899999999999 6.2127
56.277 6.1762999999999995
55.57599999999999 6.177700000000001
56.104 6.1798
56.885 6.178700000000001
55.509 6.155
54.454 6.163099999999998
55.286 6.1562
56.472 6.186699999999999
55.95100000000001 6.168699999999999
54.887 6.131399999999999
54.33899999999999 6.116800000000001
54.23899999999999 6.1389
52.535 6.1378
51.775999999999996 6.1085
53.48600000000001 6.1279
54.152 6.140599999999999
53.79999999999999 6.153499999999999
52.593999999999994 6.1335
53.90999999999999 6.141999999999999
54.626999999999995 6.142100000000001
54.400999999999996 6.1467
55.39000000000001 6.153500000000001
54.71799999999999 6.1564999999999985
54.09900000000001 6.169
53.00900000000001 6.1351
53.84899999999999 6.1248000000000005
53.55800000000001 6.129499999999999
53.283 6.1321
52.136 6.1241
52.678999999999995 6.117299999999999
52.449 6.1203
53.26499999999999 6.113699999999999
52.323 6.107500000000001
50.961 6.091999999999999
50.178 6.1078
51.37700000000001 6.1148
50.867000000000004 6.115
51.285000000000004 6.1482
50.327 6.1312999999999995
51.485 6.1174
50.45499999999999 6.1131
50.18 6.1398
49.261 6.1306
48.105000000000004 6.116400000000001
48.443999999999996 6.1343000000000005
50.507999999999996 6.1488000000000005
47.089999999999996 6.1101
48.602000000000004 6.122000000000001
49.826 6.1301
49.556000000000004 6.1104
49.665000000000006 6.1216
49.321000000000005 6.1236000000000015
48.892 6.1173
48.45399999999999 6.132699999999999
49.129999999999995 6.1157
49.840999999999994 6.1236
49.739 6.117699999999999
51.129999999999995 6.109799999999999
50.763000000000005 6.116099999999999
50.768 6.1126000000000005
50.025999999999996 6.1320000000000014
50.198 6.1581
50.475999999999985 6.133100000000001
50.77299999999998 6.1148
52.333000000000006 6.107
52.11700000000001 6.1389
52.78 6.1409
49.332 6.117600000000001
49.291 6.1097
49.436 6.1168
48.221000000000004 6.101099999999999
48.099 6.1161
48.006 6.087199999999999
49.855 6.1167
49.40099999999999 6.125000000000001
50.234 6.128700000000001
51.611 6.1291
51.336999999999996 6.1240999999999985
51.83 6.128
51.418 6.1436
53.22700000000001 6.166200000000001
51.55 6.153100000000001
51.349999999999994 6.1586
51.32399999999999 6.155400000000001
52.078999999999986 6.163100000000001
51.974999999999994 6.161100000000001
52.72399999999999 6.1530000000000005
52.297 6.147300000000001
51.893 6.1503000000000005
53.295 6.1826
58.767 6.2364999999999995
55.224999999999994 6.203800000000001
56.412000000000006 6.198400000000001
55.775000000000006 6.215900000000001
55.45599999999998 6.2192
55.588 6.202700000000001
56.618 6.208000000000001
58.23700000000001 6.216200000000001
57.31900000000001 6.216
57.14500000000001 6.245400000000002
57.28000000000001 6.230999999999998
59.46199999999998 6.243100000000001
60.87400000000001 6.2592
60.041 6.265300000000002
62.480999999999995 6.275500000000001
59.709 6.2513
64.17200000000001 6.3035000000000005
64.277 6.318899999999999
65.80799999999999 6.313200000000001
65.05 6.305699999999999
66.281 6.302900000000002
64.21600000000001 6.3107
61.123000000000005 6.2752
62.955000000000005 6.3095
63.82500000000001 6.324000000000001
62.428000000000004 6.309099999999999
64.26599999999999 6.299700000000001
65.77100000000002 6.2906
62.471 6.300399999999999
63.99 6.3217
63.10800000000001 6.3142000000000005
55.91299999999999 6.227099999999998
67.33600000000001 6.3388
66.513 6.343699999999999
67.13799999999999 6.356400000000001
60.437000000000005 6.2916
65.17299999999999 6.3553
62.307 6.3294000000000015
63.190000000000005 6.3149
63.375 6.3195
66.534 6.371700000000001
65.53200000000001 6.3612
64.827 6.3352
64.74300000000001 6.329599999999999
62.97700000000002 6.329900000000001
65.776 6.3469000000000015
63.956 6.305000000000001
64.618 6.3322
65.518 6.339099999999999
64.411 6.3071
65.06199999999998 6.3057
64.78400000000002 6.340700000000001
61.60699999999999 6.328500000000001
63.370000000000005 6.3553
60.224999999999994 6.3366999999999996
60.598 6.467600000000001
55.55899999999999 6.306000000000001
58.37400000000002 6.3495
56.448999999999984 6.349100000000001
60.096000000000004 6.3818
58.42699999999999 6.368
59.827 6.378
61.32400000000001 6.3732
64.962 6.416999999999999
58.65800000000001 6.3792
59.70599999999999 6.379099999999998
60.983999999999995 6.4037999999999995
60.682 6.3833
59.568 6.4036
61.074 6.434900000000001
60.98699999999998 6.411
58.57600000000001 6.419000000000001
58.891000000000005 6.444999999999999
59.27 6.406200000000001
59.07599999999999 6.410399999999998
57.56400000000001 6.4009
60.691 6.432
58.89000000000001 6.441000000000001
60.096 6.4464
59.38300000000001 6.421700000000001
59.339 6.3717
59.867000000000004 6.382700000000001
60.30800000000001 6.395099999999999
62.185 6.4082
63.414000000000016 6.4221
61.780000000000015 6.417299999999999
60.043 6.4068
61.56299999999999 6.434799999999999
63.035 6.443600000000001
62.418000000000006 6.4384
61.797000000000004 6.4205999999999985
63.22199999999999 6.4479
62.749 6.430700000000002
63.69999999999999 6.429000000000001
61.09699999999999 6.4064
60.333000000000006 6.4079
62.166999999999994 6.414000000000001
59.167 6.384099999999999
59.84499999999999 6.397600000000001
56.908 6.4237
58.042 6.3982
60.47 6.4457
60.28499999999999 6.418799999999999
62.954 6.4357
63.051000000000016 6.434999999999999
64.643 6.441800000000001
61.673 6.4274
59.624 6.4186000000000005
62.669999999999995 6.446400000000001
61.212 6.4357
60.413000000000004 6.4207
61.03999999999999 6.4442
64.304 6.4525
62.50300000000001 6.450199999999999
61.217 6.443899999999999
60.55799999999999 6.441
62.387 6.456399999999999
61.542000000000016 6.4319
61.31499999999998 6.424999999999999
60.166 6.414900000000001
58.456999999999994 6.406000000000001
54.366 6.3471
52.086999999999996 6.3598
55.18499999999998 6.4052999999999995
60.40900000000001 6.4054
60.57400000000002 6.397899999999999
61.05499999999999 6.4297
60.70300000000001 6.437999999999999
61.468999999999994 6.4361
58.895999999999994 6.406500000000001
60.51599999999999 6.433400000000001
