14.968 10.950800000000001
15.6326 11.139999999999999
13.259799999999998 10.919200000000002
15.042 11.061399999999999
14.203 11.0361
13.747000000000002 10.723099999999999
15.517 10.705499999999999
14.009399999999998 10.973299999999998
28.529700000000002 19.0539
16.7693 13.851100000000002
13.8969 10.613599999999998
13.270999999999999 10.5156
13.886999999999999 10.551499999999999
12.992999999999999 10.545200000000001
13.3623 10.422000000000002
12.5891 10.694199999999999
14.133000000000001 11.298099999999996
15.118099999999998 11.163900000000002
14.299000000000003 11.0634
16.310100000000002 11.0499
13.877 10.955799999999998
15.245700000000001 11.0372
15.014 11.168299999999999
15.417799999999998 11.2488
15.7333 11.4892
16.383 11.4282
15.952000000000002 11.688100000000002
15.148 11.864400000000002
14.734999999999998 11.3583
16.23 11.536999999999999
14.344000000000001 10.8537
13.7041 11.1686
13.645000000000001 11.1287
14.961000000000002 11.3554
15.561200000000003 11.3057
16.357 11.2888
15.195 11.543599999999998
14.458000000000002 11.823699999999999
15.6159 11.314499999999999
15.612899999999996 11.6433
15.97 11.138999999999998
15.136999999999997 11.060799999999999
16.149 11.273200000000001
17.655 11.432499999999997
17.373 11.3662
14.535 11.2801
14.371999999999998 11.402300000000002
13.991000000000001 11.555900000000001
14.943000000000001 11.401299999999999
13.993 11.1473
12.997700000000002 11.2441
12.985600000000003 10.895200000000003
11.999000000000002 10.449
13.852999999999998 10.9791
14.331 11.097399999999999
14.795299999999997 11.4496
11.9714 11.3204
13.0375 11.2783
12.9828 10.750800000000002
13.07 10.882800000000001
13.918 11.1671
13.210099999999999 11.1122
12.0154 10.7133
11.930699999999998 10.634599999999999
13.259599999999999 10.9829
11.903300000000002 11.0441
11.756000000000002 10.702099999999998
10.993699999999999 10.5101
11.0028 10.247300000000001
11.345999999999998 10.206
11.934700000000001 10.412199999999999
12.3446 10.610800000000001
12.2304 11.0175
12.089 10.668399999999998
12.173499999999999 11.123499999999998
10.6204 10.918000000000001
12.238 10.7404
11.965199999999998 11.0175
12.975999999999999 10.7126
11.708199999999998 10.517499999999998
11.6113 10.252699999999997
12.1302 10.1894
11.621400000000001 10.0936
12.7638 10.253
14.305000000000001 10.933000000000002
12.246 10.793099999999999
12.275 10.427200000000001
12.550100000000002 10.563300000000002
13.096 10.6827
13.902199999999997 10.9555
15.619999999999997 10.7149
14.594000000000001 11.0703
13.428 10.8867
15.875999999999996 11.397599999999999
15.677999999999997 11.403799999999999
15.878 11.3081
19.240000000000002 11.7685
16.861999999999995 11.031799999999999
15.696000000000002 10.874899999999998
16.521 11.002099999999999
16.078 10.9636
18.4908 11.2388
16.557 11.137199999999998
18.572 11.529900000000001
16.874200000000002 11.782399999999999
19.1 11.8646
18.565 11.6643
17.617 11.556300000000002
19.985000000000003 11.3061
19.092 11.730900000000002
18.454 11.6285
18.398999999999997 11.4739
20.487 11.6059
19.322 12.003599999999999
19.351000000000003 11.7885
18.841 11.610000000000001
19.833000000000002 11.436
18.353 11.2716
18.226 11.1037
18.662 11.023699999999998
21.266000000000002 11.4633
17.965000000000003 11.61
15.675 11.253800000000002
16.962000000000003 10.8202
17.682699999999997 11.4074
21.801000000000002 11.573699999999999
19.06 11.6137
17.785999999999998 11.269900000000002
17.773000000000003 11.0195
16.734 11.110700000000001
18.451000000000004 11.4211
17.646000000000004 11.2899
18.412 11.238199999999999
18.517999999999997 11.191899999999999
17.118 11.3539
21.536 11.533600000000002
20.517000000000003 11.5457
19.759 11.506299999999998
18.996 11.392900000000001
18.39 11.3719
17.157 11.253800000000002
15.135000000000002 11.1677
19.979999999999997 11.5787
18.412999999999997 11.0244
19.698999999999998 11.2606
17.053 10.7762
18.514999999999997 10.678099999999999
17.202 10.732400000000002
17.801 10.8961
17.166 10.847
18.602 11.124500000000001
19.075 11.7587
17.486 11.105
17.254 11.0137
19.422 11.1858
17.985999999999997 11.715599999999998
20.927 11.4039
22.427999999999997 11.7777
19.895000000000003 12.1883
19.351000000000003 11.9031
19.258000000000003 11.764699999999998
21.664 11.5517
22.402999999999995 11.183599999999998
20.992 11.541999999999998
22.463 11.7584
21.189999999999998 11.653400000000001
19.877999999999997 11.397099999999998
21.854 11.6909
20.747 11.7835
18.383999999999997 11.006400000000001
19.894000000000002 11.464999999999998
23.358999999999998 12.0232
25.790000000000003 12.264999999999999
26.151000000000003 12.2062
23.532000000000004 11.995799999999997
24.41 12.1459
23.023000000000003 11.7221
23.797 12.058
19.816000000000003 11.6685
20.784 11.270599999999998
24.35 11.9861
23.762 11.9255
20.876 11.1739
26.758 11.8399
22.613 11.9547
23.441000000000003 11.913699999999999
22.206999999999997 11.780899999999999
21.195 11.652900000000002
20.883 11.617099999999999
19.819 11.7407
22.381999999999998 11.506199999999998
21.641999999999996 11.596
26.087 12.202799999999996
23.45 12.575999999999999
24.749 12.006199999999998
23.784999999999997 11.8552
22.989 11.963899999999999
18.980999999999998 11.3426
20.933 11.515699999999999
23.394000000000002 12.213600000000001
22.130000000000003 12.2417
28.309999999999995 12.0549
22.608 12.2267
22.320999999999998 11.4349
22.777999999999995 12.0283
19.348000000000003 12.1481
21.291999999999998 11.7677
20.883000000000003 11.8391
18.612000000000002 11.3287
21.865 11.1198
23.788999999999998 11.858999999999998
27.342 12.298
22.125999999999994 12.440199999999999
21.231 12.1357
21.048000000000002 11.8149
22.558999999999997 11.5172
21.009 11.683100000000001
21.715999999999998 11.5526
22.254 11.647899999999996
24.965 12.298800000000002
27.509 12.2184
21.645999999999997 11.9947
19.537 11.7044
20.201 11.9064
21.718 11.789000000000001
17.833999999999996 11.3023
22.720000000000002 11.117199999999999
19.322 11.2943
23.538000000000004 11.796999999999999
23.304 12.098099999999997
20.501 11.5534
22.560000000000002 11.663200000000002
20.219999999999995 12.013
19.578 11.7883
21.082 11.4525
20.099 11.264299999999999
22.122999999999998 11.5629
22.136 11.734900000000001
21.603 12.091099999999999
22.548000000000002 11.9536
20.596999999999994 11.874399999999998
21.438000000000002 11.8091
18.712 11.6956
22.572 11.5644
20.308 11.550599999999998
20.881000000000004 11.858699999999999
20.810000000000002 11.8238
22.944 12.2303
20.733999999999998 11.894200000000001
20.138 11.934700000000001
19.057000000000002 11.4764
20.357 11.0696
20.216000000000005 11.3945
18.729000000000003 11.4605
20.056 11.3541
18.294 11.4145
23.298 11.7284
22.542 12.061399999999999
18.823999999999998 11.7376
21.416000000000004 11.5679
19.247 11.492400000000002
19.773999999999997 11.438399999999998
17.627000000000002 10.979899999999999
18.173000000000002 10.9475
19.1374 11.293700000000001
22.945999999999998 11.389800000000001
20.480999999999998 11.7842
17.148 11.623999999999999
18.041 11.4784
18.527 11.7037
18.255999999999997 11.4308
17.282199999999996 11.187999999999999
17.161 10.9615
15.264000000000003 11.203699999999998
17.511 11.158700000000001
17.085 11.118699999999999
18.478 11.7569
16.500999999999998 11.342799999999999
16.212100000000003 10.8966
14.100100000000001 10.726999999999999
15.436700000000004 10.666500000000001
18.058 11.378299999999998
17.487 11.637
18.1396 11.7487
17.355 11.652000000000001
15.331 11.3593
15.6667 11.0
14.8484 11.2687
