24.135690000000007 24.27002999999999
22.388589999999997 24.191119999999998
23.589260000000007 24.369699999999998
23.807360000000006 24.439690000000006
23.957009999999997 24.42172
23.656409999999994 24.47284
21.0047 24.273949999999996
21.229699999999994 24.336100000000002
19.8132 24.2103
16.930899999999998 23.935300000000005
20.86719999999999 24.255000000000003
22.294709999999995 24.492500000000007
21.638600000000004 23.99887
22.85021 24.20964
20.722445999999994 24.010070000000002
24.29332699999999 24.425839999999997
25.329023 24.520449999999983
26.01790399999999 24.544620000000002
25.159430999999994 24.587050000000012
23.851249999999997 24.515449999999998
25.035099999999993 24.651649999999997
24.1801 24.7102
25.16210000000001 24.935399999999998
24.503200000000007 24.43580000000001
23.7101 24.396499999999996
22.704800000000002 24.3724
22.3954 24.311700000000005
21.9209 24.252600000000005
23.354499999999994 24.391900000000003
24.779299999999996 24.587300000000003
24.676999999999992 24.667499999999997
23.9331 24.6595
23.096900000000005 24.632500000000004
25.669380000000004 24.840519999999998
25.444089999999996 24.41218
25.614099999999993 24.47438
22.9578 24.297619999999995
23.274800000000003 24.31290000000001
25.6008 24.5297
25.126900000000003 24.544500000000006
24.243699999999997 24.627299999999998
23.245100000000004 24.4479
23.2924 24.2366
23.652100000000004 24.164799999999996
22.998799999999996 24.4691
23.1728 24.47099999999999
24.153400000000005 24.51260000000001
23.936799999999998 24.706300000000006
24.139700000000005 24.721699999999995
24.488100000000003 24.882800000000003
24.376800000000017 24.8061
24.92319999999999 24.817200000000003
25.045199999999994 24.9798
19.551099999999995 24.527099999999997
21.723999999999993 24.614700000000003
24.780199999999997 24.9287
24.444 24.962300000000003
26.152299999999997 25.053299999999997
24.79112 25.062800000000003
23.240319999999997 24.46033
23.30451999999999 24.455170000000006
24.836810000000007 24.62037
23.347600000000003 24.5278
23.852929999999997 24.65324999999999
23.323580000000003 24.584940000000003
22.594031 24.53225
23.618085000000004 24.585089999999994
28.140833999999998 24.909870000000012
26.713609999999992 24.944819999999993
28.2729 24.600900000000003
29.96959999999999 24.810900000000004
22.881899999999998 24.385600000000007
20.738400000000002 24.219899999999996
22.359499999999997 24.2318
22.991799999999998 24.3335
24.074800000000007 24.46890000000001
19.726100000000002 24.186
22.49289999999999 24.36000000000001
23.1387 24.4038
25.04509999999999 24.6393
24.4582 24.636699999999998
25.0874 24.710699999999992
23.126199999999997 24.550900000000002
25.165099999999995 24.703099999999992
23.80560000000001 24.650000000000006
24.1843 24.673800000000004
24.77949999999999 24.704600000000003
23.493400000000005 24.5901
23.935099999999995 24.6879
24.336199999999998 24.716900000000003
24.355600000000003 24.6987
23.742999999999988 24.7315
25.068200000000008 24.9088
24.931600000000003 24.861500000000003
24.0647 24.8137
23.126799999999996 24.74260000000001
24.500500000000002 24.8617
23.818399999999997 24.7694
23.236099999999997 24.800099999999993
23.576540000000005 25.225399999999997
23.86693000000001 24.529489999999996
23.472080000000005 24.476170000000007
23.620080000000012 24.4579
23.73113 24.454859999999996
23.953500000000002 24.54013000000001
23.736900000000002 24.58100000000001
22.9557 24.572700000000005
24.248399999999997 24.5949
24.333799999999997 24.670599999999997
23.955900000000007 24.7335
23.588600000000003 24.6683
22.921700000000005 24.672800000000006
24.134600000000006 24.737500000000004
22.131300000000007 24.6277
17.700000000000003 24.192800000000005
20.468699999999995 24.35439999999999
23.306800000000003 24.634099999999997
21.4257 24.539299999999997
23.019499999999997 24.703099999999996
23.176600000000004 24.683000000000003
22.035 24.5783
23.514599999999998 24.668200000000002
23.059099999999994 24.662200000000002
21.629100000000008 24.5865
21.457900000000006 24.5389
22.136200000000002 24.642000000000003
23.4667 24.670000000000005
22.8661 24.757100000000005
21.7892 24.640900000000002
22.118900000000004 24.570999999999998
23.6914 24.823500000000003
23.587999999999997 24.843400000000003
22.386399999999995 24.7587
23.385299999999997 24.8079
23.474899999999995 24.862299999999998
23.977099999999993 24.884700000000002
22.680600000000002 24.7574
23.114199999999993 24.7615
22.591399999999993 24.74289999999999
22.548099999999998 24.737900000000003
24.0575 24.81340000000001
23.766099999999998 24.837799999999994
24.231000000000005 24.816100000000002
22.309800000000003 24.697699999999998
22.179499999999997 24.647100000000002
23.759999999999998 24.7725
23.249399999999998 24.755399999999998
22.981099999999994 24.713700000000006
21.785000000000007 24.678200000000004
22.3139 24.754899999999996
21.647099999999995 24.717799999999997
20.952899999999996 24.627
18.129600000000003 24.324599999999997
17.110400000000002 24.318000000000005
19.8116 24.476599999999994
20.758100000000006 24.574099999999994
22.239700000000003 24.606
23.888099999999998 24.729699999999998
23.72239999999999 24.839199999999995
22.889499999999995 24.77119999999999
22.5835 24.7506
23.555199999999996 24.834600000000005
22.6957 24.259600000000002
23.382299999999994 24.766700000000004
23.4806 24.847500000000004
22.9715 24.834600000000005
21.8608 24.71169999999999
22.3522 24.760600000000004
23.152900000000002 24.876299999999997
22.363 24.720200000000006
22.5417 24.739400000000007
21.8674 24.79929999999999
22.111800000000002 24.728800000000003
19.299899999999997 24.534200000000002
17.6849 24.3401
15.013599999999999 24.178299999999997
13.501299999999999 24.028800000000007
14.114199999999999 24.096500000000002
13.926900000000003 24.101699999999994
14.447500000000002 24.0617
14.385000000000003 24.057100000000002
13.510000000000003 23.991500000000006
15.285200000000001 24.065399999999997
17.7289 24.309199999999993
21.285 24.60939999999999
20.8609 24.642
18.3482 24.399500000000003
20.985899999999997 24.671699999999998
22.0172 24.7588
22.428000000000004 24.823199999999996
22.186700000000002 24.873200000000004
19.631899999999998 24.5987
22.451099999999993 24.796700000000005
22.309899999999995 24.900800000000004
21.769 24.788399999999996
21.3399 24.815699999999996
21.626899999999992 24.814699999999988
22.144799999999996 24.834400000000002
22.179499999999997 24.914900000000006
23.631800000000002 25.093200000000003
22.824099999999994 25.0324
22.3596 24.9527
21.323900000000002 24.9085
21.232000000000014 24.932900000000018
19.9237 24.74639999999999
20.2966 24.775400000000005
21.807599999999997 25.0098
22.078700000000005 24.983299999999993
22.191 24.98949999999999
20.850999999999992 24.850300000000008
23.485300000000002 25.072399999999995
22.872060000000012 25.0677
23.18169 25.1326
21.68862 24.937099999999997
23.225939999999998 25.052799999999998
23.332880000000003 25.0762
23.508409999999998 25.133019999999995
23.44186 24.746319999999994
22.982499999999998 24.678760000000004
21.76463 24.614190000000008
21.73547 24.638140000000007
22.442059999999998 24.678290000000004
21.446039999999993 24.596659999999996
22.930570000000003 24.701949999999997
21.059479999999997 24.589459999999995
20.95118 24.7042
21.564670000000007 24.761400000000002
18.45016999999999 24.5203
14.333459999999992 24.10109999999999
15.661050000000005 24.161000000000005
17.018539999999998 24.313799999999997
18.641570000000005 24.462999999999987
15.21856 24.143400000000007
13.47167 24.0287
14.418090000000003 24.197330000000008
16.1982 23.88658
22.190000000000005 24.371500000000005
22.3346 24.597400000000004
23.636370000000007 24.741299999999995
24.071999999999992 24.878100000000003
19.556400000000004 24.510499999999997
23.0071 24.826599999999992
23.561199999999996 24.93350000000001
23.8869 24.9482
23.6988 24.951900000000002
20.699900000000003 24.720499999999998
23.5818 24.9701
24.268399999999996 25.085500000000003
23.888099999999998 25.03410000000001
23.961900000000007 25.100500000000004
25.231 25.237
25.108389999999996 25.315109999999997
23.76358 24.66605999999999
23.55287 24.58920999999999
23.052269999999996 24.690330000000003
23.80205 24.770369999999996
24.06338 24.852629999999998
23.686599999999995 24.857599999999998
21.690619999999996 24.723200000000002
21.341889999999996 24.647199999999998
23.962399999999995 24.9227
24.404299999999996 25.0173
23.466900000000003 24.967799999999997
22.2506 24.9188
23.771699999999996 24.9178
24.4181 25.071900000000003
25.042400000000004 25.084400000000002
24.6054 25.172399999999996
22.795800000000003 25.13979
24.696559999999998 24.727050000000002
24.242469999999997 24.801239999999996
25.4996 24.99489999999999
24.515300000000003 24.883799999999994
24.6839 24.9141
25.347100000000005 25.0151
25.21629999999999 25.15760000000001
25.559600000000003 25.153
25.595000000000006 25.267100000000003
25.465500000000006 25.2065
24.441499999999994 25.1338
24.911599999999996 25.146300000000004
24.7548 25.202399999999997
20.333399999999997 24.8238
20.335699999999996 24.825699999999998
25.80677 25.785720000000005
25.378190000000007 24.83492
24.244170000000004 24.750999999999998
25.18539 24.86851
