13.138300000000003 51.684000000000005
13.938999999999998 51.275999999999996
14.610999999999999 51.202000000000005
13.741599999999998 51.221000000000004
11.687899999999999 51.214000000000006
12.859700000000002 51.195
13.736999999999998 51.18899999999999
13.651599999999997 51.17700000000001
12.7551 51.183
12.730100000000002 51.208
13.5195 51.26200000000001
13.1519 51.232
12.557599999999999 51.23800000000001
12.353100000000001 51.232
12.2636 51.22
12.733600000000001 51.24999999999999
11.866999999999999 51.49499999999999
13.075800000000001 51.22599999999999
13.884400000000003 51.26200000000001
13.332900000000002 51.232
14.036600000000002 51.244
14.1512 51.244
13.4076 51.244
12.9688 51.24999999999999
11.8088 51.22
13.971999999999998 51.237
14.9649 51.256
14.9881 51.274
15.702 51.294
16.4834 51.23899999999999
17.066000000000003 51.24999999999999
15.453700000000003 51.232
14.635100000000001 51.281
16.4041 51.844
15.5591 51.727999999999994
14.8129 51.739999999999995
15.324600000000002 51.408
15.8307 51.24999999999999
15.7805 51.245
15.366800000000003 51.239000000000004
15.404600000000002 51.49399999999999
15.691200000000002 51.232
18.774800000000003 51.26200000000001
20.2981 51.28299999999999
21.129200000000004 51.28999999999999
18.442800000000005 51.28499999999998
18.3855 51.258
17.669799999999995 51.25299999999999
18.4371 51.24000000000001
19.011799999999997 51.247
18.180300000000003 51.246
17.816100000000002 51.25299999999999
16.993799999999997 51.312000000000005
17.7648 51.227999999999994
17.5877 51.227999999999994
20.604799999999997 51.209
20.585800000000003 51.227999999999994
20.8756 51.234
20.0532 51.234
20.3296 51.25999999999999
19.442500000000003 51.25999999999999
18.8701 51.239999999999995
19.319800000000004 51.247
18.512799999999995 51.27
19.195600000000002 51.440999999999995
19.620299999999997 51.282000000000004
19.317700000000002 51.295
21.3857 51.885999999999996
21.456299999999995 51.71599999999999
20.676899999999996 51.715
19.160800000000002 51.398999999999994
18.750600000000002 51.28999999999999
19.133699999999997 51.308
19.631700000000002 51.295
19.868100000000002 51.288999999999994
19.366899999999998 51.288
20.287900000000004 51.355000000000004
19.7745 51.258
20.477400000000003 51.27
20.4773 51.27
22.7847 51.306000000000004
20.694399999999998 51.288999999999994
23.076900000000002 51.294000000000004
24.5488 51.282000000000004
25.432000000000006 51.294
24.582600000000003 51.288999999999994
22.845699999999997 51.275999999999996
20.8197 51.294000000000004
21.865300000000005 51.535999999999994
24.223800000000004 51.288
23.9429 51.288
22.66379999999999 51.282000000000004
24.5115 51.275999999999996
22.219099999999997 51.288
22.699799999999996 51.275999999999996
23.099699999999995 51.275999999999996
21.389899999999994 51.312999999999995
21.5273 51.294
21.6256 51.312000000000005
20.383200000000006 51.319
21.2581 51.336999999999996
21.727899999999998 51.319999999999986
22.363300000000002 51.330999999999996
21.6174 51.312999999999995
22.2298 51.312999999999995
22.865399999999998 51.307
25.0524 51.312000000000005
23.541299999999996 51.300000000000004
23.6321 51.319
26.6548 51.33000000000001
27.996299999999998 51.336000000000006
24.9619 51.379
25.843 51.666000000000004
28.90589999999999 51.367000000000004
28.122899999999994 51.373000000000005
29.597 51.391999999999996
29.179600000000004 51.379
29.988 51.373000000000005
28.453000000000007 51.410999999999994
26.033700000000003 51.404
24.2902 51.295
25.0734 51.349000000000004
23.705999999999996 51.300000000000004
25.3913 51.294
23.956300000000006 51.368
22.8885 51.282000000000004
23.4936 51.288999999999994
23.671000000000003 51.295
22.074600000000004 51.27
22.898000000000003 51.269
21.297 51.263999999999996
24.732 51.300000000000004
23.439 51.288
21.823300000000003 51.276999999999994
21.939799999999998 51.276999999999994
22.898 51.258
22.5022 51.695999999999984
23.8259 51.288999999999994
24.2525 51.27
22.425699999999996 51.271
23.4333 51.295
21.699699999999996 51.276999999999994
24.157600000000002 51.276999999999994
24.081899999999997 51.300999999999995
21.603299999999994 51.295
21.804500000000004 51.239000000000004
22.3943 51.251999999999995
21.465799999999998 51.288999999999994
20.350199999999997 51.263999999999996
22.3112 51.259
21.718200000000003 51.312999999999995
19.957 51.251999999999995
19.692500000000003 51.233000000000004
21.417599999999997 51.26499999999999
21.196600000000004 51.312999999999995
22.443400000000004 51.288999999999994
21.892 51.269999999999996
24.18 51.28799999999999
24.6356 51.28299999999999
20.772 51.295
21.3752 51.733999999999995
22.0942 51.269
22.133099999999995 51.295
22.955899999999996 51.295
20.643 51.263999999999996
22.4972 51.282000000000004
24.661799999999996 51.300000000000004
23.388 51.293
22.346999999999994 51.293
24.011200000000002 51.312999999999995
24.130000000000003 51.281
24.843 51.269
26.054 51.307
27.042000000000005 51.331
25.523999999999997 51.306000000000004
24.573000000000004 51.307
26.376999999999995 51.319
28.158999999999995 51.330999999999996
27.9982 51.349999999999994
26.971 51.349000000000004
28.074000000000005 51.349999999999994
28.3489 51.337999999999994
27.672 51.37499999999999
28.4669 51.349999999999994
27.438000000000002 51.768
28.529 51.373000000000005
29.855000000000004 51.379
28.358 51.361000000000004
28.430000000000007 51.349000000000004
28.83 51.37299999999999
30.052999999999997 51.367000000000004
29.255000000000003 51.373999999999995
26.675499999999996 51.391
28.447000000000006 51.403999999999996
26.5911 51.355
28.988500000000002 51.379999999999995
28.086999999999996 51.361000000000004
26.757 51.391000000000005
25.877 51.367000000000004
26.039000000000005 51.391999999999996
25.727 51.367
26.435000000000002 51.38499999999999
25.308000000000003 51.385000000000005
26.168999999999997 51.434999999999995
25.767999999999997 51.373000000000005
26.980000000000004 51.385000000000005
26.964399999999994 51.367
26.761599999999998 51.373000000000005
25.27 51.751000000000005
25.596000000000004 51.35599999999999
24.8408 51.379999999999995
26.0336 51.391999999999996
25.073 51.373999999999995
23.0456 51.367999999999995
25.1799 51.568000000000005
23.9246 51.93600000000001
23.196 51.77
25.692300000000003 51.758
22.9317 51.422000000000004
23.4007 51.385000000000005
26.5079 51.532
24.542499999999997 51.41
23.0573 51.336999999999996
23.385199999999998 51.349000000000004
25.1168 51.373000000000005
25.388900000000003 51.355
24.482799999999997 51.373999999999995
25.4001 51.397999999999996
22.1717 51.361000000000004
21.996000000000006 51.367999999999995
22.7669 51.379999999999995
21.0408 51.355
22.5436 51.568999999999996
23.897100000000002 51.361000000000004
23.932299999999998 51.361000000000004
20.773900000000005 51.349000000000004
23.165300000000006 51.367999999999995
21.243599999999997 51.33699999999999
20.298000000000002 51.330999999999996
20.0499 51.318999999999996
22.9278 51.32399999999999
24.691999999999997 51.33699999999999
20.4941 51.32399999999999
17.8453 51.32399999999999
19.532400000000003 51.585999999999984
22.141899999999996 51.35599999999999
21.663 51.33
22.576899999999995 51.32499999999999
23.328599999999998 51.379999999999995
22.418300000000002 51.91000000000001
21.683900000000005 51.714000000000006
21.162699999999997 51.721
22.178700000000003 51.48299999999999
19.4681 48.404999999999994
24.533500000000004 48.50899999999999
23.023699999999998 49.177
21.891199999999998 49.555
21.7225 49.793
19.9506 49.824
21.229899999999997 50.01599999999999
20.507 50.19899999999999
22.049200000000003 50.25999999999999
21.735700000000005 50.35999999999999
20.2122 50.33599999999999
20.5779 50.489
21.1097 50.538
20.9049 50.57299999999999
20.5499 50.644
19.863599999999998 50.995999999999995
18.168 50.605
18.856 50.681
18.799599999999998 50.73399999999999
19.4326 50.743
18.300799999999995 50.739000000000004
18.875299999999996 50.733
17.9805 50.739000000000004
18.0045 50.729
17.2618 49.88399999999999
18.170199999999998 49.189
15.548700000000002 49.295
15.6866 49.382999999999996
13.350900000000001 49.448
15.090500000000004 49.566
16.8243 49.74200000000001
14.347499999999998 49.867000000000004
17.8336 50.166999999999994
16.945 50.571999999999996
15.3224 50.495999999999995
