75.08500000000001 18.854
54.423 18.648
52.483000000000004 18.498
30.116 17.484
29.768999999999995 17.387
67.54599999999999 18.808
73.10799999999999 18.924
63.086 18.974999999999998
55.340999999999994 18.715
54.957 18.755000000000006
29.331000000000003 17.891999999999996
72.20400000000001 18.901
67.80999999999999 18.957000000000004
61.504000000000005 18.943999999999996
67.95599999999999 18.967
70.534 19.118000000000002
70.753 19.064
64.24099999999999 18.806
56.977 18.744
42.688 18.324
38.627 17.513
58.631 18.799
54.57300000000001 18.693999999999996
55.102999999999994 18.503999999999998
47.501999999999995 18.629
38.489000000000004 18.178
42.772999999999996 17.625
65.90499999999999 19.025
65.416 18.973
62.346999999999994 18.694999999999997
66.89600000000002 18.853
55.401 18.811
35.766 17.526999999999997
63.61 18.860000000000003
62.68899999999999 18.848000000000003
60.668 18.770999999999997
34.648999999999994 18.119
37.051 18.203999999999997
35.059 17.314
72.17899999999999 18.939
78.345 19.220000000000002
64.11699999999999 18.939
61.382999999999996 18.979000000000003
66.49099999999999 19.110000000000007
65.18099999999998 19.057000000000002
61.669 19.305000000000003
63.05499999999999 19.098
59.533 18.956
55.628 18.674000000000003
57.751999999999995 18.791999999999998
55.394999999999996 18.555000000000003
77.943 19.322
58.416999999999994 18.973000000000003
61.291 18.796
70.494 19.054000000000006
58.404 18.894
48.804 18.658
55.028999999999996 18.766
64.08699999999999 19.145
35.341 18.485000000000003
29.803 17.584
57.62500000000001 18.848
66.962 19.13
66.98800000000001 19.135
48.029 18.727
43.096999999999994 18.572
53.581999999999994 18.647
53.16000000000001 18.708
50.145999999999994 18.367000000000004
56.507000000000005 19.027
62.273999999999994 18.99
58.9 18.926000000000005
57.933 18.864
24.623 18.247000000000003
43.537000000000006 17.908
71.25699999999999 19.122999999999994
43.037000000000006 18.464
53.38 18.606
55.854000000000006 18.646
57.318999999999996 18.701
48.835 18.655
52.98499999999999 18.656
56.842000000000006 18.672
62.195 18.875
48.31 18.548999999999996
56.71900000000001 18.706000000000003
59.223000000000006 18.509000000000004
73.92 19.078999999999997
54.608000000000004 18.85
56.047999999999995 18.743
50.599000000000004 18.685999999999996
46.454 18.219
54.82699999999999 18.792
54.26 18.567
57.732000000000006 18.73
51.359 18.851000000000003
50.76299999999999 18.711
59.522 18.814000000000004
48.547 18.395000000000003
68.926 19.028
39.825 18.480999999999998
41.266000000000005 18.112000000000002
43.364 18.108
55.432 18.601
33.661 18.104999999999997
58.11300000000001 18.586
37.468 18.162
52.197 18.407
52.09400000000001 18.421000000000003
41.528999999999996 18.805
53.514 18.386
68.31699999999998 18.704
53.782999999999994 18.631
60.18600000000001 18.612000000000002
50.07900000000001 18.606
48.126 17.816000000000003
55.352999999999994 18.699000000000005
57.678000000000004 18.661
53.356 18.549
57.653999999999996 18.561000000000003
47.827 18.407999999999998
55.664 18.102999999999998
46.577 17.935000000000002
67.375 18.516
60.821000000000005 18.417999999999996
56.91499999999999 18.234
55.51200000000001 18.311
30.894 17.862000000000002
27.935 17.487
47.760000000000005 17.813
52.581 18.368
42.56 17.782999999999998
49.568 18.128
49.719 18.039
65.63 18.586
51.59999999999999 18.306
54.907 18.252000000000002
57.965999999999994 18.483999999999998
51.735 18.113999999999997
56.36 18.509999999999998
41.699000000000005 18.083000000000002
50.708 18.117
59.583 18.407999999999998
58.068 18.623
50.109 18.271
64.04899999999999 18.637
52.185 18.127000000000002
63.38900000000001 18.661
57.330000000000005 18.442
58.373999999999995 18.423000000000002
59.544 18.395999999999997
53.260000000000005 18.339
55.993 17.944
50.148 18.037
45.629 18.182
24.517999999999997 17.129
25.072999999999997 16.694000000000003
52.635 18.038
47.93 17.86
58.605 18.459999999999997
49.996 18.174
59.61300000000001 18.499000000000002
48.725 18.325000000000003
56.737 18.356
45.875 18.180000000000003
57.464999999999996 18.412000000000003
54.786 18.374999999999996
54.774 18.35
48.217999999999996 18.145999999999997
61.55499999999999 18.507000000000005
62.663999999999994 18.493
74.878 18.731
67.99300000000001 18.805
60.975 18.5
64.568 18.775000000000002
49.19 18.29
58.30599999999999 18.612999999999996
59.899 18.783
51.41499999999999 18.515
54.071000000000005 18.423999999999996
76.41599999999998 19.05
53.367999999999995 18.664
71.397 18.783
66.021 18.964
41.486000000000004 18.363
54.461000000000006 18.433
48.291000000000004 18.441
47.343 18.22
48.035999999999994 18.368000000000002
56.367 18.709000000000003
58.88099999999999 18.740000000000006
56.53800000000001 18.635
57.007 18.813999999999997
57.830000000000005 18.678000000000004
70.106 18.910999999999998
65.301 19.042
58.94200000000001 18.791999999999998
70.478 19.121000000000002
69.43899999999998 19.304000000000002
70.61699999999999 19.213
71.508 19.225
67.92099999999999 19.284000000000002
72.314 19.159
59.095 18.966
64.33099999999999 19.152
60.98099999999999 18.846
64.01999999999998 18.947999999999997
58.275999999999996 19.015
80.85999999999999 19.194
67.114 19.137
66.675 19.168999999999997
58.875 19.076999999999998
58.391999999999996 18.932
52.796 18.901
58.635999999999996 19.025
51.117999999999995 18.893
34.78000000000001 18.217
64.1 19.154
68.866 19.135
84.154 19.566000000000003
70.006 19.357
62.487 19.165
66.59599999999999 19.309999999999995
65.062 19.391000000000002
34.22 18.686
60.248999999999995 19.124999999999996
58.545 19.049999999999997
62.45099999999999 19.219
61.157 19.432
65.27199999999999 19.294
51.739999999999995 19.128
77.55100000000002 19.544999999999998
71.814 19.522000000000002
64.875 19.345000000000002
48.687999999999995 19.073999999999998
66.35700000000001 19.194
66.265 19.401
67.639 19.552999999999997
58.618999999999986 19.356999999999996
61.182 19.323999999999998
64.997 19.392
56.043 19.332
79.78500000000001 19.674
75.023 19.746
45.46600000000001 19.098
58.357000000000006 19.271
77.55199999999999 19.684
61.266999999999996 19.802999999999997
71.216 19.705000000000002
43.336000000000006 19.151
37.646 18.683000000000003
63.51899999999999 19.447
66.10099999999998 19.61
72.582 19.709000000000003
69.079 19.729
58.837999999999994 19.714000000000002
58.831999999999994 19.464999999999996
72.17999999999999 19.825
62.853999999999985 19.682
54.803000000000004 19.352
52.61800000000001 19.27
44.824999999999996 19.009
55.364000000000004 19.189999999999998
64.709 19.567
64.72800000000001 19.566999999999997
69.653 19.705000000000002
75.20700000000001 19.841
80.358 19.87
60.373 19.580000000000002
64.69699999999999 19.564
63.147 19.529000000000003
60.998999999999995 19.529999999999998
63.17699999999999 19.521
69.374 19.727000000000004
60.343999999999994 19.428999999999995
66.315 19.599000000000004
63.219999999999985 19.509
62.366 17.119
52.612 17.232799999999997
77.748 17.5766
75.32740000000001 17.6997
62.34949999999998 17.858400000000003
66.626 18.1754
67.359 18.337999999999997
53.24099999999999 17.858
59.98100000000001 17.964
44.849000000000004 17.867
42.444 17.689000000000004
