11.952400000000003 72.96500000000002
11.337999999999997 72.804
11.7327 72.999
10.9832 72.802
10.557500000000001 72.63100000000003
11.1011 72.762
12.408199999999999 73.15399999999998
12.071500000000002 73.117
10.971999999999998 72.967
11.3274 72.983
10.65 72.932
11.0011 73.009
10.4866 72.93800000000002
10.5161 72.766
11.1153 72.92
11.709899999999998 73.16
10.7154 73.07100000000001
10.919999999999998 73.01999999999998
10.780399999999998 73.052
11.361099999999999 73.055
10.659900000000002 72.981
10.9704 73.01500000000001
10.789199999999997 72.975
10.816799999999999 73.034
10.567400000000001 72.98599999999999
10.8099 72.97899999999998
10.688500000000001 73.02700000000002
10.982799999999997 73.002
10.749699999999999 72.94600000000003
11.239799999999999 73.00800000000001
10.947799999999999 72.97600000000001
11.2442 73.01899999999998
10.933399999999999 72.981
11.228700000000002 73.06800000000003
10.876099999999997 72.96300000000001
11.235 73.035
11.0432 73.00799999999998
11.105700000000002 73.01299999999999
11.1365 72.99400000000001
11.530699999999996 73.007
10.774500000000002 72.994
11.272099999999998 73.026
11.190199999999999 73.039
10.9511 72.97600000000001
11.0749 72.96099999999998
11.3466 73.04400000000001
10.902799999999997 72.987
11.302099999999998 72.98300000000002
11.1051 72.99799999999999
11.0654 72.988
10.7164 72.95700000000001
11.1007 73.00899999999999
10.7642 72.94999999999999
10.8871 72.978
10.7561 72.95700000000002
10.836299999999998 72.93
10.559800000000001 72.94999999999999
11.234100000000002 72.91699999999999
10.895 72.97300000000001
10.8942 72.962
11.247500000000002 73.00800000000001
11.829500000000001 73.06500000000001
11.458499999999999 73.05799999999999
11.597200000000003 73.04099999999998
10.9486 72.99499999999999
11.1469 73.006
10.3395 72.83600000000001
11.3258 73.11300000000001
10.499400000000001 72.944
10.6438 72.96200000000002
10.476499999999998 72.908
10.6827 72.903
10.717000000000002 72.91199999999999
11.254999999999999 72.86000000000001
11.338099999999999 73.107
11.261899999999999 73.02300000000001
10.9132 72.96599999999998
10.9023 72.989
10.485299999999999 72.95200000000001
10.841700000000001 73.03
10.798499999999999 72.98399999999998
10.657299999999998 73.04499999999999
10.665500000000002 73.03699999999999
10.558300000000001 73.053
10.736399999999998 73.025
10.603700000000002 73.07899999999998
11.233299999999998 73.11899999999999
11.4517 73.15399999999998
10.404699999999998 73.04100000000001
11.066699999999999 73.08199999999997
11.000300000000001 73.075
10.8404 72.99600000000001
11.0975 73.08000000000001
10.8027 73.078
10.610800000000001 73.00900000000001
10.4753 73.03600000000002
10.6485 73.05099999999999
10.9681 73.126
10.759299999999996 73.102
10.940499999999997 73.112
10.790699999999998 73.092
11.041200000000002 73.05
10.7084 73.08300000000003
10.515300000000002 73.004
10.756299999999998 73.03200000000001
10.3378 72.98900000000003
9.990100000000004 72.99800000000002
10.198 73.057
10.4236 73.05599999999998
10.7906 73.096
10.2145 73.06300000000002
10.470599999999997 72.99600000000001
10.4406 73.038
10.6914 73.002
10.686100000000001 73.024
11.067699999999997 73.028
11.472999999999999 72.98200000000003
11.6919 72.98899999999999
11.5364 72.95200000000001
11.405399999999998 73.053
10.993199999999998 73.01699999999998
11.3987 73.131
10.9579 73.03200000000002
11.145300000000004 73.06900000000002
11.2979 73.091
10.848899999999999 73.00700000000002
10.705499999999999 73.00200000000002
10.4576 73.03399999999999
10.514500000000005 72.99700000000001
10.771100000000002 73.01600000000002
10.5987 72.98700000000002
10.8435 73.047
10.7556 72.98400000000001
11.2159 73.056
10.5948 73.00300000000001
10.674999999999999 73.013
10.625399999999997 73.013
10.510400000000002 72.981
10.4556 72.974
10.775100000000002 73.04000000000002
10.7768 73.02499999999999
10.4491 73.009
10.5191 72.98499999999999
10.4205 72.98200000000001
10.367500000000003 73.02399999999999
10.676300000000003 73.068
10.760300000000003 73.097
10.355499999999997 73.04499999999999
10.485700000000001 73.078
10.387499999999998 73.10900000000002
10.337000000000002 73.08
10.283799999999998 73.09800000000001
10.136199999999999 73.08099999999999
9.781900000000002 72.88500000000002
10.912 73.11600000000003
10.778599999999999 73.152
10.380399999999998 72.98799999999999
12.0486 73.149
11.468800000000002 73.16900000000001
11.067499999999999 73.25900000000001
10.8917 73.09800000000001
10.796199999999999 73.07
11.270799999999998 73.186
10.844000000000003 73.137
10.66 73.202
10.611699999999999 73.13399999999999
10.4508 73.131
10.3284 73.19000000000001
10.4496 73.10200000000002
11.1142 73.22
10.845699999999999 73.184
10.282700000000002 73.002
11.4576 73.354
10.782499999999999 73.29299999999999
11.0028 73.207
10.651400000000002 73.16100000000002
10.796899999999999 73.17100000000002
10.912399999999998 73.18699999999998
10.889299999999997 73.174
10.943599999999998 73.15899999999999
11.022300000000001 73.161
11.082900000000002 73.06200000000001
12.129099999999998 73.32399999999998
11.648999999999997 73.31600000000002
11.169899999999998 73.247
11.1542 73.154
11.085600000000001 73.15099999999998
10.7771 73.072
11.3753 73.19200000000001
11.077699999999998 73.12699999999998
11.338500000000003 73.13100000000001
11.100799999999998 73.09700000000001
10.9594 73.08099999999999
10.884400000000001 73.078
11.165400000000002 73.15
10.710700000000001 73.08500000000001
10.8285 73.044
10.9891 73.066
10.6436 73.02600000000001
10.968000000000002 73.03500000000001
11.156399999999998 73.086
11.162 73.02799999999999
11.0828 73.05000000000001
10.949399999999997 73.045
10.871599999999997 73.02700000000002
10.719999999999999 73.10300000000001
10.702700000000004 73.01500000000001
10.790199999999999 72.94200000000001
11.3926 73.156
11.009 73.05100000000002
11.134999999999998 73.00600000000001
11.062899999999999 73.02399999999999
10.798800000000002 72.97600000000001
10.725699999999998 72.96900000000002
10.7335 72.97200000000001
10.9771 72.93400000000001
11.149799999999999 73.07000000000001
10.9196 73.019
11.073899999999998 72.99400000000001
10.875199999999998 72.97700000000003
10.1429 72.80000000000001
10.996900000000002 73.11000000000001
10.670800000000002 73.01000000000003
10.637400000000001 72.959
11.163800000000004 73.06300000000002
10.5293 72.935
11.114599999999998 73.029
10.6034 72.98000000000002
10.7793 73.00800000000002
10.980400000000003 73.003
10.999099999999999 72.985
10.6598 72.95900000000003
10.949200000000001 72.94500000000002
10.9855 72.97700000000002
10.9048 72.931
10.303600000000003 72.83600000000001
11.074100000000001 72.99700000000003
10.4754 72.95500000000001
10.6145 72.971
10.782400000000003 72.861
10.848299999999998 73.01
11.014299999999999 72.929
11.465699999999998 72.99100000000003
11.585999999999999 73.054
11.211599999999997 72.97500000000002
11.2106 72.94800000000001
10.9853 72.971
10.858399999999998 72.987
10.4811 72.995
10.678600000000001 72.982
10.9687 72.978
11.1984 72.978
10.888499999999999 72.965
10.737100000000002 72.96900000000002
10.434 72.94000000000001
11.373800000000001 72.97000000000001
11.1904 72.95400000000001
11.3338 72.91900000000004
10.8954 72.89400000000002
11.179900000000002 72.973
10.9861 72.92800000000003
11.021899999999997 72.995
10.607099999999999 72.90100000000001
10.870200000000002 72.915
11.045500000000002 72.99100000000001
11.113900000000001 72.966
10.626799999999998 72.95800000000003
11.016 72.936
10.6239 72.958
10.719700000000001 72.92800000000001
10.769 72.94099999999999
10.927900000000001 72.991
10.7467 72.98799999999999
10.941299999999996 72.95200000000003
10.632 72.968
10.691999999999997 72.924
10.522200000000002 72.83500000000002
10.541500000000001 72.919
10.435299999999998 72.897
10.8753 73.03499999999998
10.847099999999998 72.88900000000001
11.3306 73.10500000000002
11.103800000000001 73.119
10.9726 73.005
11.155400000000002 73.03900000000002
10.9834 73.021
10.8531 72.98800000000001
11.238999999999997 73.067
