8.0488 7.472899999999999
7.665300000000001 7.420400000000001
7.9071 7.3379
7.664600000000001 7.3679
7.827799999999999 7.460799999999999
7.649099999999999 7.3004
7.745300000000001 7.3744000000000005
7.5715 7.3111999999999995
7.732500000000001 7.2823
7.0668999999999995 7.324299999999999
7.8032 7.456899999999999
7.3257 7.5310000000000015
7.6492 7.382999999999999
7.789600000000001 7.341
8.026900000000001 7.3296
7.4624 7.352399999999999
8.238999999999999 7.4478
7.757500000000002 7.360799999999999
8.116200000000001 7.380600000000001
7.6041 7.380799999999999
8.3481 7.317100000000002
7.8666 7.462499999999999
7.9376 7.4325
7.703999999999998 7.3936
8.554 7.377600000000001
7.615599999999999 7.3243
8.434299999999999 7.4447
7.914000000000001 7.405100000000001
8.3146 7.279799999999999
7.7166 7.321999999999998
8.1725 7.344100000000001
7.7179 7.3370999999999995
8.2055 7.4384999999999994
7.5447 7.398300000000001
8.0192 7.523199999999999
7.868899999999999 7.3281
8.130600000000001 7.3714
7.6881 7.3784
8.448 7.315900000000002
7.791100000000001 7.294399999999998
8.412299999999998 7.320499999999999
7.826200000000001 7.411899999999999
8.309100000000003 7.320499999999999
7.566799999999999 7.338699999999999
7.9064 7.4281
7.5111 7.378599999999999
8.1466 7.4471
7.531000000000001 7.340199999999999
8.251 7.3515999999999995
7.6669 7.377599999999999
8.2008 7.3936
7.6752 7.424799999999999
8.3069 7.2448
7.4532 7.3173
8.0841 7.416400000000001
7.459200000000001 7.3991
7.853700000000001 7.3509
7.5402 7.2243
8.5328 7.248799999999999
7.3448 7.3111
8.04 7.3282
7.621 7.319700000000001
8.380999999999998 7.369199999999999
7.666099999999999 7.352500000000001
8.5227 7.309
7.669899999999999 7.336400000000001
8.403 7.330300000000001
7.455299999999999 7.3792
8.1253 7.3591999999999995
7.241800000000001 7.309699999999999
7.9772 7.4087
7.894000000000001 7.4158
7.786699999999998 7.309700000000001
7.9138 7.418000000000001
8.3815 7.5064
7.428699999999999 7.3739
7.857399999999999 7.408800000000001
7.3617 7.4217
7.833899999999999 7.3768
7.426399999999999 7.359999999999999
7.6638 7.387499999999999
7.544699999999999 7.3622000000000005
7.847600000000001 7.372300000000001
7.326400000000001 7.426399999999999
8.2237 7.3792
7.9527 7.411099999999999
7.652299999999999 7.363199999999999
7.490500000000002 7.377700000000001
8.1345 7.360899999999999
7.3935 7.3685
7.833000000000001 7.4151
7.7193999999999985 7.4074
7.7142 7.517799999999999
7.7895 7.406699999999999
7.894800000000002 7.3396
7.1838 7.3311
8.2206 7.3401
7.7583 7.284
8.0132 7.3631
7.953 7.2914
7.8392 7.412700000000001
7.0685 7.457700000000001
8.0048 7.473000000000001
7.246399999999999 7.470000000000001
8.319200000000002 7.5159
7.7867999999999995 7.342500000000002
7.9123 7.369300000000001
7.571399999999999 7.3923000000000005
8.179499999999999 7.3404
7.5462 7.430300000000001
7.686699999999999 7.326599999999998
7.301400000000001 7.3326
8.3601 7.3837
7.2700000000000005 7.3264999999999985
7.9932 7.385200000000001
7.133399999999999 7.277699999999999
7.797899999999999 7.416500000000001
7.3509 7.4365
8.3689 7.419499999999999
7.228 7.3921
7.7940000000000005 7.469200000000001
7.645200000000001 7.4283
8.903599999999999 7.46
7.989600000000001 7.383800000000002
8.224300000000003 7.4029
7.728 7.4471
7.9401 7.459300000000001
7.391300000000001 7.405899999999999
7.8857 7.345
7.474600000000001 7.421900000000001
7.602 7.352399999999999
7.250200000000001 7.387499999999999
7.7476 7.3936
7.5646 7.463900000000001
8.895900000000001 7.453199999999999
7.2905999999999995 7.393
7.930000000000001 7.441700000000001
7.2082 7.459499999999999
7.961400000000002 7.449999999999999
7.3790000000000004 7.392
7.895800000000001 7.3272
7.153999999999999 7.2715999999999985
7.3891 7.359400000000001
7.184500000000001 7.441099999999999
7.9148 7.503500000000001
7.6972 7.495
8.078699999999998 7.430299999999999
7.455600000000001 7.338799999999999
8.0208 7.385999999999999
7.1701 7.2700000000000005
7.7071000000000005 7.255399999999999
7.2357000000000005 7.3533
7.736300000000002 7.392899999999999
7.1135 7.392299999999999
7.862200000000001 7.4486
7.175599999999998 7.462199999999999
7.835500000000001 7.3061
8.4656 7.3538
8.398399999999999 7.425700000000002
7.9872 7.4256
7.881200000000001 7.270700000000001
7.8766 7.347100000000001
7.820100000000001 7.338800000000001
7.1984 7.482799999999999
8.027700000000001 7.448499999999999
7.3524 7.3729000000000005
7.8087 7.4388000000000005
7.305299999999999 7.372199999999999
7.8101 7.538500000000001
7.6056 7.296799999999999
7.8805 7.3294999999999995
7.6623 7.367
7.975200000000002 7.438400000000001
7.5478000000000005 7.3660000000000005
7.9315 7.290600000000001
7.413500000000001 7.3378
7.804799999999999 7.466900000000002
7.3783 7.378399999999999
8.7112 7.4265
7.387499999999999 7.4098000000000015
8.0055 7.3051
7.8408999999999995 7.344100000000001
8.2649 7.3294999999999995
8.1657 7.338700000000001
8.1825 7.347999999999999
7.7467999999999995 7.344799999999998
10.2994 7.3768
7.792599999999999 7.4316
8.422999999999998 7.3792
7.616499999999999 7.3243
8.020700000000001 7.441000000000001
7.8696 7.4235
8.457899999999999 7.430999999999999
7.7025 7.447900000000001
8.4374 7.4424
7.8179 7.4701
8.194700000000001 7.312099999999999
7.667599999999999 7.312100000000001
8.2741 7.402
7.9361 7.466800000000001
8.3093 7.4616
7.602 7.4119
8.059 7.419499999999999
7.5103 7.470899999999999
8.3341 7.4914000000000005
7.7246999999999995 7.383699999999998
8.2512 7.3668
7.5356 7.4708
8.049 7.363100000000002
7.7141 7.3431999999999995
7.961900000000001 7.4005
7.6735999999999995 7.408100000000001
7.931400000000001 7.3144
7.6279 7.299099999999998
8.2436 7.431
7.529999999999999 7.345599999999998
8.3648 7.4378
7.779 7.428
10.6255 7.485099999999998
8.026800000000001 7.3981
8.4854 7.4578999999999995
7.781299999999999 7.3515999999999995
8.251800000000001 7.4402
7.463099999999999 7.381500000000001
7.914800000000001 7.3356
7.455499999999998 7.456199999999999
8.0039 7.502000000000001
7.5440000000000005 7.392799999999999
8.437999999999999 7.4767
7.5836 7.533200000000001
8.354199999999999 7.4456
7.2852999999999986 7.2265999999999995
7.994100000000001 7.361000000000001
7.549199999999999 7.354000000000001
8.1329 7.374699999999999
7.4655 7.424899999999999
8.0322 7.446999999999999
7.434800000000001 7.337300000000001
7.530099999999999 7.3738
7.484300000000002 7.3966
7.901 7.344
7.276200000000001 7.3814
7.956 7.394299999999999
7.952299999999999 7.288399999999999
8.5952 7.3807
8.344300000000002 7.4079999999999995
8.452599999999999 7.4471
8.2154 7.415799999999999
10.883500000000002 7.532500000000001
8.3458 7.485900000000001
8.627299999999998 7.534000000000001
8.065 7.531899999999999
8.778400000000001 7.5302999999999995
8.338799999999999 7.355300000000001
8.6807 7.4818999999999996
8.398499999999999 7.521
8.6762 7.4943
8.155800000000001 7.4073
8.576999999999998 7.3865
8.177000000000001 7.3784
8.5112 7.4028
8.265699999999999 7.450899999999999
8.5286 7.499600000000001
8.491 7.5371
9.081999999999999 7.535499999999999
8.630600000000001 7.4433
8.830300000000001 7.4363
8.541100000000002 7.4507
8.3534 7.4256
7.739999999999999 7.363899999999999
8.219899999999999 7.4089
7.472100000000001 7.405900000000002
8.135399999999999 7.430200000000001
8.1337 7.4669
7.821 7.438599999999999
7.513400000000001 7.5264000000000015
8.6052 7.384499999999999
7.885000000000002 7.2600999999999996
8.1481 7.327199999999999
7.667700000000001 7.3906
8.3665 7.3563
7.575300000000001 7.327999999999999
8.0543 7.403699999999999
7.8904000000000005 7.363099999999998
8.604000000000001 7.3774999999999995
7.7683 7.3242
9.6772 7.287000000000001
7.6541 7.3981
