41.83982999999999 15.250999999999998
40.70278 15.084800000000001
38.44815 14.8017
40.585719999999995 15.047100000000002
43.229040000000005 15.515700000000002
40.94106000000001 15.2101
38.67994 14.746199999999998
45.41548999999999 15.660300000000001
47.95143999999999 16.0958
44.477500000000006 15.462200000000001
36.81111999999999 14.1892
41.15262 14.903799999999997
38.17412 14.425699999999997
33.86101 13.775799999999998
45.43074999999999 15.7556
39.522040000000004 14.671599999999998
46.51595999999999 15.507800000000001
40.32038000000001 14.382399999999999
32.655899999999995 13.383000000000001
28.368920000000003 12.946
45.0915 15.384400000000001
47.076119999999996 15.705799999999998
40.99549999999999 14.6463
35.56614999999999 13.6593
40.58257999999999 14.3381
31.062820000000002 13.062299999999999
24.901 12.140500000000001
41.00681999999999 14.615300000000003
40.90780000000001 14.7289
46.46901999999999 15.540999999999999
39.73544 14.236199999999998
35.377489999999995 13.6602
38.4634 13.9822
33.90255 13.407199999999996
37.68452 13.8645
40.95356 14.156099999999999
41.51463999999999 14.240499999999997
43.58978 14.622399999999999
32.44819 13.291
35.11010999999999 13.458200000000001
39.82224 14.005899999999999
30.773080000000004 12.868999999999996
34.75874999999999 13.296999999999997
47.02354 14.7533
38.303689999999996 13.586700000000002
34.455769999999994 13.1023
40.314150000000005 13.822499999999998
31.187350000000002 12.6768
30.18982 12.546899999999999
39.307390000000005 13.611300000000002
31.788700000000002 12.659600000000001
33.28681999999999 12.723799999999999
38.16791 13.311100000000001
23.7812 11.717800000000002
34.92147 12.9204
38.55775 13.264100000000001
44.8547 14.0135
57.379999999999995 15.327000000000002
29.585620000000002 12.1257
31.807779999999998 12.3423
32.468149999999994 12.3796
25.89757 11.625
32.40311 12.3634
37.07838999999999 12.8703
31.71115 12.2248
24.474249999999998 11.417200000000001
28.848580000000002 11.803399999999996
30.055909999999997 11.9524
22.69408 11.232200000000002
27.938819999999996 11.7637
32.408249999999995 12.1422
19.02866 10.761999999999999
23.91884 11.280399999999997
34.963910000000006 12.274500000000002
21.74086 10.976199999999999
22.26579 11.053500000000001
33.61573 12.0382
18.04853 10.552800000000001
20.869639999999997 10.8492
39.500449999999994 12.524
27.62538 11.394400000000001
21.63987999999999 10.867999999999999
30.582239999999995 11.6927
20.66594 10.8216
25.880979999999997 11.302699999999998
39.40402 12.546399999999998
22.008179999999996 10.886699999999998
19.23214 10.712599999999998
32.70125 11.908600000000002
23.63552 11.1206
18.623610000000003 10.647300000000001
28.46852999999999 11.505399999999998
24.30786 11.1684
23.124849999999995 11.0509
27.217489999999998 11.369900000000001
25.021150000000002 11.153599999999999
19.10662 10.5944
24.916579999999993 11.1137
28.538159999999994 11.4632
19.57839 10.661800000000001
21.802609999999998 10.810499999999998
32.430389999999996 11.770299999999997
20.245149999999995 10.6628
20.793509999999998 10.6883
37.730779999999996 12.2703
27.00453 11.347700000000001
21.105449999999998 10.7983
33.83749 11.994200000000003
20.31354 10.751700000000001
25.08835 11.1559
38.703199999999995 12.433000000000002
20.631429999999998 10.8041
21.674339999999997 10.9024
32.744820000000004 11.9605
21.79534 10.8875
18.811859999999996 10.6017
28.18715 11.494499999999999
25.96829 11.2675
23.698809999999998 11.056700000000001
27.597820000000002 11.441799999999997
27.94624 11.525799999999998
19.295979999999997 10.7386
24.007959999999997 11.113500000000002
30.922240000000002 11.811300000000001
21.938 11.034600000000001
20.87504 10.895300000000002
35.66924999999999 12.1522
28.056519999999995 11.3647
21.018419999999995 10.837800000000001
30.381579999999996 11.6695
20.065939999999998 10.707899999999999
23.96259 10.978300000000003
40.53044 12.418400000000002
20.132969999999997 10.639899999999999
17.56646 10.4851
30.567159999999998 11.598
21.68816 10.754600000000002
19.029839999999997 10.542
29.468 11.4759
22.46988 10.86
14.892040000000001 10.1752
27.234159999999996 11.203299999999999
25.795999999999996 11.1303
18.45349 10.5104
26.179609999999997 11.1571
25.470380000000002 11.096599999999999
15.756229999999997 10.2505
20.133839999999996 10.6873
30.89058 11.5647
20.08231 10.5885
20.108439999999998 10.622000000000002
30.71016 11.5245
15.942209999999998 10.235900000000003
20.327179999999995 10.6093
38.84353999999999 12.390800000000002
25.144090000000002 11.2438
20.775059999999996 10.655600000000002
30.09777 11.615800000000002
20.5426 10.8505
26.890949999999997 11.343700000000002
36.349779999999996 12.3026
18.834 10.8088
21.15939 10.977600000000002
31.24387 11.8792
24.378339999999998 11.151999999999997
18.64882 10.6072
29.005989999999997 11.5617
26.250329999999998 11.273799999999998
20.343409999999995 10.725599999999998
25.69815 11.2665
26.174239999999998 11.455
23.706099999999996 11.1608
23.0998 10.9927
30.50134 11.852900000000002
22.23624 11.107300000000002
22.13553 10.979800000000001
34.822839999999985 12.3371
22.033929999999998 11.128300000000003
21.39595 11.036299999999999
40.49354 12.986199999999998
27.66126 11.7562
29.85812 12.012699999999999
34.995529999999995 12.456999999999999
20.59201 10.998999999999999
27.426999999999996 11.774999999999999
38.83869 12.945899999999998
29.112199999999998 12.0059
25.593909999999997 11.5874
23.91738 11.3416
27.3183 11.826600000000001
30.117729999999998 12.1601
21.90342 11.238299999999999
32.189299999999996 12.329600000000001
22.67823 11.263299999999997
22.59876 11.309600000000001
44.341120000000004 13.6574
27.914859999999997 11.8887
29.63169 12.1085
36.53334 12.753400000000001
24.17252 11.452699999999998
32.89286 12.363199999999999
41.05773 13.305699999999998
27.13523 11.879699999999998
28.54273 12.006899999999998
31.69204 12.2011
31.173399999999994 12.120099999999999
25.709619999999994 11.5575
30.516340000000003 12.0609
30.8929 12.0848
24.946389999999997 11.447299999999998
25.24066 11.523699999999998
34.56315 12.468300000000001
29.253480000000003 11.913499999999999
25.251540000000006 11.4546
33.462579999999996 12.4206
24.28116 11.4859
22.53214 11.2595
40.12282 13.2129
26.61445 11.7643
25.515 11.620999999999999
40.115959999999994 13.2415
22.037979999999997 11.290799999999999
25.614579999999997 11.744
44.93444999999999 13.996399999999998
33.70311 12.811
32.93612 12.6369
34.285 12.8581
27.934150000000002 12.2166
33.92645 12.913600000000002
32.1894 12.7487
32.235240000000005 12.8732
35.385239999999996 13.272699999999999
31.3529 12.662300000000002
32.606629999999996 12.939799999999998
26.9768 12.369000000000002
18.5501 11.2865
23.095899999999997 11.812000000000001
41.34012 14.1955
36.96212 13.6851
37.17926 13.673499999999999
35.12973 13.3472
26.666769999999996 12.3216
30.330199999999998 12.834000000000001
38.11942 13.872199999999998
34.66144 13.4135
37.511430000000004 13.823199999999996
34.139430000000004 13.3563
35.90444 13.6248
41.00572999999999 14.3067
34.20429 13.476099999999999
35.21395 13.649000000000001
42.667159999999996 14.588799999999999
44.13646000000001 14.8006
46.46435999999999 15.1441
35.61126 13.6612
34.54021 13.5495
40.39758 14.388700000000002
36.215559999999996 13.826800000000002
37.352349999999994 14.089600000000003
47.03678 15.4336
43.45708 14.854000000000001
41.920840000000005 14.5754
40.668150000000004 14.510499999999999
35.73215999999999 13.7853
37.57853 14.076000000000002
39.86421 14.568799999999998
37.67972999999999 14.250300000000001
40.37773 14.6703
40.43112 14.5832
34.99730000000001 13.880400000000002
40.12724 14.5703
38.24974999999999 14.198699999999997
38.21955 14.217099999999999
45.849830000000004 15.154099999999998
44.825939999999996 15.094899999999999
46.21944 15.2813
39.48257999999999 14.469100000000001
37.91877999999999 14.1983
40.08457999999999 14.538
39.38704 14.300600000000003
41.34508 14.428700000000003
47.685120000000005 15.2565
40.62846 14.311599999999999
41.821039999999996 14.4548
40.17672999999999 14.4184
36.16008 13.9098
38.12604 14.174599999999998
40.627309999999994 14.444999999999997
