16.576 6.4430000000000005
16.357999999999997 6.434000000000001
15.912000000000004 6.367000000000001
16.352 6.401
16.198 6.433
16.553 6.4590000000000005
17.138 6.4719999999999995
17.01 6.452000000000001
16.650000000000002 6.478000000000001
16.608 6.483999999999999
16.895000000000003 6.473999999999999
17.98 6.483
17.211 6.422
17.621000000000002 6.406000000000001
17.406000000000002 6.420999999999999
17.070999999999998 6.454
17.213 6.397
17.321 6.436
16.974 6.438000000000001
16.657 6.441000000000001
16.62 6.425
16.357 6.422
16.137999999999998 6.3740000000000006
16.882 6.419
16.699 6.409000000000001
14.867999999999999 6.399000000000001
15.433 6.389
14.908 6.343
15.376999999999999 6.317
16.948999999999998 6.4270000000000005
17.602999999999998 6.425
16.852 6.422999999999999
16.974 6.436
16.478 6.406000000000001
15.82 6.388000000000001
16.692999999999998 6.426000000000001
16.876 6.4079999999999995
16.779 6.412999999999999
16.275000000000002 6.412
16.027 6.391000000000001
15.847 6.354
16.332 6.351
16.712 6.3740000000000006
16.601 6.38
16.76 6.38
7.683000000000001 6.241
5.9041999999999994 6.116
8.013 6.184
6.5039 6.276999999999999
7.498999999999999 6.275
8.337 6.271
9.072 6.186
10.198000000000002 6.314
12.088000000000001 6.328
12.65 6.322
12.634 6.293
12.683 6.318
13.577 6.311
13.358 6.393
14.268999999999998 6.4079999999999995
16.712 6.477000000000001
15.920000000000002 6.492000000000001
15.960999999999997 6.486
15.802 6.481000000000001
15.106999999999998 6.495999999999999
15.116 6.505999999999999
16.698999999999998 6.464
17.333999999999996 6.455
16.151 6.418
15.836 6.3950000000000005
15.961 6.404
15.4 6.343999999999999
16.089000000000002 6.395999999999999
16.541 6.429
15.947999999999999 6.433
15.985 6.357
15.600999999999999 6.34
15.553 6.3340000000000005
15.945 6.398
17.51 6.454
17.256 6.455
17.334 6.434999999999999
16.287 6.390999999999999
15.98 6.402999999999999
16.375 6.363
17.26 6.454
16.826999999999998 6.437999999999999
11.67 6.307
11.181 6.365
12.064 6.308999999999999
13.113 6.339
13.473000000000003 6.337000000000001
15.009 6.43
15.371000000000002 6.422999999999999
14.690999999999999 6.473999999999999
15.708 6.535
15.494000000000002 6.554
14.806 6.575
14.933 6.5409999999999995
15.873000000000001 6.579
15.995000000000001 6.579
15.561 6.514
16.014 6.5009999999999994
15.463 6.4430000000000005
15.675 6.4159999999999995
16.503999999999998 6.442
16.833000000000002 6.488999999999999
16.987 6.471
16.436 6.425
16.644000000000002 6.451
15.788999999999998 6.409
16.839000000000002 6.468999999999999
17.078000000000003 6.456
16.682 6.444999999999999
16.784 6.425
16.37 6.473
15.603 6.419
15.872000000000003 6.429
16.73 6.4430000000000005
16.174 6.420000000000001
16.357 6.4350000000000005
15.560000000000002 6.404
15.164 6.343999999999999
14.966 6.3660000000000005
16.724 6.398
16.302 6.3759999999999994
16.357 6.375
16.497 6.432
16.166000000000004 6.422999999999999
15.913000000000002 6.406000000000001
16.824 6.449000000000001
17.329 6.415
16.455 6.425
16.665999999999997 6.424
16.129 6.468999999999999
15.734 6.489000000000001
16.894000000000002 6.452000000000001
17.235999999999997 6.483
16.756999999999998 6.498999999999999
16.114 6.542999999999999
15.836 6.4990000000000006
15.492999999999999 6.446000000000001
15.447 6.433999999999999
16.572 6.493
16.889 6.523
16.570999999999998 6.5360000000000005
15.706999999999999 6.5329999999999995
14.461999999999996 6.439
15.073 6.451
16.009999999999998 6.496
16.590999999999998 6.532
16.046 6.516
16.23 6.4799999999999995
16.333000000000002 6.478000000000001
16.328 6.5009999999999994
17.31 6.5360000000000005
17.973999999999997 6.510000000000001
17.096 6.531000000000001
16.66 6.544
16.041999999999998 6.5360000000000005
16.107 6.497999999999999
17.213 6.508
17.853 6.520999999999999
17.113999999999997 6.507000000000001
16.227 6.468999999999999
16.443 6.479
15.966 6.461
16.000000000000004 6.4479999999999995
16.582 6.502000000000001
15.555000000000001 6.453
15.225000000000003 6.4479999999999995
14.681 6.4399999999999995
14.613999999999999 6.387999999999999
15.331 6.487
15.950999999999999 6.534
16.948999999999998 6.531000000000001
16.511 6.493
16.006 6.4670000000000005
15.955 6.462
15.433 6.452000000000001
15.113 6.473
16.796 6.5040000000000004
16.3 6.483
15.991000000000003 6.471
16.059 6.457
16.149 6.428000000000001
15.943 6.45
16.559 6.493
16.717000000000002 6.487
15.956999999999999 6.465
15.668000000000001 6.491
15.664 6.436
15.65 6.4239999999999995
15.729000000000001 6.404
16.767000000000003 6.459
16.401 6.468999999999999
15.868999999999996 6.456
15.881 6.460000000000001
15.28 6.407
14.315999999999999 6.419
15.997000000000003 6.495999999999999
16.955 6.487
16.290000000000003 6.487
16.412000000000003 6.508
16.167 6.518
15.027 6.512999999999999
14.725 6.529999999999999
16.616 6.512000000000001
15.292999999999997 6.510000000000001
15.503 6.510000000000001
14.962 6.5169999999999995
14.476999999999999 6.451999999999999
14.889999999999997 6.482
15.482 6.451
16.803 6.473999999999999
15.442 6.518
15.843999999999998 6.476
14.597 6.4350000000000005
14.956999999999997 6.453
15.273 6.41
16.468 6.4879999999999995
16.583000000000002 6.509000000000001
16.398 6.47
15.056999999999999 6.447
15.723 6.432
15.492999999999999 6.414000000000001
16.397000000000002 6.412999999999999
16.779000000000003 6.437999999999999
16.577 6.432
16.479 6.428000000000001
15.832 6.387
15.261 6.326
15.889999999999999 6.397
16.615999999999996 6.419999999999999
16.73 6.413
16.625 6.413
15.292 6.372
14.993 6.348
14.453 6.346
16.059 6.383
15.817 6.389
15.956999999999999 6.389
15.533999999999997 6.3759999999999994
15.289999999999997 6.431000000000001
15.334999999999999 6.424
16.04 6.423000000000001
16.756999999999998 6.437000000000001
16.504 6.430000000000001
16.555999999999997 6.448999999999999
15.974 6.422999999999999
15.167 6.376999999999999
14.236 6.4
15.755999999999998 6.422999999999999
15.68 6.4030000000000005
15.065000000000001 6.389
15.256 6.396
15.049000000000001 6.406000000000001
15.368 6.412
16.362999999999996 6.422
16.889 6.418
16.262999999999998 6.433
15.870000000000001 6.422
15.686 6.465999999999999
14.884 6.465
15.298 6.389
15.708 6.444
15.878 6.452999999999999
15.540000000000001 6.468
14.832 6.451
15.334999999999999 6.436
14.656999999999998 6.473
16.543 6.487
16.967 6.487
16.419 6.471
16.073 6.5040000000000004
15.979 6.494
16.056 6.498999999999999
16.67 6.508
16.596 6.5089999999999995
16.369 6.497
16.012999999999998 6.512
16.303 6.512000000000001
15.223 6.492000000000001
16.333000000000002 6.466000000000001
17.225 6.492000000000001
16.638 6.4929999999999986
15.897000000000002 6.442
15.964 6.427
