14.938 24.853
14.989999999999998 24.817
14.943999999999999 24.701000000000004
15.775 24.872
15.168000000000003 24.852999999999998
15.546 24.731
14.527000000000001 24.878000000000004
14.510000000000002 24.75
14.398999999999997 24.657
14.418999999999999 24.804000000000002
14.801000000000004 24.751
13.344999999999999 24.596
13.575000000000001 24.744000000000003
13.727 24.700999999999997
14.01 24.573
13.791 24.665
13.585999999999999 24.787
13.240000000000002 24.578
14.671999999999999 24.757
13.715 24.701
13.363 24.561
14.448 24.665
13.373 24.768000000000004
14.695 24.608
13.553999999999998 24.665
13.917000000000002 24.786
13.925 24.584
14.848999999999998 24.683000000000003
13.916 24.817
13.76 24.621000000000002
14.129999999999999 24.755
14.052999999999999 24.763
14.81 24.621000000000002
14.337999999999997 24.799000000000003
13.652999999999999 24.757
13.723000000000003 24.590000000000003
15.044999999999998 24.688
14.121 24.823
14.345000000000002 24.639000000000003
13.709999999999997 24.676
14.145 24.805000000000003
14.312 24.634
14.411 24.688
13.95 24.806000000000004
13.696 24.615000000000002
13.76 24.645000000000003
13.749999999999998 24.774000000000004
13.975999999999999 24.597
13.451999999999998 24.59
13.802 24.787000000000003
13.435 24.644999999999996
13.183 24.627000000000002
14.215 24.799000000000003
12.739999999999998 24.572000000000003
13.577 24.651999999999997
13.031 24.775000000000002
12.661999999999999 24.572000000000003
13.889000000000001 24.718999999999998
12.608 24.714
12.945 24.566
12.379 24.591
12.604000000000001 24.750000000000004
13.028 24.572000000000006
13.011999999999999 24.761999999999997
12.550999999999998 24.622
12.039000000000001 24.518
12.096 24.645000000000003
12.748000000000001 24.689
13.155 24.549000000000003
11.978 24.573
12.243 24.731
11.822000000000001 24.541999999999998
12.142 24.567
12.754999999999999 24.731
12.183 24.549
11.761000000000001 24.561000000000003
11.795 24.713
11.508 24.518
12.466000000000003 24.645
12.277 24.678
11.915000000000001 24.518
11.906 24.633000000000003
11.770999999999997 24.672
12.213000000000001 24.506
11.57 24.621000000000002
11.832999999999998 24.660000000000004
12.075 24.53
11.667 24.531
11.683 24.713
12.277 24.56
11.426 24.713
11.853 24.555
12.107 24.567
11.508000000000001 24.694
12.2 24.535999999999998
11.886000000000001 24.639000000000003
11.424999999999999 24.653000000000002
11.463000000000001 24.506
12.213 24.695
11.690999999999999 24.591
12.207 24.549000000000003
11.754999999999999 24.713
11.328000000000001 24.535999999999998
11.322000000000001 24.531000000000002
11.678999999999998 24.676000000000002
11.427999999999999 24.549000000000003
12.261999999999999 24.537000000000003
12.085 24.701
11.318999999999999 24.555
11.384 24.531000000000002
11.43 24.701
11.764 24.529999999999998
12.299 24.616
11.623999999999999 24.688000000000002
12.594 24.548000000000002
11.615 24.700999999999997
11.385000000000002 24.573
11.383000000000001 24.482
11.999 24.596999999999998
12.121 24.689000000000004
11.527 24.512
12.320000000000002 24.701
11.803999999999998 24.567
11.535 24.519000000000002
22.007699999999996 32.862199999999994
24.942000000000004 28.552
15.726 24.53
11.192 24.639999999999997
11.593 24.462999999999997
11.697 24.622000000000003
23.4128 32.6822
34.32 36.32300000000001
16.938000000000002 24.523
13.294 24.42
11.082 24.274
12.034999999999998 24.511
12.479999999999999 24.427000000000003
11.765 24.426000000000002
12.0 24.505
11.868 24.311000000000003
11.389 24.316000000000003
11.435 24.474999999999998
11.792 24.329
11.407 24.329
11.739999999999998 24.462999999999997
9.088000000000001 24.250000000000004
8.589 24.248
9.421 24.409000000000002
9.524999999999999 24.250000000000004
10.021999999999998 24.317
10.993999999999998 24.426000000000002
10.318 24.261
10.937000000000001 24.354
11.375 24.451
10.363 24.279
10.817000000000002 24.28
10.529 24.445
10.542 24.335
11.155 24.373
11.243 24.451
10.741999999999999 24.273
11.817 24.451999999999998
10.821 24.385
10.860999999999999 24.236
11.337 24.347
11.110999999999999 24.409
11.282 24.285
11.584999999999999 24.421
11.557 24.385
11.81 24.291
11.969 24.456999999999997
11.346 24.391000000000002
11.298 24.248000000000005
12.292 24.445
11.322 24.403000000000002
12.202 24.273000000000003
11.668999999999999 24.452
11.735999999999999 24.409
12.424 24.285
11.673 24.446
11.596 24.391000000000002
12.017 24.279
12.773000000000001 24.44
12.159 24.415
11.725000000000001 24.279000000000003
11.872 24.434
12.209 24.409000000000002
12.272 24.285
12.297999999999998 24.316000000000003
12.462000000000002 24.482
11.917 24.348000000000003
13.062000000000001 24.339999999999996
12.006999999999998 24.470000000000002
11.896 24.348000000000003
12.852999999999998 24.341
12.834999999999999 24.5
12.57 24.39
12.021999999999998 24.291999999999998
12.427 24.446
12.453 24.451
12.095 24.297
12.606 24.384
13.638 24.506
12.155999999999999 24.335
12.171999999999999 24.334000000000003
12.269 24.482
12.656 24.378
13.066999999999998 24.340999999999998
12.973 24.518
13.352 24.42
12.729000000000001 24.462999999999997
12.515 24.474999999999998
13.022 24.329
13.306000000000001 24.468999999999998
12.570999999999998 24.462999999999997
13.841999999999999 24.354
12.961 24.347
12.762 24.469
13.086 24.415000000000003
13.562 24.39
12.775 24.474999999999998
13.184000000000001 24.359
14.111 24.328000000000003
13.037 24.402000000000005
13.367 24.456000000000003
13.392999999999999 24.291999999999998
13.491 24.395000000000003
12.809000000000001 24.45
13.663 24.317
13.765999999999998 24.427000000000003
12.957000000000003 24.469
13.513999999999998 24.291999999999998
13.517999999999999 24.317
12.822 24.456000000000003
13.959 24.396
12.768 24.279999999999998
13.330999999999998 24.396000000000004
13.661999999999999 24.457
12.769999999999998 24.281
13.378 24.401
13.651 24.462999999999997
12.979000000000001 24.299
13.548000000000002 24.469000000000005
14.032 24.407
13.356000000000002 24.304000000000002
13.943 24.402000000000005
13.099 24.462
12.959999999999999 24.279999999999998
13.841000000000001 24.402000000000005
14.172 24.493000000000002
13.038 24.316
13.99 24.507
13.074 24.383
13.891 24.304000000000002
13.312 24.352
13.558 24.519000000000002
13.343 24.366000000000003
14.343000000000004 24.384
13.752999999999998 24.518000000000004
13.581999999999999 24.39
13.797999999999998 24.365000000000002
13.718 24.500000000000004
14.199 24.414
13.772 24.346
13.899999999999999 24.499000000000002
13.261999999999999 24.427000000000003
13.705 24.340000000000003
13.735 24.427000000000003
14.510000000000002 24.536
13.882 24.359
13.425999999999998 24.352
14.062 24.501
13.894 24.470000000000002
15.072000000000003 24.401
14.048999999999998 24.524000000000004
13.535 24.470000000000002
13.479 24.346
14.409000000000002 24.444
13.566 24.543000000000003
15.353 24.421
13.791999999999998 24.383
13.745000000000001 24.525000000000002
14.189000000000002 24.494000000000003
14.302999999999999 24.382000000000005
15.171000000000001 24.382000000000005
14.411 24.42
13.702 24.53
14.214000000000002 24.431
