7.127400000000001 7.342599999999999
8.767199999999999 7.3989
8.815700000000001 7.412000000000001
8.3597 7.410500000000001
8.3667 7.338700000000001
8.5847 7.403600000000001
9.1408 7.3418
8.253599999999999 7.364
8.7386 7.349300000000001
7.9582 7.329599999999998
8.671599999999998 7.3515999999999995
7.849200000000001 7.357699999999999
8.432100000000002 7.2587
8.0077 7.2937
8.688300000000002 7.4348
7.6882 7.374599999999999
8.213799999999999 7.340299999999999
8.836500000000001 7.3149999999999995
8.817999999999998 7.403499999999999
8.739700000000001 7.393599999999998
8.538499999999999 7.4274000000000004
8.2313 7.3370999999999995
8.9001 7.3408000000000015
7.813300000000001 7.289999999999999
8.732599999999998 7.3822
7.808499999999999 7.304499999999998
8.6143 7.3021
8.129800000000001 7.3783
8.6739 7.412599999999999
8.512900000000002 7.3861
8.6648 7.302900000000001
8.3831 7.428599999999999
8.557799999999999 7.4074
8.0734 7.410500000000001
8.6861 7.455600000000001
7.918499999999999 7.351000000000001
8.5577 7.3418
8.022199999999998 7.369299999999999
9.006099999999998 7.3937
7.903999999999998 7.360899999999999
9.109699999999998 7.350200000000001
7.9017 7.3852
8.430500000000002 7.366100000000002
8.0802 7.2890999999999995
8.195699999999999 7.291500000000001
8.3542 7.3774999999999995
8.290000000000001 7.388399999999999
8.0901 7.3607000000000005
9.1323 7.4274000000000004
7.966699999999999 7.349499999999999
8.6451 7.338799999999999
8.2028 7.378500000000001
8.6418 7.328799999999999
7.9386 7.323500000000001
8.743199999999998 7.3464
7.9613000000000005 7.3547
8.687600000000002 7.455300000000002
7.9751 7.433199999999999
8.1214 7.3134999999999994
7.797900000000002 7.3690999999999995
8.7054 7.336599999999999
8.311700000000002 7.303
8.761199999999999 7.327299999999999
8.4084 7.3792
8.570000000000002 7.311300000000001
7.8628 7.4073
8.226799999999999 7.427300000000001
7.5736 7.2967
8.026800000000001 7.4187
7.359999999999999 7.4899000000000004
7.807899999999999 7.4739
7.6103000000000005 7.4089
8.300199999999998 7.399000000000002
7.5676 7.3814
8.4936 7.461599999999999
7.569800000000002 7.3448
8.0595 7.360800000000001
7.634 7.306699999999999
7.574399999999999 7.394400000000001
7.438600000000001 7.301300000000001
7.537200000000001 7.2517
7.276200000000001 7.356400000000001
7.859000000000001 7.396799999999999
7.263999999999999 7.489799999999999
7.6941999999999995 7.396700000000001
7.466200000000001 7.424899999999999
8.2289 7.464599999999999
7.872699999999999 7.405200000000001
7.8092999999999995 7.3562
7.5562000000000005 7.396700000000001
7.673000000000001 7.376800000000001
7.8016000000000005 7.338799999999999
8.2572 7.3464
7.4638 7.3493
8.0474 7.4394
7.4143 7.3210999999999995
8.028400000000001 7.3823
7.446999999999999 7.357600000000001
8.4832 7.380599999999999
7.965800000000001 7.3472
8.188699999999999 7.409099999999999
7.648499999999999 7.2662
8.1458 7.319599999999999
7.661499999999998 7.3075
8.4582 7.263099999999999
7.4441 7.254
7.7514 7.327399999999999
7.1395 7.383800000000002
7.9781 7.364
7.5799 7.3089
8.0498 7.3637999999999995
7.7347 7.385999999999999
8.123 7.350799999999999
7.371399999999999 7.344100000000001
8.134300000000001 7.422600000000001
7.4082 7.391400000000001
8.3728 7.486
7.549300000000001 7.4754000000000005
8.2139 7.358499999999999
7.5034 7.2700000000000005
8.5099 7.338700000000002
7.968999999999999 7.3463
8.1428 7.302899999999998
7.824799999999998 7.306799999999999
8.5297 7.3652999999999995
8.039 7.3777
8.107 7.392799999999999
7.377600000000001 7.321199999999998
8.5073 7.3951
7.389799999999999 7.372300000000001
7.9863 7.3601
7.2600999999999996 7.327399999999999
7.814699999999999 7.265500000000001
8.124 7.254
7.979 7.3020000000000005
7.517299999999999 7.4003999999999985
8.1553 7.459999999999998
7.0656 7.376699999999999
7.7073 7.359999999999999
7.417999999999999 7.2616
7.9415 7.2593000000000005
7.0542 7.339499999999999
7.8827 7.3868
7.2495 7.280799999999998
7.6875 7.2211
7.325100000000001 7.4281
7.784200000000001 7.3798
7.559400000000001 7.327999999999999
8.014799999999997 7.353100000000001
7.1831000000000005 7.353899999999999
7.7767 7.402100000000001
7.227499999999999 7.341
7.6278 7.430199999999999
7.292299999999999 7.3866999999999985
8.0941 7.405899999999999
7.422 7.315999999999999
7.611999999999999 7.37
7.885000000000001 7.344199999999999
8.1316 7.3974
7.7933 7.427200000000001
8.1223 7.488299999999999
7.5959 7.2884
8.3597 7.372500000000001
7.112 7.3578
8.2238 7.5790999999999995
7.6089 7.399
8.007100000000001 7.2479000000000005
7.441000000000001 7.3625
7.9659 7.437099999999999
7.818600000000001 7.3128
8.5107 7.286899999999999
7.464499999999999 7.2684
8.585099999999999 7.3218000000000005
7.7423 7.297499999999999
7.9779 7.2707999999999995
7.7096 7.3212
7.7906 7.3149999999999995
7.6294 7.3883
8.125300000000001 7.3769
7.858399999999999 7.351000000000001
7.8262 7.403600000000001
7.7187 7.4274000000000004
8.557800000000002 7.4235
7.9026999999999985 7.388999999999999
8.4212 7.457800000000001
7.666100000000001 7.4112
8.696600000000002 7.3347999999999995
7.5835 7.3171
8.656799999999999 7.339499999999999
7.6842999999999995 7.355500000000001
7.9582 7.2349
7.813999999999998 7.173100000000001
8.7623 7.438000000000001
7.7209 7.474499999999999
8.431300000000002 7.3891
7.975800000000001 7.3897
8.2001 7.3617
8.0627 7.3282
8.4465 7.420299999999999
7.5699000000000005 7.353100000000001
8.531899999999998 7.349500000000002
7.8537 7.358499999999999
8.3772 7.4333
7.8163 7.4296
8.0841 7.4556
7.95 7.4448
8.160400000000001 7.342599999999999
7.401999999999999 7.3302000000000005
8.405999999999999 7.262499999999999
7.8873 7.325799999999999
8.3236 7.369999999999999
7.7569 7.345600000000001
8.351899999999999 7.3379
7.488499999999999 7.2684999999999995
8.013100000000001 7.332700000000002
7.843799999999998 7.349500000000001
7.932300000000001 7.4256
7.9177 7.353999999999999
8.4135 7.3144
7.673700000000001 7.3074
8.1245 7.426399999999999
7.676700000000001 7.438600000000001
7.884399999999999 7.375399999999999
7.7407 7.3182
7.867399999999999 7.398300000000001
7.2495 7.352399999999999
8.063500000000001 7.4143
7.2791 7.315100000000001
7.953700000000001 7.3425
7.474600000000001 7.3591999999999995
8.0864 7.463000000000002
7.584500000000001 7.386900000000001
7.901800000000001 7.334199999999999
7.5531000000000015 7.3241
7.800999999999999 7.2588
7.511000000000001 7.283
7.725700000000001 7.2991
7.1893 7.2783
8.102 7.3431999999999995
7.2656 7.252400000000001
7.9017 7.270900000000001
7.212100000000002 7.235799999999999
8.149 7.2213
7.5716 7.2037
8.080199999999998 7.2754
8.0597 7.4555
7.635300000000001 7.4768
7.3485000000000005 7.451
7.469899999999999 7.4128
7.353300000000002 7.379100000000001
7.570600000000001 7.416500000000001
7.4196 7.4836
7.839999999999998 7.5951
7.8248000000000015 7.509
8.507599999999998 7.417
8.221400000000001 7.447999999999999
8.933100000000001 7.4333
8.4174 7.417300000000002
8.5922 7.646100000000001
8.2977 7.5905000000000005
8.4336 7.4325
8.236699999999999 7.361600000000001
8.3648 7.401900000000001
7.6141 7.4241
8.448799999999999 7.3957999999999995
8.098600000000001 7.498199999999998
8.470799999999999 7.452299999999999
8.236799999999999 7.363900000000001
8.2985 7.411899999999999
8.0528 7.4768
8.3892 7.452500000000001
7.955300000000001 7.3586
8.6219 7.357000000000001
7.9750000000000005 7.1823999999999995
8.2589 7.204500000000001
7.919299999999999 7.186300000000001
8.132200000000001 7.2464
7.9003000000000005 7.310600000000001
7.8323 7.415799999999999
7.567699999999998 7.323500000000001
7.6514000000000015 7.2785
7.3012999999999995 7.2974
7.628700000000001 7.3075
7.5379000000000005 7.4089
7.880499999999999 7.3364
7.2495 7.3379
7.746800000000001 7.306800000000001
7.6058 7.305800000000001
