9.672 7.2022
9.2076 7.1808
9.1538 7.209700000000001
9.064500000000002 7.1741
9.3747 7.149500000000001
8.3069 7.157200000000001
9.116299999999999 7.198900000000001
9.3606 7.2021
10.035200000000001 7.155600000000001
9.347399999999999 7.2196
8.9642 7.2097
8.5359 7.1479
9.744 7.0808
8.9935 7.186899999999999
9.676 7.1807
9.219200000000003 7.1092
9.6822 7.173100000000001
9.3311 7.257099999999999
10.0399 7.2518
9.295800000000002 7.273800000000001
10.668800000000001 7.2875
9.0607 7.322699999999998
9.2921 7.2435
9.0406 7.1739999999999995
9.844299999999999 7.1686
8.6822 7.154799999999999
9.6501 7.1937
9.0161 7.19
10.4326 7.2022
8.656300000000002 7.2151
9.701600000000001 7.237299999999999
8.894300000000001 7.183199999999999
9.7905 7.2372
8.5145 7.169500000000001
9.733399999999998 7.2166999999999994
8.7655 7.0953
9.9614 7.2120999999999995
8.6128 7.1701
9.5735 7.1922000000000015
8.824599999999998 7.156399999999999
10.2763 7.162300000000001
8.2351 7.0663
9.4809 7.1091
8.759 7.1526
9.488999999999999 7.1457
8.8718 7.119199999999999
10.0775 7.127399999999999
8.331900000000001 7.0991
9.2498 7.1335
8.644 7.124899999999999
9.600200000000001 7.187500000000001
8.544200000000002 7.184700000000001
8.986899999999999 7.2265999999999995
8.3244 7.126499999999999
8.9133 7.1472
8.3961 7.1159
8.889900000000003 7.0862
7.9423 7.097600000000001
8.755500000000001 7.225
8.0496 7.1326
9.2857 7.2677
8.4967 7.091499999999999
8.9792 7.1549000000000005
8.222100000000001 7.1565
8.7424 7.161799999999999
7.601999999999999 7.1328000000000005
8.474700000000002 7.1174
7.6456 7.142600000000001
8.312100000000001 7.1434
7.5266 7.1343000000000005
8.343700000000002 7.159400000000001
9.545600000000002 7.234999999999999
8.3559 7.2197
7.976499999999999 7.2756
8.3657 7.244999999999998
8.3717 7.209700000000001
8.3711 7.1219
8.2565 7.201499999999999
8.426599999999999 7.2289
8.1869 7.2569
8.8914 7.274699999999999
8.5984 7.203600000000001
8.342799999999999 7.1823
7.891900000000001 7.215899999999999
9.051499999999999 7.254100000000001
8.4931 7.1937
9.2096 7.135100000000001
8.3673 7.063299999999999
8.5898 7.1442000000000005
8.130799999999999 7.135
8.9159 7.216600000000001
7.9803 7.2212
9.0891 7.223699999999999
8.0702 7.189199999999999
8.937699999999998 7.2067
7.991 7.2259
9.3425 7.2557
9.3641 7.1662
10.068299999999999 7.212000000000001
9.1249 7.2166999999999994
10.014100000000001 7.296699999999999
9.541399999999998 7.094799999999999
9.9312 7.1777999999999995
8.6983 7.218200000000001
9.5752 7.3005
8.649300000000002 7.201499999999999
9.159600000000001 7.1846
8.5984 7.1908
9.5735 7.226500000000001
8.890600000000001 7.1632
9.6693 7.1328000000000005
9.4917 7.243500000000001
10.354599999999998 7.2342
8.918000000000001 7.1647
9.059800000000001 7.220400000000001
9.452200000000001 7.2761
10.1816 7.227500000000001
8.489300000000002 7.1869000000000005
9.5941 7.2243
8.5488 7.2112
9.4924 7.2158000000000015
9.2474 7.1113
9.686 7.191400000000001
9.3462 7.207399999999999
9.3339 7.1883
9.2484 7.208300000000001
9.878599999999999 7.215199999999999
8.5778 7.1762999999999995
9.4323 7.163299999999999
8.9836 7.196799999999999
9.6365 7.205100000000001
8.378499999999999 7.1951
9.4783 7.195499999999999
8.859200000000001 7.1587
9.425 7.1876
8.9736 7.2594
9.4406 7.245499999999999
8.9171 7.2769
9.413900000000002 7.3463
7.770500000000001 7.193
8.360400000000002 7.0916
8.825599999999998 7.152700000000001
10.639600000000002 7.270900000000001
8.8728 7.2136000000000005
10.388900000000001 7.3563
8.7196 7.274699999999999
9.9772 7.2738
8.9165 7.197600000000001
9.416700000000002 7.269900000000002
9.079700000000003 7.330400000000001
9.403900000000002 7.3006
8.504699999999998 7.2007
9.3401 7.267599999999999
8.948400000000001 7.2189000000000005
9.6054 7.153999999999999
8.6898 7.165600000000001
10.016900000000001 7.1556
9.244 7.2379999999999995
9.8913 7.1977
9.570700000000002 7.1899999999999995
9.7816 7.212799999999999
9.197999999999999 7.1855
11.144699999999998 7.145
9.045 7.1978
9.8896 7.208899999999999
8.766800000000002 7.141800000000001
10.0315 7.196
8.8959 7.1756
9.6754 7.238599999999999
9.9382 7.2067000000000005
9.706299999999999 7.244000000000001
9.4116 7.1853
10.306799999999999 7.163900000000001
8.9432 7.271600000000002
9.996799999999999 7.196799999999999
9.455600000000002 7.1808
9.4166 7.2258000000000004
9.082 7.126600000000001
9.6211 7.2097999999999995
8.782799999999998 7.1748
10.0476 7.234999999999999
9.625599999999999 7.2258000000000004
9.784199999999998 7.2471
9.4337 7.221399999999998
10.0161 7.296899999999999
8.937100000000001 7.2753
10.066500000000001 7.2991
8.5281 7.214200000000001
10.573100000000002 7.3182
9.3566 7.2067
9.9104 7.238599999999999
9.014999999999999 7.167799999999999
10.6347 7.2518
9.684800000000001 7.2928999999999995
9.926300000000001 7.2357000000000005
9.869800000000001 7.2449
9.748800000000001 7.219499999999999
9.5676 7.183799999999999
10.0109 7.179100000000001
9.7319 7.2533
9.510100000000001 7.1756
9.648599999999998 7.199800000000001
9.4418 7.127599999999999
8.747200000000003 7.1236999999999995
10.216999999999999 7.2212
9.121 7.2761
9.537899999999999 7.2937
9.804000000000002 7.2715999999999985
10.020299999999999 7.194500000000001
8.821099999999998 7.167
10.4518 7.230300000000001
9.360100000000001 7.1688
9.487800000000002 7.1718
9.5706 7.192899999999999
9.907499999999999 7.245499999999999
8.7066 7.178400000000002
9.9516 7.2106
9.107299999999999 7.148000000000001
8.8416 7.218200000000001
9.3458 7.230300000000001
9.264999999999999 7.175499999999999
8.8976 7.1678999999999995
9.1975 7.249600000000001
8.3786 7.116899999999999
9.5826 7.245000000000001
8.8782 7.234899999999998
8.6511 7.2044999999999995
7.7769 7.0982
9.9856 7.1313
9.5134 7.190600000000001
9.1364 7.215000000000001
9.0137 7.217500000000002
9.5155 7.206199999999999
8.4572 7.2106
9.6669 7.2203
9.202300000000001 7.192799999999999
9.7634 7.235699999999999
9.3304 7.1777999999999995
8.701999999999998 7.223
8.72 7.2677000000000005
9.3379 7.2838
8.361400000000001 7.170099999999999
9.1676 7.202199999999999
8.8311 7.2364000000000015
9.276900000000001 7.3050999999999995
8.825000000000001 7.2318999999999996
9.189899999999998 7.1991
9.017299999999999 7.286999999999999
8.8791 7.2623999999999995
8.4977 7.2730999999999995
9.0465 7.2952
8.2946 7.222
9.367299999999998 7.246499999999998
8.9353 7.292999999999999
8.8912 7.309800000000001
8.853 7.2136
9.4962 7.2402999999999995
8.7525 7.148700000000001
9.252999999999997 7.1472
8.5778 7.154000000000001
9.4402 7.248
9.2614 7.277699999999999
9.0943 7.198300000000001
8.8394 7.1838
9.544 7.132
9.8767 7.2629
10.258700000000001 7.2928999999999995
9.4749 7.2456000000000005
10.1093 7.2687
9.659300000000002 7.2235
9.8084 7.2396
9.6411 7.303599999999999
9.7654 7.2297
9.8446 7.2624
10.9513 7.234999999999999
9.76 7.2662
10.079600000000001 7.2968
9.2918 7.306799999999999
10.2324 7.3074
9.5582 7.3111999999999995
9.682100000000002 7.284600000000001
9.6517 7.2387
9.840000000000002 7.295199999999999
9.287899999999997 7.280899999999998
9.7759 7.195299999999999
8.859300000000001 7.1808
10.330200000000001 7.271699999999999
9.1583 7.106100000000001
