51.553000000000004 8.670699999999998
52.071 8.672200000000002
53.236 8.674900000000001
53.35099999999999 8.652
51.41500000000001 8.630499999999998
54.081999999999994 8.625900000000001
53.177399999999984 8.6274
52.351000000000006 8.639999999999999
51.62999999999999 8.6535
51.932 8.641200000000001
53.1988 8.638599999999999
52.721099999999986 8.647200000000002
51.7009 8.6415
51.394000000000005 8.644800000000002
52.053 8.6628
51.763999999999996 8.6578
51.32300000000001 8.642700000000003
50.77 8.6369
51.11899999999999 8.6448
51.27 8.652500000000002
51.719 8.644099999999998
52.619000000000014 8.660600000000002
52.059999999999995 8.670599999999999
51.841 8.6532
50.983999999999995 8.621799999999999
49.986999999999995 8.612600000000002
50.91899999999999 8.624
51.697 8.630300000000002
50.85599999999999 8.624700000000002
51.239000000000004 8.62
51.352999999999994 8.622399999999999
49.971999999999994 8.622
50.612 8.6181
51.110699999999994 8.6258
51.09400000000001 8.6173
49.848 8.6112
49.47600000000001 8.611300000000002
49.28099999999999 8.591900000000003
50.817999999999984 8.588399999999998
51.684000000000005 8.588
51.14900000000001 8.5957
49.25900000000001 8.569200000000002
47.973000000000006 8.5513
47.417 8.559000000000001
48.03 8.554800000000004
46.926 8.5418
46.27900000000001 8.541699999999999
45.30700000000001 8.548100000000002
44.805499999999995 8.5361
44.91510000000001 8.528099999999998
44.519000000000005 8.5238
45.913000000000004 8.529299999999997
45.515 8.5189
45.11100000000001 8.5083
44.21399999999999 8.51
43.355999999999995 8.5068
42.82599999999999 8.491499999999998
42.157 8.4879
43.013999999999996 8.495999999999999
42.74099999999999 8.5008
42.22599999999999 8.490800000000002
42.733399999999996 8.4925
44.096999999999994 8.480400000000003
43.19700000000001 8.477300000000003
43.39399999999999 8.481100000000001
43.713 8.488000000000001
44.373000000000005 8.485299999999999
45.04699999999999 8.488199999999999
44.118 8.477999999999998
44.16 8.468800000000002
44.702000000000005 8.474700000000002
45.85399999999999 8.4774
45.54999999999999 8.4767
45.157 8.4807
45.009 8.474199999999998
43.45599999999999 8.457600000000001
43.941 8.452899999999998
45.022400000000005 8.461599999999999
45.843 8.4754
45.388999999999996 8.4811
45.78699999999999 8.482999999999997
45.93600000000001 8.4815
47.324 8.4881
47.9788 8.494100000000001
47.703700000000005 8.473700000000001
48.23360000000002 8.488800000000001
49.33680000000001 8.498599999999998
48.853 8.4715
48.165 8.4798
48.968 8.4752
50.62219999999999 8.4862
50.951 8.502600000000001
52.33500000000001 8.503799999999998
54.010999999999996 8.517399999999997
53.0399 8.5145
51.955000000000005 8.5131
52.308 8.5159
52.137 8.504299999999997
53.17849999999999 8.4966
53.964 8.511200000000002
53.65599999999999 8.515400000000001
54.322999999999986 8.5299
54.83100000000001 8.529699999999998
54.93800000000001 8.517100000000001
55.19599999999998 8.521499999999998
55.144000000000005 8.5079
56.635999999999996 8.4826
57.89 8.504300000000002
56.77999999999999 8.501700000000001
57.248 8.505199999999999
57.57599999999999 8.505600000000001
56.274999999999984 8.5037
56.213 8.511199999999999
55.565 8.5114
56.29240000000001 8.5488
56.830999999999996 8.544500000000001
56.054 8.5485
56.287 8.5433
56.724 8.533400000000002
57.35400000000001 8.5401
56.421 8.5107
56.04499999999999 8.509099999999997
56.4713 8.515100000000002
56.14300000000001 8.5105
57.114 8.535199999999998
56.57599999999999 8.524299999999998
57.23000000000001 8.519700000000002
62.9073 8.5071
63.869 8.493899999999998
63.651 8.493200000000002
64.52270000000001 8.498299999999997
62.576999999999984 8.511500000000002
58.848 8.526
58.5391 8.537
58.582 8.536100000000001
58.453 8.534500000000001
58.77100000000001 8.520299999999999
59.959 8.538499999999997
59.384 8.550699999999999
59.495 8.534199999999998
60.472 8.530999999999999
60.74800000000001 8.5335
61.121 8.539
61.37400000000002 8.548
60.59699999999999 8.5664
61.555000000000014 8.5763
62.349 8.591300000000002
63.317 8.5961
64.12400000000002 8.620099999999999
64.80900000000001 8.653500000000001
65.90599999999999 8.641499999999999
67.10499999999999 8.646400000000002
68.679 8.654800000000003
68.872 8.655199999999997
71.32 8.671300000000002
71.98400000000001 8.6891
70.724 8.714200000000002
69.61999999999999 8.653699999999999
71.57600000000002 8.6883
72.154 8.6992
72.833 8.7149
72.78800000000003 8.698500000000001
73.593 8.7135
73.97200000000001 8.7347
74.56299999999999 8.738800000000003
73.475 8.744799999999998
75.49600000000001 8.7456
78.61600000000001 8.7634
79.657 8.7707
75.93499999999999 8.772599999999999
74.98800000000001 8.766099999999998
75.47600000000001 8.7479
76.17399999999999 8.7704
77.213 8.8616
75.61200000000001 8.8683
76.254 8.8102
76.74600000000001 8.826400000000001
80.50599999999999 8.8323
82.42399999999999 8.851999999999999
79.99499999999999 8.871400000000001
78.843 9.2087
77.83 8.929499999999999
77.701 8.8858
78.97700000000002 8.9182
79.18100000000001 8.9235
80.42600000000002 8.944499999999998
78.57499999999999 8.936
78.993 8.930599999999998
80.05 8.955
79.002 8.967399999999998
79.83399999999999 8.981300000000001
80.72799999999998 8.986799999999999
80.041 8.960799999999999
80.84299999999998 8.945599999999999
81.127 8.946599999999998
81.01899999999999 8.960799999999999
81.542 8.949599999999998
80.47900000000001 8.9269
70.975 8.8561
64.164 8.769499999999999
62.12200000000002 8.735100000000001
62.19700000000002 8.7393
63.001000000000005 8.739400000000002
62.944 8.7211
60.88599999999998 8.7271
60.484 8.726199999999999
61.78199999999999 8.713999999999999
62.158 8.7418
64.37700000000001 8.7213
79.73000000000003 8.896600000000001
80.47500000000001 8.910599999999999
81.86399999999999 8.925600000000001
80.59100000000001 8.9422
82.176 8.924800000000001
83.989 8.9415
84.19699999999999 8.9351
81.831 8.8988
82.66000000000003 8.918299999999999
83.346 8.938199999999998
85.32799999999999 8.9272
84.891 8.9282
84.85000000000001 8.9229
85.107 8.929999999999998
85.70000000000002 8.938400000000003
83.87999999999998 8.930399999999999
84.21600000000001 8.928300000000002
82.69199999999998 8.958400000000001
81.35 8.951299999999998
80.094 8.904
81.50299999999999 8.920100000000001
81.009 8.9077
81.48600000000002 8.9465
81.09600000000002 8.9776
80.424 8.9546
79.795 8.945399999999998
80.033 8.937299999999999
79.85299999999998 8.920499999999997
80.254 8.9473
80.448 8.9406
79.823 8.9597
79.759 8.953700000000001
80.382 8.9572
80.8376 8.9209
80.78340000000001 8.952899999999998
78.9385 8.953700000000001
79.00560000000002 8.947899999999999
77.9047 8.944700000000005
77.80799999999999 8.9347
77.974 8.922500000000001
84.43223 9.380039999999997
79.08599999999998 9.074200000000001
77.49770000000002 8.837899999999998
75.20499999999998 8.8258
75.676 8.8309
75.541 8.833399999999997
76.19200000000001 8.814699999999998
75.05700000000002 8.8184
74.08600000000001 8.789
73.246 8.779399999999997
73.72549999999998 8.7822
71.783 8.759399999999998
72.661 8.7631
71.107 8.7621
68.95000000000002 8.7468
66.92779999999999 8.6884
66.3686 8.680199999999997
65.90119999999999 8.700600000000001
65.85250000000002 8.676200000000001
65.9208 8.6537
66.27 8.656000000000002
65.2129 8.6522
65.5 8.660799999999998
64.131 8.670400000000003
65.025 8.674399999999999
64.49700000000001 8.691600000000001
63.181 8.663200000000002
62.44299999999999 8.647799999999998
61.822 8.637
61.46800000000001 8.615200000000002
61.38400000000001 8.6085
59.106999999999985 8.600500000000002
59.126999999999995 8.605499999999997
59.018 8.593800000000003
58.699 8.599300000000001
57.937000000000005 8.658000000000001
57.676000000000016 8.6177
56.943 8.578600000000002
57.103999999999985 8.601299999999998
