34.59093999999999 21.60706
39.54675 21.632900000000006
36.53522000000001 21.5544
35.23165000000002 21.600499999999993
44.39185 21.5672
34.746100000000006 21.599999999999987
41.223180000000006 21.626100000000008
38.90604 21.61020000000002
33.45800999999997 21.577700000000004
42.410470000000004 21.64629999999999
33.82266999999998 21.645799999999998
37.46217999999999 21.6291
38.02761 21.641299999999994
39.11666999999998 21.637999999999995
37.23867 21.660500000000006
32.90686999999999 21.631199999999996
36.46370000000001 21.566
40.97762000000001 21.6666
33.394000000000005 21.620800000000013
45.377400000000016 21.615700000000018
35.86090000000001 21.626200000000008
42.40799999999997 21.684899999999992
42.671659999999996 21.75950000000001
36.034380000000006 21.756300000000014
44.16969999999999 21.744500000000006
38.34671000000001 21.745500000000007
43.544369999999994 21.6795
37.33201999999999 21.660600000000006
42.042730000000006 21.623099999999997
41.28773000000001 21.6533
35.750840000000004 21.570899999999988
36.36925000000001 21.550900000000013
45.90319000000001 21.612200000000005
35.89427 21.611
43.07410999999999 21.638600000000014
39.090319999999984 21.63650000000001
37.056499999999986 21.5996
43.568639999999995 21.609600000000015
35.34039000000001 21.65310000000001
43.490090000000016 21.679700000000004
31.396080000000005 21.560299999999987
44.76938000000001 21.634900000000002
36.73325000000001 21.598700000000008
41.325999999999965 21.6118
39.53214000000001 21.599799999999988
37.45142999999999 21.596200000000003
39.32319999999999 21.654899999999998
39.749049999999976 21.661799999999996
39.384969999999996 21.6296
40.88703 21.638900000000014
40.022539999999985 21.640700000000006
38.97945999999999 21.664300000000004
42.75385999999999 21.67700000000001
42.210040000000006 21.68339999999999
40.18530999999997 21.641399999999994
41.18506 21.6511
41.3583 21.6471
39.56058000000001 21.68959999999999
38.17925 21.630999999999993
46.30883999999999 21.643099999999997
37.345150000000004 21.619299999999985
47.086810000000014 21.650299999999994
39.546340000000015 21.627899999999983
37.84909999999999 21.5804
43.965810000000026 21.641199999999994
35.36499 21.624100000000006
39.748290000000004 21.617000000000004
42.43935 21.6699
35.54592999999997 21.5983
48.29823999999998 21.648099999999992
36.89040000000002 21.585099999999997
36.283129999999986 21.597800000000007
48.50455000000003 21.671300000000002
35.433720000000015 21.57640000000001
37.44863 21.6447
48.12211999999999 21.69349999999999
35.879539999999984 21.689000000000007
41.193830000000005 21.672499999999996
39.44531999999998 21.660600000000002
36.60125 21.6188
40.81276 21.642699999999998
33.864390000000014 21.648600000000005
37.99018000000001 21.58709999999999
36.860249999999965 21.65410000000001
39.032259999999994 21.582900000000002
37.476140000000015 21.659699999999997
35.74867000000002 21.667499999999997
45.42173000000003 21.643399999999986
35.58913999999999 21.625299999999985
40.95720000000001 21.6487
42.64420999999997 21.751900000000006
39.229780000000005 21.727599999999995
42.7307 21.77670000000001
36.807910000000014 21.74420000000001
42.63249999999999 21.715999999999994
42.873619999999974 21.640300000000007
41.01869999999999 21.60870000000001
36.35479999999999 21.629700000000014
32.2851 21.5684
38.137699999999974 21.6641
37.891200000000005 21.647699999999997
35.58969999999999 21.629600000000007
32.68392000000001 21.559099999999987
31.817300000000014 21.40460000000001
45.6741 21.53480000000001
34.380080000000014 21.5301
32.57540000000001 21.426899999999993
33.42138 21.478099999999994
43.846900000000005 21.4337
34.671360000000014 21.535600000000002
36.842420000000004 21.58650000000001
44.47649999999998 21.583200000000012
35.60096000000001 21.532299999999996
35.94523 21.519400000000015
38.51500000000003 21.543800000000026
40.323870000000014 21.572299999999995
39.1712 21.567
35.35868000000003 21.5369
36.37237 21.546900000000004
36.558749999999975 21.5582
40.60670000000002 21.527599999999993
35.08849999999998 21.516700000000004
38.576199999999965 21.551500000000008
39.252439999999986 21.5447
34.71876000000002 21.497100000000017
47.235499999999995 21.527600000000007
36.12759999999998 21.4744
37.23830000000001 21.5463
48.000199999999985 21.609400000000015
39.94082999999999 21.61320000000001
43.746400000000015 21.551000000000005
34.22860000000003 21.50510000000001
42.068729999999995 21.694800000000004
43.37285 21.700899999999994
41.60118999999999 21.680299999999992
41.20429999999999 21.704000000000008
38.40847000000002 21.772600000000008
40.390500000000024 21.632300000000008
42.75519999999999 21.72714
38.444040000000044 21.733319999999992
41.355439999999994 21.71736000000001
40.73092000000002 21.77525
38.91349 21.647639999999996
42.17708999999999 21.646860000000007
37.5333 21.589220000000005
38.444720000000004 21.654789999999995
39.24304999999999 21.640190000000015
33.36312000000001 21.615579999999998
41.97977999999999 21.630599999999994
34.25941000000002 21.622540000000015
40.66837000000001 21.56476999999998
39.36382 21.586669999999998
40.32277999999999 21.565709999999985
39.489119999999964 21.620150000000006
34.55230999999996 21.578030000000005
40.359599999999986 21.607000000000014
39.506490000000014 21.57760000000001
38.52708000000002 21.578850000000006
37.745080000000016 21.609400000000004
37.01951000000002 21.59087000000001
38.22232999999999 21.6229
41.04737999999999 21.656299999999998
35.31017999999999 21.596500000000017
37.64169999999999 21.642199999999992
39.63987 21.606599999999997
38.76926000000003 21.614199999999993
41.0233 21.523899999999994
26.494199999999996 21.546399999999995
46.327900000000014 21.669649999999997
41.27250000000001 21.691199999999995
44.04350000000003 21.682000000000006
40.29499999999999 21.6543
33.58462999999999 21.516200000000012
48.186299999999996 21.598200000000006
30.695560000000004 21.471999999999998
44.87949999999998 21.535999999999998
33.840399999999995 21.550600000000006
36.256609999999995 21.526899999999998
40.35599999999999 21.557900000000004
35.11328000000001 21.524000000000008
23.42776999999999 21.462700000000005
43.282000000000004 21.597600000000018
36.583490000000005 21.541300000000003
37.22937999999999 21.666099999999993
43.49141 21.863540000000004
43.31523000000001 21.61346000000001
36.989799999999995 21.552799999999998
38.40279000000002 21.604730000000018
34.33454000000002 21.540160000000018
36.85690000000001 21.53667999999999
44.60679999999999 21.56726000000001
40.029100000000014 21.612240000000007
47.12380000000002 21.552339999999997
39.57471000000001 21.589360000000006
37.19123000000001 21.524400000000007
47.422900000000006 21.57242999999999
37.716820000000006 21.579540000000012
46.64053000000001 21.615659999999995
31.969189999999987 21.518369999999994
47.9461 21.617580000000004
36.27996 21.527330000000003
37.80227 21.626399999999993
37.38489999999997 21.566610000000008
34.337300000000006 21.49089000000001
48.45398999999999 21.63187000000001
37.45892999999999 21.568900000000006
41.23868 21.599459999999993
37.37827999999999 21.61611999999999
40.09315000000001 21.585200000000007
40.63160999999999 21.628830000000004
38.04618 21.6225
42.26162999999998 21.526799999999994
39.85818999999998 21.66385
36.38354999999998 21.606240000000007
36.93412999999999 21.575640000000007
41.886966000000015 21.981229999999993
31.74077000000001 21.53888
40.039110000000015 21.590229999999984
34.603179999999995 21.61143000000002
40.8848 21.654369999999997
38.6481 21.633060000000004
34.395720000000004 21.59167
38.54966000000001 21.630859999999995
34.93962000000001 21.584299999999995
35.64343999999998 21.638640000000013
45.055440000000004 21.690280000000012
29.221199999999996 21.557820000000003
36.02239999999999 21.59624
38.593960000000024 21.66313000000001
38.514900000000004 21.689900000000005
35.39059999999999 21.602019999999996
37.53679999999999 21.66209
39.36489999999998 21.67828
37.00026999999999 21.635360000000002
38.71588000000001 21.656419999999997
38.054910000000014 21.723290000000013
34.777809999999995 21.744829999999997
43.290920000000014 21.741610000000012
35.80596999999999 21.713980000000003
38.1825 21.71463
41.190630000000006 21.705440000000003
36.28429999999997 21.721380000000014
37.94050000000001 21.68087
37.0234 21.77118
47.04646 21.746199999999995
37.39187 21.75207
41.403600000000004 21.706700000000005
42.87530000000002 21.845100000000006
37.028679999999994 21.787700000000008
44.59471 21.8047
42.809970000000014 21.772699999999997
37.40239999999998 21.74440000000001
35.67819999999999 21.671699999999994
33.85285999999999 21.3954
35.02101 21.692700000000002
37.74788999999998 21.6906
40.05659999999999 21.615400000000008
38.67975 21.625700000000002
34.96913000000001 21.671900000000008
36.505799999999994 21.681600000000007
41.645999999999994 21.660300000000014
39.22419 21.719000000000012
35.086809999999986 21.708099999999988
40.14000999999999 21.670000000000005
44.6757 21.767200000000013
36.54720000000001 21.642599999999995
48.07560999999998 21.66819999999999
37.603559999999995 21.671299999999984
35.213900000000024 21.499499999999983
39.33200000000001 21.66660000000001
46.88139999999999 21.668799999999997
34.625450000000015 21.6241
36.21163000000001 21.583199999999994
43.74329 21.721300000000003
33.334719999999976 21.672700000000006
39.53065999999999 21.721199999999993
32.414239999999985 21.6749
42.395999999999994 21.687599999999993
36.9131 21.675600000000003
39.87520000000001 21.672399999999996
36.4691 21.68600000000001
38.5681 21.6538
38.662229999999994 21.642699999999987
39.70060000000002 21.688700000000004
38.694690000000016 21.726600000000005
37.804330000000014 21.722099999999987
44.195799999999984 21.677799999999994
38.339250000000014 21.71359999999999
