14.67 7.1290000000000004
13.13 7.1290000000000004
13.38 7.1290000000000004
12.6 7.153
13.11 7.153
14.21 7.141
13.209999999999999 7.153
13.089999999999998 7.1290000000000004
14.26 7.117
13.059999999999999 7.1290000000000004
13.38 7.141
13.530000000000001 7.141
13.48 7.141
14.04 7.153
12.6 7.1290000000000004
12.55 7.141
13.13 7.141
13.750000000000002 7.141
13.38 7.141
13.13 7.1290000000000004
13.13 7.141
15.09 7.153
13.089999999999998 7.178
13.28 7.141
14.26 7.153
13.919999999999998 7.153
14.530000000000001 7.141
12.740000000000002 7.117
12.67 7.141
13.919999999999998 7.141
13.600000000000001 7.166
13.43 7.141
14.580000000000002 7.153
14.04 7.153
13.569999999999999 7.141
14.04 7.166
13.01 7.141
12.82 7.178
13.059999999999999 7.141
13.28 7.153
15.43 7.153
13.11 7.1290000000000004
13.450000000000001 7.117
14.26 7.153
13.209999999999999 7.153
13.719999999999999 7.153
14.719999999999999 7.153
12.989999999999998 7.153
13.209999999999999 7.153
13.04 7.153
12.72 7.141
14.21 7.1290000000000004
12.989999999999998 7.1290000000000004
13.089999999999998 7.1290000000000004
12.889999999999999 7.141
13.04 7.166
13.5 7.141
14.62 7.141
13.48 7.1290000000000004
12.770000000000001 7.117
13.11 7.1290000000000004
13.65 7.141
13.87 7.1290000000000004
14.82 7.141
14.16 7.1290000000000004
12.82 7.104000000000001
14.01 7.117
13.94 7.1290000000000004
14.580000000000002 7.117
13.84 7.117
13.819999999999999 7.117
13.11 7.141
13.04 7.117
13.43 7.1290000000000004
12.65 7.141
13.04 7.1290000000000004
14.04 7.153
12.520000000000001 7.1290000000000004
14.330000000000002 7.166
14.16 7.104000000000001
12.7 7.092
12.889999999999999 7.117
13.43 7.141
13.569999999999999 7.1290000000000004
13.33 7.153
13.11 7.1290000000000004
13.87 7.117
14.280000000000001 7.141
13.700000000000001 7.1290000000000004
14.89 7.141
13.26 7.1290000000000004
13.450000000000001 7.141
13.700000000000001 7.117
15.55 7.141
12.6 7.092
15.14 7.141
13.889999999999999 7.117
13.23 7.117
13.62 7.117
13.16 7.117
14.940000000000001 7.117
13.43 7.08
14.04 7.0680000000000005
13.26 7.104000000000001
15.160000000000002 7.117
13.65 7.08
13.4 7.092
13.48 7.104000000000001
15.310000000000002 7.1290000000000004
14.6 7.092
14.01 7.092
13.99 7.092
13.84 7.117
13.94 7.1290000000000004
14.530000000000001 7.117
13.669999999999998 7.104000000000001
14.06 7.104000000000001
14.430000000000001 7.092
13.62 7.08
14.280000000000001 7.092
14.06 7.092
14.84 7.117
13.819999999999999 7.104000000000001
13.87 7.08
13.84 7.08
14.580000000000002 7.104000000000001
14.14 7.092
14.48 7.092
12.920000000000002 7.0680000000000005
12.870000000000001 7.1290000000000004
14.97 7.117
12.870000000000001 7.08
12.770000000000001 7.08
13.23 7.08
12.55 7.117
13.569999999999999 7.1290000000000004
15.939999999999998 7.166
13.48 7.141
12.870000000000001 7.141
12.4 7.104000000000001
12.57 7.117
12.82 7.104000000000001
13.889999999999999 7.104000000000001
14.330000000000002 7.092
13.62 7.1290000000000004
13.18 7.08
13.750000000000002 7.092
15.160000000000002 7.117
12.740000000000002 7.092
12.6 7.104000000000001
12.839999999999998 7.104000000000001
12.67 7.104000000000001
12.55 7.08
13.11 7.117
13.84 7.092
14.45 7.117
13.530000000000001 7.104000000000001
13.11 7.117
13.16 7.104000000000001
13.450000000000001 7.1290000000000004
14.14 7.092
12.45 7.104000000000001
12.65 7.117
12.7 7.104000000000001
13.77 7.092
13.04 7.104000000000001
14.06 7.104000000000001
12.29 7.092
12.72 7.1290000000000004
13.23 7.117
13.13 7.1290000000000004
13.33 7.104000000000001
12.920000000000002 7.104000000000001
12.17 7.092
12.45 7.117
13.309999999999999 7.104000000000001
13.4 7.117
12.989999999999998 7.104000000000001
12.45 7.104000000000001
12.479999999999999 7.104000000000001
12.46 7.117
12.72 7.104000000000001
12.57 7.104000000000001
12.67 7.117
12.49 7.104000000000001
12.45 7.104000000000001
12.479999999999999 7.104000000000001
13.04 7.117
12.740000000000002 7.092
12.23 7.117
13.059999999999999 7.104000000000001
14.62 7.117
12.790000000000001 7.117
12.120000000000001 7.117
13.26 7.104000000000001
12.46 7.117
13.569999999999999 7.117
13.919999999999998 7.104000000000001
12.65 7.117
12.959999999999999 7.092
14.99 7.117
12.770000000000001 7.092
13.01 7.141
12.41 7.092
12.34 7.104000000000001
12.57 7.104000000000001
12.959999999999999 7.117
12.44 7.104000000000001
13.62 7.141
13.4 7.117
13.28 7.153
12.35 7.1290000000000004
13.04 7.1290000000000004
14.530000000000001 7.1290000000000004
13.350000000000001 7.117
13.750000000000002 7.141
13.01 7.153
13.62 7.2139999999999995
12.46 7.19
12.770000000000001 7.202
12.3 7.19
12.67 7.202
12.24 7.19
12.5 7.2139999999999995
12.920000000000002 7.202
12.55 7.178
12.989999999999998 7.19
13.059999999999999 7.202
14.67 7.202
13.87 7.2139999999999995
13.11 7.2139999999999995
12.959999999999999 7.202
12.520000000000001 7.202
13.04 7.2139999999999995
14.7 7.2139999999999995
14.11 7.19
12.72 7.227
12.870000000000001 7.19
12.740000000000002 7.2139999999999995
12.770000000000001 7.202
12.33 7.227
12.67 7.178
13.5 7.202
13.38 7.227
12.82 7.19
12.46 7.2139999999999995
12.770000000000001 7.202
13.38 7.2139999999999995
12.790000000000001 7.178
14.430000000000001 7.202
13.43 7.166
13.01 7.202
13.28 7.178
12.19 7.166
12.32 7.19
12.920000000000002 7.178
12.49 7.178
12.889999999999999 7.166
13.01 7.19
12.32 7.178
12.6 7.178
12.7 7.178
13.16 7.202
12.790000000000001 7.166
13.209999999999999 7.202
13.4 7.19
13.569999999999999 7.178
13.28 7.19
12.94 7.202
13.87 7.178
12.65 7.166
13.18 7.178
12.55 7.166
13.79 7.166
12.57 7.141
12.839999999999998 7.19
12.839999999999998 7.153
12.45 7.178
13.28 7.166
12.43 7.166
12.57 7.153
12.72 7.178
12.29 7.166
14.75 7.178
13.669999999999998 7.153
13.33 7.19
14.67 7.153
14.430000000000001 7.141
