9.705 11.32
8.398 11.28
9.68 11.32
9.131 11.3
8.85 11.28
10.03 11.29
8.984 11.3
10.35 11.29
8.959999999999999 11.29
10.24 11.32
10.03 11.29
8.972 11.28
10.100000000000001 11.32
8.813 11.29
9.741 11.29
8.581999999999999 11.27
9.583 11.29
9.851 11.3
8.752 11.29
9.863 11.3
8.667 11.32
9.741 11.29
8.74 11.28
9.766 11.32
9.229 11.3
9.375 11.29
9.692 11.32
8.495999999999999 11.3
9.656 11.29
8.679 11.3
9.631 11.32
8.398 11.29
9.485000000000001 11.33
9.264999999999999 11.3
9.094 11.3
9.912 11.29
8.789 11.3
9.790000000000001 11.3
8.434999999999999 11.28
9.485000000000001 11.32
8.301 11.28
9.325999999999999 11.29
8.984 11.28
8.251999999999999 11.29
9.094 11.29
8.105 11.29
9.106 11.3
7.861 11.29
8.777 11.28
8.667 11.29
8.972 11.29
8.911 11.28
7.959 11.28
8.948 11.29
7.776 11.27
8.862 11.29
7.922 11.28
8.959999999999999 11.28
7.776 11.27
9.363000000000001 11.33
9.203999999999999 11.3
9.020999999999999 11.29
9.644 11.32
8.459 11.3
9.508999999999999 11.29
8.386000000000001 11.32
9.020999999999999 11.3
8.032 11.27
9.424000000000001 11.29
8.032 11.28
8.887 11.29
7.861 11.29
8.520999999999999 11.32
8.545 11.32
7.727 11.29
9.264999999999999 11.32
8.325000000000001 11.3
9.399000000000001 11.3
8.215 11.28
9.058 11.3
7.605 11.28
8.74 11.29
7.6899999999999995 11.3
8.63 11.32
8.325000000000001 11.3
8.63 11.360000000000001
8.312999999999999 11.32
7.471 11.27
9.119 11.29
8.495999999999999 11.3
9.277000000000001 11.3
8.093 11.33
9.350999999999999 11.33
8.203000000000001 11.33
8.984 11.32
7.811999999999999 11.33
8.728 11.29
8.093 11.29
8.325000000000001 11.34
8.606 11.33
7.8 11.3
8.948 11.32
8.289 11.33
9.631 11.33
8.362 11.32
9.411999999999999 11.35
8.057 11.34
9.045 11.360000000000001
8.569 11.33
8.716 11.33
9.29 11.29
7.739 11.34
8.875 11.32
7.861 11.33
9.668000000000001 11.33
8.838 11.33
9.741 11.34
9.814 11.35
9.009 11.379999999999999
10.07 11.360000000000001
8.911 11.34
9.607000000000001 11.39
8.24 11.379999999999999
9.277000000000001 11.35
9.827 11.33
8.533 11.35
9.203999999999999 11.34
8.228 11.34
9.363000000000001 11.360000000000001
8.813 11.32
9.216000000000001 11.360000000000001
9.485000000000001 11.34
8.484 11.34
9.583 11.39
8.325000000000001 11.34
9.350999999999999 11.33
9.155000000000001 11.360000000000001
8.362 11.34
8.959999999999999 11.35
8.398 11.32
9.851 11.35
8.373999999999999 11.360000000000001
9.216000000000001 11.34
8.911 11.379999999999999
8.691 11.41
9.875 11.379999999999999
8.520999999999999 11.360000000000001
9.497 11.39
7.861 11.34
8.972 11.35
8.398 11.360000000000001
8.704 11.39
9.386999999999999 11.360000000000001
8.423 11.39
9.68 11.41
8.362 11.33
9.375 11.35
8.35 11.360000000000001
9.569999999999999 11.379999999999999
8.789 11.360000000000001
8.215 11.41
9.119 11.39
7.983 11.360000000000001
9.888 11.379999999999999
8.728 11.360000000000001
9.68 11.379999999999999
8.777 11.35
9.192 11.379999999999999
9.558 11.379999999999999
8.85 11.35
10.17 11.41
8.74 11.379999999999999
9.729000000000001 11.379999999999999
9.009 11.35
9.790000000000001 11.4
9.814 11.360000000000001
8.63 11.360000000000001
10.05 11.360000000000001
8.643 11.35
9.998 11.39
9.325999999999999 11.360000000000001
8.581999999999999 11.39
9.692 11.39
8.752 11.379999999999999
9.912 11.35
9.094 11.379999999999999
9.241000000000001 11.35
9.778 11.4
8.545 11.41
9.656 11.41
9.241000000000001 11.360000000000001
9.631 11.35
9.508999999999999 11.35
8.312999999999999 11.379999999999999
9.386999999999999 11.39
8.569 11.360000000000001
9.583 11.379999999999999
10.530000000000001 11.379999999999999
9.375 11.41
10.639999999999999 11.44
9.46 11.41
10.85 11.41
10.5 11.459999999999999
9.033 11.44
9.790000000000001 11.43
8.899 11.4
10.17 11.44
9.668000000000001 11.43
8.545 11.39
10.209999999999999 11.43
9.142999999999999 11.43
10.489999999999998 11.450000000000001
10.16 11.450000000000001
9.424000000000001 11.43
10.34 11.459999999999999
9.020999999999999 11.450000000000001
10.059999999999999 11.450000000000001
9.717 11.450000000000001
8.911 11.459999999999999
9.937 11.459999999999999
8.923 11.41
10.08 11.44
10.27 11.43
8.826 11.44
9.888 11.43
8.911 11.41
10.190000000000001 11.44
10.22 11.450000000000001
8.801 11.43
9.839 11.43
8.887 11.43
10.18 11.43
9.692 11.4
8.875 11.450000000000001
9.778 11.44
8.875 11.4
9.985 11.44
9.778 11.44
9.656 11.44
10.01 11.41
8.777 11.44
10.31 11.44
9.325999999999999 11.41
10.38 11.41
10.79 11.450000000000001
9.533999999999999 11.450000000000001
10.71 11.44
9.314 11.44
10.47 11.459999999999999
10.03 11.450000000000001
9.07 11.459999999999999
10.02 11.44
8.643 11.450000000000001
9.729000000000001 11.469999999999999
9.583 11.43
9.045 11.459999999999999
9.985 11.450000000000001
8.655 11.450000000000001
9.839 11.450000000000001
9.264999999999999 11.44
9.546000000000001 11.43
10.100000000000001 11.450000000000001
9.399000000000001 11.469999999999999
10.620000000000001 11.469999999999999
9.424000000000001 11.5
9.839 11.450000000000001
9.961 11.459999999999999
8.508000000000001 11.49
9.594999999999999 11.44
8.484 11.459999999999999
9.241000000000001 11.5
9.546000000000001 11.459999999999999
8.484 11.44
9.631 11.469999999999999
8.520999999999999 11.44
9.741 11.469999999999999
9.241000000000001 11.469999999999999
8.74 11.459999999999999
9.264999999999999 11.459999999999999
8.068999999999999 11.44
9.180000000000001 11.469999999999999
7.959 11.469999999999999
8.899 11.459999999999999
9.07 11.450000000000001
8.167 11.51
9.106 11.5
8.044 11.469999999999999
9.363000000000001 11.469999999999999
