19.747 10.481999999999998
19.87 10.428
20.815 10.498
20.148000000000003 10.447999999999999
20.601999999999997 10.442
20.666 10.523
19.775000000000002 10.443000000000001
19.83 10.44
19.991 10.515
19.185999999999996 10.446
19.758 10.512
19.309 10.468000000000002
19.265 10.457999999999998
19.872999999999998 10.528999999999998
19.590000000000003 10.469000000000001
20.145000000000003 10.472999999999999
20.102 10.539
19.834000000000003 10.456
19.768999999999995 10.447999999999999
20.608 10.527000000000001
19.939999999999998 10.46
20.398999999999997 10.519
19.675 10.475999999999999
19.768 10.459
20.672 10.526
19.617 10.467
28.142899999999994 14.376292
27.237000000000002 10.372
24.099999999999998 10.408
19.478 10.389000000000001
27.918 14.391000000000002
19.801000000000002 10.432
19.578 10.43
20.241 10.501000000000001
19.72 10.447
20.3087 11.83007
22.320999999999998 10.417
30.101799999999994 12.943999999999997
22.567 10.502
19.641000000000002 10.450000000000001
22.362000000000002 11.818
18.974 10.463000000000001
19.007 10.453
19.733 10.514000000000001
19.713 10.456
19.799 10.457
20.599 10.527000000000001
20.208000000000002 10.469
20.231000000000005 10.472
20.511 10.542000000000002
20.032 10.482
20.483999999999998 10.542999999999997
19.663 10.496
19.448999999999998 10.488000000000001
20.262 10.544999999999998
19.52 10.489999999999998
19.771 10.487000000000002
20.796000000000003 10.556000000000001
19.473999999999997 10.504000000000001
19.852000000000004 10.558
19.681999999999995 10.517
19.855000000000004 10.507
20.326 10.575999999999999
19.75 10.523
20.06 10.522
19.652 10.587
18.958 10.527000000000001
19.087 10.522
19.85 10.596
19.375 10.535999999999998
19.503999999999998 10.535999999999998
20.151 10.608
19.799 10.552000000000001
19.892 10.604999999999999
19.281 10.573999999999998
19.267 10.563
20.247 10.621
20.064999999999998 10.569999999999999
19.314999999999998 10.564000000000002
19.330000000000002 10.628
19.072999999999997 10.563
19.021 10.562
19.491000000000003 10.634000000000002
19.125999999999998 10.573
18.819999999999997 10.572
19.329000000000004 10.633
19.541 10.592
20.17 10.654000000000002
19.086000000000002 10.609
19.048000000000002 10.596000000000002
19.493000000000002 10.653
20.014 10.599999999999998
19.793000000000003 10.597999999999999
20.233 10.661000000000001
20.034000000000002 10.589
25.029600000000002 13.224
26.654 10.513
23.035 10.498000000000001
20.211 10.464
26.977 13.166
25.9272 13.385
22.886 10.501000000000001
19.844 10.540999999999999
22.332 11.769
20.892 10.543
20.041 10.502
27.506199999999996 13.033
21.937 10.547
19.482000000000003 10.491999999999999
21.314000000000004 11.748
19.592000000000002 10.553
19.584 10.5
19.488999999999997 10.499
19.988999999999997 10.57
19.558 10.522
19.509000000000004 10.529
20.563000000000002 10.642999999999999
19.949 10.602999999999998
19.937000000000005 10.586
20.489 10.654000000000002
19.863999999999997 10.588999999999999
19.696 10.562000000000001
20.040000000000003 10.61
19.788000000000004 10.548
20.087 10.553
20.825 10.627
19.971 10.561000000000002
19.492 10.547999999999998
20.129 10.61
19.724 10.547999999999998
20.564 10.594000000000001
26.9826 13.139999999999999
21.601 10.522
26.579369999999997 13.065621
21.57 10.555
19.492 10.534000000000002
22.189 11.843
19.101 10.533
24.47 12.838
22.804 10.621
22.788800000000002 11.906
21.798 10.485
23.188 11.846
19.071999999999996 10.493
22.019 11.741999999999999
19.511 10.557
19.387999999999998 10.501000000000001
18.919999999999998 10.508000000000001
19.447 10.573999999999998
19.208 10.514000000000001
19.028 10.517
19.441999999999997 10.59
19.075 10.530000000000001
19.201 10.530000000000001
19.656000000000002 10.603
19.429 10.549
19.317 10.553
26.3338 14.983099999999999
12.598 6.592
26.877000000000002 10.197000000000001
28.852 10.433
19.467999999999996 10.380999999999998
23.623 12.858
21.219 11.696000000000002
18.223 10.357999999999999
26.381100000000004 14.149999999999999
25.178200000000007 11.314699999999998
19.942 10.321000000000002
18.852999999999998 10.381
21.276999999999997 11.604000000000001
18.187 10.339
18.228 10.392
18.153000000000002 10.343
18.117 10.336
18.769999999999996 10.428999999999998
18.179000000000002 10.360999999999999
18.214999999999996 10.357999999999997
18.552 10.431
18.333 10.372
18.257 10.363
18.986000000000004 10.433
18.829 10.37
18.933 10.369
19.054999999999996 10.448
18.397 10.366999999999999
25.529999999999998 11.662
21.102999999999998 10.441
18.694 10.375
21.285999999999998 11.713
26.383999999999997 11.765
21.017999999999997 10.354999999999999
19.817999999999998 10.339
22.544 11.677000000000001
19.384 10.344999999999999
19.089 10.342
19.763 10.427
19.016 10.366999999999999
19.514999999999997 10.420999999999998
19.132 10.378
19.080000000000002 10.363
19.465 10.423
19.243000000000002 10.388
19.268 10.376000000000001
19.715000000000003 10.44
19.03 10.385
18.948 10.375
19.733999999999998 10.43
19.201000000000004 10.401
19.406 10.390999999999998
19.631 10.464
19.357999999999997 10.398
19.405 10.395999999999999
19.781 10.464
19.636 10.403
19.572 10.401
20.047 10.468000000000002
19.576999999999998 10.398
19.774 10.447
19.562 10.424
19.464 10.41
19.747 10.437
19.386 10.45
19.631 10.406
19.843 10.47
19.371 10.405000000000001
19.399 10.399
19.682999999999996 10.402000000000001
19.794 10.464
19.552000000000003 10.414
19.674000000000003 10.49
19.473000000000003 10.431
19.661 10.453
19.340000000000003 10.475000000000001
19.65 10.451
20.202 10.506000000000002
19.506999999999998 10.464
19.313999999999997 10.449
19.815 10.502000000000002
19.526 10.440000000000001
19.794 10.436
20.158999999999995 10.501000000000001
19.422 10.438
19.583 10.427000000000001
20.003999999999998 10.496
19.782000000000004 10.443000000000001
19.983 10.439000000000002
20.031 10.495
19.315 10.429
19.189999999999998 10.418000000000001
19.152 10.417
19.587 10.466000000000001
19.617 10.441
19.355 10.428
19.403 10.442
19.195 10.470000000000002
19.3 10.423
19.425 10.432
19.358 10.481
19.631 10.433
19.689000000000004 10.49
19.481 10.433
19.688 10.433
19.995 10.506
19.305 10.442000000000002
19.414 10.435
19.775000000000002 10.498
19.665 10.439
19.916999999999998 10.440000000000001
20.136999999999997 10.505999999999998
19.397 10.45
19.654000000000003 10.450000000000001
19.980999999999998 10.511
19.686 10.450000000000001
19.653 10.452
19.8 10.517
19.476999999999997 10.459
19.714000000000002 10.456
20.183 10.513
19.811 10.456
19.485 10.452
19.793 10.517
19.285 10.455
19.415 10.454
20.108 10.533000000000001
19.605 10.491000000000001
19.67 10.491
20.206000000000003 10.543999999999999
19.779 10.472
