36.68159000000001 15.8949
28.002329999999997 14.263300000000001
20.722419999999996 12.802900000000001
29.977909999999998 14.552200000000001
35.006209999999996 15.6518
33.72552999999999 15.606100000000001
27.025640000000006 14.015799999999997
28.864009999999997 14.314000000000002
37.87811 16.091400000000004
32.010690000000004 14.92
28.755029999999998 14.0654
41.701750000000004 16.637300000000003
40.178459999999994 16.545299999999997
38.400130000000004 15.9502
24.14857 13.365400000000003
18.115109999999998 12.2852
28.50053 13.9379
29.62821 13.8764
25.985549999999996 13.531200000000002
28.39003 14.026000000000002
33.3755 14.970600000000001
40.31635 16.0842
24.091649999999998 12.903999999999998
23.05033 12.802
26.023869999999995 13.324
29.277289999999994 14.130099999999999
40.23854 15.97
25.21101 13.056400000000002
19.549840000000003 12.2116
35.27448 14.858300000000002
22.07385 12.605699999999997
23.98694 12.874099999999999
34.89583 14.5276
21.614040000000003 12.4391
22.938480000000002 12.794000000000002
34.572540000000004 14.5253
31.453870000000002 13.929699999999997
29.62424 13.614500000000005
29.83285 13.661200000000001
26.39786 13.118099999999998
25.06421 12.770299999999999
33.28053 14.0858
33.68485999999999 14.1838
21.888189999999994 12.2542
26.410039999999995 12.8918
29.867239999999995 13.389800000000001
21.88989 12.115900000000002
24.500779999999995 12.5522
29.785339999999998 13.3433
21.042489999999997 12.003999999999998
22.18078 12.140999999999998
31.921529999999997 13.47
18.53924 11.484599999999999
19.83194 11.8114
31.352909999999994 13.372
18.54196 11.3995
17.82136 11.4233
33.75010999999999 13.5397
23.445429999999998 12.1053
19.558519999999994 11.527000000000001
26.04266 12.3302
17.89085 11.2511
23.33094 12.0143
33.88682 13.4374
19.7769 11.450099999999999
14.20366 10.7496
25.45648 12.1701
21.436890000000002 11.603099999999998
14.350840000000002 10.719199999999999
23.240159999999992 11.8076
21.24025 11.5145
13.804179999999999 10.607999999999999
20.383499999999998 11.4636
24.68332 11.879299999999999
13.707239999999999 10.550099999999999
18.78748 11.220699999999999
24.394489999999998 11.8316
12.041309999999998 10.278999999999998
18.30539 11.0245
25.982660000000003 11.8815
11.51153 10.2079
18.31882 11.0304
26.618769999999998 11.970199999999998
20.224890000000002 11.250399999999999
17.038919999999997 10.8694
21.985150000000004 11.4445
17.22373 10.9535
13.717009999999998 10.6341
33.14796 12.7584
18.80001 11.1209
11.43671 10.2397
24.315529999999995 11.687699999999998
18.173449999999995 10.985800000000001
9.34528 10.133699999999997
23.28519 11.582
21.04149 11.286999999999999
10.500569999999998 10.097399999999999
22.092339999999997 11.396500000000001
21.18447 11.3063
10.972809999999999 10.123800000000003
19.27216 11.046399999999998
22.03695 11.4075
13.916419999999999 10.424900000000003
18.01211 10.932100000000002
26.931679999999997 12.0293
17.8172 10.9419
18.33594 10.9298
24.36046 11.6973
13.257550000000002 10.454300000000002
21.81974 11.368
28.447719999999997 12.224200000000002
16.20235 10.7973
15.085989999999999 10.655100000000001
23.578229999999998 11.666100000000002
18.00511 10.9999
13.27721 10.4376
25.148519999999998 11.856499999999999
17.95511 11.0229
13.119620000000001 10.4153
24.41424 11.7949
19.38716 11.332
12.901489999999999 10.4408
20.790979999999998 11.3528
20.212259999999997 11.2986
12.803879999999998 10.4405
17.965219999999995 11.1203
20.71953 11.240099999999998
13.50084 10.4053
18.17564 11.074100000000001
27.006959999999996 11.966300000000002
16.548799999999996 10.7876
15.57116 10.6442
24.90243 11.6389
12.756879999999999 10.293999999999999
19.47288 11.0623
26.397159999999996 11.7815
16.261870000000002 10.6401
13.190079999999998 10.312200000000002
19.9092 11.1501
18.1236 10.8907
10.13877 10.0172
22.50882 11.3667
18.54994 10.919300000000002
9.573619999999998 9.9114
20.396939999999997 11.1044
18.830709999999996 10.9583
11.776589999999999 10.1559
18.88822 10.922700000000003
21.75099 11.275
9.833549999999999 9.9543
18.30848 10.8577
25.122999999999994 11.6118
7.9251299999999985 9.7368
18.171349999999997 10.831900000000001
27.59311 12.0379
16.04064 10.8013
17.613640000000004 10.822300000000002
21.71282 11.446000000000002
14.874779999999998 10.6976
19.46661 11.109399999999999
26.272820000000003 11.9583
17.420309999999997 10.939
13.418259999999998 10.5702
23.513279999999998 11.731699999999998
17.419840000000004 10.9782
11.30886 10.1898
25.273849999999996 11.8439
18.666110000000003 11.0703
12.10704 10.276
21.83615 11.390699999999999
18.91176 11.137599999999999
14.42514 10.589799999999999
21.14845 11.346000000000002
20.665639999999996 11.463799999999999
11.010349999999999 10.2539
20.036889999999996 11.244599999999998
25.372149999999998 12.0615
11.824340000000001 10.3853
17.962 11.2056
31.635199999999998 12.886899999999999
20.32566 11.4932
18.264709999999997 11.2604
25.255910000000004 12.1279
17.19698 11.1169
20.12464 11.4338
31.70124999999999 12.9965
17.910659999999996 11.354999999999999
17.14774 11.1063
19.829179999999997 11.4474
18.3157 11.3818
19.822869999999998 11.586099999999998
18.97983 11.4377
23.090249999999994 12.009000000000002
15.288850000000002 10.9166
18.28626 11.3589
27.303870000000003 12.539900000000001
16.171809999999997 11.023299999999999
18.13292 11.3498
33.431869999999996 13.320799999999998
23.40972 11.9756
16.61159 11.117799999999999
26.490239999999993 12.494299999999999
18.17203 11.3012
22.07696 11.788699999999999
34.514869999999995 13.383400000000002
20.804129999999997 11.569299999999998
14.220469999999999 10.7238
27.50786 12.4757
20.158109999999997 11.5329
17.117659999999997 11.0625
24.388659999999998 12.016499999999999
20.97726 11.652099999999999
17.58231 11.135299999999999
20.775399999999998 11.554800000000002
23.684910000000002 12.088000000000001
19.399649999999998 11.4995
18.872429999999994 11.378700000000002
26.624159999999996 12.5273
17.02431 11.1857
17.86596 11.3514
30.358269999999997 13.083699999999999
18.159400000000005 11.404499999999999
19.057149999999996 11.559700000000001
37.02911999999999 14.163900000000002
23.974569999999996 12.446499999999999
19.10591 11.598500000000001
31.567389999999996 13.439600000000002
19.045349999999996 11.7785
25.20714 12.5933
34.49582 14.0848
20.165589999999998 12.1006
23.85091 12.590699999999998
26.04009 12.895699999999998
23.96957 12.6581
23.19281 12.540300000000002
24.4609 12.7642
27.95166 13.3562
22.54681 12.4337
22.903340000000004 12.529499999999997
30.857569999999996 13.862
22.552189999999996 12.5301
22.67597 12.5522
33.479949999999995 14.3536
22.08039 12.499099999999999
20.44595 12.206899999999997
34.98749 14.671800000000001
21.655659999999997 12.4776
24.34458 12.880700000000001
35.746809999999996 14.8536
19.620269999999998 12.223199999999999
24.90999 13.089699999999999
39.98978 15.504999999999999
29.154779999999995 13.7795
16.09666 11.622200000000001
18.703780000000002 12.0419
24.88683 12.578
39.636990000000004 15.276499999999999
39.182900000000004 15.283
28.91379 13.828399999999998
33.62048 14.582999999999998
31.664989999999992 14.0767
31.01454 14.0979
24.664939999999998 13.008600000000001
19.57696 12.0924
27.977819999999998 13.632900000000001
28.427329999999994 13.797199999999998
22.061049999999998 12.6095
33.75538 14.7486
26.63526 13.4963
25.926579999999998 13.4268
34.48849 14.865800000000002
26.121439999999996 13.212800000000001
24.83275 13.115499999999999
37.98843 15.154900000000001
34.164939999999994 14.494399999999999
30.33576 13.883000000000001
32.43947 14.2762
25.669999999999998 13.1477
25.73681 13.067799999999998
31.28109 13.879999999999997
29.3321 13.589500000000001
37.20035000000001 15.0314
36.72245 14.9169
30.505959999999998 13.9182
28.57272 13.434400000000002
25.74696 13.049199999999999
32.842479999999995 14.2491
22.37825 12.4435
