24.25 7.199
24.035999999999998 7.202
24.409 7.199
23.926 7.199
23.302999999999997 7.205
23.668999999999997 7.202
23.59 7.199
22.535 7.199
22.572 7.205
23.401 7.202
21.643 7.196
21.393 7.199
21.948 7.202
22.108 7.199
21.410999999999998 7.199
20.844 7.199
20.654 7.199
21.002 7.199
20.704 7.196
20.201 7.199
20.233 7.202
19.866999999999997 7.196
18.829 7.199
20.220000000000002 7.196
21.369000000000003 7.196
19.916 7.266
19.153000000000002 7.505000000000001
18.853 7.488
18.756999999999998 7.256
18.511 7.313
17.988 7.324999999999999
18.889999999999997 7.322000000000001
19.958 7.322000000000001
18.828 7.319000000000001
19.025 7.322000000000001
19.939999999999998 7.324999999999999
21.692 7.324999999999999
21.881 7.319000000000001
20.909999999999997 7.324999999999999
20.801 7.324999999999999
19.428 7.324999999999999
18.292 7.324999999999999
18.121000000000002 7.327999999999999
18.507 7.324999999999999
18.115000000000002 7.324999999999999
17.407 7.322000000000001
18.195 7.322000000000001
17.182 7.324999999999999
18.72 7.322000000000001
17.932000000000002 7.322000000000001
17.363999999999997 7.322000000000001
17.639000000000003 7.322000000000001
18.72 7.322000000000001
18.469 7.322000000000001
18.018 7.322000000000001
17.523 7.324999999999999
17.041999999999998 7.324999999999999
17.31 7.324999999999999
17.107999999999997 7.322000000000001
16.552999999999997 7.322000000000001
17.285999999999998 7.319000000000001
17.058999999999997 7.322000000000001
17.37 7.322000000000001
18.525 7.322000000000001
17.932000000000002 7.322000000000001
18.377000000000002 7.322000000000001
18.201 7.322000000000001
17.828 7.322000000000001
18.102 7.319000000000001
18.383999999999997 7.319000000000001
19.378 7.325000000000001
19.33 7.319000000000001
20.561999999999998 7.316000000000001
21.356 7.316000000000001
21.307000000000002 7.316000000000001
21.942 7.313
22.32 7.3069999999999995
23.059 7.293999999999999
23.444000000000003 7.278
23.395 7.276999999999998
23.565 7.274
23.823 7.271
24.189 7.276999999999998
24.065000000000005 7.279999999999999
24.847 7.259
26.8 7.253
26.807000000000002 7.253
25.66 7.244000000000001
25.829 7.2410000000000005
25.567999999999998 7.234999999999999
25.372000000000007 7.228999999999999
25.085 7.217
25.695 7.205
24.811 7.202
25.22 7.202
25.421000000000006 7.1899999999999995
26.361 7.186999999999999
27.113 7.184
27.647999999999996 7.1690000000000005
27.551000000000002 7.163
27.476999999999997 7.153999999999999
27.122999999999998 7.150999999999999
27.575 7.136000000000001
26.336000000000006 7.13
26.405 7.124
25.787 7.115
25.507999999999996 7.118
25.695 7.115
26.227999999999994 7.115
26.135 7.106
25.134 7.1000000000000005
24.615000000000002 7.097
24.81 7.094
24.956999999999997 7.084
27.051000000000002 7.077999999999999
27.198 7.077
26.898 7.073
27.308 7.07
27.137 7.063999999999999
26.88 7.057999999999999
27.722 7.054999999999999
27.235 7.039
27.32 7.033
26.715 7.033
27.258 7.027
26.746000000000002 7.024
26.99 7.017999999999999
26.715 7.006000000000001
27.747 7.003000000000001
27.466 6.997000000000001
27.454 6.994
26.978 6.991
26.526 6.9879999999999995
26.721 6.991
26.404 6.981999999999999
27.844 6.973
28.857 6.973
27.917 6.976
26.476999999999997 6.973
26.459 6.976
25.421 6.976
24.883 6.979
24.834999999999997 6.976
25.305 6.979
26.123 6.976
25.523999999999997 6.976
26.788 6.982000000000001
26.817999999999998 6.982000000000001
27.143 6.982000000000001
27.534000000000002 6.979
25.843 6.97
25.549 6.979
26.313000000000002 6.976
26.110999999999997 6.973
26.373 6.967
26.512999999999998 6.97
27.21 6.97
27.155 6.961
27.178 6.964
26.971 6.961
26.892 6.964
26.514000000000003 6.97
26.996 6.964
27.301 6.9670000000000005
26.886 6.964
27.623000000000005 6.967
27.063 6.967
25.989 6.964
26.008 6.964
26.506999999999998 6.964
26.618 6.964
26.136 7.0280000000000005
26.037 7.2700000000000005
26.642 7.263999999999999
26.110999999999997 7.074
25.756999999999998 7.132
25.756999999999998 7.1290000000000004
26.453 7.0680000000000005
26.464 7.0680000000000005
25.922 7.0680000000000005
25.941000000000003 7.0680000000000005
25.500999999999998 7.0680000000000005
25.494 7.0680000000000005
7.7170000000000005 7.068
11.167 7.074
25.506 7.077
25.403 7.083
25.519 7.074
25.281 7.053000000000001
25.769 7.050000000000001
26.428 7.053000000000001
26.447 7.050000000000001
26.659 6.994
26.794 6.925000000000001
27.173000000000002 6.925000000000001
27.46 6.925000000000001
27.586999999999996 6.925000000000001
27.129000000000005 6.925000000000001
27.337 6.9190000000000005
27.216 6.901
27.136 6.906999999999999
26.862 6.904000000000001
27.137 6.901
27.062 6.901
27.544999999999998 6.901
27.576 6.901
27.471999999999998 6.901
26.923 6.901
26.837 6.886
26.508 6.868
26.343 6.868
26.208000000000002 6.865
25.971 6.864000000000001
25.897000000000002 6.864000000000001
26.032 6.864000000000001
25.665 6.864000000000001
25.842 6.861000000000001
26.703 6.867000000000001
26.502000000000002 6.861000000000001
26.325 6.864000000000001
26.532 6.864000000000001
26.953000000000003 6.861000000000001
26.904 6.864000000000001
26.25 6.864000000000001
25.72 6.864000000000001
25.958000000000002 6.864000000000001
26.178 6.864000000000001
25.884 6.864000000000001
26.098999999999993 6.864000000000001
25.121 6.864000000000001
24.621 6.864000000000001
24.836 6.8580000000000005
24.983 6.861000000000001
24.73 6.864000000000001
24.279 6.864000000000001
24.304 6.864000000000001
24.183 6.864000000000001
24.358999999999998 6.864000000000001
25.201 6.864000000000001
26.886 6.867000000000001
26.874 6.867000000000001
26.130000000000003 6.864000000000001
25.964000000000002 6.864000000000001
25.428 6.864000000000001
24.909000000000002 6.867000000000001
25.256 6.864000000000001
25.366 6.867000000000001
25.176999999999992 6.868
24.842 6.867000000000001
25.757 6.870000000000001
25.506 6.867000000000001
25.403 6.870000000000001
25.764 6.867000000000001
25.788 6.870000000000001
25.726000000000006 6.870000000000001
26.063 6.87
25.782 6.870000000000001
24.121 6.871
24.188 6.870000000000001
25.482000000000006 6.870000000000001
25.158 6.866
25.171 6.873
24.895999999999997 6.870000000000001
25.214 6.873
25.062 6.870000000000001
25.573 6.873
25.416 6.873
24.468 6.869
25.47 6.869
26.398000000000003 6.876
25.819 6.87
26.403999999999993 6.873
26.722 6.866
26.874 6.870000000000001
25.868000000000002 6.867000000000001
25.135 6.87
26.073 6.867000000000001
25.61 6.866
25.3 6.866
26.049 6.87
26.557000000000002 6.873
26.275 6.870000000000001
26.001 6.873
25.633 6.87
25.092 6.87
25.733 6.870000000000001
26.191 6.870000000000001
25.201 6.873
