16.427000000000003 24.426000000000002
16.833000000000002 24.604
15.762 24.475
17.209 24.560000000000002
16.776000000000003 24.641
17.318 24.518
16.91 24.610000000000003
16.876 24.659
17.041 24.53
16.922 24.562
17.429 24.724999999999998
18.372 24.639999999999997
16.866999999999997 24.598
16.970999999999997 24.732
17.269000000000002 24.616000000000003
17.416999999999998 24.609
16.955000000000002 24.738
17.282 24.635
16.947 24.573
17.307 24.726
16.894000000000002 24.683000000000003
17.392999999999997 24.621
17.658 24.755
16.391 24.677000000000003
17.285 24.585
16.003 24.658
17.858 24.695
15.824 24.549000000000003
16.613999999999997 24.659000000000002
15.543999999999999 24.7
17.157 24.567000000000004
15.774000000000003 24.628
14.887 24.64
16.146 24.518
15.633000000000003 24.505
50.158999999999985 61.39
62.051 36.864999999999995
67.16799999999999 41.49100000000001
21.231 24.774
15.174000000000001 28.538999999999998
13.466000000000001 24.384
13.456000000000001 24.634
12.952 24.359
12.958 24.322999999999997
13.217 24.604
12.703999999999999 24.328999999999997
12.909 24.299
13.846999999999998 24.584999999999997
14.618000000000004 24.401000000000003
12.546000000000001 24.304000000000002
12.471999999999998 24.578999999999997
12.437 24.322
14.279 24.298000000000002
12.653999999999998 24.598
11.972999999999999 24.323
11.969000000000001 24.267
12.578999999999999 24.293
12.850999999999999 24.561
12.538000000000002 24.340999999999998
32.642900000000004 39.63916
38.72 32.647
18.386999999999997 24.445
19.225199999999997 32.006
22.94405 28.222
25.446 28.401
11.394999999999998 24.224
11.477 24.370000000000005
11.317 24.36
12.522 24.212999999999994
11.325 24.267
11.633000000000001 24.451
11.588 24.226
11.129 24.249000000000002
11.884999999999998 24.413000000000004
11.316 24.207999999999995
11.52 24.224999999999998
11.406999999999998 24.39
11.340999999999998 24.151999999999997
11.188 24.163
11.655999999999999 24.322000000000003
10.817 24.109
10.977000000000002 24.096
11.762999999999998 24.335
11.283000000000001 24.133
10.802999999999999 24.06
11.506 24.285
10.861 24.096
11.765 24.175
10.812 24.212999999999997
11.39 24.04
10.780000000000001 24.078
11.282 24.273
10.715 24.053
11.232000000000001 24.041
10.812 24.255000000000003
10.85 24.072
11.349 24.047
11.292 24.279000000000003
11.481 24.115
11.145000000000001 24.048
10.775 24.231
10.63 24.121
11.21 24.029
11.130999999999998 24.237000000000002
11.447000000000001 24.163999999999998
10.938 24.060000000000002
11.229 24.267000000000003
10.758000000000001 24.084
10.705 23.997999999999998
12.6583 28.057
16.792 24.084
15.074000000000002 28.108
14.470999999999998 24.065
10.848 24.028999999999996
11.295 24.163999999999998
10.845 24.206
11.292 24.134
24.651999999999997 34.957378
35.388 31.865
59.892999999999994 44.301
41.02889999999999 40.7294
25.418000000000003 35.817
37.870000000000005 35.565000000000005
22.153 27.979000000000003
33.3262 35.553999999999995
23.909999999999997 28.081999999999997
13.62 24.023999999999997
10.745 23.785999999999998
20.068199999999997 31.354
16.381999999999998 24.029
31.224 31.751
25.145500000000006 31.622
25.704 31.963
16.401 23.913
11.200000000000001 24.116
11.035 23.851999999999997
11.038 23.834
11.557 24.053
11.901 23.840999999999998
11.297999999999998 23.814999999999998
11.251999999999999 24.005
11.269000000000002 23.792
12.07 23.798
11.858999999999998 23.993
11.909 23.847
11.462000000000002 23.749000000000002
12.764000000000001 23.95
11.63 23.919
11.725000000000001 23.748
11.794 23.791
12.034 24.005
12.5 23.829
12.33 23.820999999999998
12.206999999999999 24.018
12.104000000000001 23.84
11.908000000000001 23.815
11.921999999999999 24.018
19.248199999999997 31.775
14.2161 22.302000000000003
38.122 31.982999999999993
18.868999999999996 23.933
14.26 23.816000000000003
12.325999999999999 23.931
12.283 23.963
12.418999999999999 23.804000000000002
12.635 23.974
12.911999999999999 23.944
12.234 23.793
12.926000000000002 23.943
12.927 24.005
13.581000000000001 23.828
13.036 23.883000000000003
12.745000000000001 24.054000000000002
12.946 23.858
12.598999999999998 23.858999999999998
13.087000000000002 24.041
13.151000000000002 23.9
13.086999999999998 23.840999999999998
12.631999999999998 23.973
13.931 24.060000000000002
13.010000000000002 23.877
12.531 23.845999999999997
12.701 23.942999999999998
12.867999999999999 24.065
13.343 23.876
12.857 23.883000000000003
13.394999999999998 24.096
14.035 23.974
13.189 23.889
13.269 24.018
12.703000000000001 24.078000000000003
13.245999999999999 23.889000000000003
12.97 23.87
13.764 24.011
13.512999999999998 24.102
13.791999999999998 23.930999999999997
13.516999999999998 23.961999999999996
14.304 24.139000000000006
13.150999999999998 23.961
13.801000000000002 23.924
13.51 24.031
13.442000000000002 24.114
14.077 23.955000000000005
13.994000000000002 23.987
14.184999999999997 24.176
14.459 24.029999999999998
13.449 23.967
13.548000000000002 24.080000000000002
13.611999999999998 24.162999999999997
14.042000000000002 23.999
15.052999999999997 24.017
14.203000000000001 24.055
13.777000000000001 24.211999999999996
14.190999999999999 24.055
13.826999999999998 23.985
14.623999999999999 24.091999999999995
14.889 24.230999999999998
14.807000000000004 24.054
13.898 24.018
13.864 24.079
14.841000000000001 24.217999999999996
14.296999999999999 24.055
14.297 24.023
14.697999999999997 24.116
14.257000000000003 24.198999999999998
14.084 24.025
14.276999999999997 24.017
15.067999999999998 24.072999999999997
14.41 24.256
14.415999999999999 24.078
14.371 24.017
14.447 24.151999999999994
14.418999999999999 24.163999999999998
14.62 24.031000000000002
14.638000000000002 24.078999999999997
14.748999999999999 24.25
13.757 24.054000000000002
14.924999999999999 24.03
14.31 24.11
14.749 24.230999999999998
15.545000000000003 24.073
14.101999999999999 24.029999999999998
14.045 24.14
14.618999999999998 24.188000000000002
14.923 24.049000000000003
15.008 24.043000000000003
15.015 24.122
23.419999999999995 31.243000000000006
20.104999999999997 24.116
24.328999999999997 28.145000000000003
15.332 24.096999999999998
14.802999999999999 24.28
14.261 24.073
14.681 24.055
14.806999999999999 24.267
14.538 24.073
14.682999999999998 24.043000000000003
45.1417 56.670524000000015
69.3421528 36.15101
83.72100000000002 64.77099999999999
21.532799999999995 32.177
15.222000000000001 28.332
13.25 23.956
13.943 24.035
13.15 24.224
13.293 23.962999999999994
13.277999999999999 23.957
25.384 32.018
25.519 28.239000000000004
17.929000000000002 24.048000000000002
14.790000000000001 24.048000000000002
13.51 24.237000000000002
14.206 24.139
13.657000000000002 24.022999999999996
14.017000000000001 24.121000000000002
14.572 24.299
15.535999999999998 24.127
13.897 24.303
25.507 32.681900000000006
31.584000000000007 36.266
24.3527 44.394999999999996
19.951000000000004 36.382999999999996
15.326 24.194
14.234 24.244
14.057 24.415
15.229000000000001 24.224999999999998
14.579 24.188000000000002
14.873 24.403
