36.54975 16.079099999999997
31.722700000000003 15.2032
37.608639999999994 16.103
38.91879999999999 16.3973
37.4246 16.2119
34.36429 15.2136
29.783320000000003 14.3982
32.814460000000004 15.283900000000001
27.59007 14.160699999999999
34.20133 15.4667
40.38335 16.7115
38.08590000000001 16.034399999999998
34.8256 15.393399999999998
33.81013 15.249200000000002
27.013330000000003 13.848900000000002
28.255889999999994 14.396600000000003
37.55985 16.195300000000003
26.81445 13.678199999999999
30.539179999999998 14.5975
35.85873 15.487100000000002
27.916059999999998 14.062399999999997
29.53615 14.512500000000001
34.51242 15.482200000000002
28.013960000000004 14.206299999999999
31.68036 15.133200000000002
32.27863 15.010100000000001
29.50285 14.610100000000001
33.67658 15.202499999999999
31.77903 14.643999999999998
29.151539999999997 14.231499999999997
32.634519999999995 15.3665
32.876740000000005 15.120600000000001
41.20864 17.14
44.49508 17.449200000000005
33.64687 14.888200000000001
27.475440000000003 13.770500000000002
22.675090000000004 12.959100000000001
24.145310000000002 13.2058
41.63592 16.9131
40.275800000000004 16.4713
38.46744 15.9947
31.03588 14.5871
14.771339999999999 11.5208
27.58217 14.2626
42.149750000000004 17.4508
47.66156 18.5178
37.738499999999995 16.201
27.349970000000003 13.9622
24.03781 13.348900000000002
20.73708 12.8044
24.76877 13.4274
39.12872999999999 16.290900000000004
37.126740000000005 15.9492
34.17203 14.865899999999998
27.43448 13.381499999999999
21.954749999999997 12.436099999999998
28.4937 13.5027
27.522559999999995 12.928500000000001
23.25711 12.219299999999999
28.036270000000002 12.7526
22.860239999999997 12.0612
19.57948 11.660199999999998
31.30627 13.3897
20.210040000000003 11.648
24.518169999999998 12.2823
37.94843 14.168200000000002
18.82873 11.4234
18.632850000000005 11.2617
38.5141 13.857599999999998
20.97074 11.469
16.55348 10.942499999999999
31.928759999999993 12.5115
15.51419 10.65
22.91706 11.5047
32.21176 12.792799999999998
18.093500000000002 11.0391
15.095 10.5351
26.037649999999996 11.8993
17.705800000000004 10.906500000000001
12.582780000000001 10.3491
26.361929999999994 12.171199999999999
21.461840000000002 11.5473
15.59463 10.732099999999999
24.65998 11.7506
19.029490000000003 11.057400000000001
15.970199999999998 10.6605
22.082040000000003 11.539799999999998
19.506330000000002 11.130099999999999
16.19679 10.703399999999998
18.738660000000003 10.9551
22.971940000000004 11.617099999999999
17.7899 10.8734
18.354270000000003 10.953100000000001
26.48231 12.0435
12.3287 10.2457
17.56548 10.874799999999999
33.23655 12.7864
13.73211 10.3786
18.04731 10.8402
31.492990000000002 12.581700000000001
21.549860000000002 11.426099999999998
19.97913 11.188099999999999
25.216939999999994 11.9447
17.5563 10.918300000000002
20.82766 11.2743
30.694050000000004 12.693700000000002
18.30922 11.0367
19.37836 11.182599999999999
26.17969 12.043099999999999
21.537290000000002 11.323299999999998
14.618150000000002 10.493599999999999
23.75407 11.711999999999998
24.96378 11.866
16.747799999999998 10.7803
22.499600000000004 11.577499999999999
20.985319999999998 11.511499999999998
17.241120000000002 11.0271
19.537480000000002 11.1571
25.907410000000002 11.9922
14.661700000000003 10.590499999999999
17.88755 11.1526
28.47608 12.390700000000002
14.56484 10.5145
17.19551 10.924800000000001
32.88604 12.977799999999998
22.38137 11.5604
18.11508 10.970400000000001
27.309559999999994 12.150100000000002
16.17766 10.703100000000001
19.81799 11.2613
31.673810000000003 12.7447
18.1837 10.8455
14.870379999999999 10.4235
25.08574 11.7128
17.23917 10.901299999999999
16.05858 10.711100000000002
23.28931 11.5828
18.77572 10.939099999999998
14.925749999999999 10.3942
22.71426 11.3832
19.28291 11.1401
11.76824 10.102100000000002
20.743880000000004 11.181400000000002
20.90826 11.2425
13.82106 10.3573
17.69532 10.949799999999998
22.94518 11.6157
15.097330000000001 10.517999999999999
16.6095 10.838599999999998
24.414609999999996 11.675799999999999
13.84832 10.412099999999999
16.454030000000003 10.750099999999998
27.084569999999996 12.16
21.20421 11.416500000000001
17.92463 10.843700000000002
21.744989999999998 11.5373
17.069699999999997 10.932
19.775090000000002 11.1121
28.54467 12.241299999999999
19.995609999999996 11.2137
18.131999999999998 10.9584
23.105030000000003 11.6728
18.657269999999997 11.1951
15.763269999999999 10.824899999999998
23.02751 11.6642
23.94875 12.0403
15.210520000000002 10.877799999999999
20.39765 11.353399999999999
24.635559999999998 12.0091
17.193350000000002 11.0111
17.22443 11.0692
26.39893 12.4194
18.573970000000003 11.319999999999999
17.208820000000003 11.172699999999997
27.609070000000003 12.886599999999998
19.43229 11.6555
18.93629 11.3515
33.1559 13.5888
19.894740000000002 11.837
21.87237 12.2006
29.91937 13.202
17.17394 11.319899999999999
21.30544 11.7915
27.10008 12.570199999999998
20.408 11.7839
21.790169999999996 12.1074
23.22561 12.3108
20.63212 11.728700000000002
22.453940000000003 12.166500000000001
18.33551 11.5859
22.58733 12.4269
26.31095 12.995400000000002
26.65084 12.7615
30.68561 13.3383
17.20615 11.3537
17.49686 11.292
33.07447 13.5134
20.16878 11.735999999999997
17.715059999999998 11.413499999999999
34.47139000000001 13.923799999999996
26.93181 12.765299999999998
20.48576 11.9345
29.92298 13.2134
21.6429 12.079699999999999
22.69317 12.1593
35.39996 13.824699999999998
22.600939999999998 12.053600000000001
22.0395 11.7937
25.956260000000004 12.540399999999998
20.315459999999998 11.740699999999999
20.51133 11.74
21.57278 11.8863
19.50336 11.937299999999999
23.06682 12.323300000000001
23.908610000000003 12.4657
23.416199999999996 12.642600000000002
25.3953 12.914
18.86099 11.7457
27.567449999999997 13.326400000000001
25.872229999999995 13.099200000000003
20.20614 12.3112
27.09223 13.4518
25.773860000000003 13.195199999999998
29.544479999999997 13.921899999999997
34.36653999999999 14.703200000000002
29.67494 13.878499999999999
23.367639999999998 12.867899999999999
19.63521 12.3735
25.30617 13.376199999999999
33.80035 14.584900000000001
29.83089 13.8414
30.98503 14.194299999999998
28.140790000000003 13.8294
26.39779 13.4572
28.38578 13.9628
23.407489999999996 13.1163
23.437660000000005 13.1752
26.78587 13.8097
27.38641 13.9128
19.31531 12.2947
25.615160000000003 13.6136
31.183140000000005 14.519100000000002
29.971370000000004 14.2801
30.451700000000002 14.7171
27.827900000000007 14.3656
31.443080000000002 14.991100000000001
35.874979999999994 15.7477
29.137649999999997 14.3209
33.271660000000004 15.139000000000003
34.61594 15.453800000000001
34.379110000000004 15.652800000000003
38.91828 16.6372
38.04297 16.4037
29.311919999999997 14.680700000000002
33.456010000000006 15.5401
27.55376 14.5427
35.63029999999999 15.936299999999997
41.78422 17.1387
34.98082000000001 15.8462
35.93418 16.519499999999997
34.02736 15.756800000000002
34.60919 15.9244
35.9739 16.2128
32.78468 15.6345
32.493219999999994 15.6724
31.823940000000007 15.992799999999999
32.118489999999994 15.634999999999998
31.846760000000003 15.5957
36.58875 16.3624
38.188919999999996 16.634300000000003
33.60454 15.814099999999998
34.2932 15.845999999999998
36.16711 16.2047
31.74843 15.2675
37.63662000000001 16.466
40.0547 16.6828
37.1762 16.2445
33.59502 15.484499999999999
31.96411 15.053200000000002
34.2737 15.466300000000002
32.145410000000005 15.197300000000002
31.954050000000002 15.137800000000004
38.79182999999999 16.5581
39.29036 16.483
35.18452 15.6361
30.634419999999995 15.274799999999999
29.334229999999994 14.425799999999999
32.869350000000004 15.067400000000001
