8.3923 7.423399999999999
7.3418 7.3631
8.2231 7.3571
7.2716 7.283100000000001
8.0369 7.3738
7.6486 7.394599999999999
7.8643 7.382999999999998
7.424899999999999 7.3625
7.774400000000001 7.338
7.3823 7.293100000000001
7.784199999999999 7.376199999999999
7.263 7.3898
8.4312 7.434199999999999
7.9123 7.436400000000002
8.355 7.374499999999999
7.9796 7.339400000000001
8.7311 7.359399999999999
7.952000000000001 7.3433
8.500499999999999 7.384499999999999
7.906499999999999 7.3725
8.496799999999999 7.3477999999999986
7.7964 7.3568999999999996
8.603599999999998 7.369299999999999
7.840799999999999 7.3488000000000016
8.9036 7.4226
7.8729000000000005 7.3578
9.1659 7.404999999999999
7.746900000000001 7.423399999999999
8.2923 7.341899999999998
7.6911 7.408299999999998
8.569299999999998 7.384499999999999
7.216799999999999 7.2937
8.6296 7.311299999999998
10.004000000000001 7.396700000000001
8.445 7.457799999999999
8.3861 7.439499999999999
8.603699999999998 7.417999999999999
7.6194 7.363300000000001
8.5397 7.396800000000001
7.5874999999999995 7.341100000000002
8.1436 7.363899999999998
7.433300000000001 7.3814
8.234499999999999 7.367699999999999
7.2022 7.393800000000001
8.094 7.4518
7.2860000000000005 7.348599999999999
8.5281 7.378399999999999
7.767399999999999 7.4493
8.6044 7.4456
7.6264 7.362400000000003
8.596 7.487399999999999
7.6903 7.426399999999999
8.4159 7.408899999999999
7.5775999999999994 7.444700000000001
8.3701 7.3655
7.528700000000001 7.346399999999999
8.211400000000001 7.362399999999999
7.527199999999999 7.358599999999998
8.2252 7.4262999999999995
7.151199999999999 7.3768
8.208599999999999 7.344199999999999
7.6697 7.348599999999999
8.1185 7.3404
7.3891 7.331
8.244499999999999 7.3685
7.310599999999999 7.4097
7.5674 7.447699999999998
7.2075 7.428799999999999
9.4682 7.473000000000001
7.092100000000001 7.4403
7.775800000000001 7.356399999999999
7.1785000000000005 7.392200000000002
7.8145999999999995 7.499700000000001
7.643999999999999 7.4571
7.9154 7.4578999999999995
7.373700000000001 7.431799999999998
7.698099999999999 7.3820999999999986
7.228699999999999 7.4409
8.067300000000001 7.3553999999999995
7.6988 7.327299999999999
8.0644 7.409700000000001
7.2501 7.316599999999999
8.120800000000001 7.3515999999999995
7.106100000000001 7.331199999999999
8.0801 7.4259
7.7064 7.364699999999999
8.3045 7.4257
7.6911000000000005 7.459199999999999
8.2923 7.4327000000000005
7.322699999999998 7.399699999999999
8.1504 7.4127
7.559200000000001 7.3631
8.033700000000001 7.407499999999999
7.459199999999999 7.4074
8.065900000000001 7.417999999999999
7.391300000000001 7.299799999999999
10.3195 7.4173
7.875 7.415000000000001
8.6265 7.392900000000001
8.259500000000001 7.3364
8.8766 7.362400000000001
8.0131 7.3664
9.314499999999999 7.439500000000001
7.859700000000001 7.402800000000001
8.707400000000002 7.4723999999999995
7.6956999999999995 7.330500000000001
8.4725 7.3846
7.950499999999999 7.3228
8.5007 7.3822
7.875700000000001 7.360899999999999
8.95 7.4434000000000005
7.9444 7.4693
9.019400000000001 7.4279
7.5432 7.4754000000000005
8.6403 7.3945
7.711100000000001 7.3951
8.599799999999998 7.5105
9.564300000000001 7.4666999999999994
8.6092 7.4119
7.741500000000001 7.399799999999999
8.6905 7.421900000000001
8.4207 7.406599999999999
9.397400000000001 7.513400000000001
8.4482 7.4853000000000005
9.074499999999999 7.4068
7.4989 7.3655
8.3772 7.4348
7.8366999999999996 7.363899999999999
8.4427 7.4333
7.7204 7.4097
8.476199999999999 7.4242
7.957400000000001 7.377600000000001
8.5571 7.4738
7.9088 7.444899999999999
8.7303 7.494300000000001
8.3489 7.4739
9.515200000000002 7.504999999999999
9.8837 7.470000000000001
8.836200000000002 7.415100000000001
8.1131 7.4638
8.674499999999998 7.468500000000001
7.6667 7.4594
7.935299999999999 7.439499999999999
7.84 7.46
8.607500000000002 7.4638
7.9437999999999995 7.383000000000001
9.101899999999999 7.391400000000001
7.6379 7.4112
7.5333 7.338800000000001
6.940500000000001 7.384600000000001
7.1091000000000015 7.460700000000001
6.813799999999999 7.3683999999999985
6.919599999999999 7.2929
6.668100000000001 7.323499999999999
6.955 7.332800000000001
6.766499999999999 7.3180000000000005
7.3129 7.4257
7.123700000000001 7.343200000000001
7.1915 7.359400000000001
7.1221000000000005 7.3189
7.369200000000001 7.3699
6.8963 7.402
7.1114000000000015 7.4281
6.976399999999999 7.2722999999999995
7.192900000000001 7.370699999999999
7.265400000000001 7.342599999999999
7.160900000000001 7.3431999999999995
6.7497 7.353400000000001
7.302100000000002 7.4486
7.076300000000001 7.4508
7.421899999999999 7.434100000000001
6.9344 7.4058
7.2046 7.4914000000000005
7.072600000000001 7.405900000000002
6.964 7.351800000000002
7.071000000000001 7.3129
7.3632 7.3469999999999995
7.230300000000001 7.4616
7.129699999999999 7.3532
6.9298 7.3012999999999995
7.287600000000001 7.394400000000001
6.935099999999999 7.3326
7.2546 7.334900000000001
7.2166999999999994 7.3296
7.3669 7.3983000000000025
7.042 7.3509
7.2297 7.3637999999999995
7.235600000000001 7.398200000000001
7.424199999999999 7.4830000000000005
7.238800000000001 7.3059
7.4904 7.3533
6.998500000000001 7.358500000000001
7.3111999999999995 7.405100000000001
7.247999999999999 7.301399999999999
7.476000000000001 7.363800000000001
7.331800000000001 7.342600000000001
7.438000000000001 7.399700000000001
7.357000000000001 7.474399999999999
7.548499999999998 7.403700000000001
7.273900000000001 7.464700000000001
7.4158 7.4295
7.4388000000000005 7.4257
7.6018 7.4693
7.5234 7.450099999999998
7.541600000000001 7.3126999999999995
7.496600000000001 7.3882
7.6194999999999995 7.4615
7.216 7.426999999999999
7.295999999999999 7.3547
7.2364999999999995 7.3464
7.180099999999999 7.344099999999999
6.871100000000001 7.306699999999999
7.437099999999999 7.4242
6.9107 7.3921
7.220399999999999 7.4379
6.7284 7.456899999999999
7.204500000000001 7.4699
6.9222 7.362600000000001
7.2037 7.359999999999999
6.9954 7.377599999999999
7.1403 7.3099
6.9062 7.282299999999998
6.920800000000002 7.309699999999999
6.823600000000001 7.312
7.196699999999999 7.3937
7.0656 7.4324
7.297599999999998 7.4821
6.9579 7.422400000000001
6.876399999999999 7.3645000000000005
6.7833000000000006 7.325000000000001
6.6030999999999995 7.381500000000001
6.7284 7.3724
7.303499999999999 7.4424
6.8892 7.481400000000001
6.8993 7.394299999999999
6.5774 7.3547
6.8145999999999995 7.3790000000000004
6.4811000000000005 7.4103
6.723 7.419499999999999
6.8504 7.319600000000001
6.6292 7.3311
6.6231 7.4211
6.556000000000001 7.351100000000001
6.6689 7.3617
7.2044999999999995 7.3395
6.7033000000000005 7.3577
6.7015 7.3568999999999996
6.4788 7.431
6.992200000000001 7.399
6.4659 7.3371
7.0184 7.4089
6.5774 7.3547
6.8817 7.3907
6.3972 7.3294999999999995
6.8924 7.3814
6.468 7.3058
6.5704 7.3204
6.391900000000001 7.4044
6.529900000000001 7.525600000000001
6.495000000000001 7.463899999999998
6.404800000000001 7.3401000000000005
7.0635 7.283600000000002
7.349500000000001 7.340199999999999
6.9963000000000015 7.357699999999999
7.7631000000000006 7.486799999999999
7.884200000000001 7.4417
7.797899999999999 7.4097
7.7917 7.4029
7.6743999999999994 7.4034
7.330299999999999 7.4319
7.7309 7.3974
7.496600000000001 7.433999999999999
7.8399 7.440199999999998
7.498200000000001 7.4776
7.3433 7.391400000000001
7.5317 7.372999999999999
7.7903 7.472200000000001
7.554600000000001 7.424199999999999
7.593500000000001 7.436399999999999
7.617099999999999 7.4624
7.3287 7.3999999999999995
7.5813999999999995 7.447899999999999
9.8736 7.516199999999998
9.875200000000001 7.4188
14.232 7.753699999999999
9.0012 7.5118
9.016499999999999 7.5463000000000005
11.982999999999999 7.502500000000001
