15.854000000000001 14.356000000000002
28.52 14.466000000000001
13.84 7.227
12.920000000000002 7.227
13.62 7.239
15.229999999999999 7.288
15.010000000000002 7.2749999999999995
14.580000000000002 7.263
14.67 7.251
13.18 7.263
14.280000000000001 7.324
16.09 7.288
14.580000000000002 7.263
13.4 7.239
15.409999999999998 7.312
15.229999999999999 7.324
16.24 7.324
13.38 7.251
15.939999999999998 7.3
13.79 7.263
13.99 7.288
14.7 7.324
15.310000000000002 7.312
16.11 7.312
15.28 7.324
15.55 7.312
15.989999999999998 7.335999999999999
14.16 7.2749999999999995
17.53 7.324
15.89 7.324
16.28 7.324
13.77 7.288
16.02 7.349
15.75 7.324
15.8 7.312
15.110000000000001 7.324
16.31 7.324
15.67 7.335999999999999
15.28 7.3
17.5 7.349
14.89 7.312
16.14 7.349
14.14 7.324
14.67 7.335999999999999
15.65 7.312
15.989999999999998 7.324
14.67 7.324
15.870000000000001 7.312
16.38 7.335999999999999
14.62 7.3
16.99 7.335999999999999
13.750000000000002 7.3
15.160000000000002 7.335999999999999
16.189999999999998 7.312
15.53 7.288
15.260000000000002 7.288
16.04 7.324
16.63 7.312
14.92 7.288
16.89 7.324
14.580000000000002 7.2749999999999995
17.31 7.324
15.409999999999998 7.312
16.7 7.312
14.62 7.288
14.99 7.335999999999999
15.010000000000002 7.3
15.7 7.324
15.43 7.312
15.620000000000001 7.3
15.09 7.324
16.21 7.312
14.48 7.312
15.409999999999998 7.288
15.06 7.324
14.16 7.312
17.21 7.335999999999999
14.04 7.288
14.45 7.349
15.329999999999998 7.3
14.99 7.312
14.09 7.3
15.310000000000002 7.324
15.620000000000001 7.288
15.53 7.2749999999999995
16.06 7.324
16.38 7.312
15.409999999999998 7.324
14.97 7.312
17.07 7.312
14.16 7.2749999999999995
16.21 7.324
15.28 7.3
15.67 7.312
15.379999999999999 7.288
15.939999999999998 7.312
15.010000000000002 7.3
15.53 7.3
17.82 7.312
14.23 7.263
17.68 7.324
15.939999999999998 7.288
15.310000000000002 7.2749999999999995
16.650000000000002 7.3
15.06 7.2749999999999995
16.28 7.288
14.940000000000001 7.263
14.48 7.288
14.549999999999999 7.335999999999999
16.99 7.324
14.84 7.2749999999999995
17.68 7.312
13.919999999999998 7.2749999999999995
15.989999999999998 7.324
16.11 7.335999999999999
16.259999999999998 7.312
14.330000000000002 7.3
15.55 7.361
15.67 7.312
15.840000000000002 7.3
13.77 7.324
15.770000000000001 7.349
16.939999999999998 7.335999999999999
15.620000000000001 7.288
16.09 7.324
16.669999999999998 7.349
15.6 7.324
16.85 7.349
14.67 7.288
17.14 7.312
14.26 7.312
16.939999999999998 7.324
14.6 7.263
16.63 7.3
15.89 7.288
15.479999999999999 7.2749999999999995
15.110000000000001 7.288
16.669999999999998 7.324
16.259999999999998 7.312
14.92 7.3
15.14 7.324
17.24 7.361
15.89 7.3
15.989999999999998 7.288
15.7 7.288
15.110000000000001 7.2749999999999995
17.31 7.335999999999999
16.89 7.3
15.409999999999998 7.2749999999999995
17.14 7.312
14.09 7.2749999999999995
14.399999999999999 7.324
16.919999999999998 7.361
16.939999999999998 7.324
17.31 7.312
14.430000000000001 7.2749999999999995
14.45 7.288
17.36 7.361
14.45 7.335999999999999
15.310000000000002 7.324
13.669999999999998 7.335999999999999
13.55 7.324
15.329999999999998 7.349
15.870000000000001 7.324
15.920000000000002 7.3
14.87 7.312
16.63 7.324
17.14 7.324
13.819999999999999 7.3
16.189999999999998 7.335999999999999
15.06 7.335999999999999
16.939999999999998 7.349
17.31 7.324
15.160000000000002 7.312
13.350000000000001 7.312
17.330000000000002 7.324
14.360000000000001 7.349
15.65 7.312
16.939999999999998 7.349
15.43 7.312
13.059999999999999 7.361
13.700000000000001 7.324
15.379999999999999 7.335999999999999
17.46 7.335999999999999
14.92 7.3
15.65 7.312
15.920000000000002 7.3
16.48 7.349
15.89 7.335999999999999
16.189999999999998 7.335999999999999
17.02 7.324
15.6 7.335999999999999
16.7 7.324
15.190000000000001 7.3
17.11 7.324
16.21 7.324
16.869999999999997 7.324
15.190000000000001 7.288
16.63 7.349
15.28 7.324
15.770000000000001 7.312
15.840000000000002 7.349
16.919999999999998 7.335999999999999
14.89 7.288
14.23 7.2749999999999995
15.620000000000001 7.349
14.940000000000001 7.335999999999999
16.43 7.335999999999999
13.99 7.312
14.31 7.324
17.990000000000002 7.349
14.45 7.288
16.99 7.335999999999999
14.16 7.3
17.07 7.349
13.43 7.3
14.430000000000001 7.335999999999999
17.26 7.335999999999999
15.229999999999999 7.3
16.21 7.324
16.43 7.312
15.55 7.335999999999999
14.580000000000002 7.324
13.77 7.335999999999999
12.6 7.324
13.62 7.349
13.94 7.335999999999999
15.14 7.324
13.23 7.335999999999999
13.889999999999999 7.324
14.89 7.335999999999999
14.23 7.335999999999999
16.7 7.349
15.840000000000002 7.312
15.920000000000002 7.349
14.280000000000001 7.324
16.41 7.361
17.65 7.361
15.72 7.312
16.38 7.312
17.990000000000002 7.361
14.360000000000001 7.335999999999999
17.07 7.335999999999999
15.7 7.335999999999999
18.02 7.335999999999999
15.010000000000002 7.312
16.06 7.335999999999999
13.350000000000001 7.361
13.16 7.349
15.920000000000002 7.335999999999999
15.160000000000002 7.335999999999999
15.989999999999998 7.335999999999999
16.46 7.324
14.580000000000002 7.312
13.889999999999999 7.335999999999999
15.55 7.335999999999999
14.04 7.335999999999999
14.11 7.324
17.04 7.335999999999999
15.43 7.324
13.350000000000001 7.324
16.04 7.361
17.5 7.335999999999999
14.7 7.312
13.569999999999999 7.324
12.839999999999998 7.349
12.790000000000001 7.349
12.770000000000001 7.335999999999999
13.11 7.349
14.31 7.324
16.43 7.324
15.010000000000002 7.288
15.43 7.324
15.28 7.312
14.940000000000001 7.324
13.18 7.324
12.82 7.324
13.04 7.349
15.310000000000002 7.335999999999999
15.379999999999999 7.335999999999999
13.5 7.324
13.79 7.335999999999999
15.89 7.349
15.21 7.335999999999999
16.6 7.335999999999999
15.840000000000002 7.324
16.33 7.312
15.379999999999999 7.335999999999999
