9.0546 7.3099
9.4302 7.334900000000001
9.412999999999998 7.3883
8.6486 7.352500000000001
9.429199999999998 7.4587
8.587 7.434099999999999
9.4736 7.3906
8.5915 7.3517
9.596600000000002 7.3242
8.4848 7.3858999999999995
9.597300000000002 7.324999999999999
8.168000000000001 7.327999999999999
9.079 7.4698
9.3075 7.438000000000001
9.1878 7.353199999999998
8.5343 7.3807
9.3267 7.3853
8.539599999999998 7.401199999999999
9.438899999999999 7.3814
8.4983 7.2387999999999995
9.6487 7.431799999999999
8.7448 7.364699999999999
9.503699999999998 7.519600000000001
8.592200000000002 7.3698
9.356700000000002 7.3294
8.8341 7.338699999999999
10.133799999999999 7.327199999999999
8.987499999999999 7.367099999999999
9.975399999999999 7.3783
8.8013 7.3668999999999984
9.511299999999999 7.464600000000001
8.793599999999998 7.5234
9.5705 7.4378
8.831800000000001 7.384399999999999
9.6475 7.421299999999999
8.383299999999998 7.3074
9.390200000000002 7.381499999999999
8.8409 7.4113
9.199499999999999 7.427200000000001
8.5594 7.4262999999999995
9.368599999999999 7.523300000000001
8.339 7.4128
9.304800000000002 7.4157
8.386200000000002 7.372200000000001
9.536999999999999 7.360900000000001
8.6312 7.402
9.118699999999999 7.431099999999999
7.999500000000001 7.4006
9.5333 7.3237
8.4542 7.3676
9.5984 7.307399999999999
8.2008 7.408100000000001
8.821200000000001 7.376099999999999
7.984300000000001 7.301100000000001
8.9364 7.2336
8.5282 7.352399999999999
8.851599999999998 7.2991
7.9697000000000005 7.2923
8.7753 7.349500000000001
7.8607 7.3204
8.9065 7.349399999999999
8.2398 7.3128
8.9631 7.5012
8.223799999999999 7.466200000000001
8.3871 7.390700000000002
7.967499999999999 7.307400000000001
8.152 7.456899999999999
7.7584 7.3832
8.3023 7.352500000000001
7.8011 7.390499999999999
8.1329 7.441600000000001
7.5264 7.417299999999999
8.5175 7.363899999999999
7.6339999999999995 7.370699999999999
8.619200000000001 7.376099999999999
7.425 7.348599999999999
8.5227 7.3822
7.9673 7.360199999999999
8.0269 7.327100000000001
7.6735999999999995 7.296799999999999
8.520599999999998 7.4227
8.2244 7.345699999999999
8.254999999999999 7.3219
7.495199999999999 7.4043
8.4868 7.458500000000001
7.853599999999999 7.4059
8.5898 7.311100000000001
7.9590000000000005 7.297699999999999
8.7693 7.392899999999999
8.190900000000001 7.4140999999999995
8.411299999999999 7.364599999999999
8.042900000000001 7.344199999999999
8.409799999999999 7.4286
8.1026 7.392899999999999
8.8609 7.5225
7.914099999999999 7.469200000000001
8.854599999999998 7.406700000000001
8.094800000000001 7.446999999999999
9.068099999999998 7.425800000000001
8.4374 7.3921
8.6926 7.433999999999999
8.0056 7.563800000000001
8.792200000000001 7.528699999999999
8.3275 7.4668
8.5747 7.4722
8.283299999999999 7.567499999999999
8.9619 7.5066999999999995
7.6454 7.4432
9.254800000000001 7.4555
8.0557 7.537800000000002
9.6837 7.5379000000000005
8.763100000000001 7.467599999999999
9.12 7.55
8.722 7.5348
9.0377 7.508800000000002
8.378700000000002 7.489799999999999
9.035499999999999 7.5103
8.3368 7.578899999999999
9.356800000000002 7.4262999999999995
8.080400000000001 7.4914000000000005
9.722800000000001 7.447799999999999
8.2679 7.486799999999999
9.3382 7.503399999999999
8.2833 7.467599999999999
9.4562 7.463900000000001
7.854500000000001 7.4235
9.1073 7.472999999999999
8.542 7.537000000000001
9.1874 7.578199999999999
8.419200000000002 7.5127
8.792300000000001 7.516400000000001
7.946700000000001 7.481400000000001
8.5952 7.552200000000001
8.4234 7.503500000000002
8.9203 7.547599999999999
8.2365 7.5562000000000005
9.086500000000001 7.653800000000001
8.452700000000002 7.496000000000001
9.2697 7.527099999999999
7.958900000000001 7.5303
8.8908 7.528000000000001
7.6318 7.4997
8.659100000000002 7.5141
7.5440000000000005 7.481999999999999
8.7978 7.5440000000000005
8.1451 7.5034
8.3642 7.553799999999999
7.7996 7.4311
8.732600000000001 7.463
8.151200000000001 7.528000000000001
8.354200000000002 7.549300000000001
8.1001 7.572200000000001
8.966699999999998 7.564399999999999
8.157200000000001 7.531599999999999
8.7234 7.579700000000001
7.4836 7.472899999999999
8.9661 7.5249
8.1528 7.562399999999999
9.3258 7.566199999999998
8.560899999999998 7.5066999999999995
8.8725 7.5416
8.541199999999998 7.4754000000000005
8.8745 7.489700000000001
8.6563 7.557699999999999
8.8638 7.4059
8.4488 7.437100000000001
9.2324 7.5531
8.302200000000001 7.484400000000003
9.5459 7.5813999999999995
8.1542 7.460800000000001
9.205700000000002 7.480500000000001
8.6196 7.511199999999999
8.6464 7.5898
8.2329 7.4532
8.7677 7.443999999999999
8.654100000000001 7.536899999999999
9.356399999999999 7.468500000000001
8.241200000000001 7.4011000000000005
9.3672 7.5859
8.412 7.4769000000000005
9.1401 7.5072
8.984399999999999 7.460799999999999
9.269300000000001 7.478999999999999
8.650300000000001 7.5123999999999995
9.525 7.592900000000001
8.568499999999998 7.553799999999999
9.582199999999998 7.562099999999999
8.409100000000002 7.516500000000001
9.214599999999999 7.510399999999999
7.9788000000000014 7.534700000000001
9.523599999999998 7.5485
8.377 7.4777
8.858099999999999 7.4943
8.881 7.5295000000000005
8.590800000000002 7.505000000000001
8.8631 7.474399999999999
8.676899999999998 7.521
8.556300000000002 7.5173000000000005
9.226899999999999 7.483700000000002
8.0299 7.428800000000001
8.906600000000001 7.599500000000001
7.987899999999999 7.578500000000001
9.071200000000001 7.584299999999999
8.5527 7.550699999999999
8.7319 7.4877
8.8844 7.4432
9.1674 7.544200000000001
8.8035 7.5318
9.576 7.5332
8.225999999999999 7.4990000000000006
8.7041 7.491300000000001
8.165 7.5623
8.501399999999999 7.4905
8.074200000000001 7.495
8.786 7.517400000000002
8.649199999999999 7.5111
8.5572 7.5607
8.1267 7.518500000000001
8.6824 7.4783
8.1261 7.495099999999999
8.7331 7.604900000000001
7.6021 7.4585
8.6761 7.533300000000001
8.171100000000001 7.4442
8.3769 7.4921
8.2207 7.485899999999999
8.3343 7.5516
7.5876 7.527200000000001
8.4182 7.466700000000001
8.0207 7.431700000000001
8.8136 7.474499999999999
7.6643 7.474499999999999
8.686 7.5798000000000005
8.0109 7.4334
8.1466 7.421900000000001
8.044500000000001 7.4729
8.2152 7.4128
8.3 7.490400000000001
8.8872 7.495199999999999
7.5378 7.5059000000000005
8.5861 7.521
7.8003 7.4959999999999996
8.603700000000002 7.5103
7.9346 7.5318
8.156500000000001 7.505700000000001
8.0788 7.463100000000001
8.2901 7.5623
7.6278 7.4974
8.1192 7.491300000000001
7.4373 7.455299999999999
8.2603 7.5432
7.8904000000000005 7.5264
8.2138 7.463899999999998
8.1162 7.486
7.9773 7.502000000000001
8.074200000000001 7.4905
7.923199999999999 7.498199999999999
7.882 7.4615
8.043700000000001 7.4432
7.718699999999999 7.4501
8.763 7.425000000000001
7.824600000000001 7.3846
8.921800000000001 7.4698
7.871299999999999 7.4806
9.335 7.467
9.0665 7.4714
9.324399999999999 7.5158000000000005
8.868300000000001 7.464600000000002
8.749400000000001 7.5043000000000015
8.9065 7.569100000000001
8.933300000000001 7.514900000000001
8.7551 7.4508
8.7497 7.5691
8.9628 7.493600000000002
9.058 7.453800000000001
8.575099999999999 7.497299999999998
9.015 7.472900000000002
8.4182 7.491299999999999
9.124600000000001 7.482100000000001
8.226700000000001 7.4312000000000005
8.8316 7.485899999999999
8.665799999999999 7.453799999999999
9.082799999999999 7.440200000000001
8.562100000000001 7.441600000000001
9.0772 7.485900000000001
8.7525 7.4364
8.6494 7.4905
8.285499999999999 7.486799999999999
