36.771 15.272999999999998
34.980999999999995 15.289999999999997
33.472 15.268
34.481 15.271
38.152 15.275
38.16499999999999 15.281999999999998
34.871 15.277
41.641 15.282000000000002
44.449000000000005 15.269999999999998
40.574000000000005 15.272
33.48700000000001 15.269999999999998
37.851 15.271
34.915 15.267999999999999
33.211999999999996 15.286
43.929 15.283
36.198 15.281999999999998
43.18300000000001 15.284999999999998
36.563 15.275999999999998
30.448999999999998 15.263000000000002
25.490000000000002 15.251999999999999
40.689 15.27
43.192 15.28
36.775000000000006 15.270999999999999
33.061 15.27
38.751999999999995 15.270999999999999
29.548000000000002 15.277
23.236 15.253
38.199 15.27
38.981 15.277
44.147 15.281999999999998
36.318999999999996 15.273
31.917 15.268999999999998
34.265 15.27
30.182 15.268999999999998
34.743 15.273
37.752 15.274999999999997
38.657000000000004 15.281999999999998
41.769000000000005 15.302
29.441 15.277
32.347 15.280999999999997
37.663999999999994 15.283
27.806000000000004 15.271999999999997
32.418 15.277000000000001
44.363 15.289
35.362 15.275999999999998
31.691000000000003 15.274999999999997
37.06300000000001 15.279000000000002
27.914 15.269000000000002
27.516999999999996 15.269999999999998
36.339 15.299999999999999
29.162 15.266999999999998
31.743 15.272
35.431000000000004 15.27
21.651600000000006 15.259999999999998
32.914 15.27
35.397999999999996 15.270999999999999
41.414 15.283
53.44799999999999 15.297000000000002
28.708699999999997 15.28
29.58009999999999 15.272999999999998
30.030600000000003 15.268999999999998
25.9611 15.284999999999998
30.426000000000002 15.274
34.825 15.279000000000002
30.647999999999996 15.282000000000002
23.5928 15.272999999999998
27.275899999999996 15.274
27.8743 15.277999999999997
20.862599999999997 15.278
27.025199999999998 15.289
31.705 15.292
17.148 15.278999999999998
21.090400000000002 15.287999999999998
32.182 15.318000000000001
19.632 15.286
20.116 15.284
31.137999999999998 15.287999999999997
16.2334 15.260999999999997
19.268 15.261999999999997
36.37 15.287
26.2784 15.280000000000001
20.693 15.285000000000002
28.066000000000003 15.293999999999999
19.1431 15.293000000000001
23.936099999999996 15.299999999999999
37.614 15.326999999999998
19.7772 15.286
17.627499999999998 15.283
30.362499999999997 15.292
21.7023 15.287999999999998
16.781399999999998 15.281
25.589000000000002 15.296999999999999
22.152 15.297000000000002
20.727899999999998 15.286999999999997
24.950400000000002 15.290999999999999
23.8202 15.297000000000002
17.5019 15.286999999999997
23.597199999999997 15.308999999999997
27.5455 15.297999999999998
19.1813 15.292
20.7033 15.291000000000002
31.813999999999997 15.299
19.8994 15.289999999999997
20.182299999999998 15.293999999999999
35.300999999999995 15.299999999999999
26.2196 15.290999999999999
21.9602 15.290999999999999
33.47399999999999 15.299999999999999
20.512000000000004 15.281
23.582000000000004 15.301
37.111 15.298
21.896699999999996 15.28
19.959500000000002 15.271999999999997
30.425 15.28
22.434199999999997 15.274
17.7841 15.266999999999998
27.141 15.278
26.058000000000003 15.278
22.51 15.283
25.621999999999996 15.286
28.321899999999996 15.289
19.713500000000003 15.301999999999996
23.809499999999996 15.275
29.4747 15.281999999999996
19.7923 15.275999999999998
21.4982 15.281999999999998
32.603 15.292
24.554000000000002 15.277000000000001
18.9639 15.272999999999998
27.545 15.278
18.5256 15.276
21.7519 15.277
37.924 15.286999999999997
19.8015 15.277
15.5389 15.232000000000001
27.4013 15.244999999999997
20.331900000000005 15.253
17.4923 15.263000000000002
27.6742 15.278999999999998
21.7377 15.280999999999997
12.822700000000003 15.265999999999998
23.1907 15.272999999999998
23.622500000000002 15.273
17.0263 15.266000000000002
24.110599999999994 15.270999999999999
24.037500000000005 15.286
13.947099999999999 15.251000000000001
18.237299999999998 15.261000000000003
27.995199999999997 15.27
17.6231 15.263000000000002
17.812499999999996 15.262000000000004
26.939999999999998 15.27
14.501499999999998 15.262
17.6614 15.259999999999998
33.495000000000005 15.27
21.7521 15.263000000000002
18.301299999999998 15.261
27.006999999999998 15.287
17.915499999999998 15.259
23.231299999999997 15.264
32.394 15.270999999999999
17.3273 15.270999999999999
17.5703 15.269999999999998
26.270000000000003 15.28
22.099400000000003 15.278999999999998
16.6357 15.270999999999999
24.998399999999997 15.276
22.7745 15.267999999999999
17.6851 15.264999999999999
23.230800000000002 15.286
24.1239 15.277999999999997
20.9011 15.275
19.3084 15.268999999999997
29.08099999999999 15.280999999999997
21.511999999999997 15.271999999999997
19.180400000000002 15.275
31.322 15.282000000000002
19.7196 15.274
20.002699999999997 15.276
36.306 15.290999999999999
25.089599999999994 15.289999999999997
27.967000000000002 15.307
33.717999999999996 15.293999999999999
20.991 15.284
25.6737 15.283
36.943 15.296
28.828500000000002 15.292999999999997
24.3963 15.284999999999998
22.876400000000004 15.282000000000002
26.681099999999997 15.28
29.2393 15.278999999999998
21.8076 15.279999999999996
31.211 15.280999999999997
21.1338 15.288999999999998
22.1796 15.272999999999998
41.685 15.292999999999997
25.180000000000003 15.284
28.030000000000005 15.283
34.689 15.284999999999998
23.539099999999998 15.278999999999998
30.371 15.283000000000001
38.217999999999996 15.287
25.265999999999995 15.282000000000002
26.097099999999994 15.276999999999996
29.873000000000005 15.281999999999998
30.5694 15.293999999999999
24.9789 15.265
29.457 15.268999999999998
30.812 15.264999999999999
24.2832 15.262
23.9047 15.261000000000003
33.963 15.27
28.857900000000004 15.263000000000002
26.111999999999995 15.264
33.731 15.27
22.355299999999996 15.262999999999998
20.4354 15.265
37.041000000000004 15.293999999999999
24.221999999999998 15.264
25.247999999999998 15.262999999999998
36.895 15.271
19.540399999999998 15.258
23.6758 15.258999999999997
40.441 15.274
30.673999999999996 15.265999999999996
28.2175 15.264
29.2303 15.265999999999998
24.162200000000002 15.253
28.931999999999995 15.255999999999997
27.325 15.272
27.983999999999998 15.258
30.858800000000002 15.252999999999997
28.085900000000002 15.252000000000002
29.7547 15.253999999999998
25.296400000000002 15.245999999999999
16.448 15.241
21.3885 15.254000000000001
37.446 15.261
32.919 15.260999999999997
33.684999999999995 15.253999999999998
31.718999999999998 15.250999999999998
23.874699999999997 15.274
27.743700000000004 15.257999999999997
33.651 15.261999999999997
31.1353 15.261999999999997
32.588 15.27
28.651 15.264
30.329999999999995 15.266999999999998
35.757 15.264999999999999
29.503 15.264
31.595000000000002 15.269999999999998
37.265 15.271
38.794000000000004 15.278999999999998
42.238 15.298
30.537 15.269999999999998
30.232000000000003 15.270999999999999
36.058 15.269999999999998
31.794 15.262999999999998
32.958 15.275
41.915 15.275
37.728 15.273
38.071 15.275
38.471000000000004 15.271
32.083 15.272999999999998
34.908 15.275999999999998
36.096000000000004 15.296999999999999
33.504999999999995 15.278
36.675999999999995 15.280000000000001
36.04900000000001 15.283000000000001
31.225 15.281
36.165 15.287
34.352000000000004 15.289999999999997
34.209 15.286
40.562999999999995 15.281
38.873999999999995 15.287999999999998
40.70399999999999 15.288999999999998
34.499 15.292999999999997
33.91799999999999 15.299999999999999
36.332 15.287
34.61 15.284999999999998
35.598 15.281
42.644999999999996 15.289
36.63599999999999 15.286999999999997
36.486 15.290999999999999
35.122 15.287
30.951 15.277999999999997
33.02 15.278
34.830999999999996 15.279000000000003
