18.823 10.308
18.682 10.281
18.702999999999996 10.34
18.661 10.303999999999998
18.417999999999996 10.283000000000001
18.648999999999997 10.348
18.673000000000002 10.311
18.238 10.311
18.544 11.632000000000001
18.836000000000002 10.338
18.473000000000003 10.328
18.982000000000003 10.352
18.338 10.341000000000001
18.215999999999998 10.299999999999999
18.319000000000003 10.298
18.14 10.352
18.011 10.288
18.441000000000003 10.345
18.185000000000002 10.291
18.466 10.286000000000001
18.4 10.277
18.236 10.339
17.871000000000002 10.27
17.811000000000003 10.273
18.174 10.337
17.855999999999998 10.273
18.029 10.273
18.023999999999997 10.343
17.727 10.277
18.408 10.331999999999999
18.287 10.298
18.032 10.282
18.465 10.339
17.982 10.293000000000001
17.897 10.281
18.031 10.278
18.416 10.359
18.27 10.308
18.179000000000002 10.29
18.69 10.357
17.889999999999997 10.291
18.054000000000002 10.289000000000001
18.351 10.369
18.432000000000002 10.321
18.22 10.320000000000002
18.934 10.376
18.406 10.3
18.092 10.291
18.576 10.360999999999999
18.374000000000002 10.331000000000001
18.224 10.297999999999998
18.729000000000003 10.366
17.95 10.296000000000001
17.927 10.295000000000002
18.972 10.371
18.490000000000002 10.31
18.271 10.306
18.751 10.358
18.288 10.293000000000001
18.167 10.294
18.533 10.358999999999998
17.976999999999997 10.292
18.328 10.348
17.78 10.301
17.651 10.290000000000003
18.054000000000002 10.318
17.569000000000003 10.325000000000001
17.807 10.290000000000001
18.063 10.290000000000001
18.703 10.359999999999998
17.857 10.294
17.926000000000002 10.294
18.438 10.359999999999998
17.570000000000004 10.299000000000001
17.823 10.301
18.259 10.360999999999999
17.761 10.299999999999997
17.913999999999998 10.308
17.568 10.360999999999997
17.198 10.295
17.36 10.298
17.63 10.38
17.325 10.299999999999999
17.068 10.303999999999998
17.541999999999998 10.369
17.006 10.306999999999999
16.919 10.302
17.258000000000003 10.366
17.267000000000003 10.304
17.395 10.374
16.861000000000004 10.311
17.04 10.302
17.169999999999998 10.371
16.971 10.304
17.421999999999997 10.308
16.991000000000003 10.369
17.083000000000002 10.312000000000001
17.451 10.366
16.929 10.325999999999999
17.233999999999998 10.315000000000001
17.543999999999997 10.381000000000002
17.13 10.313
17.197000000000003 10.308
17.616 10.374
17.119 10.313
17.163 10.303999999999998
15.215 9.072999999999999
14.858000000000002 9.029000000000002
14.856000000000002 9.020999999999999
15.392 9.093
15.251000000000001 9.041
20.703 10.307
17.865000000000002 10.378
17.652 10.463
20.061 11.734
17.532 10.36
17.02 10.324999999999998
16.987 10.321
17.365 10.389
17.011000000000003 10.323
17.252000000000002 10.37
16.939999999999998 10.308
16.788 10.302
17.305999999999997 10.385000000000002
16.959 10.328999999999999
17.032 10.327999999999998
17.282999999999998 10.377
16.898 10.306000000000001
17.326999999999998 10.363
17.136000000000003 10.315999999999999
44.4016 20.297722
30.499000000000002 10.363000000000001
19.145 10.309
22.585 12.811999999999998
23.241999999999997 12.921
18.087999999999997 10.344
18.212 10.357
18.63 10.429
18.191000000000003 10.351000000000003
18.197 10.313
18.963 10.392999999999999
18.395 10.323
18.348000000000003 10.321
18.468999999999998 10.392000000000001
18.574 10.325
17.875 10.322999999999999
18.561 10.399000000000001
17.910999999999998 10.341
23.310180000000003 11.603999999999997
20.32 10.389999999999999
18.033 10.314
20.514 11.58
18.492 10.386000000000001
17.802 10.317999999999998
17.883 10.318
18.258 10.391000000000002
18.396 10.334999999999999
18.063000000000002 10.327
18.883999999999997 10.452
18.483999999999998 10.366
18.754 10.331000000000001
18.997 10.408000000000001
18.572 10.342
18.872999999999998 10.344000000000001
19.168000000000003 10.416
18.484 10.346
25.6616 12.936
21.872999999999998 10.428
19.141 10.405000000000001
22.17 11.838000000000001
20.112000000000002 10.609
19.973999999999997 10.482
20.022000000000002 10.431
19.512 10.482000000000001
19.247 10.414
19.587999999999997 10.480999999999998
19.191999999999997 10.432
19.37 10.450000000000001
19.968 10.429
19.497 10.488
19.368 10.422
19.806999999999995 10.437000000000001
19.416999999999998 10.472999999999999
19.481 10.424
19.906 10.429
19.584000000000003 10.495
19.543000000000003 10.427999999999999
19.512 10.431
19.788 10.505
19.478 10.437999999999999
19.629 10.441
19.932999999999996 10.518
19.137999999999998 10.453
19.223000000000003 10.450999999999999
19.831000000000003 10.532999999999998
19.676000000000002 10.471
19.764000000000003 10.467
20.009 10.524000000000001
19.581000000000003 10.474
19.483999999999998 10.467
19.533 10.467
20.276999999999997 10.536
19.999 10.469
19.698999999999998 10.467
20.013 10.535
19.648 10.469999999999999
19.921999999999997 10.47
20.154 10.539
19.717000000000002 10.482999999999999
19.879 10.483
20.474 10.549999999999999
19.913999999999998 10.48
19.813 10.486999999999998
20.153999999999996 10.552
19.729 10.481
19.576 10.479999999999999
19.908 10.547999999999998
19.919999999999998 10.499
19.872999999999998 10.495
20.360999999999997 10.565000000000001
20.006999999999998 10.505999999999998
19.625000000000004 10.488999999999999
20.096000000000004 10.546000000000001
19.520000000000003 10.494
19.424 10.495
19.91 10.537
19.601 10.508000000000001
19.368000000000002 10.491999999999999
19.549 10.49
20.043 10.552999999999999
19.69 10.488
19.632 10.489999999999998
20.067 10.556
19.445999999999998 10.495000000000001
19.646 10.49
19.938 10.532000000000002
19.285 10.5
19.371 10.484
19.861 10.509
19.435999999999996 10.524000000000001
19.21 10.488
19.794 10.552
19.491 10.491
19.322999999999997 10.483
19.644000000000002 10.536000000000001
25.901300000000006 12.848960000000002
22.434 10.447
20.55 10.489
19.543999999999997 10.483
21.848 11.756000000000002
19.825000000000003 10.519
19.443 10.471
19.503 10.470000000000002
19.549 10.468000000000002
19.787999999999997 10.537999999999998
19.612 10.474000000000002
19.866999999999997 10.474
19.668 10.534
19.3 10.47
19.339 10.47
19.902999999999995 10.536999999999999
19.397000000000002 10.472000000000001
19.336000000000002 10.474
19.668 10.54
19.528999999999996 10.501000000000001
19.861 10.495000000000001
19.516 10.489999999999998
19.902 10.56
19.305000000000003 10.501000000000001
19.399 10.5
19.732 10.571000000000002
19.351 10.504999999999999
19.503 10.507
19.656000000000002 10.568
19.313 10.518999999999998
19.516 10.502
19.608 10.51
20.044999999999998 10.573
19.512999999999998 10.507000000000001
25.986699999999995 13.020000000000001
22.214 10.538
19.352 10.519000000000002
22.201 11.807000000000002
19.608 10.506000000000002
19.521 10.517000000000001
19.804000000000002 10.581999999999999
19.342 10.509
19.892000000000003 10.520999999999999
