8.999099999999999 7.434899999999998
9.586000000000002 7.464599999999999
9.785499999999999 7.392899999999999
8.827500000000002 7.342499999999999
9.9257 7.3454999999999995
8.637699999999999 7.4074
9.5794 7.358399999999998
8.561200000000003 7.354899999999999
9.4907 7.505000000000001
8.6623 7.481600000000001
9.7647 7.3898
8.480799999999999 7.428
9.2917 7.435600000000001
9.5692 7.4737
9.7641 7.4029
8.555499999999999 7.322000000000001
9.792000000000002 7.3236
9.160699999999999 7.433400000000001
9.9018 7.3723
8.5656 7.4227
9.6437 7.3578
8.925200000000002 7.342600000000001
9.801 7.3356
8.7634 7.4279
9.577100000000002 7.365400000000001
8.909500000000001 7.3768
10.3735 7.353999999999999
9.124600000000001 7.2989
10.198699999999999 7.335
8.925199999999998 7.2776
9.8672 7.2892
9.019700000000002 7.374600000000001
9.7425 7.3091
9.074500000000002 7.308199999999998
9.9949 7.356900000000001
8.6836 7.375400000000002
9.897899999999998 7.340299999999999
9.0484 7.314400000000002
9.5996 7.350899999999999
9.022800000000004 7.384600000000001
9.4923 7.316600000000001
8.7651 7.3089
9.3858 7.327399999999999
8.8362 7.4776
10.0532 7.4158
8.967 7.3615
9.509099999999998 7.410599999999999
8.152800000000001 7.3258
9.6551 7.353900000000002
8.8653 7.339599999999999
9.9312 7.5501
8.5887 7.482900000000001
9.0486 7.485899999999999
8.639599999999998 7.470600000000001
9.1033 7.446400000000001
8.7694 7.3479
9.267600000000002 7.369900000000001
8.3128 7.3395
9.2675 7.344
8.2137 7.392199999999999
9.1241 7.372300000000001
8.330599999999999 7.406600000000001
9.1854 7.3325999999999985
8.1833 7.3434
8.735800000000001 7.3755
8.3099 7.4082
8.297 7.3738
8.148100000000001 7.319000000000001
8.567400000000001 7.4517
8.3347 7.3975
8.5035 7.367
7.8033 7.4134
8.6815 7.381499999999999
8.084 7.354000000000001
8.924700000000001 7.390699999999999
8.0337 7.351000000000001
8.9644 7.450799999999999
8.3885 7.4149
8.3771 7.3792
8.033700000000001 7.4028
8.9069 7.374699999999999
8.5831 7.442399999999999
8.624100000000002 7.367799999999999
7.7825999999999995 7.432600000000001
8.976600000000001 7.4434000000000005
8.3495 7.3829
9.184700000000001 7.4655
8.3122 7.344
9.2158 7.350200000000001
8.626600000000002 7.394400000000001
8.8959 7.433400000000001
8.405999999999999 7.377600000000001
8.723299999999998 7.360800000000001
8.4771 7.491499999999999
9.2933 7.3518
8.297000000000002 7.346500000000001
9.3476 7.369199999999999
8.3451 7.365399999999999
9.544899999999998 7.388999999999999
8.853900000000001 7.4171999999999985
9.0412 7.466100000000001
8.449499999999999 7.331899999999999
9.3084 7.3158
8.651 7.402700000000001
9.2081 7.359400000000001
8.6328 7.3937
9.310000000000002 7.4064000000000005
8.052900000000001 7.361599999999998
9.535499999999999 7.4615
8.2558 7.4753
9.881400000000001 7.497999999999999
9.0563 7.454100000000001
9.316900000000002 7.433199999999999
8.9227 7.413
9.172500000000001 7.4187
8.9709 7.366200000000001
9.245299999999999 7.407200000000001
8.7082 7.418100000000001
9.695899999999998 7.4293
8.340200000000001 7.39
10.097900000000001 7.492800000000001
8.5099 7.3386
9.7378 7.376
8.4961 7.392800000000001
9.9636 7.444599999999999
8.2207 7.4041999999999994
9.650300000000001 7.408999999999999
8.624299999999998 7.4394
9.559999999999999 7.3326
8.522 7.333400000000001
9.283599999999998 7.347200000000001
8.056700000000001 7.341100000000001
9.089599999999999 7.3671
8.7949 7.414999999999999
9.4056 7.417999999999999
8.6914 7.3203000000000005
9.5216 7.3631
8.7555 7.341
9.8363 7.384600000000001
8.358 7.3066
9.3163 7.4043
7.579 7.365300000000001
9.1105 7.3088
8.018600000000001 7.320299999999999
9.3567 7.460699999999999
8.5288 7.361800000000001
8.9919 7.3906
8.218300000000001 7.348599999999999
9.334600000000002 7.4104
8.6185 7.4502
8.889500000000002 7.451
8.539299999999999 7.4333
9.4036 7.4006
8.580900000000002 7.3416999999999994
9.117199999999999 7.315199999999999
8.043 7.341
9.1688 7.449299999999999
8.3756 7.2853
9.535599999999999 7.5042
8.772300000000001 7.463
9.2715 7.3647
9.094100000000001 7.4029
9.4453 7.3906
9.2485 7.272300000000001
9.182500000000001 7.3204
8.6974 7.3586
9.6665 7.376199999999999
8.4869 7.4265
9.896099999999999 7.385099999999999
8.6412 7.434099999999999
9.5615 7.3523000000000005
9.1037 7.405100000000001
9.401600000000002 7.3547
9.3277 7.389000000000001
9.149500000000002 7.371400000000001
9.001000000000001 7.4211
9.725100000000001 7.533300000000001
8.7025 7.5279
9.5225 7.4255
8.85 7.2501999999999995
9.661200000000001 7.3142999999999985
9.2244 7.4181
9.277599999999998 7.3883
9.1337 7.4355
9.642100000000001 7.3325000000000005
8.631000000000002 7.348600000000001
9.7639 7.4567
8.3771 7.5159
9.5734 7.502000000000001
8.532 7.245700000000001
9.914200000000001 7.412000000000002
8.796899999999999 7.3425
9.4891 7.4242
9.1625 7.4149
9.0376 7.424899999999999
9.3899 7.394400000000001
9.2372 7.401299999999999
8.8734 7.392799999999999
9.4393 7.382099999999999
8.7219 7.3783
9.540000000000001 7.2509999999999994
8.6724 7.223399999999999
9.5459 7.2358
9.0741 7.3478
9.1586 7.37
9.4547 7.3807
9.4905 7.337299999999998
9.0869 7.434899999999998
9.815 7.3257
8.513600000000002 7.4235
9.269299999999998 7.399699999999999
8.5487 7.276199999999999
8.807799999999999 7.3792
8.5621 7.3822
9.3167 7.3027999999999995
9.460099999999999 7.286200000000001
9.184199999999999 7.3347999999999995
8.772400000000001 7.3906
9.261499999999998 7.5074000000000005
8.617 7.3777
9.5898 7.3479
8.3542 7.297600000000001
9.3447 7.438599999999999
8.7286 7.3242
8.8222 7.370800000000001
8.7144 7.467500000000002
8.8059 7.280799999999998
8.437399999999998 7.267799999999999
9.1412 7.3595
8.4877 7.4402
9.565900000000001 7.4089
8.1398 7.3645000000000005
9.219 7.3379
8.949599999999998 7.3266
8.728499999999999 7.340300000000001
8.4892 7.376199999999999
8.6433 7.384499999999999
8.586099999999998 7.313700000000001
9.224299999999998 7.357799999999999
8.1198 7.339400000000001
9.091199999999999 7.3898
8.206199999999999 7.442299999999999
9.1304 7.3801000000000005
8.613600000000002 7.3478
8.7998 7.374600000000001
8.717600000000001 7.428
8.7997 7.2938
8.2871 7.338
8.7412 7.342499999999999
8.087200000000001 7.352200000000001
8.6525 7.398299999999999
8.5288 7.369299999999999
8.658000000000001 7.3807
8.612 7.28
8.358 7.283699999999999
8.3244 7.3167
8.3672 7.2730999999999995
8.1887 7.3488
8.689 7.362299999999998
8.1939 7.320399999999999
9.048299999999998 7.498200000000001
8.0474 7.407400000000002
9.465900000000001 7.391399999999999
8.271199999999999 7.4158
9.627300000000002 7.383700000000001
9.329500000000001 7.485899999999999
9.554400000000001 7.3999
9.4268 7.3868
9.176799999999998 7.2799000000000005
9.165700000000001 7.379100000000001
9.079200000000002 7.430999999999999
9.190499999999998 7.446299999999999
8.9855 7.2967
9.164299999999999 7.3853
9.223799999999999 7.4059
8.8026 7.327300000000002
9.410599999999999 7.395099999999999
8.6226 7.464600000000001
7.837899999999999 7.4586999999999986
8.5442 7.4333
8.9324 7.460000000000002
8.656200000000002 7.466
9.218 7.316600000000001
8.561699999999998 7.428700000000001
9.109499999999999 7.433200000000001
8.7909 7.511900000000001
8.8672 7.4675
8.3588 7.4684
