15.274800000000003 34.22259999999999
14.233 34.30160000000001
13.8094 33.9953
13.0429 34.4394
14.815000000000001 34.2116
14.045399999999999 34.705
13.0993 34.503
13.2085 34.23
12.997200000000001 34.37499999999999
12.1822 34.521
15.009999999999996 34.952999999999996
12.5357 34.524
17.011499999999998 34.520999999999994
16.755599999999998 34.64600000000001
14.59 34.618
14.227 34.742
15.0521 34.702999999999996
14.1343 34.549
13.913899999999998 34.471999999999994
13.042699999999998 34.855
15.4713 34.737
14.163299999999998 34.744
16.103 34.579
15.153899999999998 34.546
17.143199999999997 34.637
15.204500000000001 34.575
17.138 34.596
16.762 34.649
14.880299999999998 34.56999999999999
15.331200000000003 34.593
16.808999999999997 34.635
15.479 34.61299999999999
17.0993 34.612
13.8114 34.554
14.121500000000001 34.551
14.093999999999998 34.61
17.4054 34.596
17.493 34.668
14.1679 34.565
15.616 34.665
14.518900000000002 34.624
16.567 34.636
17.059699999999996 34.618
14.902 34.634
15.147999999999998 34.607
13.1906 34.541999999999994
14.475 34.581999999999994
14.128599999999999 34.595
17.1935 34.669000000000004
17.831000000000003 34.65400000000001
16.310999999999996 34.591
14.459000000000003 34.580999999999996
13.165000000000001 34.588
13.190199999999999 34.595
12.412 34.586
15.633 34.663
12.781999999999998 34.599
12.841 34.578
12.763 34.585
10.2179 34.532999999999994
16.698 34.656
14.526 34.695
15.5 34.689
11.167300000000001 34.592999999999996
11.0904 34.561
9.2699 34.51499999999999
10.029 34.48899999999999
8.325199999999999 34.45700000000001
9.5916 34.601
9.2218 35.373
9.4161 34.92999999999999
9.227100000000002 34.854
13.086 34.902
13.157000000000002 34.949999999999996
12.275 34.946999999999996
10.5282 34.910999999999994
11.3603 34.902
13.388 34.989000000000004
11.3672 34.914
10.0867 34.88099999999999
11.554 34.937000000000005
10.123000000000001 34.88099999999999
12.094 34.923
12.28 34.958999999999996
14.232 35.004999999999995
14.174000000000001 35.002
13.569 34.967999999999996
12.455 35.027
14.747000000000002 34.998
13.071000000000002 35.357
12.946 35.175999999999995
12.621000000000002 35.299
14.894000000000002 35.254000000000005
12.235000000000001 35.407
13.117999999999999 35.150999999999996
12.235000000000001 35.156
17.911 35.236999999999995
16.974 35.345000000000006
17.792 35.304
15.465999999999996 35.517999999999994
15.531 35.288
13.993799999999998 35.464000000000006
13.995999999999997 35.142
12.4245 35.346999999999994
16.268 35.388999999999996
13.118900000000004 35.441
13.545000000000002 35.693000000000005
14.936 35.952000000000005
16.399 36.077
14.6534 35.782
17.294 36.245
16.770000000000003 36.773
17.654999999999998 35.865
17.222 36.468
15.695 36.136
16.793000000000003 35.85
16.987800000000004 35.913000000000004
15.581 36.163
14.097999999999999 36.260999999999996
12.98 36.476000000000006
16.876 36.07900000000001
17.147000000000002 36.318
18.918000000000003 36.322
16.471999999999998 36.538999999999994
15.189 36.09
15.407000000000002 36.339
13.334999999999999 35.973
13.766300000000001 36.20099999999999
13.821 36.064
12.863199999999999 36.30199999999999
14.238000000000001 36.31399999999999
14.0823 36.452999999999996
14.914000000000001 36.10999999999999
16.362 36.53099999999999
15.78 36.262
14.224999999999998 36.528
15.892000000000001 36.385999999999996
14.1263 36.394999999999996
13.571100000000003 36.251
13.455399999999997 36.423
13.1231 36.31699999999999
11.2492 36.702999999999996
13.061 36.602000000000004
11.891 36.480000000000004
13.593 36.208
13.84 36.78
14.377999999999998 36.66
11.814799999999998 36.358999999999995
12.354 36.125
10.927799999999998 36.691
12.615000000000002 36.509
11.9315 36.698
12.921 36.385999999999996
12.323 36.798
14.238000000000001 36.964
12.581599999999998 36.900000000000006
13.111600000000001 36.332
13.597999999999999 36.357
18.85 36.638
17.531000000000002 36.846000000000004
12.5501 36.591
13.064700000000002 36.871
13.6904 36.425000000000004
14.252300000000002 36.559
13.3795 36.481
12.530800000000001 36.583
14.674300000000004 36.870999999999995
12.7415 36.73
15.2112 36.376999999999995
17.390800000000002 36.811
16.97 36.712
13.819099999999999 36.88399999999999
14.1928 36.651999999999994
14.006499999999999 36.852
13.1271 36.31999999999999
11.9176 36.632
15.176400000000001 36.519
13.4377 36.596
13.9392 36.45499999999999
14.588800000000003 37.023999999999994
16.0019 36.591
16.03 36.952
14.85 36.567
13.299999999999997 36.687
13.324999999999998 36.62
13.967000000000002 36.98
14.316 36.62
11.9877 36.516
13.413900000000002 36.58899999999999
12.473999999999998 36.784
14.241000000000001 36.59
13.563999999999998 36.78499999999999
15.093 36.589999999999996
14.014000000000001 36.811
15.153000000000002 36.815999999999995
14.264 37.017
13.583399999999997 36.669000000000004
12.798000000000002 37.274
13.311 36.839999999999996
13.677 37.127
13.541999999999998 37.072
12.670399999999999 37.214
14.343999999999998 36.821000000000005
11.8313 37.157
14.862999999999998 36.76
14.301999999999998 37.281000000000006
13.6297 37.004999999999995
13.4325 37.017
13.705 36.82299999999999
12.1107 37.023
13.817999999999998 36.662
12.390700000000002 37.022
12.252999999999998 36.881
11.3311 36.992000000000004
12.128 36.809999999999995
11.655899999999999 36.98
14.722 36.876
13.175999999999998 37.11399999999999
12.645000000000001 36.903000000000006
13.513 37.268
12.336 36.614999999999995
10.151499999999999 37.023
11.932400000000001 36.65
11.360299999999999 36.822
12.503 37.297000000000004
11.0651 36.992999999999995
10.952799999999998 36.809999999999995
10.6716 37.19499999999999
11.097400000000002 36.797000000000004
12.054 36.95
12.258000000000001 36.846000000000004
11.407 37.525
11.402000000000001 36.63799999999999
10.1949 36.974999999999994
11.383000000000001 36.785999999999994
14.71 37.073
13.44 36.925000000000004
10.0825 36.89499999999999
11.065999999999999 36.932
11.5536 37.298
10.860100000000001 36.717999999999996
11.785 37.291
11.582 37.03
11.005799999999999 36.840999999999994
11.1891 36.64999999999999
10.5092 37.439
10.296899999999999 36.811
10.2634 36.724000000000004
9.2301 36.645
9.9468 36.693999999999996
10.195 37.092000000000006
10.6652 36.78
11.460899999999999 37.053
11.7907 37.133
10.7744 37.018
10.6291 37.201
10.1702 36.736
10.152999999999999 37.256
12.145 36.976
12.652000000000003 37.145
11.117199999999999 36.94299999999999
10.2881 37.10699999999999
11.9116 37.17
10.880100000000002 37.095
14.154999999999998 36.852000000000004
13.244 36.888000000000005
11.501800000000001 36.836
8.985999999999999 36.992999999999995
11.2373 36.791000000000004
10.0806 37.047
11.1557 36.711
10.012 37.028999999999996
10.228600000000002 36.730000000000004
9.5223 36.834
10.9274 37.220000000000006
9.2791 36.939
13.074 36.669000000000004
10.025200000000002 36.718
11.061200000000001 36.815999999999995
9.0866 36.834999999999994
10.2046 36.657
8.2703 36.608999999999995
10.1379 37.061
8.277499999999998 36.59
9.1915 36.754
9.6827 36.882
8.679200000000002 36.885
7.9359 36.75599999999999
