19.635 10.874
19.525 10.810000000000002
19.44 10.766
19.192 10.9
19.032999999999998 10.781999999999998
19.641 10.786000000000001
20.035 10.926
19.542 10.808000000000002
19.768 10.785
19.88 10.918999999999999
19.886 10.804
20.013 10.882
19.311000000000003 10.862
19.211000000000002 10.784
19.138 10.782
19.404000000000003 10.908999999999999
18.81 10.788
18.730999999999998 10.772
18.906 10.908999999999999
18.711 10.794000000000002
18.606 10.773
18.845 10.908
18.899 10.793
18.905 10.779
19.025 10.905000000000001
18.752000000000002 10.793999999999999
18.970000000000002 10.769
19.088 10.857999999999999
18.768 10.853
18.892 10.777000000000001
19.002999999999997 10.788
19.088 10.895
18.955 10.787
19.093 10.767000000000001
19.665 10.911999999999999
18.989 10.807
18.963 10.797
19.094 10.929
18.831999999999997 10.822
19.098000000000003 10.793
19.675 10.928
19.195999999999998 10.83
18.913999999999998 10.791999999999998
19.051999999999996 10.918999999999999
18.808 10.825999999999999
19.248 10.773000000000001
19.48 10.855999999999998
19.308 10.876000000000001
19.585 10.789
19.982000000000003 10.855
19.349 10.857999999999999
19.564 10.775
19.512 10.849
19.387999999999998 10.866
19.276 10.774000000000001
19.14 10.765999999999998
19.376 10.897
18.961 10.805
19.02 10.780000000000001
19.369 10.896999999999998
19.083 10.805000000000001
19.665 10.785
19.759999999999998 10.918999999999999
19.310999999999996 10.83
19.419 10.857999999999999
19.338 10.872000000000002
19.305 10.786
19.595999999999997 10.883
19.439999999999998 10.843000000000002
19.095 10.780000000000001
19.028 10.774000000000001
19.405999999999995 10.891
19.714 10.825000000000001
19.596 10.782999999999998
19.827999999999996 10.886999999999999
19.358 10.813
19.407000000000004 10.812
19.7 10.868
19.256999999999998 10.789000000000001
19.419000000000004 10.879999999999999
19.287 10.816
19.069 10.76
19.709 10.876
19.383 10.815999999999999
19.421 10.757
19.461000000000002 10.861
19.187999999999995 10.805000000000001
19.116 10.812
19.124000000000002 10.835
19.134 10.764999999999999
19.802 10.814
19.573 10.857
19.442999999999998 10.783999999999999
19.926 10.838000000000001
19.9 10.89
19.695999999999998 10.807
19.729999999999997 10.892999999999999
19.479 10.855
19.627000000000002 10.791999999999998
19.889000000000003 10.893
19.569 10.856
19.429000000000002 10.792000000000002
20.061999999999998 10.889
19.659 10.859
19.572 10.764
19.721999999999998 10.860000000000001
19.573999999999998 10.859
19.692 10.964
20.279000000000003 10.993
19.921999999999997 10.867
20.142000000000003 10.81
19.899 10.889
19.552 10.846999999999998
19.406 10.828
19.405 10.875000000000002
19.449 10.8
19.221 10.788
19.734 10.877
19.293000000000003 10.853
19.287000000000003 10.789
19.391 10.877
19.444000000000003 10.857
19.527 10.875
19.135 10.876
18.782 10.788
19.543 10.869
19.535000000000004 10.869000000000002
20.041999999999998 10.905999999999999
20.592 11.014
20.430999999999997 11.085
20.762 11.02
20.491999999999997 11.042
19.962999999999997 11.096
20.061999999999998 11.011
20.054 11.040999999999999
20.009 11.082
19.930999999999997 10.979999999999999
20.450000000000003 11.028000000000002
20.022000000000002 11.042
20.024 10.940000000000001
20.669 10.993000000000002
20.385 11.042
20.054 10.967999999999996
20.396 11.020000000000001
20.433 11.045
20.343 10.946
20.746000000000002 10.991
20.926000000000002 11.052000000000001
20.301000000000002 10.961999999999998
20.759 10.982
21.003 10.95
20.207 10.813
19.916000000000004 10.832
19.990000000000002 10.924
19.851 10.895000000000001
20.156 10.888
20.642000000000003 10.942
20.336 10.833
20.201999999999998 10.86
20.575 10.903000000000002
20.263 10.911000000000001
20.031999999999996 10.818
20.166999999999998 10.876000000000001
19.946 10.926
19.307 10.805
20.173 10.797
20.128 10.875000000000002
20.723 11.087
21.105 11.013
21.368 11.089999999999998
21.109 11.098999999999998
20.139000000000003 10.937000000000001
20.881 10.906
20.291 10.92
19.956 10.806000000000001
20.063 10.842000000000002
19.866999999999997 10.918
20.509999999999998 10.814
21.325 10.91
20.413999999999998 10.977
20.403 10.821
20.179 10.832
19.98 10.925999999999998
19.878999999999998 10.825000000000001
19.930999999999997 10.802
19.714 10.798
19.386 10.8
19.58 10.871
19.355 10.889
19.602 10.799
19.849 10.815
20.072000000000003 10.918999999999999
19.778000000000002 10.821000000000002
19.795999999999996 10.798
20.162000000000003 10.798
20.061999999999998 10.872000000000002
20.244999999999997 10.899000000000001
20.417999999999996 10.797
20.516000000000002 10.83
20.127 10.922
20.284999999999997 10.792
20.423 10.79
20.314 10.815999999999997
19.919 10.923
20.182 10.79
19.745999999999995 10.786
20.388 10.82
20.279000000000003 10.918
20.608999999999998 10.781
20.303 10.780999999999999
20.282999999999998 10.821
20.312 10.937000000000001
19.948 10.808
20.141 10.815999999999999
20.325 10.93
20.211000000000002 10.837
20.285 10.819
20.423000000000002 10.93
20.147 10.838
20.357 10.808
20.172 10.866
20.302999999999997 10.918000000000001
20.421 10.813
19.973999999999997 10.811
20.215999999999998 10.859
19.782 10.911
19.946 10.801
20.003999999999998 10.809
20.589000000000006 10.915000000000001
20.486000000000004 10.828
20.107 10.793999999999999
20.519 10.815
20.405 10.936
20.256 10.809
20.256999999999998 10.812
20.13 10.96
20.407 10.849
20.929000000000002 10.834000000000001
21.03 10.863000000000001
20.373 10.894
19.622999999999998 10.790999999999999
20.704000000000004 10.832
20.27 10.961000000000002
20.177999999999997 10.818000000000001
20.453 10.823
20.468 10.950000000000001
20.104 10.817999999999998
20.086 10.811
20.313000000000002 10.927000000000001
19.851 10.854999999999999
20.24 10.812
20.698 10.819
20.233 10.944999999999999
19.349 10.820999999999998
19.389 10.802
19.738 10.83
19.708000000000002 10.943
19.731 10.816
20.054000000000002 10.808000000000002
20.072000000000003 10.842
20.158 10.934
19.855999999999998 10.818000000000001
20.194000000000003 10.823
20.327 10.972
19.813 10.842
20.287 10.816
20.302999999999997 10.949
20.101000000000003 10.834
19.985999999999997 10.813
19.961000000000002 10.815000000000001
20.771 10.940999999999999
19.976 10.834
19.790999999999997 10.812
20.447 10.841000000000001
20.182 10.929
19.912 10.822999999999999
20.24 10.844999999999999
20.188 10.932
19.788 10.809
19.642 10.805000000000001
19.729000000000003 10.934000000000001
19.52 10.834
20.066 10.821
19.922 10.85
20.499000000000002 10.962000000000002
20.026 10.855999999999998
20.148 10.834
20.278 10.96
