11.5941 7.3768
10.399199999999999 7.3228
13.906000000000002 7.496600000000001
9.6038 7.391300000000001
10.0804 7.462500000000001
14.538 7.6355
11.6027 7.546900000000001
11.385399999999999 7.5951
12.897 7.572899999999999
12.4532 7.533200000000001
11.150100000000002 7.487500000000001
12.9982 7.5455
12.545300000000001 7.5478000000000005
13.839000000000002 7.5988
11.818000000000001 7.5051000000000005
11.947000000000001 7.450900000000001
20.005000000000003 7.678300000000002
21.092999999999996 7.6134
19.482999999999997 7.624600000000001
19.005 7.6499999999999995
24.091 7.7874
17.738 7.6379
13.712 7.6271
12.957000000000003 7.6471
13.200999999999999 7.613300000000001
12.442 7.624299999999999
12.405 7.5981
10.553999999999998 7.5919
12.484 7.497399999999999
9.437800000000001 7.423299999999999
10.494800000000001 7.5034
11.46 7.5777
11.524000000000001 7.582800000000001
10.4191 7.5613
13.919 7.5889
10.066899999999999 7.4952000000000005
10.663299999999998 7.6477
9.797399999999998 7.528700000000001
10.518799999999997 7.453
10.1128 7.4196
10.665300000000002 7.491200000000001
9.9486 7.447000000000001
10.3322 7.437199999999999
9.656799999999999 7.3562
10.2712 7.3853
10.357199999999999 7.441000000000001
9.822600000000001 7.5614
10.197000000000001 7.693399999999999
9.765899999999998 7.618600000000001
8.966099999999999 7.620199999999999
9.657800000000002 7.382300000000002
8.7844 7.470800000000001
9.4972 7.4295
8.6311 7.341200000000001
9.6669 7.405800000000001
8.8837 7.5013
9.188899999999999 7.435600000000001
8.4023 7.4104
8.738600000000002 7.346400000000002
8.251999999999999 7.3631
8.936399999999999 7.435700000000001
8.6419 7.4387
9.1506 7.4186999999999985
8.431999999999999 7.3889
8.783000000000001 7.4959
8.306 7.5852
8.756400000000001 7.5073
8.5968 7.4792
9.2651 7.466100000000001
8.282300000000001 7.4068000000000005
8.496200000000002 7.481299999999999
8.144500000000003 7.421899999999999
9.289399999999999 7.729399999999999
8.4457 7.488299999999999
9.051499999999999 7.537000000000001
8.4283 7.4143
8.818100000000001 7.3631
8.2948 7.396700000000001
8.812000000000001 7.397300000000001
8.5349 7.3450000000000015
8.8346 7.4613999999999985
8.4779 7.511899999999999
8.950999999999999 7.433300000000001
8.464799999999999 7.474499999999999
8.8042 7.508900000000001
8.708900000000002 7.531000000000001
9.2833 7.4173
8.369499999999999 7.344099999999999
9.5703 7.5714999999999995
8.5276 7.524
9.047699999999999 7.4777
8.602199999999998 7.5859
9.1049 7.5539
8.0459 7.48
9.262000000000002 7.4765999999999995
8.5236 7.4058
9.6178 7.603399999999999
9.168999999999999 7.672100000000001
9.746900000000002 7.5829
8.6427 7.538799999999999
9.65 7.5227
8.5883 7.540900000000001
9.4191 7.491500000000001
8.484699999999998 7.5569
9.951799999999999 7.6645
8.617299999999998 7.5447
9.5765 7.511799999999999
8.798 7.472899999999999
9.588299999999998 7.4922
9.017900000000001 7.410399999999999
9.986400000000001 7.4797
8.638 7.585999999999999
9.3536 7.5814
8.740200000000002 7.6232999999999995
9.109499999999999 7.4989
8.5678 7.5294
9.4695 7.5531
8.434399999999998 7.5501
9.513799999999998 7.496599999999999
8.6104 7.590399999999999
9.402399999999998 7.556399999999999
9.0377 7.518100000000001
9.9883 7.4556
9.587599999999998 7.571400000000001
9.903400000000001 7.5822
8.621899999999998 7.5455
17.94054 12.382140000000001
14.060130000000001 10.1114
16.86815 13.169089999999994
8.4404 7.063999999999999
9.132 7.1907
8.4022 7.122000000000001
8.7891 7.299800000000001
8.8063 7.3243
9.298499999999999 7.314200000000001
8.373299999999999 7.2890000000000015
8.7637 7.2892
7.337200000000001 7.2127
8.097000000000001 7.2717
8.9207 7.380599999999999
9.0493 7.276900000000001
8.0155 7.245800000000001
8.690199999999999 7.292800000000001
8.3825 7.218899999999999
9.158900000000001 7.253899999999999
8.4535 7.2494000000000005
9.157499999999999 7.3212
8.411200000000001 7.213700000000001
9.4051 7.263999999999999
8.2596 7.2669999999999995
9.079900000000002 7.2351
8.6866 7.244899999999999
9.737599999999999 7.28
8.4754 7.3685
8.3908 7.2808
8.185599999999999 7.208399999999999
9.3019 7.381500000000001
9.5676 7.326499999999999
9.883799999999997 7.3347999999999995
8.4713 7.2982000000000005
9.371599999999999 7.3212
9.025699999999999 7.286900000000002
9.8609 7.247199999999999
8.6164 7.2364999999999995
9.8728 7.2396
8.964500000000001 7.3188
9.1366 7.348900000000001
8.6181 7.2318
9.392600000000002 7.3212
9.3336 7.2769
9.4587 7.3366
9.3833 7.267599999999999
9.531400000000001 7.2672
8.7127 7.3061
9.643099999999999 7.2677
9.0185 7.246400000000001
9.662399999999998 7.284699999999999
8.9491 7.328100000000001
9.292899999999998 7.3394
8.8776 7.352499999999999
9.298699999999998 7.364599999999999
9.1539 7.3454999999999995
10.0107 7.286699999999999
9.357700000000001 7.277
9.8264 7.3684
9.6135 7.3868
9.9102 7.388400000000001
8.9268 7.3081
9.815100000000001 7.312
9.080799999999998 7.251
10.086800000000002 7.288399999999999
8.656500000000001 7.2997
8.9706 7.330300000000001
9.0072 7.2967
9.7907 7.3096000000000005
9.2685 7.301300000000001
9.3956 7.2961
9.1187 7.338700000000001
9.6176 7.3548
9.089699999999999 7.2572
9.3654 7.273899999999999
9.2259 7.2745999999999995
9.4068 7.2852
8.9047 7.3386
10.0249 7.392899999999999
8.7876 7.3344
9.620800000000001 7.299000000000001
9.0585 7.2786
9.2126 7.2814000000000005
9.4511 7.275300000000001
9.058 7.2844999999999995
8.854099999999999 7.3273
9.501800000000001 7.357900000000001
8.8764 7.3143
9.0243 7.328899999999999
8.999100000000002 7.391400000000001
9.5517 7.405
8.9461 7.347200000000001
9.4646 7.360900000000001
8.64 7.3709
9.4091 7.4225
8.588800000000003 7.4532
9.2354 7.396700000000001
8.3746 7.4043
9.012400000000001 7.3838
9.024000000000001 7.457799999999999
9.115 7.674500000000001
8.772499999999999 7.360900000000001
10.1317 7.380000000000001
8.6491 7.355499999999999
8.484300000000001 7.371500000000002
9.6997 7.399
9.324700000000002 7.374600000000001
9.1436 7.3326
9.3983 7.3792
9.0489 7.3431999999999995
9.191599999999998 7.3883
9.1886 7.405100000000001
9.5454 7.440200000000001
9.1189 7.3602
9.2107 7.3999
9.121200000000002 7.302800000000001
9.038400000000001 7.3454999999999995
8.9464 7.360899999999999
9.0192 7.428700000000001
8.869200000000001 7.3563
9.119000000000002 7.381499999999999
8.977000000000002 7.419499999999999
9.0187 7.4028
8.5258 7.3942
9.022699999999999 7.2806999999999995
8.4164 7.2768
9.301600000000002 7.373899999999998
8.8633 7.386900000000001
9.366299999999999 7.3532
8.7435 7.3518
8.391500000000002 7.403599999999999
9.1997 7.3578
9.188199999999998 7.291499999999999
8.8808 7.3242
9.3067 7.389900000000002
8.9356 7.327999999999999
9.2922 7.335700000000001
8.727400000000001 7.2594
8.677299999999999 7.3242
9.2462 7.3793
9.462 7.3922
8.8157 7.342599999999999
8.6007 7.269299999999999
8.6767 7.2533
8.4595 7.2753
7.772000000000001 7.215200000000001
7.4653 7.2410000000000005
7.3714 7.2184
7.6278 7.1954
7.4059 7.1709000000000005
7.531700000000001 7.192299999999999
7.472999999999999 7.2372000000000005
7.75 7.285500000000001
8.046500000000002 7.3332999999999995
8.2645 7.3751999999999995
8.241200000000001 7.355500000000001
8.3785 7.35
8.4518 7.347099999999999
8.2139 7.3072
8.133 7.3135
8.088000000000001 7.281699999999999
8.7228 7.3736999999999995
