25.814999999999998 9.836900000000002
26.532000000000007 9.839900000000002
26.210000000000004 9.846400000000001
26.895000000000003 9.8454
26.701999999999998 9.836900000000002
26.362000000000002 9.8394
26.783 9.839400000000003
26.668999999999997 9.837900000000003
26.993000000000002 9.839400000000003
25.951 9.836300000000001
27.322000000000003 9.8444
27.150999999999996 9.840300000000003
26.590999999999998 9.837200000000001
26.355 9.8362
26.602999999999998 9.8352
27.279000000000003 9.836300000000001
27.357000000000003 9.833200000000001
26.968000000000004 9.8282
26.976 9.830200000000001
26.278000000000002 9.830200000000001
25.810999999999996 9.830200000000001
27.069 9.8327
26.733 9.8373
26.006999999999998 9.8312
25.483000000000004 9.8312
25.854 9.8338
25.837 9.832699999999999
26.324999999999992 9.8368
25.707 9.8352
26.555999999999997 9.8313
26.519 9.8343
26.331000000000003 9.829600000000001
26.180999999999997 9.832200000000002
25.985999999999997 9.8338
25.734 9.8338
26.249 9.8292
26.133999999999997 9.830600000000002
25.948999999999998 9.8322
26.369000000000003 9.8358
26.209 9.8323
25.990000000000002 9.831100000000001
25.435999999999996 9.827600000000002
26.095000000000002 9.826100000000002
26.437999999999995 9.824600000000002
26.398 9.8321
27.081 9.826600000000001
26.451999999999998 9.826200000000002
27.087000000000007 9.8277
26.282 9.8282
26.521999999999995 9.8282
26.963000000000005 9.8327
26.267999999999997 9.8297
27.023999999999997 9.834100000000001
26.516000000000002 9.8297
26.275 9.8307
26.044 9.8312
26.831 9.833300000000001
26.565 9.8317
26.275 9.831100000000001
25.485999999999997 9.831700000000001
25.698000000000004 9.830200000000001
26.11 9.8282
25.435999999999996 9.8246
26.63 9.8282
26.345000000000002 9.8247
26.093999999999994 9.8262
25.766 9.8262
25.778000000000002 9.819600000000001
25.47 9.82
24.775 9.818
25.133 9.8165
25.453000000000003 9.815100000000001
25.843 9.8125
26.021999999999995 9.813600000000001
26.242000000000004 9.812
26.755000000000003 9.8125
26.192999999999998 9.8085
25.138999999999996 9.8084
25.424000000000003 9.810400000000001
25.888000000000005 9.8161
25.393 9.8206
25.927999999999997 9.8171
25.41 9.817
25.284000000000002 9.818100000000001
26.156000000000002 9.822600000000001
25.948999999999998 9.8231
26.180999999999997 9.8261
27.094999999999995 9.8232
26.266999999999996 9.8201
25.970999999999993 9.8156
25.945 9.8156
25.405000000000005 9.8156
26.147 9.8141
25.753999999999998 9.8156
25.707 9.812000000000001
25.186999999999998 9.810500000000001
25.839000000000002 9.809000000000001
25.884999999999998 9.811000000000002
25.808999999999997 9.81
25.673000000000002 9.8085
26.421999999999997 9.807
27.055 9.8054
26.39 9.8125
25.978999999999996 9.8155
26.487 9.8155
26.277 9.823600000000003
25.836 9.822600000000001
26.195 9.818600000000002
25.441999999999997 9.818600000000002
25.222 9.8201
25.942999999999998 9.8216
26.716 9.824100000000001
26.993000000000002 9.822600000000001
26.208 9.8251
26.355 9.826100000000002
26.346000000000004 9.828500000000002
25.926 9.8215
25.895000000000003 9.822100000000002
26.595999999999997 9.8221
26.427 9.8206
26.098 9.822100000000002
25.750999999999998 9.8221
26.032 9.822600000000001
25.930999999999997 9.818600000000002
24.975 9.8221
25.803000000000004 9.8236
25.354 9.823100000000002
25.229000000000003 9.8201
25.100999999999996 9.8221
26.668999999999997 9.8176
25.713 9.8141
26.662999999999997 9.821100000000001
26.369000000000003 9.8236
25.45 9.828100000000001
26.392 9.8316
27.108999999999998 9.8361
26.618 9.837100000000001
27.284999999999997 9.8361
26.064 9.840800000000002
25.478999999999996 9.8392
26.137999999999995 9.8407
25.909 9.8407
25.66 9.8439
26.712999999999997 9.8427
25.200999999999997 9.8427
25.535999999999998 9.8372
25.467000000000002 9.8407
25.409 9.8453
26.108999999999998 9.8468
25.706 9.8473
25.369000000000003 9.8442
25.548 9.8442
26.178999999999995 9.844299999999999
25.207 9.8458
25.297000000000004 9.8484
25.703 9.845799999999999
24.769999999999996 9.8437
25.247999999999998 9.8438
25.338999999999995 9.8423
24.804 9.8423
24.945 9.845799999999999
25.952 9.844299999999999
26.147 9.8408
24.798000000000002 9.8373
24.363999999999997 9.8373
24.654000000000003 9.835700000000001
24.601 9.834200000000001
24.860000000000003 9.829700000000003
25.222 9.829700000000003
25.132000000000005 9.829700000000003
25.795 9.826700000000002
24.616000000000003 9.827700000000002
24.555000000000003 9.827700000000002
24.717 9.827700000000002
24.683 9.827700000000002
25.473999999999997 9.828700000000001
24.786 9.827200000000001
24.049999999999997 9.825600000000001
24.923 9.828200000000002
25.281000000000002 9.8282
25.366 9.8312
25.518 9.8322
25.162000000000006 9.8352
24.814 9.837200000000001
24.677 9.837200000000001
24.711 9.8337
25.006 9.837200000000001
25.068 9.8352
25.235000000000003 9.838300000000002
26.055 9.8352
25.260000000000005 9.8353
24.918999999999997 9.8337
24.797000000000004 9.835700000000001
24.372 9.837200000000001
25.253000000000004 9.835700000000001
26.142 9.840300000000001
25.863000000000003 9.856100000000001
25.595000000000002 9.8657
25.086 9.872200000000001
25.269 9.8743
25.292 9.8738
26.021000000000004 9.875900000000001
25.665000000000006 9.8748
25.364000000000004 9.872800000000002
25.36 9.8759
25.608000000000004 9.8784
25.009999999999998 9.8768
25.211999999999996 9.8803
25.406999999999996 9.877399999999998
25.545999999999996 9.874899999999998
24.778 9.8814
25.252000000000002 9.8743
24.776 9.8758
25.226 9.8743
25.403000000000002 9.872700000000002
25.631000000000004 9.8692
25.031 9.868800000000002
24.509000000000004 9.8642
24.513999999999996 9.870800000000001
25.364000000000004 9.8682
25.616 9.8667
26.230000000000004 9.8682
25.188 9.8637
25.44 9.8652
25.097 9.8652
25.261 9.8621
25.794 9.8636
25.373 9.8636
25.549 9.8636
30.976899999999997 11.6039
24.48 9.7564
24.996000000000002 9.762500000000001
25.563999999999997 9.7716
24.57 9.772
24.099999999999998 9.777099999999999
24.522 9.7801
24.299 9.7863
24.514 9.782800000000002
24.225 9.7888
25.024 9.7858
23.736 9.7923
24.150999999999996 9.796500000000002
24.188 9.7979
23.178000000000004 9.7964
23.530999999999995 9.798000000000002
23.616 9.801
23.574 9.801
23.738 9.8025
24.707 9.8025
24.840999999999998 9.8057
24.649 9.8072
24.21 9.8072
24.182000000000002 9.807
24.503 9.809000000000001
24.42 9.809
24.649000000000004 9.8025
24.605999999999998 9.8092
24.523999999999997 9.806000000000001
23.918 9.8121
24.157 9.8091
23.064999999999998 9.8107
23.839 9.7636
25.508999999999997 9.7374
26.040000000000003 9.765600000000001
24.874999999999996 9.7671
24.358999999999998 9.7683
25.387000000000004 9.7703
24.794 9.773800000000001
25.332 9.773800000000001
25.264000000000003 9.776900000000001
25.226 9.7753
25.018 9.775300000000001
24.99 9.773800000000001
25.097 9.773800000000001
31.472199999999994 11.453100000000001
32.14300000000001 10.6355
27.700000000000003 9.6589
27.704 9.7017
27.222 9.708900000000002
27.814000000000007 9.7148
27.549999999999997 9.7271
26.991000000000003 9.73
26.627000000000002 9.7315
26.441 9.6552
27.499000000000002 9.5904
27.609999999999996 9.668000000000001
27.981 9.7117
27.025000000000006 9.7193
