13.884000000000002 9.0852
14.035 9.0852
14.103000000000002 9.086699999999999
14.353000000000002 9.086699999999999
14.430000000000001 9.088199999999999
14.432 9.088199999999999
14.417000000000002 9.086699999999999
14.227 9.0852
14.272000000000002 9.089699999999999
14.283000000000001 9.0852
14.207 9.088199999999999
13.969000000000001 9.0852
14.032 9.086699999999999
13.913 9.0852
14.008000000000001 9.0852
14.027000000000001 9.086699999999999
14.158000000000001 9.0852
14.098999999999998 9.0852
14.132 9.0882
13.921000000000003 9.089699999999999
14.263 9.086699999999999
14.21 9.088199999999999
13.983 9.086699999999999
14.149000000000001 9.088199999999999
14.34 9.086699999999999
14.290000000000003 9.086699999999999
14.356000000000002 9.095699999999999
14.084000000000001 9.092699999999999
13.877 9.092699999999999
13.743 9.091199999999999
13.733 9.091199999999999
13.979 9.088199999999999
13.968 9.092699999999999
13.931 9.092699999999999
14.041999999999998 9.095699999999999
14.491999999999999 9.0943
14.279 9.0943
14.188 9.0943
14.086000000000002 9.0958
13.839000000000002 9.0943
13.870000000000001 9.0973
13.619 9.0973
13.647700000000002 9.0973
13.886099999999999 9.0988
14.063 9.0973
14.025000000000002 9.0958
14.039000000000001 9.0943
14.025000000000002 9.0958
14.225999999999999 9.0973
14.059 9.0973
13.744 9.092799999999999
13.773999999999997 9.0958
13.777000000000001 9.0943
13.904 9.0943
13.568 9.0958
13.441999999999998 9.0958
13.600999999999999 9.0958
13.713000000000001 9.0958
13.58 9.0958
13.553 9.0943
13.815199999999999 9.0943
14.0476 9.0943
14.083300000000001 9.092799999999999
14.358 9.092799999999999
14.105 9.0973
14.357000000000001 9.0943
14.328999999999997 9.092799999999999
14.509000000000002 9.0958
14.102 9.0958
13.863999999999999 9.0943
13.809999999999997 9.0943
14.052000000000001 9.092799999999999
13.935 9.092799999999999
14.263 9.092799999999999
14.442 9.0958
14.127999999999998 9.092799999999999
14.099 9.092799999999999
14.074 9.092799999999999
14.105 9.092799999999999
14.105 9.0943
13.96 9.0943
13.971999999999998 9.0943
13.858999999999998 9.092799999999999
13.868 9.0958
14.097999999999999 9.0943
14.353 9.0958
14.387 9.092799999999999
14.398 9.0958
13.993 9.0943
13.974 9.092799999999999
13.983 9.092799999999999
13.934999999999997 9.0943
13.998999999999997 9.0943
13.61 9.092799999999999
13.727 9.0958
13.779 9.0958
13.940000000000003 9.0958
14.054 9.089699999999999
13.971 9.094199999999999
14.719999999999999 9.0912
14.953999999999997 9.092799999999999
14.961999999999998 9.0958
14.838999999999999 9.092799999999999
14.389999999999997 9.092799999999999
14.357000000000003 9.092799999999999
14.268999999999998 9.092799999999999
14.085 9.092799999999999
14.133000000000001 9.092799999999999
14.404 9.092799999999999
14.399999999999999 9.092799999999999
14.616999999999999 9.0943
14.538 9.092799999999999
14.532 9.0973
14.552999999999999 9.0943
14.697 9.0943
14.826 9.092799999999999
14.478 9.092799999999999
14.270000000000001 9.0913
14.429999999999998 9.0913
14.384999999999998 9.0913
14.193 9.092799999999999
14.384000000000002 9.092799999999999
14.442 9.0913
14.420000000000002 9.0958
14.311000000000002 9.0898
14.341000000000001 9.0898
14.451999999999998 9.0868
14.292999999999997 9.0913
14.179 9.0943
14.363000000000001 9.089799999999999
14.701999999999998 9.0913
14.725000000000001 9.0883
14.844000000000001 9.089799999999999
14.482000000000003 9.089799999999999
14.503 9.0898
14.420999999999998 9.092799999999999
14.682 9.092799999999999
14.567999999999998 9.0943
14.414999999999997 9.0973
14.271999999999998 9.0973
14.297 9.0958
14.011999999999999 9.092799999999999
13.932999999999998 9.092799999999999
13.95 9.0898
14.250000000000002 9.0867
14.428000000000003 9.088299999999998
14.817 9.0959
14.942 9.0943
14.896999999999998 9.0943
15.034 9.088299999999998
14.765 9.0867
14.555999999999997 9.088199999999999
14.354 9.091199999999999
14.326 9.088199999999999
14.293 9.094199999999999
14.287000000000003 9.091199999999999
14.086000000000002 9.0897
14.416000000000004 9.0912
14.540000000000001 9.0958
14.471 9.095799999999999
14.473999999999998 9.0943
14.501000000000003 9.092699999999999
14.729000000000001 9.0958
14.597999999999999 9.0912
14.482999999999999 9.0912
14.482999999999999 9.0942
14.333000000000002 9.089699999999999
13.657 9.0912
13.854 9.0943
13.821000000000003 9.092799999999999
13.914000000000001 9.0958
13.905000000000001 9.0958
14.067999999999998 9.092799999999999
14.065 9.0943
14.245 9.0943
13.907 9.0958
14.08 9.0973
13.909999999999997 9.0943
14.036999999999999 9.0943
13.876 9.0943
13.901000000000002 9.0943
13.671000000000003 9.0958
14.007 9.0943
13.678 9.0988
13.807999999999998 9.0973
13.711000000000004 9.0973
13.583 9.0973
13.644 9.0973
13.722999999999999 9.1003
13.999 9.0988
14.076 9.0988
14.255 9.0973
13.844000000000003 9.0988
13.636999999999999 9.0988
13.616 9.0988
13.848000000000003 9.1018
13.863 9.1018
13.651000000000002 9.1018
13.889 9.1018
14.106 9.1003
14.084000000000001 9.0988
13.835 9.1003
14.177000000000003 9.1003
14.179 9.1003
14.147000000000002 9.1003
14.159000000000002 9.1003
14.377999999999998 9.1003
14.245000000000003 9.1018
14.064000000000002 9.1003
13.832 9.1003
14.072000000000001 9.1018
13.908999999999999 9.1033
13.899000000000001 9.1003
13.915 9.0988
14.108999999999996 9.0988
14.194 9.0973
14.301 9.0973
14.527999999999999 9.0988
14.546999999999999 9.1003
14.532 9.1033
14.457 9.0988
14.189000000000004 9.0958
14.143 9.1003
14.136 9.1003
13.700999999999999 9.0973
13.798999999999998 9.0988
13.889999999999999 9.1003
13.944 9.0973
13.937 9.1033
14.29 9.0958
14.025000000000002 9.0988
14.215 9.0973
14.08 9.1003
14.295 9.1003
14.276 9.0958
14.649000000000001 9.1018
14.597 9.1003
14.285999999999998 9.1003
14.280000000000001 9.1003
14.113000000000001 9.1003
14.116999999999999 9.1033
14.587 9.0988
14.387 9.1033
14.249 9.0988
14.172 9.1018
14.224000000000004 9.1003
14.251999999999999 9.0988
14.184999999999997 9.1003
14.393 9.0988
14.386 9.0988
14.29 9.1003
14.213999999999999 9.1033
14.364000000000003 9.1018
14.068000000000003 9.1018
14.249999999999998 9.0987
14.232 9.0987
14.207 9.1002
14.175999999999997 9.1003
14.312 9.0987
14.280000000000001 9.0972
14.218 9.1002
13.988000000000003 9.098700000000001
13.967000000000002 9.1002
13.874 9.095699999999999
13.761999999999999 9.103200000000001
14.038999999999998 9.1002
14.219000000000001 9.1002
14.046 9.1017
13.861 9.104700000000001
14.072999999999999 9.109200000000001
14.177000000000001 9.109200000000001
14.139000000000001 9.107700000000001
13.804000000000002 9.103200000000001
13.841000000000001 9.106200000000001
14.081 9.104700000000001
13.792000000000002 9.107700000000001
13.914000000000001 9.106200000000001
13.735 9.104700000000001
13.971999999999998 9.107700000000001
14.534999999999998 9.107800000000001
14.652000000000001 9.103200000000001
14.918999999999999 9.1079
14.799999999999999 9.104700000000001
14.918999999999999 9.106200000000001
14.900000000000002 9.107700000000001
15.088999999999997 9.107700000000001
15.039999999999997 9.104700000000001
14.557999999999998 9.104700000000001
