41.1696 16.28266999999999
40.44410000000001 16.32063
36.07659999999999 16.330019999999998
42.66699999999998 16.334670000000003
38.10489999999997 16.32571
35.829899999999995 16.31765
43.36240000000001 16.298639999999992
34.56050000000002 16.29692
33.557199999999995 16.329759999999997
45.66809999999999 16.348219999999998
37.999100000000006 16.28728
33.218300000000006 16.298940000000005
46.91740000000001 16.25589
35.397989999999986 16.267179999999996
38.82793 16.31050999999999
46.1722 16.352739999999987
30.517800000000005 16.323749999999997
36.99870000000001 16.306749999999994
41.5892 16.332739999999987
36.568400000000004 16.327949999999998
32.325300000000006 16.315629999999988
46.2403 16.514009999999992
43.3525 16.295729999999992
26.252499999999994 16.326369999999997
40.91939999999998 16.277109999999997
39.8074 16.27804
45.17119999999999 16.29322
33.452799999999996 16.275459999999995
49.82129999999998 16.31372
32.88629999999999 16.309239999999996
37.5935 16.283519999999992
47.39850000000001 16.321080000000006
36.256962 16.2586
40.0848 16.25706000000001
41.8512 16.259440000000005
42.47290000000001 16.295679999999997
32.4392 16.275079999999996
44.4209 16.27815000000001
39.46729999999999 16.311239999999998
36.123979999999996 16.297700000000003
44.715199999999996 16.273080000000007
41.2685 16.277379999999994
37.471700000000006 16.269890000000004
40.5673 16.244459999999997
38.658 16.281109999999995
40.24649999999998 16.301819999999992
43.431100000000015 16.296949999999995
39.95770000000001 16.30169999999999
34.3484 16.294890000000002
46.41180000000002 16.32444999999999
40.70808000000003 16.304319999999993
34.32592000000001 16.30247
41.55900000000002 16.2889
40.265499999999996 16.28793
36.0371 16.31339
37.64560000000001 16.291809999999995
42.75659999999999 16.29127999999999
42.72870000000001 16.335150000000002
31.639899999999994 16.291599999999995
36.9346 16.283409999999996
36.28989999999999 16.281700000000004
33.67986 16.315279999999998
41.26156999999999 16.294810000000002
36.29340000000001 16.311469999999996
30.79170000000001 16.332859999999997
41.82749999999999 16.327359999999995
32.782500000000006 16.29526999999999
31.1816 16.297490000000003
33.060200000000016 16.330900000000003
41.00030000000002 16.350000000000005
35.5074 16.3233
29.218910000000008 16.336979999999997
41.676500000000004 16.319679999999995
38.995000000000005 16.3369
29.89096 16.346149999999998
35.53520000000001 16.351649999999996
33.46893 16.351249999999993
37.16560000000001 16.3802
30.86204 16.343049999999998
33.0264 16.350320000000007
36.62170999999999 16.38880000000001
36.32049999999998 16.358700000000013
32.719100000000005 16.3663
25.708799999999993 16.376749999999994
37.937100000000015 16.389899999999997
41.66859999999999 16.415799999999994
28.1165 16.377999999999997
33.392400000000016 16.404300000000006
36.60500000000001 16.39319999999999
35.686099999999996 16.3903
30.379199999999994 16.40579999999999
35.61726999999999 16.411200000000008
33.4035 16.407
34.592999999999996 16.436899999999994
33.662700000000015 16.390600000000003
37.6551 16.378599999999995
35.25099999999999 16.3847
30.18351999999999 16.418049999999997
41.962699999999984 16.379959999999997
28.4024 16.39850000000001
31.21249999999999 16.3896
38.84609999999998 16.424999999999997
38.853100000000005 16.446499999999993
31.065299999999997 16.442899999999998
29.0429 16.441799999999997
38.9131 16.467000000000002
30.809900000000003 16.442299999999985
38.6202 16.456
30.16229999999999 16.475500000000004
40.96629999999999 16.477100000000004
31.452600000000007 16.4633
37.96269999999999 16.4681
31.506900000000016 16.43650000000001
39.39750000000001 16.420599999999993
25.538200000000007 16.4455
37.781799999999976 16.492399999999996
38.44149999999999 16.497899999999994
30.376500000000007 16.483700000000002
45.2591 16.5414
30.711020000000005 16.48800000000001
36.7653 16.503599999999995
28.24931999999999 16.481199999999998
37.609999999999985 16.476000000000003
40.74062000000001 16.513
35.23409999999999 16.5008
30.90969999999998 16.499
37.3869 16.546199999999995
38.35120000000001 16.523100000000003
32.8568 16.4848
28.82680000000001 16.496199999999998
40.1219 16.486599999999992
36.9975 16.453800000000008
29.32619999999998 16.462300000000003
41.520900000000005 16.481800000000003
29.7165 16.49430000000001
42.720400000000005 16.518199999999993
30.522000000000006 16.4873
41.584900000000005 16.509799999999995
31.600099999999998 16.5361
33.31024999999998 16.506999999999994
40.62819999999999 16.562399999999997
35.29022999999999 16.555100000000007
28.932626999999993 16.537299999999988
45.9075 16.588200000000004
38.11817000000001 16.574900000000003
32.919000000000004 16.516600000000007
35.69657000000001 16.5549
41.819799999999994 16.539599999999997
31.445540000000005 16.525300000000005
44.9872 16.5734
36.354899999999994 16.5508
33.6675 16.544199999999996
41.717500000000015 16.581100000000003
45.77309999999999 16.553999999999995
32.354490000000006 16.504099999999998
48.404399999999995 16.578
35.26585 16.492999999999995
45.51162000000002 16.566099999999988
43.624399999999994 16.6155
43.991539999999986 16.592500000000005
39.35942000000001 16.5985
45.004599999999996 16.591399999999997
38.75128 16.74749999999999
50.28310000000001 16.633600000000005
37.96924999999999 16.589500000000005
52.099799999999995 16.625999999999998
38.76230000000001 16.6062
50.30659999999999 16.632300000000004
37.51435 16.660299999999996
56.89364000000001 16.650500000000005
41.6736 16.599900000000005
49.930600000000005 16.669000000000004
44.44829999999999 16.644400000000005
51.33130000000001 16.624499999999998
43.495499999999986 16.661899999999996
53.5366 16.680299999999995
41.351699999999994 16.65440000000001
54.390800000000006 16.7071
44.956799999999994 16.674699999999994
53.98079999999999 16.660800000000002
46.198899999999995 16.6848
50.586500000000015 16.6735
55.4157 16.674200000000003
50.757299999999994 16.717499999999998
44.67470000000001 16.6734
49.2792 16.70200000000001
52.95659999999999 16.684999999999995
54.30290000000001 16.646900000000002
48.7405 16.7053
52.739099999999986 16.6706
50.566299999999984 16.6764
56.154099999999985 16.7057
51.75110000000001 16.670099999999998
47.17760000000002 16.692300000000003
59.436499999999995 16.721999999999994
43.333200000000005 16.71089999999999
57.508500000000005 16.7089
50.47020000000002 16.7003
57.32959999999999 16.758900000000004
50.19479999999999 16.745599999999992
48.446100000000015 16.78239999999999
54.81010000000002 16.694100000000006
47.5333 16.700699999999998
58.664099999999976 16.815699999999993
43.70339000000001 16.75919999999999
49.78310000000003 16.826700000000006
51.35909999999999 16.8254
44.08389999999999 16.8451
60.2789 16.849600000000002
52.55329000000001 16.7912
45.8708 16.782199999999996
58.51570000000002 16.7953
44.382160000000006 16.77070000000001
47.16367000000004 16.795799999999993
54.893499999999996 16.7829
44.78650000000001 16.80539999999999
50.75179999999998 16.799500000000002
47.301799999999986 16.7678
58.06950000000002 16.765
49.63639999999999 16.7769
47.1841 16.814899999999998
43.717999999999996 16.785399999999996
55.26409999999999 16.789900000000003
42.835600000000014 16.799099999999996
58.29880000000003 16.794
44.212990000000005 16.747799999999994
48.138200000000005 16.7495
49.31530000000002 16.770500000000006
50.667899999999996 16.770999999999997
47.0157 16.7668
42.79810000000002 16.782000000000004
50.87219999999999 16.793099999999995
49.955799999999996 16.743099999999988
47.986699999999985 16.770499999999995
50.70379999999998 16.768399999999996
43.33759999999998 16.7592
48.87960000000001 16.783999999999995
44.5762 16.760500000000008
50.19700000000002 16.7449
43.701800000000006 16.750300000000003
57.5397 16.7499
39.786 16.700500000000005
55.2808 16.711100000000005
41.828900000000004 16.74949999999999
53.91349999999999 16.752699999999994
29.892399999999984 16.721999999999998
63.11470000000002 16.819899999999997
39.58986999999999 16.742600000000007
49.49030000000002 16.774300000000018
45.12820000000002 16.805600000000002
51.1896 16.7921
41.396000000000015 16.738500000000002
33.84652 16.983999999999998
54.477999999999994 16.803199999999993
54.660599999999995 16.7699
38.441060000000014 16.779599999999995
56.862599999999986 16.817399999999992
38.26179999999998 16.7908
41.1176 16.7734
56.49799999999998 16.825899999999997
44.17956000000001 16.765400000000003
45.73329999999999 16.795199999999994
40.507599999999975 16.768500000000003
50.57680000000001 16.811499999999995
45.55824999999999 16.7817
40.02060000000001 16.778499999999998
49.4423 16.818600000000004
40.110099999999974 16.79120000000001
48.43489999999999 16.82109999999999
33.700359999999996 16.759299999999996
48.857800000000005 16.807299999999998
42.63010000000001 16.785999999999994
44.82489999999999 16.746499999999994
45.126799999999996 16.825200000000002
36.50209999999999 16.7787
37.55550000000001 16.816
47.4884 16.830800000000004
31.046229999999987 16.782999999999994
42.3318 16.833200000000005
44.810500000000005 16.832700000000006
38.163899999999984 16.827700000000007
37.964899999999986 16.807899999999993
42.816593000000005 16.6006
40.819952999999984 16.65006
39.93045600000001 16.67581
42.82920000000003 16.514920000000007
35.14845 16.638250000000003
40.59560000000002 16.69543
