17.115 6.1690000000000005
19.451999999999998 6.168
20.953000000000003 6.174
21.979000000000003 6.188000000000001
16.128 6.142
18.763 6.139
19.182 6.141
20.093 6.141
19.08 6.143
17.287 6.143
13.672 6.134
12.988 6.1370000000000005
14.811 6.139
17.584 6.1370000000000005
17.444000000000003 6.14
18.848 6.171
14.231000000000002 6.1690000000000005
18.879 6.127
20.825 6.117999999999999
21.625 6.122
20.026 6.135
15.827999999999998 6.135
13.263 6.137
13.0 6.136
12.710000000000003 6.161999999999999
13.968 6.236
13.940000000000003 6.258000000000001
15.524 6.2219999999999995
13.569999999999999 6.18
15.216000000000001 6.0920000000000005
15.112 6.064
16.797 6.066999999999999
17.209000000000003 6.068
14.912999999999998 6.071999999999999
14.475 6.091
13.592 6.29
11.452 6.312000000000001
14.889999999999997 6.311
17.653999999999996 6.325
17.051999999999996 6.368
14.465 6.358
17.354999999999997 6.34
19.788 6.3469999999999995
20.715 6.344999999999999
19.467000000000002 6.333
17.017000000000003 6.326999999999999
12.709000000000001 6.379
11.2031 6.375
12.486 6.379
13.004 6.4
17.241999999999997 6.404
17.852999999999998 6.4
14.218 6.357
16.358 6.2909999999999995
17.819000000000003 6.297999999999999
18.823999999999998 6.276000000000001
19.294 6.300999999999999
15.708 6.326
13.622 6.336
12.974999999999998 6.356000000000001
13.245 6.357
15.582 6.364
16.087 6.384
17.774999999999995 6.387999999999999
13.886000000000001 6.392
15.951 6.339
18.067 6.358
18.505 6.361
18.958 6.35
16.101 6.351999999999999
12.927 6.3469999999999995
12.912 6.344999999999999
14.201999999999998 6.320999999999999
16.089 6.245
17.258000000000003 6.254
18.978 6.258
13.422 6.242999999999999
17.768 6.251999999999999
19.186999999999998 6.252000000000001
21.012 6.274
20.941 6.300999999999999
15.705 6.343
11.745999999999999 6.268000000000002
12.32 6.272
12.847 6.284000000000001
15.133 6.335
16.4265 6.340999999999999
18.874999999999996 6.343
15.09 6.348
16.919000000000004 6.345999999999999
18.733 6.345999999999999
19.784000000000002 6.348
21.738 6.369999999999999
21.637 6.389
20.493 6.415
20.182 6.432
16.519000000000002 6.462
13.779 6.35
11.771 6.323
12.531 6.3229999999999995
10.615 6.308
12.872 6.296
14.254 6.3
15.386 6.303
15.466000000000001 6.3
14.892 6.309000000000001
11.979000000000001 6.4
11.076 6.411
13.934 6.432
16.799999999999997 6.453
16.683999999999997 6.473999999999999
16.952 6.433
14.898 6.384999999999999
14.013 6.289
16.476 6.2909999999999995
19.215999999999998 6.288
20.604 6.29
14.804 6.29
11.863000000000001 6.287
11.917 6.284000000000001
13.942999999999998 6.285
17.567 6.285
18.762 6.288
20.019 6.292000000000001
14.629999999999999 6.292000000000001
18.058 6.257
19.840000000000003 6.256
18.631 6.261
20.548000000000002 6.260000000000001
14.623999999999999 6.256
9.513 6.2509999999999994
10.167 6.2509999999999994
12.243 6.250000000000002
16.019 6.253
18.232 6.254
18.719 6.257
13.130999999999998 6.255000000000001
15.396 6.252000000000001
16.608 6.252000000000001
14.157 6.254
16.507 6.268
12.484 6.267
10.234 6.258
9.778 6.254999999999999
11.689 6.15
16.003 6.156
16.416 6.154
17.035 6.156000000000001
13.645000000000001 6.156
16.84 6.160999999999999
20.239 6.160999999999999
20.243 6.158999999999999
19.830000000000002 6.1610000000000005
15.082 6.165
10.468 6.158
10.6987 6.158
13.536999999999999 6.155
13.9178 6.155
14.368000000000002 6.160999999999999
16.025 6.158999999999999
18.958 6.158
13.949 6.158
15.094 6.144
15.847 6.141
17.154000000000003 6.137
12.921 6.136
9.908999999999999 6.138
7.524900000000001 6.137
9.520000000000001 6.133
9.229 6.132
9.872 6.130999999999999
9.940999999999999 6.135
9.782 6.132999999999999
10.108 6.1370000000000005
12.809000000000001 6.156
13.84 6.166
14.762 6.1739999999999995
11.874 6.1739999999999995
10.459 6.1739999999999995
10.837 6.1739999999999995
12.016 6.1739999999999995
13.247 6.173
15.233999999999998 6.172
15.756 6.174
16.719 6.191
12.078 6.220999999999999
14.02 6.233
13.968 6.256
16.541 6.265999999999999
14.617000000000003 6.281000000000001
10.595 6.2989999999999995
10.394 6.308999999999999
10.732999999999999 6.319
12.255 6.335
12.586 6.348000000000001
14.511 6.331
16.586000000000002 6.308
18.502999999999997 6.311
19.003999999999998 6.312999999999999
19.403000000000002 6.317
19.971 6.329
17.578000000000003 6.317
12.878 6.315999999999999
13.541 6.311999999999999
12.674000000000001 6.314
13.199 6.312999999999999
15.979 6.312999999999999
19.653 6.319
18.335 6.315999999999999
14.857000000000001 6.326000000000001
17.945 6.315999999999999
21.606 6.317
18.271 6.317999999999999
15.774 6.315999999999999
11.719 6.3149999999999995
10.810000000000002 6.3149999999999995
10.998 6.311999999999999
12.945 6.311999999999999
14.664 6.289
14.182 6.257
16.287000000000003 6.259
19.052000000000003 6.276
19.387999999999998 6.287000000000001
20.132 6.3
21.196 6.3149999999999995
13.636000000000001 6.311999999999999
10.891 6.268
11.383000000000001 6.267
11.315000000000001 6.268
13.873000000000001 6.268
17.571 6.268999999999999
18.712999999999997 6.271
17.834 6.272
19.817999999999998 6.274
16.412000000000003 6.2700000000000005
15.406999999999998 6.2509999999999994
14.435 6.217999999999999
11.703999999999999 6.209
9.15 6.204000000000001
8.831 6.202000000000001
8.0 6.207
7.639 6.203999999999999
7.335999999999999 6.202
9.061 6.202
9.598999999999998 6.204
8.895999999999999 6.201
8.361 6.203
9.695 6.207000000000001
11.554999999999998 6.2059999999999995
12.0 6.205
9.894 6.21
11.801 6.21
12.427 6.202
14.543999999999999 6.166
13.526 6.178
15.451999999999998 6.198
14.945 6.239
12.692 6.277000000000001
14.083000000000002 6.279
14.148 6.271
14.966000000000001 6.282
12.506 6.279
9.514 6.2650000000000015
10.733 6.254000000000001
10.845999999999998 6.257
12.339000000000002 6.259
15.083999999999998 6.2700000000000005
17.377000000000002 6.313000000000001
14.628 6.314
15.811 6.312000000000001
17.019000000000002 6.312000000000001
19.476000000000003 6.314
19.708 6.317
15.376000000000001 6.314
11.187 6.287000000000001
10.091 6.301000000000001
12.288000000000002 6.336
11.921000000000001 6.357
14.041999999999998 6.361
14.043 6.356000000000001
16.528 6.339
17.4 6.343
16.698999999999998 6.348999999999999
17.144 6.363
16.977 6.386
14.221 6.358
11.004999999999999 6.339
9.949 6.341000000000001
