34.378 8.7514
30.173000000000005 8.7431
29.470000000000002 8.746699999999999
27.680999999999994 8.741700000000002
25.045 8.7273
18.916800000000002 8.7173
13.6962 8.7102
13.7628 8.7035
14.617700000000003 8.717300000000002
19.0791 8.698399999999996
24.8853 8.7156
27.804000000000002 8.7273
28.447 8.726799999999999
31.100999999999996 8.730500000000001
27.1139 8.726100000000002
23.468200000000003 8.7186
18.599700000000002 8.712799999999996
20.366300000000006 8.722599999999998
18.080099999999998 8.7306
16.1365 8.725399999999999
16.150899999999996 8.7261
21.6599 8.740400000000003
30.275300000000005 8.7339
31.349999999999994 8.7622
34.492999999999995 8.7605
44.391000000000005 8.7679
47.64999999999999 9.181430000000002
43.754999999999995 8.715499999999999
38.876999999999995 8.7216
40.544999999999995 8.712
36.43300000000001 8.720500000000001
29.997 8.721600000000002
28.249000000000006 8.7413
31.688000000000006 8.749600000000001
39.59199999999999 8.752
41.918 8.754900000000001
39.215999999999994 8.763000000000002
33.3381 8.772200000000002
32.092299999999994 9.484651000000001
27.058400000000006 8.7828
21.493399999999998 8.7571
23.3997 8.743200000000002
23.751 8.7651
20.571499999999997 8.7686
18.7883 8.757000000000001
23.105099999999997 8.750699999999998
30.037999999999993 8.7593
31.3451 8.7589
28.6451 8.7625
27.263600000000004 8.7639
28.416999999999998 8.7711
25.64619999999999 8.779100000000001
21.103499999999997 8.7682
22.1585 8.761800000000001
20.639 8.773399999999999
16.294299999999996 8.7579
14.926699999999999 8.7478
21.601200000000002 8.7607
29.666999999999994 8.761899999999999
30.309 8.766499999999999
29.818 8.754599999999998
24.386900000000004 8.7916
19.990599999999997 8.7649
19.8663 8.7647
21.3077 8.7539
20.8484 8.7679
19.8554 8.7676
18.4769 8.778299999999998
17.001500000000004 8.785499999999999
22.686500000000002 8.7825
31.26900000000001 8.7902
31.862999999999996 8.794900000000002
29.174 8.7868
26.1269 8.8066
24.3461 8.7792
25.055800000000005 8.7825
21.9303 8.774700000000001
25.089400000000005 8.7625
22.746600000000004 8.779300000000001
19.091699999999996 8.7811
17.366899999999998 8.7926
22.153100000000002 8.7737
30.390999999999995 8.7741
33.736000000000004 8.786999999999999
31.982000000000006 8.799200000000003
28.663860000000003 9.53013
24.197499999999994 8.7429
19.608099999999997 8.733299999999998
16.778599999999997 8.713400000000002
22.0899 9.3985
18.143 8.6408
16.9627 8.7225
15.6327 8.7135
14.951400000000001 8.706899999999997
15.910200000000001 8.7138
16.99076000000001 9.137800000000002
21.0475 8.622000000000002
29.862 8.6861
47.29762000000001 10.624300000000002
36.762829999999994 8.778599999999999
30.318299999999997 8.528500000000001
33.007999999999996 8.5689
38.50599999999999 8.6097
35.120999999999995 8.660400000000001
29.477700000000002 8.668199999999999
34.3611 8.6853
42.806 8.690700000000001
44.016999999999996 8.695300000000001
38.983000000000004 8.683800000000002
35.807 8.711399999999998
30.074999999999996 8.7062
22.8764 8.7011
17.080500000000004 8.677200000000001
17.9456 8.6839
16.6192 8.690600000000002
20.635390000000005 9.990435999999999
13.819299999999998 8.4185
20.9377 8.576900000000002
27.070899999999998 8.6716
31.085799999999995 8.678499999999998
28.6039 8.714000000000002
27.158699999999996 8.751000000000001
24.7291 8.7234
25.241600000000002 8.718799999999998
21.0928 8.721699999999997
20.583599999999993 8.719899999999999
19.926 9.139399999999998
15.983500000000001 8.5861
14.829400000000001 8.6185
25.102580000000007 10.067499999999999
30.721000000000004 8.669
33.134 8.711
31.611 8.7191
25.943700000000003 8.7273
27.7222 9.464872999999997
22.1474 8.719399999999998
17.9551 8.7092
18.0303 8.702099999999998
18.6888 8.720399999999998
16.299100000000003 8.7204
15.915399999999996 8.723299999999998
20.667700000000004 8.720799999999999
29.855000000000004 8.723700000000001
32.00900000000001 8.7343
28.304900000000004 8.743400000000001
26.7001 8.740699999999999
25.957800000000002 8.7381
24.5081 8.739700000000001
20.998199999999997 8.736899999999999
18.482300000000002 8.7273
15.702000000000005 8.7289
16.0652 8.737599999999999
15.620300000000004 8.7266
20.736300000000004 8.730499999999997
30.191000000000003 8.737499999999999
30.5835 8.7381
39.032160000000005 10.205358300000002
30.992139999999996 11.1962
27.1619 8.140699999999999
18.850399999999997 8.5569
16.701600000000003 8.5734
16.8343 8.592899999999998
17.0317 8.607000000000001
15.9193 8.599700000000002
16.1604 8.612800000000002
20.0108 8.638200000000001
25.8134 8.6621
26.764 8.666400000000001
29.245500000000003 8.672999999999998
35.992999999999995 8.6919
38.38989999999999 8.708999999999998
40.64699999999999 8.701300000000002
36.153 8.6793
33.128 8.667000000000002
28.6545 8.6808
26.313 8.7013
23.393 8.716800000000003
32.13239 9.063
32.102000000000004 8.6507
27.592690000000005 8.884300000000001
18.6817 8.595600000000001
17.9647 8.6086
15.4968 8.614199999999999
14.307499999999997 8.6306
15.4893 8.6284
16.3506 8.6352
17.0178 8.644900000000002
17.654700000000005 8.648700000000002
17.3425 8.691200000000002
22.684399999999997 8.7402
28.964000000000002 8.778100000000002
27.43 8.7785
27.4818 8.7825
26.731599999999993 8.797999999999998
27.73155 9.132814999999999
21.695600000000002 8.7137
16.852600000000002 8.6905
18.3816 8.689799999999998
13.767899999999997 8.690599999999998
12.8218 8.6921
12.568900000000003 8.685
16.8518 8.684700000000001
23.0047 8.7013
24.898500000000002 8.691999999999998
28.2746 8.7213
24.608900000000002 8.731100000000001
19.818599999999996 8.731599999999998
18.0964 8.722700000000001
15.327399999999999 8.6984
15.4648 8.691899999999999
15.890700000000002 8.7012
15.200800000000001 8.6945
15.6322 8.6933
21.728500000000004 8.7066
28.838900000000002 8.726199999999999
29.182299999999994 8.726099999999999
26.7998 8.7221
27.9611 8.736500000000001
24.670799999999996 8.7208
23.990699999999997 8.734599999999999
21.6744 8.723299999999998
21.409100000000002 8.724600000000002
18.5811 8.717600000000001
17.6952 8.718300000000001
17.9618 8.737599999999999
26.33 8.7383
34.062 8.757699999999998
36.193000000000005 8.761099999999999
29.59499999999999 8.763300000000001
27.598 8.749299999999998
25.4201 8.7414
23.236999999999995 8.765899999999998
18.2345 8.7329
20.5518 8.7311
18.0145 8.752899999999999
17.440700000000003 8.754000000000001
16.905400000000004 8.777600000000001
24.303700000000003 8.765099999999999
31.176 8.7668
34.986999999999995 8.771600000000001
33.61300000000001 8.785400000000001
47.179 8.7967
45.903 8.7873
45.357000000000006 8.7894
36.129000000000005 8.782100000000002
34.476 8.7571
30.213000000000008 8.765899999999998
25.001500000000004 8.779800000000002
24.4729 8.773899999999998
28.6293 8.769800000000002
39.099 8.774600000000001
35.723 8.768499999999998
31.612800000000007 8.7834
27.087 8.7866
22.8675 8.783600000000002
22.2021 8.783700000000001
19.7571 8.802499999999998
20.3425 8.7935
19.4747 8.802399999999999
18.558899999999998 8.797200000000002
16.665399999999998 8.7819
24.324600000000004 8.7893
29.755000000000003 8.7983
28.841499999999996 8.7912
25.6716 8.802999999999999
18.582410000000003 8.789200000000003
16.989240000000002 8.764499999999998
15.478650000000002 8.7622
13.417749999999998 8.746500000000001
22.2853 8.7635
26.947000000000003 8.777500000000002
23.516099999999998 8.7977
17.5417 8.791299999999998
32.062580000000004 10.157399999999999
30.644999999999996 8.723
34.345000000000006 8.753300000000001
31.025 8.764400000000002
23.79370000000001 8.781099999999999
21.1876 8.7791
18.4164 8.7613
17.1638 8.7632
18.6326 8.7543
25.22235 10.329528000000002
24.05446 9.8915
18.617399999999996 8.2999
25.071199999999997 8.648
35.26100000000001 8.721600000000002
37.080999999999996 8.786099999999998
