39.16099999999999 9.5551
32.01500000000001 9.944799999999997
23.142999999999997 10.213
11.892900000000001 9.3093
8.777700000000003 8.5411
10.793099999999997 8.3145
12.4824 8.3666
10.5574 8.297600000000003
6.594600000000001 9.7441
5.972699999999999 10.3233
6.419000000000001 10.3447
7.6328 10.2432
7.322999999999999 10.3425
45.850199999999994 10.1304
74.4424 9.6747
76.26029999999999 9.5651
71.83309999999999 8.397599999999999
72.5689 7.954799999999998
69.1365 7.7804
72.01209999999999 7.9929000000000014
69.3392 7.757699999999999
67.26459999999999 7.7641
73.95223000000001 8.6581
72.844 8.8936
72.456 11.016799999999998
54.107000000000006 10.616900000000001
77.35899999999997 10.456900000000001
76.018 10.610700000000001
60.653999999999996 10.5208
80.37200000000001 9.132499999999999
73.33720000000001 8.144400000000001
72.3741 8.504
56.579100000000004 10.6896
46.1119 9.674000000000001
39.622 8.689100000000002
46.219 8.4192
62.029 9.7959
67.172 9.1658
74.096 8.339899999999998
73.601 8.168000000000001
73.857 8.1432
37.17650000000001 7.960400000000003
37.1391 7.6652
69.90100000000001 7.547899999999999
72.88400000000001 7.4712
73.876 7.4199
75.15899999999999 7.387800000000001
77.923 7.437500000000001
84.41399999999999 8.695900000000002
78.745 7.8782000000000005
78.862 7.5946
80.55399999999999 7.6943
81.232 7.569400000000001
80.48200000000001 7.5767
82.56941999999998 8.28036
75.12299999999999 7.672599999999999
76.00099999999999 7.588400000000001
83.367 7.7883
75.295 8.300699999999999
78.33300000000001 7.5942
81.18900000000001 7.647899999999999
82.58799999999998 7.6532
80.559 7.527800000000001
82.45599999999999 7.4628
84.58200000000001 7.438300000000001
85.77300000000001 7.375
84.649 7.477600000000001
83.539 7.420400000000002
84.331 7.572999999999998
79.83000000000001 7.430499999999999
82.752 7.234500000000001
86.88300000000001 7.270899999999999
85.249 7.211
85.363 7.2633
85.101 7.381399999999999
86.05000000000001 7.5432000000000015
80.88400000000003 7.2296
84.70899999999999 7.3036
87.23200000000001 7.7832
86.12700000000001 7.6088000000000005
87.41499999999999 7.4559000000000015
87.267 8.0094
84.093 8.277700000000001
83.9763 8.001399999999999
87.58999999999999 8.042100000000001
72.83500000000002 7.9593
82.6079 7.9027
79.67500000000001 7.832999999999999
78.47700000000002 7.5616
84.585 7.738200000000001
75.21999999999998 8.299300000000002
84.36538 8.961500000000001
77.144 8.118599999999999
79.37700000000001 7.9887000000000015
74.79499999999999 7.7040999999999995
75.524 7.5927
71.49399999999999 7.446899999999998
73.688 7.7641
68.285 7.480400000000001
67.73400000000001 7.606899999999999
64.09299999999999 7.382799999999999
66.556 7.3261
63.946000000000005 7.427599999999998
59.72441999999999 8.83769
49.24399999999999 7.738399999999998
48.247 7.619199999999999
50.68699999999999 7.4402
52.154 7.5676
50.135000000000005 7.449699999999999
45.30799999999999 7.7056
35.261 7.520799999999999
52.64500000000001 8.850499999999998
51.05200000000001 7.819999999999998
43.33 7.432999999999999
50.052 7.162900000000001
53.483000000000004 7.2852999999999986
54.149 7.595300000000002
50.66799999999999 7.390399999999999
44.923 7.114099999999998
44.24099999999999 7.0698
40.897999999999996 7.1744
39.072 7.256
42.575 7.374700000000001
49.681999999999995 7.739400000000001
47.993 7.1996
40.372 7.034800000000001
33.562000000000005 7.025200000000001
29.56 6.792199999999999
30.526400000000002 7.431700000000001
35.283 7.1452
40.037 7.195499999999999
43.15 7.239499999999999
41.69599999999999 7.2019
41.562 7.163899999999999
42.982 7.306199999999999
42.56999999999999 7.0199
42.422000000000004 6.9395999999999995
41.531000000000006 6.868900000000002
41.065000000000005 6.8591000000000015
41.998000000000005 7.039300000000001
40.90100000000001 7.2247
39.9941 6.792299999999998
42.226 7.0884
42.070499999999996 7.0230000000000015
41.835 6.933599999999999
41.999 6.767999999999999
43.214999999999996 7.0548
44.662000000000006 8.004300000000002
46.862 8.2295
46.43300000000001 7.9049000000000005
45.167 7.5667
47.43299999999999 7.731000000000001
47.16699999999999 7.893099999999997
46.16199999999999 7.703500000000002
46.824 7.414500000000002
49.314 9.1439
48.678000000000004 9.2424
47.12 7.714300000000001
47.821000000000005 7.161200000000001
47.979 7.0271
48.596000000000004 6.994900000000001
49.592999999999996 7.1186
49.021 6.9275
48.74099999999999 6.901300000000001
47.637 6.787400000000001
47.607000000000006 6.964599999999999
48.08599999999999 6.8715
49.504 7.6131
49.642999999999994 7.0019
51.166 6.98
50.712 6.7881
51.340999999999994 6.8887
49.537000000000006 6.8465
51.65899999999999 6.955399999999999
50.454 6.7166999999999994
50.444 6.723
50.193999999999996 6.908099999999999
51.111 7.1739
48.318 8.0478
48.294999999999995 7.1808
48.103 6.894799999999999
46.555 6.9655000000000005
50.86714000000001 7.4977
48.239 7.974
44.005 7.9342
45.488 7.5
45.107 8.154200000000001
47.063 8.0321
47.63700000000001 8.8296
48.76400000000001 8.488599999999998
49.997 9.0857
47.336000000000006 9.597800000000001
51.525 9.564899999999998
41.616 9.785700000000002
54.218999999999994 9.719800000000001
52.28999999999999 9.5123
53.209 8.4791
58.59699999999998 9.0026
58.45400000000001 9.513
56.66899999999999 9.309199999999999
57.37500000000001 8.791400000000001
42.991 9.502400000000002
58.854000000000006 9.166699999999999
55.837 8.601299999999998
53.708 7.502700000000001
54.813 7.506900000000001
52.576 7.1285
52.955 7.0626
50.69899999999999 6.7825
54.71872000000001 7.221200000000001
50.29900000000001 6.959
50.33 6.8909
52.137 7.0938
52.63399999999999 6.937200000000001
47.16999999999999 6.646600000000001
50.997 7.342600000000002
54.633300000000006 9.0047
54.92399999999999 8.443399999999999
34.0682 7.9590000000000005
25.0262 8.001
19.2664 7.943300000000001
14.125899999999996 8.370999999999999
45.696999999999996 9.082899999999999
24.3273 8.136699999999998
22.397899999999996 7.977300000000002
66.208 9.098799999999999
64.171 7.712199999999999
63.98799999999999 7.0543999999999984
62.06999999999998 6.9355
57.669000000000004 7.038099999999998
63.73799999999999 7.1706
62.489000000000004 7.485899999999998
60.026 6.915
61.831 6.8009
64.889 6.732400000000001
61.751 6.763400000000002
65.18 6.7392
63.82600000000001 6.9091
68.30600000000001 6.684800000000002
66.06 6.824700000000002
68.71000000000001 7.124700000000001
69.098 7.475599999999999
70.282 7.5806
70.35599999999998 7.641999999999999
69.20100000000001 7.365000000000001
68.883 6.9025
70.096 7.0121
69.17999999999999 6.933999999999998
68.86400000000002 6.709700000000001
65.876 6.675599999999998
63.95599999999999 7.2552
62.541999999999994 6.7121
65.20700000000002 7.184700000000001
62.927000000000014 6.631100000000001
66.404 6.559299999999999
68.13600000000001 6.9697
68.796 7.991799999999999
67.226 7.1383
67.595 6.967899999999999
67.63900000000001 6.7062
67.84799999999998 6.8011
60.694999999999986 7.397899999999999
68.13999999999999 7.499600000000001
66.959 6.8161
67.59200000000001 6.639200000000001
68.417 6.9818999999999996
65.28 7.470000000000001
68.58700000000002 6.819100000000001
68.29399999999998 7.802400000000001
68.67099999999999 7.1216
69.23000000000002 7.056499999999999
70.51000000000002 6.7908
69.93799999999997 6.840600000000001
69.305 7.421599999999999
71.696 7.418100000000001
70.345 6.8276
67.437 6.851200000000002
68.49099999999999 6.630200000000001
66.964 6.6925
67.26599999999999 6.679900000000001
65.583 6.5262
59.62500000000001 6.423400000000001
63.019999999999996 7.0038
64.54499999999999 6.865200000000001
66.348 6.6515
63.59 6.433399999999999
66.285 6.8623
62.485 8.2512
