17.32491 14.716000000000001
13.586400000000001 14.807
13.958960000000001 14.643
17.87968 14.754999999999999
14.3244 14.929
14.39449 14.667
16.76742 14.752
13.830259999999999 14.789000000000001
16.50369 14.689
14.62981 14.728
14.12331 14.805000000000001
17.118949999999998 14.71
14.36212 14.706999999999997
13.494580000000001 14.807
16.805339999999998 14.729000000000001
14.32995 14.687999999999999
14.784880000000001 14.829999999999998
16.4751 14.728
13.97924 14.673
14.726429999999999 14.782
16.30216 14.768
13.890630000000002 14.695
15.705459999999999 14.823
15.680149999999998 14.743
14.19215 14.661
16.034670000000002 14.777000000000001
14.65643 14.753
14.116950000000001 14.651000000000003
18.3222 14.853
14.115050000000002 14.865
13.964290000000002 14.707
17.07262 14.725
14.58739 14.859
14.04852 14.704
17.28786 14.704
13.55843 14.780000000000001
14.21443 14.719000000000001
16.816509999999997 14.706999999999997
13.73536 14.792
14.076559999999999 14.707
17.26519 14.740999999999998
13.582909999999998 14.802999999999999
14.67186 14.695
16.22731 14.723
13.999590000000001 14.776
16.110539999999997 14.704
14.852410000000003 14.738000000000001
13.56273 14.743
17.63739 14.725
13.93422 14.692
13.885230000000002 14.767
17.44549 14.715
13.995140000000001 14.680000000000001
13.88568 14.767000000000003
17.21927 14.749
13.620690000000002 14.628
13.943460000000002 14.649999999999999
17.312939999999998 14.901
13.9047 14.707
14.27832 14.631
16.98052 14.900999999999998
13.431429999999999 14.67
14.712139999999998 14.633
16.56887 14.862
14.211699999999999 14.725
14.948739999999999 14.628
16.53344 14.849
13.812009999999999 14.695000000000002
15.1382 14.641000000000002
16.412950000000002 14.822000000000003
13.933819999999999 14.74
15.67656 14.637
15.03173 14.798
13.34412 14.74
16.73088 14.686
14.66356 14.749
14.15053 14.755
16.85978 14.665000000000001
13.89725 14.790999999999999
13.67582 14.725000000000001
16.65757 14.674000000000001
14.29744 14.743999999999998
13.937549999999998 14.774000000000001
16.47904 14.707
14.413340000000002 14.728999999999997
13.46049 14.749
16.02664 14.680000000000001
14.67213 14.818999999999999
14.055510000000002 14.743
16.18376 14.649999999999999
14.32193 14.793999999999999
13.81358 14.743
16.470059999999997 14.698
14.987840000000002 14.756
13.8738 14.78
16.16631 14.689000000000002
16.79558 14.787
13.93586 14.809
14.5655 14.692000000000002
15.632489999999999 14.679999999999998
15.46091 14.927999999999999
14.682009999999998 14.701
15.930349999999999 14.690999999999999
14.02323 14.809
14.52059 14.689
16.511889999999998 14.707
13.74216 14.825
14.62715 14.695
16.43828 14.71
13.486389999999998 14.665000000000001
14.941609999999999 14.779
15.974859999999996 14.75
13.955769999999998 14.662
15.037119999999998 14.643999999999998
16.28719 14.876000000000001
13.61239 14.716
14.845579999999996 14.746
15.81668 14.839999999999998
14.37737 14.677000000000001
14.493829999999999 14.724
15.728819999999999 14.825
14.266569999999998 14.634000000000002
15.402559999999998 14.755
14.562249999999999 14.801
15.164900000000001 14.689000000000002
15.453700000000001 14.845999999999998
13.876850000000001 14.778999999999998
14.60828 14.668000000000001
15.640699999999999 14.804
13.60866 14.767
14.930010000000001 14.658999999999999
15.270509999999998 14.831
14.7112 14.725000000000001
15.546650000000001 14.651999999999997
14.223510000000001 14.834
15.180840000000002 14.724
15.878169999999999 14.701
13.342679999999998 14.792
14.965390000000001 14.743
15.270199999999997 14.676999999999998
13.67844 14.77
14.91519 14.751999999999999
15.4474 14.726
13.799909999999999 14.764
15.863960000000002 14.755
14.67377 14.689
14.608160000000003 14.77
16.295 14.759
14.1427 14.697
14.90105 14.715
15.832579999999998 14.818999999999999
13.588000000000001 14.658999999999999
15.32834 14.673999999999998
15.567359999999997 14.861999999999998
14.481510000000004 14.74
15.670540000000003 14.737
13.90536 14.804
14.5846 14.673
15.329979999999999 14.704999999999998
14.821010000000001 14.818999999999999
16.807360000000003 14.794000000000002
13.37802 14.729000000000001
15.474509999999997 14.815999999999999
15.521609999999999 14.773
14.00045 14.652999999999999
15.84391 14.815999999999999
15.29606 14.804
14.973409999999998 14.638000000000002
16.34895 14.815999999999999
14.142170000000002 14.745999999999999
15.810359999999998 14.676
14.7733 14.734
15.429870000000001 14.806
15.28446 14.743
14.716000000000001 14.676999999999998
16.277720000000002 14.788
13.87592 14.818999999999999
15.009400000000001 14.682999999999998
16.17708 14.855000000000002
14.472370000000002 14.719
16.431729999999998 14.726
13.45297 14.668000000000003
15.09258 14.734
16.03243 14.886999999999997
15.54809 14.685
15.528020000000001 14.695
14.3429 14.825
16.45346 14.758
14.982379999999997 14.774000000000001
15.28388 14.774000000000001
15.977539999999998 14.849
14.078399999999998 14.671000000000001
17.08464 14.725
13.65307 14.792
15.016560000000002 14.719
16.44272 14.764
15.854300000000002 14.808
16.0424 14.92
14.35941 14.783000000000001
17.00189 14.719000000000001
13.96951 14.785
15.67773 14.798
15.754499999999998 14.789
14.77821 14.679999999999998
16.43881 14.901
14.02098 14.734
16.62933 14.717000000000002
14.33485 14.825
15.665519999999999 14.806
15.39369 14.732000000000001
15.43868 14.704
16.099800000000002 14.762
14.00484 14.784999999999998
17.16883 14.801
14.594460000000002 14.755999999999997
15.16884 14.737
16.245610000000003 14.892
14.21689 14.671000000000001
16.845879999999998 14.719999999999999
14.376539999999999 14.783000000000001
15.48707 14.802999999999999
15.654699999999998 14.734999999999998
15.29822 14.698
16.427819999999997 14.84
13.759380000000002 14.77
16.51674 14.706999999999997
14.81467 14.761999999999997
14.866680000000002 14.665000000000001
16.41903 14.877
13.53752 14.728
17.28695 14.723
13.982529999999999 14.826
14.75291 14.773
15.042670000000003 14.741000000000001
14.214979999999999 14.767
17.12412 14.802999999999999
13.42989 14.713000000000001
14.616999999999999 14.686
16.25497 14.831
13.32594 14.752
16.831290000000003 14.731
13.1831 14.665000000000001
15.49116 14.758
15.773949999999997 14.873999999999999
14.35407 14.682999999999998
15.83205 14.707
14.282300000000001 14.783
16.97844 14.821000000000002
13.36057 14.747
14.820930000000002 14.707
15.85538 14.828
13.86296 14.754999999999999
16.613239999999998 14.737
13.59035 14.712
17.087480000000003 14.818999999999999
14.58036 14.781000000000002
16.20391 14.713000000000001
14.80353 14.77
14.80717 14.824000000000002
16.103820000000002 14.743
14.144610000000002 14.730000000000002
18.97241 14.907
14.58671 14.731
16.71546 14.776
14.859650000000002 14.912999999999998
15.15109 14.662
15.811579999999998 14.723
16.2427 14.901
17.02437 14.914
13.835729999999998 14.689
17.63514 14.777
13.981290000000001 14.797000000000002
15.71012 14.799999999999999
15.684660000000001 14.731
14.220450000000001 14.74
17.31035 14.790999999999999
14.56942 14.712999999999997
15.346519999999996 14.74
15.704550000000001 14.834
14.78108 14.658
17.59494 14.84
13.904670000000003 14.799999999999999
15.40095 14.686
15.722000000000003 14.783
14.01462 14.764
16.37901 14.71
13.626919999999998 14.698
14.646030000000001 14.742999999999999
