53.80199999999999 8.507000000000001
53.98700000000001 8.4809
54.90100000000001 8.5016
54.65700000000001 8.553799999999997
55.311 8.6393
53.735000000000014 8.694700000000001
54.531 8.5167
53.503000000000014 8.504399999999999
52.251299999999986 8.5105
51.602000000000004 8.5089
53.36729999999999 8.4995
51.99399999999999 8.507300000000003
50.815 8.4763
49.5283 8.206999999999999
50.769200000000005 8.207000000000003
52.205999999999996 8.4674
68.661 9.193700000000002
52.002759999999995 8.73659
50.21 8.498299999999999
50.596 8.512300000000002
50.62599999999999 8.495800000000001
50.44799999999999 8.472000000000001
50.76099999999999 8.483100000000002
51.09 8.4915
49.88 8.480699999999999
51.364999999999995 8.7349
52.299299999999995 8.5465
52.676 8.5084
51.532 8.514999999999999
52.012 8.513300000000001
52.00799999999999 8.5176
51.917 8.516
52.327999999999996 8.522
52.333000000000006 8.535599999999999
52.12 8.533399999999999
51.257 8.5206
51.370000000000005 8.5111
51.275999999999996 8.502899999999999
51.32600000000001 8.510500000000002
50.72599999999999 8.519000000000002
50.52100000000001 8.527899999999999
50.19100000000001 8.515100000000002
49.332 8.515900000000002
50.086000000000006 8.505099999999999
50.67369999999999 8.4994
49.92789999999998 8.5042
48.67950000000001 8.491200000000001
48.12500000000001 8.499799999999999
47.66999999999999 8.4864
47.3574 8.463000000000001
47.1166 8.437899999999999
46.538799999999995 8.4403
46.74730000000001 8.438000000000002
46.410000000000004 8.434800000000001
46.392 8.437100000000001
47.1308 8.4304
46.98080000000001 8.419400000000001
47.9579 8.418999999999999
47.06599999999999 8.436200000000001
45.99299999999999 8.417699999999998
45.36299999999999 8.410799999999998
44.479000000000006 8.4081
44.372000000000014 8.407700000000002
45.55499999999999 8.4173
45.299899999999994 8.403400000000003
45.562000000000005 8.404700000000002
45.905 8.4177
46.821000000000005 8.411799999999998
47.22730000000001 8.4126
47.412600000000005 8.4079
46.7013 8.4025
46.901300000000006 8.4025
45.80200000000001 8.3883
45.931999999999995 8.391200000000003
46.07000000000001 8.4031
46.653 8.4047
46.7766 8.4115
47.31199999999999 8.4023
46.87500000000001 8.3932
47.632 8.395000000000001
47.608 8.397299999999998
48.2315 8.426599999999999
48.61799999999999 8.4251
48.910000000000004 8.431500000000002
49.12400000000001 8.4272
48.76100000000001 8.431999999999999
49.316 8.442999999999998
49.405 8.437700000000001
49.712999999999994 8.449300000000001
49.092999999999996 8.4407
48.452 8.4423
48.58760000000001 8.4369
50.9 8.457099999999999
50.94699999999999 8.453800000000001
50.67950000000001 8.464
52.042 8.447999999999999
51.2571 8.430900000000001
52.83800000000001 8.462100000000001
53.062999999999995 8.4563
52.765799999999984 8.451400000000001
52.631200000000014 8.4528
52.893 8.454899999999999
52.2733 8.4417
52.512 8.437600000000003
52.997700000000016 8.441400000000002
53.05420000000001 8.4431
54.3479 8.441300000000002
53.559999999999995 8.4418
53.248 8.4321
53.85300000000001 8.416699999999997
54.393800000000006 8.432800000000002
54.98610000000001 8.4213
54.5373 8.431300000000002
56.657900000000005 8.425900000000002
55.97350000000001 8.444200000000004
56.178 8.4504
54.513999999999996 8.4486
53.86709999999999 8.441999999999998
54.665 8.4476
54.71900000000001 8.463999999999999
53.03699999999999 8.451900000000002
52.69600000000001 8.440699999999998
52.963300000000004 8.439300000000001
52.6292 8.433499999999999
53.3805 8.4288
55.1453 8.4253
53.859500000000004 8.442200000000001
53.75599999999999 8.444700000000001
54.2041 8.438600000000001
53.67099999999999 8.437299999999999
53.798 8.4427
54.529300000000006 8.431700000000001
52.952 8.422600000000001
54.364999999999995 8.427700000000002
55.083000000000006 8.4286
58.765999999999984 8.424400000000002
58.89400000000001 8.4438
60.185900000000004 8.4511
57.560800000000015 8.447599999999998
57.5727 8.4487
57.061800000000005 8.463400000000002
57.9961 8.464799999999999
58.81269999999999 8.459700000000002
58.61339999999999 8.463
58.2948 8.4548
59.699099999999994 8.458900000000002
60.388799999999996 8.4759
60.769 8.490499999999999
62.33900000000001 8.5071
61.870599999999996 8.513399999999999
61.85699999999999 8.509099999999998
62.104000000000006 8.5304
63.4198 8.5396
63.158999999999985 8.541
63.38000000000002 8.5584
64.03 8.551300000000001
64.0912 8.561200000000001
65.4002 8.556300000000002
67.36300000000001 8.568099999999998
66.507 8.5719
68.14499999999998 8.5876
68.084 8.5833
68.31799999999998 8.6049
70.5175 8.618200000000002
70.29439999999998 8.6627
70.68370000000002 8.674599999999998
70.5014 8.674700000000001
70.33909999999999 8.67
71.10800000000002 8.684700000000003
73.033 8.693100000000001
71.385 8.6595
70.571 8.670400000000003
70.69980000000001 8.6708
72.54049999999998 8.677000000000001
71.03999999999999 8.6845
72.07400000000001 8.682200000000002
73.529 8.700000000000001
75.21799999999999 8.6943
74.347 8.6957
73.39099999999999 8.724799999999998
71.938 8.728800000000001
71.589 8.7396
72.745 8.747300000000001
72.34900000000002 8.747299999999997
73.35320000000002 8.758700000000001
73.4786 8.774099999999999
72.45699999999998 8.7784
74.49700000000001 8.791400000000001
72.89999999999999 8.784699999999999
72.178 8.779900000000001
73.47399999999999 8.788499999999999
74.105 8.804200000000002
71.08600000000003 8.774599999999998
70.76599999999999 8.749400000000001
70.631 8.768699999999999
71.503 8.7639
70.70100000000001 8.7676
69.95800000000001 8.7581
69.57300000000001 8.7528
69.278 8.7558
70.59200000000003 8.7565
68.739 8.771700000000001
68.30099999999999 8.755800000000002
69.39219999999997 8.777
70.353 8.792300000000001
71.369 8.7781
73.59970000000001 8.798
72.41840000000002 8.7948
73.542 8.8032
73.39300000000001 8.817400000000001
72.05280000000002 8.808100000000001
71.5899 8.812
72.149 8.810400000000001
72.29600000000002 8.795499999999999
73.36560000000001 8.7864
71.25300000000003 8.779399999999999
70.628 8.768300000000002
70.846 8.783299999999999
71.18199999999999 8.7925
71.75799999999998 8.7594
71.45799999999997 8.7749
70.629 8.764899999999999
69.6575 8.7552
71.68820000000001 8.7874
69.3033 8.777399999999998
69.8904 8.7574
69.2601 8.7539
69.3032 8.751399999999999
69.3943 8.7744
69.89800000000001 8.791100000000004
70.72000000000001 8.802400000000002
70.19600000000001 8.814
70.27399999999999 8.816099999999999
70.30800000000002 8.8173
69.63990000000001 8.792300000000001
70.08999999999999 8.793199999999999
70.306 8.8004
70.00999999999999 8.8
69.23400000000001 8.8045
67.83999999999999 8.7976
66.38100000000001 8.787500000000001
67.208 8.7838
68.17999999999998 8.776200000000001
68.3 8.776
67.894 8.770500000000002
68.3853 8.756699999999999
68.18800000000003 8.7646
67.986 8.7641
67.07799999999999 8.757100000000001
66.32600000000002 8.7474
67.39499999999998 8.7437
67.67599999999999 8.751100000000001
66.82499999999997 8.748000000000001
67.644 8.744100000000001
66.499 8.765700000000002
66.33200000000001 8.7753
66.828 8.744800000000001
66.09699999999998 8.742
64.579 8.742199999999999
64.64199999999998 8.7508
64.44300000000001 8.736400000000001
63.736000000000004 8.738599999999998
62.87570000000001 8.7361
61.53610000000002 8.7027
60.40179999999998 8.699200000000001
59.52600000000001 8.695100000000002
58.707 8.6834
57.05299999999999 8.659899999999997
56.91900000000002 8.6698
56.669000000000004 8.6843
56.56000000000001 8.6774
56.60899999999999 8.6793
57.199999999999996 8.638399999999999
56.410000000000004 8.6183
55.392999999999994 8.615
53.813 8.5571
51.912000000000006 8.568600000000002
51.456 8.5562
50.172 8.537500000000001
51.818 8.5426
52.973000000000006 8.5805
53.14 8.5849
52.148 8.5606
52.881000000000014 8.5629
52.047999999999995 8.553799999999999
52.77259999999999 8.546700000000001
49.495999999999995 8.556
49.28999999999999 8.529499999999999
