8.5183 7.297499999999999
8.096300000000001 7.3012999999999995
8.754499999999998 7.367
8.007 7.3379
8.7318 7.358499999999999
8.2329 7.336200000000001
8.705099999999998 7.3243
7.9049 7.3049
8.2298 7.3218000000000005
7.8484 7.3203000000000005
8.2664 7.440099999999999
7.6819 7.335800000000001
8.471700000000002 7.348700000000001
8.1947 7.337300000000001
8.668600000000001 7.3418
8.51 7.2785
9.2215 7.2516
8.198500000000001 7.3858999999999995
8.912899999999999 7.374600000000001
8.2503 7.3709
8.6982 7.417300000000002
8.018600000000001 7.385800000000001
8.7111 7.5072
8.0148 7.435700000000001
9.161299999999999 7.385999999999999
8.168899999999999 7.321999999999999
9.2645 7.387599999999998
8.0543 7.311999999999999
8.658 7.411999999999999
8.1887 7.399000000000002
9.038900000000002 7.391400000000001
7.501899999999999 7.417200000000001
9.0281 7.3454999999999995
10.713700000000003 7.5378
9.240699999999999 7.388999999999999
8.709999999999999 7.4394
9.2894 7.527900000000002
8.1756 7.5051
8.7463 7.467
7.7888 7.4516
8.438200000000002 7.394299999999999
7.7475000000000005 7.3258
8.5128 7.3563
7.5264000000000015 7.413600000000001
8.5128 7.4447
7.7438 7.342600000000001
8.987599999999999 7.355600000000001
7.872 7.475299999999999
8.860999999999999 7.4876
7.8308 7.506500000000001
8.6786 7.441000000000001
8.0643 7.4737
8.6411 7.376200000000001
7.7505999999999995 7.3022
8.604500000000002 7.4035
7.866699999999999 7.423399999999999
8.2847 7.3396
7.930100000000001 7.341
8.676800000000002 7.3736999999999995
7.383000000000001 7.4319
8.5052 7.4028
7.970300000000001 7.425000000000001
8.290799999999999 7.511100000000001
7.7612999999999985 7.3393
8.558 7.384600000000001
7.7278 7.472000000000001
7.9758 7.547
7.523299999999999 7.5203999999999995
9.6474 7.4752
7.2959 7.3364
8.2068 7.3919
7.6339999999999995 7.3195000000000014
8.0147 7.352500000000001
7.7697 7.477499999999999
7.904000000000002 7.4089
7.7027 7.3838
7.8995 7.3814
7.343399999999998 7.3751999999999995
8.0474 7.4181
7.6232999999999995 7.485100000000002
8.198599999999999 7.5012
7.4312000000000005 7.4196
8.421299999999999 7.372200000000001
7.382300000000002 7.331800000000001
8.219100000000001 7.378399999999999
7.9087000000000005 7.440099999999999
8.778500000000001 7.3547
8.148900000000001 7.283
8.5359 7.4186999999999985
7.511899999999999 7.402699999999999
8.4327 7.4507
7.894800000000002 7.433300000000001
8.4756 7.4242
7.804100000000001 7.476700000000001
8.4282 7.4616
7.841000000000001 7.462999999999999
10.8951 7.500400000000002
8.3657 7.388999999999999
8.889 7.3553999999999995
8.5112 7.3128
9.314300000000001 7.457799999999999
8.136 7.464600000000001
9.7258 7.437299999999998
8.161899999999997 7.4295
9.259800000000002 7.4822
8.0856 7.4188
8.776900000000001 7.363899999999999
8.1307 7.467600000000001
9.0195 7.460799999999999
8.431999999999999 7.398900000000001
9.082700000000003 7.3478
8.4838 7.402099999999999
9.552299999999999 7.4158
8.1842 7.395100000000002
9.156500000000001 7.466099999999999
8.1077 7.366099999999999
9.190400000000002 7.3996
10.0372 7.360799999999999
9.0013 7.4228000000000005
8.0794 7.389799999999999
9.071399999999999 7.4104
8.641900000000001 7.396699999999999
9.814900000000002 7.535499999999999
8.7679 7.428699999999999
9.461699999999999 7.434100000000001
8.318299999999999 7.344099999999999
8.927900000000003 7.3792
8.0627 7.4616
9.0181 7.442499999999999
8.1367 7.305800000000001
8.8762 7.316400000000001
7.9581 7.3738
9.040600000000001 7.318999999999999
8.1987 7.3782999999999985
8.972100000000001 7.4754000000000005
8.7753 7.3684
9.6515 7.3037
10.5891 7.477500000000001
9.1139 7.403599999999999
8.5922 7.341700000000001
6.793200000000001 7.3167
7.550000000000001 7.3258
8.4725 7.434100000000002
8.1404 7.3862
8.9982 7.3454999999999995
8.380199999999999 7.4492
9.417499999999999 7.3561999999999985
8.145299999999999 7.2808
7.9972 7.340299999999999
7.486000000000001 7.3975
7.5828999999999995 7.4768
7.1602000000000015 7.4058
7.190099999999999 7.302899999999999
7.1183 7.372300000000001
7.079199999999999 7.353100000000001
7.21 7.3066
7.515799999999999 7.307499999999998
7.5333 7.37
7.6242 7.243399999999999
7.2725 7.363099999999998
7.797299999999999 7.405199999999999
7.3378 7.413600000000001
7.340200000000001 7.3616
7.3614 7.3547
7.7538 7.3829
7.487399999999999 7.4074
7.5157 7.3715
7.0304 7.4044
7.5401 7.395899999999999
7.344099999999999 7.3632
7.6759 7.314900000000001
7.2678 7.356300000000002
7.6606 7.4196
7.269100000000001 7.370700000000001
7.5378 7.327400000000001
7.356999999999999 7.351000000000001
7.866700000000002 7.3562
7.4806 7.3433
7.495199999999999 7.3114
7.233500000000001 7.2722
7.6753 7.333399999999999
7.0908 7.412099999999999
7.6766000000000005 7.3763
7.396700000000001 7.327399999999999
7.5684000000000005 7.3104000000000005
7.2943999999999996 7.2379
7.3449 7.3113
7.331899999999999 7.284600000000001
7.720799999999999 7.287700000000001
7.4394 7.3883
7.728700000000001 7.420400000000001
7.315 7.3487
7.539999999999999 7.3074
7.4944 7.278599999999999
7.537100000000001 7.299899999999999
7.362299999999999 7.300599999999998
7.6568 7.3952
7.622 7.3493
7.7438 7.344899999999999
7.9246 7.3561999999999985
7.6638 7.389799999999999
7.6821 7.403499999999999
7.779 7.4112
7.563000000000001 7.418899999999999
7.803400000000001 7.432499999999999
7.903099999999999 7.331
8.003999999999998 7.3282
7.291399999999999 7.4014
7.517099999999999 7.399700000000001
7.472200000000001 7.327299999999999
7.6309999999999985 7.310999999999998
7.4058 7.2923
7.719999999999999 7.2892
7.2517 7.3477999999999986
7.5912 7.373
7.303400000000002 7.451600000000001
7.517199999999999 7.4699
7.3937 7.2968
7.4921 7.2318999999999996
7.466100000000001 7.320499999999999
7.6226 7.3632
7.326300000000001 7.4433
7.364500000000001 7.395199999999999
7.0611 7.3312
7.5075 7.4213000000000005
7.2852999999999986 7.3046
7.7073 7.337200000000001
7.4975 7.367000000000001
7.3481000000000005 7.3386
7.123600000000001 7.4089
7.111600000000001 7.431799999999999
7.0661999999999985 7.416600000000001
7.4699 7.452400000000001
7.0587 7.395899999999999
7.2006 7.4387
7.051099999999999 7.3975
7.2007 7.3279
6.958699999999999 7.257000000000001
7.281499999999999 7.326500000000001
7.223400000000001 7.3059
7.0036999999999985 7.3754
6.810799999999999 7.3022
6.9526 7.245699999999999
6.7161 7.440099999999999
6.9962 7.446999999999998
6.9818999999999996 7.279300000000001
7.060200000000001 7.2992
6.801499999999999 7.3281
7.0273 7.3966
6.564399999999999 7.349500000000001
7.310499999999999 7.370700000000001
6.788599999999999 7.499599999999999
7.1503 7.4783
6.4698 7.373799999999998
6.989199999999999 7.279299999999999
6.697 7.396
6.822999999999999 7.420399999999999
6.600199999999999 7.342599999999999
6.958 7.254899999999999
6.904600000000001 7.299099999999998
6.7338000000000005 7.549300000000001
7.047199999999999 7.3976
7.3517 7.308200000000001
7.2197 7.309699999999999
8.1672 7.373100000000001
8.1467 7.356299999999999
8.1535 7.373899999999998
8.061899999999998 7.356399999999999
8.2589 7.3675999999999995
7.8513 7.3294000000000015
8.096200000000001 7.419600000000001
8.018299999999998 7.4448
8.4405 7.4601
8.2648 7.4548000000000005
8.3345 7.317300000000001
8.1495 7.318
8.2717 7.2776
7.3896999999999995 6.567399999999999
8.344100000000001 7.2449
8.5168 7.255599999999999
7.9841 7.2893
8.316699999999999 7.416600000000001
10.6264 7.5302
10.831200000000003 7.3684
14.85 7.6698
9.172600000000001 7.4388000000000005
9.3507 7.3075
12.466 7.5158000000000005
