32.59259999999999 15.8662
36.59230000000001 16.024900000000002
33.6717 16.1401
33.2188 15.992499999999996
34.39479999999999 15.850800000000001
33.62070000000001 16.056199999999997
34.320700000000016 16.3507
35.054199999999994 16.204800000000006
33.7163 16.505200000000002
33.011 16.052899999999998
33.214099999999995 15.973800000000004
34.42150000000001 16.182
35.3051 16.030900000000003
36.62479999999999 16.248199999999997
34.8867 16.0978
33.489599999999996 15.9264
34.2322 16.113499999999995
33.9723 16.038
37.182 16.5488
38.632999999999996 16.5132
40.45600000000001 16.837200000000003
36.263 16.4581
36.5409 16.169200000000004
37.6113 16.2316
35.4036 15.898099999999998
37.509 16.2726
32.4643 16.065900000000003
28.9694 16.1413
30.7367 15.981600000000007
28.3873 16.159599999999998
29.793799999999994 16.3252
30.934800000000003 16.311
39.951999999999984 16.197400000000002
36.45140000000001 16.238699999999994
39.67 16.589300000000005
40.66100000000001 16.608300000000003
44.58800000000001 16.824999999999996
48.977999999999994 16.921000000000003
42.14799999999999 16.6732
34.1437 16.2664
48.260999999999996 16.703699999999998
43.605000000000004 16.9371
41.426 16.666400000000003
41.28489999999999 16.5405
35.4897 16.962500000000002
39.571 16.9937
38.308 16.384099999999997
37.639 16.4025
38.78 16.8772
40.18000000000001 16.6275
39.93 16.474999999999998
33.585 16.0429
37.22110000000001 16.1064
35.7261 16.087699999999998
35.0351 16.3993
38.436399999999985 16.652399999999997
33.4024 16.2994
34.22350000000001 16.5727
33.17400000000001 16.2149
37.6889 16.1852
38.580999999999996 16.1186
36.8469 16.0097
37.09479999999999 16.8375
31.883300000000002 16.261200000000002
38.462 16.128999999999998
37.496300000000005 16.381200000000003
34.9644 16.6073
38.089 16.645000000000003
34.098499999999994 16.406200000000002
33.9142 16.545100000000005
33.38730000000001 16.3138
32.43849999999999 16.258899999999997
35.930800000000005 16.1958
34.42600000000001 16.4791
34.145500000000006 16.314600000000002
31.305399999999995 15.912199999999999
33.146100000000004 15.940100000000005
33.53629999999999 16.543
31.942400000000003 16.196500000000004
35.2705 16.3714
31.7262 16.7747
31.6492 16.1372
31.3768 16.010400000000004
31.1311 16.057499999999997
34.74390000000001 16.252599999999997
35.2143 16.2293
35.8155 16.540299999999995
32.1106 16.202699999999997
36.3128 16.2075
35.89419999999999 16.1385
33.3945 16.287800000000004
34.956900000000005 16.293100000000003
30.637900000000002 16.3093
32.43030000000001 16.5199
18.043499999999998 14.966399999999998
42.00500000000001 14.866700000000002
40.844 16.0523
35.2483 15.601299999999998
35.054399999999994 15.671899999999999
32.8018 15.791500000000003
34.38069999999998 15.896499999999996
34.7182 16.024699999999996
34.0553 15.744599999999998
39.038999999999994 16.125500000000002
33.097300000000004 15.8493
33.884400000000014 15.846699999999997
33.00919999999999 15.8524
33.49510000000001 15.729400000000005
35.3326 15.997499999999995
34.80839999999999 16.115
37.0691 15.9179
33.72709999999999 15.9637
35.9524 15.909499999999996
36.332 15.9552
35.3839 16.043700000000005
38.00699999999999 16.14570000000001
34.1504 15.820499999999992
33.8055 15.931600000000005
33.8033 15.9502
33.387100000000004 16.1001
35.134100000000004 15.848400000000002
35.4944 16.008100000000002
35.3055 15.9097
33.217999999999996 16.053900000000006
35.647800000000004 16.310999999999996
35.70749999999999 16.313700000000004
33.7417 16.2887
36.625 16.0545
33.68129999999999 15.902
34.2381 15.972799999999998
34.176899999999996 15.9259
34.1468 16.001800000000003
39.23400000000001 16.377200000000002
36.30789999999999 16.227700000000002
38.09799999999999 16.32
35.494299999999996 16.0546
37.285000000000004 16.0806
36.67129999999999 16.106100000000005
34.43390000000001 16.025699999999997
37.066300000000005 16.0676
31.4508 16.2759
33.46810000000001 16.3201
32.3471 15.946299999999999
31.70440000000001 15.823400000000001
35.1818 16.064999999999998
34.660300000000014 16.139300000000002
34.004200000000004 16.066600000000005
33.8768 16.0194
33.5211 15.9156
33.7591 15.753800000000002
33.8276 16.119500000000002
36.245899999999985 15.940699999999996
33.7535 15.998100000000004
35.974199999999996 16.0664
36.153600000000004 16.114900000000006
35.059599999999996 15.976900000000004
38.30599999999999 15.8792
35.770199999999996 15.8685
35.455799999999996 16.1666
35.775999999999996 16.047199999999997
35.592400000000005 15.8552
32.7822 15.862200000000001
35.543200000000006 16.165900000000004
39.979000000000006 16.396300000000004
31.636600000000005 15.679099999999996
38.471 16.028299999999998
39.638999999999996 16.0568
37.023999999999994 16.010299999999997
39.164 15.931099999999997
37.617399999999996 16.2483
38.741 16.380200000000002
35.9413 16.248099999999997
36.919000000000004 16.296400000000002
37.78669999999999 16.1864
38.251999999999995 16.251199999999997
40.997000000000014 16.3025
35.8502 16.138500000000004
37.937999999999995 16.180400000000002
38.217999999999996 16.2867
37.905 16.061700000000005
41.547 16.3321
40.431999999999995 16.3337
42.136 16.246599999999997
39.766000000000005 16.089000000000002
40.87500000000001 16.320899999999998
41.718999999999994 16.198499999999996
37.56499999999999 16.097399999999997
40.635000000000005 16.459200000000003
36.62599999999999 16.5839
37.76599999999999 16.7533
37.401 16.892400000000002
36.062 16.624399999999998
39.08399999999999 16.3583
37.733 16.146199999999997
39.178999999999995 16.301499999999997
36.682 16.3978
38.046 16.3461
39.580999999999996 16.357799999999997
36.747600000000006 16.483900000000002
40.43999999999999 16.352200000000003
35.789699999999996 16.329
38.37200000000001 16.4045
36.912 16.34
36.497099999999996 16.0493
40.658 16.4099
37.7624 16.2211
41.082 16.198900000000002
38.696 16.308
38.221000000000004 16.143800000000002
39.96800000000001 16.223100000000002
38.071000000000005 16.457699999999996
42.744 16.639799999999994
39.26899999999999 16.4431
38.492999999999995 16.4431
37.86400000000001 16.225300000000004
35.257099999999994 15.946200000000005
38.44800000000001 16.0683
35.294999999999995 15.857099999999996
38.854000000000006 16.117899999999995
34.8201 16.025499999999994
38.364999999999995 16.1616
40.193 16.357300000000002
35.364000000000004 16.313899999999997
36.3429 16.2826
33.388400000000004 16.0323
36.323 16.136999999999997
37.914 16.103500000000004
38.04950000000001 16.401600000000002
36.82 16.329500000000003
37.0609 16.0304
37.885000000000005 16.162200000000002
37.882000000000005 16.283300000000004
42.56399999999999 16.2361
45.08300000000002 16.3997
49.371 16.923
44.498 16.824399999999997
37.282 16.822
37.3094 16.8861
35.9831 16.324600000000007
35.3709 16.136
37.1843 16.271400000000003
35.7124 16.115399999999998
37.477700000000006 16.385899999999996
33.2413 16.247600000000002
34.729400000000005 16.150799999999997
35.7953 16.326800000000002
32.743399999999994 16.0858
39.31899999999999 16.4658
33.51670000000001 16.398
35.4443 16.106400000000004
34.9092 16.2474
33.8092 15.933200000000003
34.7742 16.241500000000002
34.12670000000001 16.1278
38.17100000000001 16.456799999999998
34.911 16.3231
34.707699999999996 16.060799999999993
36.0507 16.2119
33.968500000000006 16.129499999999997
37.475199999999994 16.467200000000002
34.67899999999999 16.767200000000003
36.59890000000001 16.843399999999995
37.765 16.2375
34.961 16.133899999999997
36.6566 16.4756
36.5699 16.2969
37.58780000000001 16.400699999999997
35.0381 16.083
31.355299999999986 16.263800000000003
32.84769999999999 15.821999999999994
45.13300000000001 16.713100000000004
34.276499999999984 16.146099999999997
40.660000000000004 16.3194
37.08700000000001 16.628999999999998
36.8357 16.578400000000002
35.4344 16.084400000000006
39.733999999999995 16.339399999999998
37.78399999999999 16.551199999999994
37.53200000000001 16.507099999999998
37.840999999999994 16.467399999999998
39.504000000000005 16.2287
39.41499999999999 16.269599999999997
34.17649999999999 15.530400000000002
51.746999999999986 17.108099999999997
34.785900000000005 16.4833
36.1367 16.355800000000002
34.380700000000004 16.3334
34.8639 16.138600000000004
