7.642399999999999 7.4432
7.169300000000001 7.4729
7.7646 7.490399999999998
7.3213 7.4837
7.5873 7.486800000000001
7.237999999999999 7.575900000000001
7.746899999999999 7.535500000000001
7.3883 7.4348
7.575899999999999 7.463800000000001
6.735399999999999 7.512699999999999
7.5905999999999985 7.500500000000001
6.8978 7.4256
7.513299999999999 7.5353
7.376 7.5837
7.6293 7.4737
7.0496 7.441000000000001
7.659900000000001 7.498999999999999
7.179300000000001 7.433200000000001
7.8805 7.4143
7.335700000000001 7.385999999999999
8.113100000000001 7.546899999999999
7.4241 7.458400000000001
7.620199999999999 7.443300000000002
7.510399999999999 7.4073
8.493 7.509600000000001
7.2297 7.489800000000001
8.0857 7.446499999999999
7.4645 7.3607000000000005
8.145299999999999 7.4555
7.4836 7.5111
7.9123 7.4289
7.209800000000001 7.422
7.759099999999999 7.4112
7.0259 7.460099999999999
7.6851 7.5172
7.3234 7.501200000000001
7.7849 7.521099999999999
7.385999999999999 7.4394
8.217500000000001 7.4507
7.547 7.422799999999999
7.9874 7.501200000000001
7.3356 7.418199999999999
7.782000000000002 7.527099999999999
7.127399999999999 7.471499999999999
7.3646 7.390499999999999
7.263299999999999 7.3989
7.6456 7.421799999999999
6.8718 7.5295000000000005
7.6698 7.448500000000001
7.2014 7.4158
7.7216000000000005 7.4988
7.3625 7.369199999999999
8.049100000000001 7.481999999999999
6.9566 7.373
7.6172 7.4257
7.011399999999999 7.4074
7.422000000000001 7.505899999999999
7.0465 7.457700000000001
7.957599999999999 7.466199999999999
6.7748 7.396799999999999
7.681199999999999 7.356999999999999
7.0199 7.4471
7.819999999999999 7.4944
7.1114999999999995 7.3113
7.694299999999998 7.340199999999999
7.2357000000000005 7.4181
7.7277999999999984 7.349299999999999
6.875500000000001 7.3449
7.333399999999999 7.357799999999999
6.6800999999999995 7.320499999999999
7.362400000000001 7.372200000000001
7.1732000000000005 7.3518
7.0037 7.474600000000001
7.332 7.3736999999999995
7.469999999999999 7.418900000000001
6.7322999999999995 7.355500000000001
7.1952 7.3197
6.613099999999999 7.203699999999999
7.1876999999999995 7.396700000000001
7.012199999999999 7.4242
7.230499999999999 7.3866000000000005
6.995500000000001 7.325000000000001
7.2494000000000005 7.457700000000001
7.062499999999999 7.366200000000001
7.272400000000001 7.391300000000001
7.6225000000000005 7.4601
7.0908999999999995 7.3907
7.0273 7.466900000000002
7.6995000000000005 7.3563
6.8993 7.297499999999999
7.255399999999999 7.4173
6.8145 7.3616
7.2893 7.3709
7.315 7.5249
7.376100000000001 7.4041999999999994
6.7673 7.348000000000001
7.810099999999999 7.347
7.3157 7.3562
7.4378 7.3242
7.308999999999999 7.4448
7.419499999999999 7.3885000000000005
6.668100000000001 7.2968
7.722500000000002 7.396700000000001
6.868499999999999 7.357900000000001
7.8178 7.428
7.402100000000001 7.432599999999999
7.4417 7.375300000000001
6.8885000000000005 7.338799999999999
7.546099999999998 7.410500000000001
6.7399000000000004 7.463099999999999
7.283100000000001 7.469999999999999
7.111500000000001 7.382200000000001
7.7064 7.385299999999999
6.7978 7.4128
7.5432 7.422699999999999
6.6636 7.3326
7.460700000000001 7.3823
6.8892999999999995 7.3396
8.0956 7.360900000000001
6.725200000000001 7.252699999999999
7.472999999999999 7.2783
7.0908 7.3248999999999995
8.4465 7.4364
7.275299999999999 7.363899999999999
7.628700000000001 7.338799999999999
7.330300000000001 7.3302000000000005
7.2953 7.1952
6.9619 7.286
7.4723 7.3774999999999995
6.957199999999999 7.298400000000001
7.099900000000001 7.3404
6.7330000000000005 7.2943999999999996
7.374600000000001 7.3128
7.0839 7.2540000000000004
8.5518 7.4028
6.568900000000001 7.2799000000000005
7.469100000000001 7.2494000000000005
6.4338999999999995 7.3111999999999995
7.604300000000001 7.283
6.655899999999999 7.2815
7.3433 7.3340000000000005
6.5292 7.3189
7.032900000000001 7.271500000000001
6.523100000000001 7.228800000000001
7.701100000000001 7.2349
7.3937 7.3006
7.4754000000000005 7.359400000000001
6.967100000000001 7.2731
7.1717 7.2921
6.8809000000000005 7.3286999999999995
7.1709000000000005 7.251099999999999
6.639100000000001 7.284699999999999
7.585199999999999 7.3690999999999995
6.8719 7.394400000000001
7.3325000000000005 7.292400000000001
7.0046 7.286
7.521700000000001 7.3837
8.0139 7.428700000000001
7.922200000000002 7.289900000000002
7.306 7.3210999999999995
7.5408 7.3823
7.352600000000001 7.3195
7.5028 7.4035
6.9871 7.321899999999999
7.199000000000002 7.2318999999999996
6.8946000000000005 7.328000000000001
7.430299999999999 7.397300000000001
6.762700000000001 7.441000000000001
7.530100000000001 7.248799999999999
7.108300000000001 7.234399999999999
7.586700000000002 7.331799999999999
7.0549 7.244900000000001
7.437199999999999 7.290000000000001
6.9328 7.213700000000001
7.438600000000001 7.331799999999999
7.109899999999998 7.2875
7.444599999999999 7.2852999999999986
7.008299999999999 7.307200000000001
8.2108 7.3138
6.9786 7.294499999999999
7.8003 7.360899999999999
7.392099999999998 7.237299999999999
7.950499999999999 7.321799999999999
7.479899999999999 7.3335
7.579 7.3081000000000005
7.248 7.317299999999999
9.701 7.268500000000001
7.263900000000001 7.202199999999999
7.9064000000000005 7.2671
7.2829999999999995 7.2379999999999995
7.475999999999999 7.286
7.5600000000000005 7.281499999999999
7.930899999999999 7.211499999999998
7.197500000000002 7.287599999999999
8.159 7.3515999999999995
7.5539 7.219700000000001
7.7376000000000005 7.4089
7.148599999999999 7.311999999999999
7.874300000000001 7.2227
7.491299999999999 7.3469999999999995
7.778199999999999 7.3051
7.247199999999999 7.186000000000001
7.581300000000001 7.2815
6.975499999999999 7.183700000000001
7.7224 7.2486
7.1640999999999995 7.2113
7.704999999999999 7.266899999999998
7.1838 7.3336
7.4813 7.3364
7.034400000000001 7.301500000000001
7.673699999999998 7.3243
7.069399999999999 7.1999
7.394399999999999 7.310500000000002
6.840599999999999 7.348700000000001
7.424300000000001 7.2562
7.169299999999999 7.305199999999999
7.750700000000001 7.316600000000001
7.360800000000001 7.405800000000001
9.797899999999998 7.373
7.648499999999999 7.290599999999999
7.9750000000000005 7.3135
7.304400000000001 7.358499999999999
7.710299999999999 7.3045
7.256299999999999 7.344800000000001
7.5691 7.3562
7.100899999999999 7.2494000000000005
7.541 7.235000000000001
7.1173 7.410399999999999
7.789 7.4186999999999985
7.284400000000001 7.336600000000002
7.637300000000001 7.414100000000001
6.9243 7.4006
7.366200000000001 7.2953
7.1367 7.2486999999999995
7.543799999999999 7.295199999999999
7.0076 7.210599999999999
7.3379 7.3508000000000004
6.872600000000001 7.206799999999999
7.417999999999999 7.2916
7.0801 7.212000000000001
7.511899999999999 7.406699999999999
7.028999999999999 7.315100000000001
7.788800000000001 7.2486999999999995
7.295999999999999 7.2517
8.093899999999998 7.4166
7.958299999999999 7.384399999999999
8.098600000000001 7.309699999999999
7.8376 7.364
10.236600000000001 7.433199999999999
7.8736 7.287599999999999
8.1085 7.3897
7.769000000000001 7.3478
8.2426 7.309799999999999
7.997999999999999 7.392900000000001
8.067300000000001 7.3210999999999995
7.769900000000001 7.3625
8.3351 7.3182
8.0635 7.2274
8.1605 7.2914
7.877499999999999 7.3524
7.870500000000001 7.3287
8.0254 7.3288
8.0451 7.3281
8.0628 7.3792
8.6754 7.452500000000001
8.168899999999999 7.300800000000001
8.667100000000001 7.257799999999999
8.059000000000001 7.2883000000000004
8.047699999999999 7.3492
7.3868 7.3294999999999995
7.733 7.311200000000001
7.279299999999999 7.315199999999999
7.784199999999999 7.325000000000001
7.721800000000001 7.324400000000001
7.334899999999999 7.2632
7.4837 7.2642
8.1932 7.418900000000001
7.345 7.4112
8.100900000000001 7.3814
7.155600000000001 7.2518
8.033 7.3632
7.422699999999999 7.272400000000001
7.6523 7.2602
7.5798000000000005 7.202999999999999
8.004900000000001 7.305199999999999
7.5804 7.280100000000001
9.0676 7.323499999999999
7.335699999999999 7.3159
