18.783 5.25
18.787 5.2459999999999996
18.934 5.2365
19.063000000000002 5.244400000000001
18.901 5.2541
18.9 5.2532000000000005
18.871000000000002 5.246100000000001
18.771 5.241
19.223999999999997 5.248499999999999
18.755 5.2497
18.977 5.2448
18.651000000000003 5.2406999999999995
18.750000000000004 5.249299999999999
18.677 5.2536
18.545 5.2532
18.682000000000002 5.244800000000001
18.865000000000002 5.2407
19.045999999999996 5.238299999999999
19.122 5.2498000000000005
18.895 5.2543999999999995
18.514 5.2566999999999995
18.361999999999995 5.2549
18.220000000000002 5.2625
18.577 5.2553
18.811000000000003 5.2576
18.945999999999998 5.268
18.604 5.2707000000000015
18.468 5.2521
18.459999999999997 5.2513000000000005
18.654 5.2682
18.642 5.2717
18.725 5.2681
18.989 5.263699999999999
18.901 5.2625
18.870000000000005 5.2707
19.09 5.261
18.892 5.266099999999999
18.912000000000003 5.2646999999999995
18.703 5.2658
18.869 5.2738
18.542 5.271
18.482000000000003 5.2737
18.410000000000004 5.268000000000001
18.34 5.258500000000001
18.691000000000003 5.2618
18.880000000000003 5.270000000000001
18.879 5.2717
18.636 5.257000000000001
18.499000000000002 5.2575
18.511000000000003 5.2502
18.087000000000003 5.2544
18.185 5.263199999999999
18.130000000000006 5.2606
18.013999999999996 5.2574000000000005
17.823 5.260900000000001
17.977999999999998 5.2589999999999995
17.968 5.2562999999999995
17.926 5.2505999999999995
18.113 5.233999999999999
17.810000000000002 5.2451
17.96 5.2402
18.068 5.237
18.069 5.251099999999999
18.08 5.2411
17.953000000000003 5.2341
17.698 5.2306
17.637999999999998 5.2257
17.758 5.2353000000000005
17.709000000000003 5.2265999999999995
17.404000000000003 5.217699999999999
17.403000000000002 5.207
17.558 5.2043
17.07 5.189500000000001
17.147000000000002 5.1837
17.035000000000004 5.1765
16.9945 5.1739
16.7304 5.1736
16.804299999999998 5.1702
16.803900000000002 5.169900000000001
16.8623 5.161200000000001
16.5982 5.1604
16.452199999999998 5.1532
16.4293 5.152399999999999
16.359099999999998 5.1596
16.625999999999998 5.1564000000000005
16.8225 5.1551
16.713499999999996 5.1616
16.557100000000002 5.1552
16.0813 5.161799999999999
16.113300000000002 5.1455
16.0912 5.150899999999999
16.0988 5.1449
16.312500000000004 5.143800000000001
15.8831 5.1291
15.814 5.1381
15.767699999999998 5.1381000000000006
16.363699999999998 5.1262
16.214599999999997 5.13
16.0815 5.1206
16.309800000000003 5.1122
16.324699999999996 5.1253
16.366999999999997 5.114800000000001
16.171899999999997 5.1113
15.889599999999998 5.1132
15.8965 5.102200000000001
15.552599999999996 5.096399999999999
15.523699999999998 5.0908999999999995
15.767000000000001 5.0861
15.915299999999998 5.0924
15.9157 5.0861
15.7746 5.087200000000001
15.7702 5.0984
15.6388 5.073700000000001
15.480599999999999 5.0866
15.677900000000001 5.0809
15.623999999999999 5.089600000000001
15.6939 5.0835
15.820399999999998 5.0753
16.1033 5.075399999999999
15.6543 5.068200000000001
15.6183 5.072699999999998
15.781299999999998 5.0636
16.121000000000002 5.0687999999999995
16.6421 5.0611
16.416700000000002 5.0662
16.019600000000004 5.0635
15.916899999999998 5.064100000000001
16.0402 5.056400000000001
16.2019 5.0436000000000005
16.4282 5.0541
16.492999999999995 5.047199999999999
16.2043 5.049900000000001
16.309899999999995 5.054399999999999
16.7137 5.057999999999999
16.6174 5.0553
16.6525 5.060499999999999
16.648699999999998 5.0565999999999995
16.5048 5.0655
16.6282 5.0785
16.214899999999997 5.085
16.2707 5.0819
16.567199999999996 5.0854
16.559 5.0969
16.593000000000004 5.0939
16.919999999999998 5.083100000000001
17.211999999999996 5.0907
17.543999999999997 5.0917
17.784 5.1102
17.692999999999998 5.116200000000001
17.605 5.126200000000001
17.828 5.1277
18.173000000000002 5.1258
18.358 5.1365
18.535999999999998 5.149899999999999
18.6 5.1518
18.511999999999997 5.1749
18.507 5.180400000000001
18.938 5.2002
19.117 5.216200000000001
19.41 5.2307
19.554000000000002 5.248599999999999
19.572 5.2706
19.44 5.285200000000001
19.872999999999998 5.291700000000001
19.761 5.3142000000000005
19.875 5.3161
19.682 5.342099999999999
20.058000000000003 5.353199999999999
19.960000000000004 5.3603000000000005
20.179000000000002 5.3751999999999995
20.416 5.3911
20.282999999999994 5.4009
20.191 5.422300000000001
20.818 5.428400000000001
20.849 5.4535
20.788 5.473300000000001
21.17 5.4961
21.095 5.495299999999999
20.906 5.5244
20.979 5.545599999999999
21.204999999999995 5.5511
21.603 5.572699999999999
21.543 5.596699999999999
21.976000000000003 5.6129999999999995
21.516000000000002 5.64
21.606 5.644
21.791999999999998 5.6605
21.881999999999998 5.652900000000001
21.782000000000004 5.664499999999999
21.623 5.681799999999999
21.977999999999998 5.694500000000001
22.093 5.709900000000001
21.62 5.721000000000002
21.874000000000002 5.7253
21.924 5.735899999999999
21.819999999999997 5.742800000000001
22.155 5.738800000000001
22.267000000000003 5.74
22.023 5.7428
22.251 5.739000000000001
22.241999999999997 5.743499999999999
21.973000000000003 5.743499999999999
22.357 5.7646999999999995
22.377 5.770099999999999
21.662000000000003 5.7617
21.97 5.766399999999999
22.004 5.7609
22.124000000000006 5.7663
22.224000000000004 5.7687
21.899 5.769399999999999
21.933000000000003 5.764799999999999
21.978 5.7692
22.193 5.7749
21.708 5.756499999999999
21.963 5.768699999999999
22.03 5.7603
22.494 5.7685
22.18 5.773199999999998
22.474 5.7717
22.456 5.7646999999999995
22.267 5.767899999999999
22.286 5.7661999999999995
21.981999999999996 5.767199999999999
22.147 5.745699999999999
22.143 5.751099999999999
22.122999999999998 5.7513000000000005
22.445 5.760299999999999
22.23 5.7665
22.122 5.758699999999999
22.523999999999997 5.7518
21.540000000000003 5.758800000000001
21.593999999999998 5.746499999999999
21.479 5.7562999999999995
22.008 5.7616
21.614 5.754899999999999
21.636 5.755699999999999
21.352 5.7578
21.435999999999996 5.769399999999999
21.869999999999997 5.7684999999999995
21.999000000000006 5.765499999999999
21.696999999999996 5.757700000000001
21.524 5.7463999999999995
21.528999999999996 5.751599999999999
21.553000000000004 5.765599999999999
21.713 5.769399999999999
21.933999999999994 5.772299999999999
21.627 5.764900000000002
21.696999999999996 5.7678
21.767999999999997 5.7661999999999995
21.776 5.765699999999999
21.502999999999997 5.785299999999999
21.53 5.782399999999999
21.388 5.7716
21.455999999999996 5.774
21.526 5.780799999999999
21.416000000000004 5.7711
21.416 5.771599999999999
21.478 5.767899999999999
21.977999999999998 5.7732
22.481 5.7633
22.239000000000004 5.7709
21.774 5.767899999999999
21.389000000000003 5.7663
21.365 5.7588
21.404000000000003 5.758099999999999
21.374 5.7519
21.096000000000004 5.7572
20.956 5.7389
20.951000000000004 5.738099999999999
20.966999999999995 5.7402999999999995
21.092000000000002 5.7446
20.997000000000003 5.733600000000001
20.534000000000002 5.737
20.641000000000002 5.7303999999999995
20.766000000000002 5.7324
21.083000000000002 5.728600000000001
20.573 5.7331
20.602 5.718400000000001
20.356999999999996 5.719399999999999
20.644 5.708
20.32 5.7132999999999985
20.354999999999997 5.7014000000000005
20.195 5.700900000000001
20.473000000000003 5.690900000000001
20.226000000000003 5.7002999999999995
19.743000000000002 5.6954
19.586000000000002 5.6979999999999995
19.645000000000003 5.685299999999999
