28.988999999999997 10.4769
27.992 10.471400000000001
28.104000000000003 10.4759
26.646000000000004 10.4734
26.383000000000003 10.4799
26.014000000000003 10.4814
25.323999999999998 10.484499999999999
25.971 10.4829
26.418000000000003 10.4839
27.618 10.484499999999999
27.797000000000004 10.481499999999999
26.934 10.4895
27.159 10.497
25.72 10.496500000000001
25.532 10.496
25.760000000000005 10.497
26.480000000000004 10.4955
26.606 10.4955
26.191000000000003 10.496
26.407999999999998 10.496
26.544999999999995 10.4925
26.767000000000003 10.494
27.059 10.504000000000001
27.279000000000003 10.4995
27.404 10.4955
27.035999999999994 10.499
27.368000000000002 10.499500000000001
27.032999999999994 10.505
27.209 10.508
27.193999999999996 10.506
26.805 10.504999999999999
26.923 10.501999999999999
26.715 10.507
27.193999999999996 10.51
26.070999999999998 10.513
26.039 10.511
26.132999999999996 10.511
25.856 10.506
26.913999999999998 10.504000000000001
25.978999999999996 10.500000000000002
26.069000000000003 10.5
25.808999999999997 10.498999999999999
25.639999999999997 10.501
26.573999999999998 10.500000000000002
26.438 10.504000000000001
27.195000000000004 10.502
28.019 10.5
28.691999999999997 10.497
27.712000000000003 10.499
27.900000000000002 10.501000000000001
26.950000000000003 10.503
28.236000000000004 10.508000000000001
25.645 10.512000000000002
27.176000000000002 10.510000000000002
26.561 10.511999999999999
26.558999999999997 10.517
27.153 10.513999999999998
27.182000000000002 10.514
27.493999999999996 10.517999999999999
27.761999999999997 10.515
27.311000000000003 10.513
27.634000000000004 10.511
27.376999999999995 10.512999999999998
27.475999999999996 10.517999999999999
27.581 10.515999999999998
26.399999999999995 10.512999999999998
25.759 10.511999999999999
25.502999999999997 10.517
24.924 10.517999999999999
25.346999999999998 10.517999999999999
25.677000000000007 10.519
25.948 10.517999999999999
25.373 10.517000000000001
25.993 10.519
25.678 10.513
25.493 10.520999999999999
26.857000000000003 10.524000000000001
27.212999999999997 10.525
26.784000000000002 10.523
25.636 10.525
26.005 10.525
25.926999999999996 10.527000000000001
26.828000000000003 10.534000000000002
25.632999999999996 10.535000000000002
26.386000000000003 10.539000000000001
26.845000000000002 10.534
26.944000000000003 10.536
26.833000000000002 10.533000000000001
27.222 10.536
25.861 10.535
26.602000000000004 10.535000000000002
26.726 10.533
26.073999999999998 10.534
24.791 10.539000000000001
25.010000000000005 10.538
25.191999999999997 10.532000000000002
25.767999999999997 10.531
24.96 10.535
25.184 10.537999999999998
25.680000000000003 10.531
24.698999999999998 10.527
24.648999999999997 10.523
24.666 10.518999999999998
25.006 10.507
30.136599999999998 12.415574000000001
24.467999999999996 10.266900000000001
24.145999999999997 10.290200000000002
25.087 10.3038
24.546 10.308900000000001
25.574 10.3145
24.774 10.3125
24.723 10.3171
26.186000000000003 10.3212
25.296999999999997 10.3257
25.246000000000002 10.3257
25.234 10.327800000000002
24.792 10.3298
25.144 10.3384
25.288 10.3465
25.714000000000002 10.350000000000001
26.001 10.352000000000002
23.326 9.303
26.083000000000006 10.357500000000002
34.296200000000006 11.9114
25.314000000000004 10.1425
25.669999999999998 10.1446
24.762 10.109700000000002
41.1745 13.605900000000002
26.380000000000003 9.8087
27.461999999999996 9.8078
27.113 9.7865
26.355 9.8002
25.369999999999997 9.7747
25.345999999999997 9.772699999999999
23.903999999999996 9.7723
24.159 9.7503
24.769000000000002 9.751900000000001
25.405999999999995 9.7677
25.302999999999997 9.7799
26.094999999999995 9.802299999999999
26.477 9.8098
25.391 9.8195
25.401999999999997 9.838299999999998
25.724000000000004 9.841999999999999
25.244 9.863199999999999
25.628999999999998 9.8738
24.843999999999998 9.8834
24.340999999999998 9.8885
24.753 9.9038
24.840999999999998 9.9108
24.68 9.919500000000001
24.61 9.9161
25.488 9.9085
25.995999999999995 9.905
25.818 9.9034
25.403000000000002 9.9095
25.529000000000003 9.9191
25.802999999999997 9.998700000000001
25.055 10.0783
24.873 10.0984
25.165 10.095
25.137000000000004 10.104600000000001
24.828999999999997 10.114700000000001
25.538 10.130799999999999
25.016 10.1389
24.936000000000003 10.1474
23.776 10.147499999999999
24.207999999999995 10.148500000000002
24.255000000000003 10.1465
24.081999999999994 10.1405
24.352999999999998 10.1415
24.938000000000002 10.146
24.174 10.147499999999999
24.426000000000002 10.1506
24.169999999999998 10.1531
24.659 10.1501
24.606 10.1441
24.302999999999997 10.1426
24.977999999999998 10.140500000000001
24.802000000000003 10.146999999999998
25.046000000000003 10.1547
24.95 10.1532
25.478 10.152700000000001
26.794999999999998 10.3487
25.658999999999992 10.3583
24.207 10.3618
24.378 10.366999999999999
24.948999999999995 10.371
24.331000000000003 10.3695
24.199 10.3685
24.894 10.375
25.369000000000003 10.388600000000002
25.059999999999995 10.3825
25.564999999999998 10.385100000000001
25.730999999999998 10.3897
25.629999999999995 10.3866
25.991999999999997 10.3896
24.150000000000006 10.3865
24.6 10.3851
25.215 10.388200000000001
26.116 10.3887
25.459000000000003 10.3892
26.781000000000006 10.379600000000002
26.999000000000002 10.3771
25.991000000000003 10.3786
32.769000000000005 10.386500000000003
25.068999999999996 10.379000000000001
25.386999999999997 10.375
24.766 10.3751
24.961 10.3756
24.852 10.3725
24.718 10.365599999999999
24.538999999999994 10.3464
25.008999999999997 10.320200000000002
25.941 10.2982
26.163999999999998 10.305700000000002
25.771 10.3138
26.206999999999997 10.315299999999999
25.142000000000003 10.3138
24.596999999999998 10.3163
24.143 10.314300000000001
24.87 10.3169
23.955000000000002 10.3179
25.055 10.3184
24.616 10.318900000000001
25.191999999999997 10.321900000000001
25.139999999999997 10.322899999999999
24.923000000000002 10.3234
24.828999999999997 10.3234
25.444 10.319999999999999
25.823999999999998 10.3209
24.722 10.325500000000002
24.647 10.320400000000001
24.262 10.319400000000002
25.05 10.3204
24.976999999999997 10.325500000000002
24.490000000000002 10.3048
24.459999999999997 10.2993
29.496499999999997 12.389100000000001
26.577999999999996 9.812999999999999
25.753999999999998 9.885
26.105 9.884500000000001
26.590000000000003 9.889600000000002
26.677999999999997 9.893699999999999
26.288 9.9106
25.875000000000004 9.9952
25.018 10.0246
26.810000000000002 10.022599999999999
25.223000000000003 10.042499999999999
25.35899999999999 10.0521
25.718999999999998 10.059600000000001
24.574 10.0627
24.55 10.067299999999998
25.135 10.0764
24.71 10.0729
24.301000000000002 10.071800000000001
24.360999999999997 10.078099999999997
24.315 10.083099999999998
24.601 10.0876
24.128 10.0891
24.656000000000002 10.0936
24.916 10.0971
24.873 10.0987
24.628 10.0998
24.816999999999997 10.1019
25.161 10.1028
24.325 10.1049
25.3 10.102799999999998
24.855999999999998 10.105799999999999
24.942999999999998 10.105799999999999
24.923000000000002 10.108799999999999
24.291999999999998 10.1124
24.64 10.1084
24.633 10.1094
25.231 10.110899999999999
25.052000000000003 10.107399999999998
25.645 10.1084
26.566000000000003 10.107899999999999
32.31900000000001 11.7596
25.805 10.057399999999998
25.456999999999997 10.067
25.008999999999997 10.0778
25.049 10.085999999999999
24.325000000000003 10.087399999999999
24.042 10.085799999999999
24.145 10.0839
24.631999999999998 10.085899999999999
24.102 10.090499999999999
