55.43999999999999 8.670300000000001
55.193999999999996 8.706999999999999
56.61200000000001 8.648800000000001
57.05300000000001 8.5712
56.13 8.5536
56.566 8.5366
56.313 8.5197
56.135200000000005 8.5403
55.47399999999999 8.562999999999999
56.392999999999994 8.560500000000001
55.84900000000002 8.518500000000001
54.699999999999996 8.523899999999998
57.178 8.521099999999999
55.928999999999995 8.536499999999998
55.86200000000001 8.5778
55.61299999999999 8.5461
55.42700000000001 8.5251
57.952000000000005 8.5474
58.321000000000026 8.559500000000002
57.89700000000001 8.590799999999998
57.645 8.598500000000001
56.72299999999999 8.584399999999999
56.568 8.5739
57.052 8.581399999999999
56.993 8.6026
56.19400000000001 8.5981
56.74300000000001 8.581199999999999
56.62199999999999 8.587299999999999
55.776 8.5785
56.134000000000015 8.581900000000001
55.32999999999999 8.567400000000001
53.226000000000006 8.575199999999999
53.381999999999984 8.5476
53.554 8.5529
54.244 8.5612
54.35300000000001 8.555
54.98500000000001 8.541799999999999
59.497000000000014 8.583599999999999
58.76300000000001 8.5861
57.899 8.5709
57.9 8.5748
58.004 8.587399999999997
56.51599999999999 8.5752
56.21499999999999 8.5484
56.891999999999996 8.5483
56.03900000000001 8.5517
54.80100000000001 8.5335
53.676999999999985 8.5436
52.343 8.5272
53.64100000000002 8.507800000000001
54.62200000000001 8.5098
53.82300000000001 8.5055
54.113000000000014 8.496899999999998
53.64800000000001 8.501
51.879999999999995 8.510299999999999
51.57999999999999 8.498700000000001
51.857 8.4934
51.19100000000001 8.5164
51.019000000000005 8.4939
51.363200000000006 8.4781
50.98819999999999 8.4766
50.32500000000001 8.4649
49.52599999999999 8.453899999999999
50.281 8.4582
48.92199999999999 8.446200000000001
47.611 8.431499999999998
46.56 8.421199999999999
46.82799999999999 8.418799999999997
46.967 8.4274
45.758 8.4099
45.61999999999999 8.415299999999998
46.501999999999995 8.413
45.62199999999999 8.3953
48.272000000000006 8.418
48.827 8.423099999999998
49.08 8.414199999999997
49.13400000000001 8.414
48.22599999999999 8.4132
48.385 8.4006
49.25000000000001 8.4136
50.007000000000005 8.419699999999999
50.11800000000001 8.427999999999999
48.893 8.4152
49.220000000000006 8.429400000000003
49.333 8.426499999999999
50.251000000000005 8.426699999999999
51.739000000000004 8.4499
51.359 8.4655
52.678000000000004 8.4488
53.76499999999999 8.458
53.713 8.463800000000003
53.65299999999999 8.472199999999999
53.442 8.468599999999999
53.24500000000001 8.481199999999998
52.928 8.5754
52.40100000000001 8.892700000000001
51.398999999999994 9.144299999999998
53.181 9.073
53.703 8.796599999999998
53.614 8.529399999999999
54.106 8.5278
54.31800000000001 8.5173
55.889000000000024 8.519000000000002
60.177099999999996 9.1066
58.60200000000001 8.6822
55.30600000000001 8.479299999999999
55.32899999999999 8.4731
55.303999999999995 8.467
54.94699999999999 8.457699999999999
56.166 8.450200000000002
56.903999999999996 8.455400000000001
55.519000000000005 8.4619
56.65 8.4564
57.431 8.4429
58.309 8.450800000000001
59.004999999999995 8.464400000000001
58.459 8.446200000000001
58.14599999999999 8.4439
58.18600000000001 8.543000000000001
58.65999999999999 8.4718
57.498000000000005 8.4718
55.794999999999995 8.4735
55.68500000000001 8.472100000000001
57.19500000000001 8.467200000000002
58.23100000000001 8.4722
57.851 8.480500000000001
57.37700000000001 8.480200000000002
59.01500000000001 8.477300000000001
59.41000000000001 8.4868
58.448 8.4772
58.73799999999999 8.495800000000003
58.53099999999999 8.492399999999998
57.693 8.462700000000002
59.730000000000004 8.470599999999996
59.72600000000002 8.480199999999998
58.104 8.480099999999997
59.729 8.463800000000003
58.92700000000001 8.4749
59.80299999999998 8.487299999999998
61.303 8.527700000000001
61.818000000000005 8.5159
61.318 8.488199999999999
61.61100000000002 8.500499999999999
61.97299999999999 8.513200000000003
62.297000000000004 8.511000000000001
64.07309999999998 8.515099999999999
65.38600000000001 8.5323
65.204 8.5323
65.289 8.555000000000003
65.573 8.570599999999999
66.351 8.5817
65.761 8.5833
70.028 8.6019
72.69300000000001 8.6223
73.47300000000001 8.6369
73.34999999999998 8.630299999999998
69.44700000000002 8.610600000000002
69.56799999999998 8.6151
71.063 8.6401
69.292 8.629700000000001
70.18600000000002 8.6408
70.527 8.6581
71.527 8.651999999999997
72.67999999999999 8.6603
73.03 8.68
73.784 8.7013
73.31 8.7125
72.274 8.683700000000002
72.966 8.854299999999999
74.09700000000001 8.698799999999997
73.37400000000001 8.735199999999999
74.947 8.735499999999998
75.407 8.768500000000001
76.0 8.751199999999999
76.166 8.7598
72.263 8.404
76.582 8.765299999999996
76.782 8.774000000000001
76.67300000000002 8.795599999999999
76.69 8.798300000000001
76.00600000000003 8.8017
76.93100000000001 8.792600000000002
78.86500000000001 8.814600000000002
77.517 8.814699999999998
77.81499999999998 8.8149
78.41300000000001 8.808100000000001
77.901 8.7888
79.026 8.7893
78.426 8.7813
78.46000000000001 8.779100000000001
79.11300000000001 8.7912
78.60900000000002 8.8006
76.268 8.768299999999998
75.55799999999999 8.752
75.828 8.763500000000002
76.63 8.779
76.732 8.824100000000003
78.518 8.7888
79.357 8.7845
79.90099999999998 8.766499999999997
79.658 8.780000000000003
79.148 8.7792
78.996 8.776900000000001
78.399 8.7663
75.62599999999998 8.7338
76.898 8.772400000000001
77.768 8.802800000000001
78.454 8.8054
78.50200000000001 8.816500000000001
79.39599999999997 8.8149
78.87299999999999 8.8203
80.04199999999999 8.8188
78.77599999999998 8.822400000000002
78.60200000000002 8.8138
78.35300000000002 8.8224
78.22700000000002 8.813799999999999
77.111 8.779100000000001
77.62200000000001 8.779600000000002
78.895 8.7817
81.027 8.780000000000001
83.41999999999999 8.7898
82.937 8.893400000000002
77.92499999999998 8.869800000000001
78.419 8.842900000000002
79.89200000000002 8.867300000000002
78.759 8.8428
79.07499999999999 8.831199999999997
79.282 8.8588
78.705 8.808699999999998
77.85799999999999 8.789200000000003
77.816 8.800300000000002
79.995 8.7987
77.631 8.798100000000002
77.67499999999998 8.8115
76.66900000000001 8.793900000000002
76.84499999999998 8.7712
77.61200000000001 8.749299999999998
75.779 8.770099999999998
73.92500000000001 8.765299999999998
73.753 8.749899999999998
73.32699999999998 8.745300000000004
73.556 8.738799999999998
73.785 8.730300000000002
76.89099999999999 8.762699999999999
76.34200000000001 8.7779
76.325 8.7556
75.208 8.809000000000001
76.25 8.8032
75.87400000000001 8.7978
75.15600000000002 8.792400000000002
72.552 8.748000000000001
72.68200000000003 8.730700000000002
70.49500000000002 8.7142
71.50999999999999 8.7338
71.37700000000002 8.738499999999998
70.91300000000001 8.730599999999999
71.078 8.728099999999998
70.217 8.720100000000002
68.64099999999999 8.6977
68.57600000000001 8.6985
67.75899999999999 8.696599999999998
68.22400000000002 8.706699999999998
68.11399999999999 8.700599999999998
67.24100000000001 8.703600000000002
65.673 8.6691
66.471 8.660099999999998
68.19800000000001 8.673499999999999
67.962 8.6711
66.26299999999999 8.6459
65.0029 8.631100000000002
63.361000000000004 8.605599999999999
63.873000000000005 8.609399999999999
62.743000000000016 8.608699999999999
60.60500000000001 8.6004
60.392 8.606699999999998
60.887999999999984 8.602799999999998
60.845000000000006 8.5991
62.03299999999998 8.5784
58.641 8.563299999999998
58.425000000000004 8.574399999999999
58.86099999999998 8.5913
57.248999999999995 8.545
56.435 8.544400000000001
56.361 8.518899999999999
55.913000000000004 8.506
55.828 8.5162
55.884000000000015 8.512199999999998
55.580299999999994 8.493300000000001
