17.763490000000004 14.734000000000002
13.565700000000003 14.755
13.94534 14.698
17.568369999999998 14.739999999999998
14.341569999999997 14.77
13.80281 14.725
17.22017 14.737
13.91439 14.625
14.02831 14.661
17.13645 14.856000000000002
14.042250000000001 14.692
14.28682 14.724
17.10012 14.84
13.43279 14.645999999999997
14.3843 14.752
16.87137 14.82
14.21751 14.685
14.45553 14.752
16.94573 14.777000000000001
14.12113 14.739000000000003
14.455010000000001 14.74
16.603129999999997 14.773
13.888650000000002 14.77
14.52638 14.682999999999998
17.07233 14.815999999999999
13.623840000000001 14.716000000000001
15.56614 14.624
15.94209 14.847
14.5671 14.737
15.982930000000001 14.649999999999999
15.347839999999998 14.84
13.76328 14.706
16.24369 14.741999999999999
15.440310000000002 14.854999999999999
13.983989999999999 14.655999999999999
16.995329999999996 14.767
15.059610000000001 14.825
13.717170000000001 14.625
17.41119 14.771
14.285609999999998 14.792
14.28241 14.737
17.348409999999998 14.768
13.56465 14.725
13.9381 14.728
17.4819 14.767
14.13439 14.717999999999998
14.08293 14.758000000000001
17.223679999999998 14.734
14.26033 14.725
13.44442 14.731
17.359709999999996 14.679
14.010889999999998 14.786000000000001
14.02417 14.749
17.2601 14.684999999999999
13.67022 14.764
13.644580000000001 14.693999999999999
17.51805 14.703
13.74086 14.776
13.698820000000001 14.679
17.1746 14.66
14.092640000000001 14.764
13.384529999999998 14.707
17.148439999999997 14.751999999999999
14.072099999999999 14.786000000000001
13.98845 14.649000000000001
17.38245 14.780000000000001
14.01859 14.790999999999999
13.805419999999998 14.609
17.48479 14.732999999999999
13.814950000000001 14.798
14.06895 14.652999999999999
17.362509999999997 14.694999999999997
14.033979999999998 14.809
13.429879999999999 14.643
16.83529 14.676
14.300680000000002 14.812999999999999
13.900099999999998 14.673999999999998
15.511159999999999 14.643
15.212399999999999 14.834
13.8707 14.682
14.41952 14.673
16.70614 14.861999999999998
13.79379 14.676999999999998
13.977299999999998 14.684999999999999
16.98893 14.843
13.44199 14.621
13.57008 14.698
17.466639999999998 14.835
14.09998 14.668000000000001
13.84312 14.722
17.01141 14.792
13.506129999999999 14.62
13.804969999999999 14.668999999999999
16.93565 14.851
13.68607 14.722
13.506319999999999 14.749
16.864649999999997 14.731
14.704719999999998 14.762
13.3108 14.758000000000001
15.50386 14.67
16.311400000000003 14.828
13.336889999999999 14.748999999999999
16.89848 14.719
13.582440000000002 14.767
13.84775 14.686
16.637390000000003 14.761000000000003
13.56974 14.801
14.14996 14.637
16.39361 14.712999999999997
13.444749999999999 14.707
14.774870000000002 14.725
16.234059999999996 14.737
13.849770000000003 14.768
14.62504 14.651999999999997
16.589340000000004 14.795
13.68406 14.771
15.03844 14.677000000000001
15.369180000000002 14.746
13.708899999999998 14.774999999999999
15.10625 14.671000000000001
15.135920000000002 14.78
13.165109999999999 14.753
16.87468 14.684999999999999
13.941640000000003 14.768
14.335720000000002 14.795000000000002
15.913079999999999 14.682
13.914090000000002 14.746
14.791170000000001 14.752
15.713110000000002 14.733999999999996
13.725119999999999 14.767999999999997
16.108539999999998 14.871
14.596369999999997 14.917000000000002
14.020779999999998 14.665000000000001
16.68266 14.777000000000001
13.437130000000003 14.726999999999999
14.394770000000001 14.694
16.93002 14.854000000000001
13.279119999999999 14.664
15.189710000000002 14.704
15.738870000000002 14.841
13.605300000000002 14.665000000000001
15.032499999999999 14.742999999999999
15.454220000000001 14.826
13.24302 14.615
16.68443 14.802999999999999
13.850299999999999 14.732999999999999
13.560440000000002 14.601999999999999
17.18776 14.776
14.08053 14.796000000000001
14.792169999999999 14.686
15.773290000000001 14.887
13.37544 14.637999999999998
16.615190000000002 14.712999999999997
14.38691 14.859999999999998
14.04792 14.651999999999997
16.07607 14.753
14.04498 14.816
14.36131 14.637
15.94055 14.716000000000001
13.90604 14.784
17.16561 14.709999999999997
13.46238 14.738000000000001
14.745510000000001 14.792
16.23192 14.686
14.118340000000002 14.686000000000002
16.64007 14.825999999999997
14.71332 14.713999999999999
13.566529999999998 14.674000000000001
17.176579999999998 14.862
13.36032 14.652000000000001
15.32277 14.751999999999999
15.26178 14.777
13.968729999999999 14.658
16.588680000000004 14.804
14.008519999999999 14.777999999999999
14.80264 14.621999999999998
15.911159999999999 14.765
13.880900000000002 14.781000000000002
17.23539 14.701
13.488419999999998 14.677000000000001
16.086720000000003 14.831
14.814860000000001 14.676
13.98533 14.668000000000001
17.667690000000004 14.89
14.26059 14.704
15.607940000000001 14.789
15.047559999999999 14.765
14.109840000000002 14.652000000000001
16.837410000000002 14.85
13.78219 14.683000000000002
17.14599 14.685
13.997860000000001 14.795
15.105190000000002 14.692
16.03609 14.687999999999999
13.71885 14.765
17.271199999999997 14.728
14.24341 14.679999999999998
16.06997 14.786
14.95603 14.698
15.10209 14.662
16.31412 14.893
13.84476 14.668000000000001
17.355 14.756
13.563839999999999 14.789
17.749010000000002 14.700000000000003
13.839240000000002 14.704
15.46862 14.783000000000001
16.0093 14.776
14.849600000000002 14.707
16.7354 14.859
14.162279999999999 14.667000000000002
17.28798 14.692
13.88085 14.804
15.12986 14.658
16.03674 14.709999999999997
13.83173 14.749
17.686480000000003 14.767999999999997
14.09613 14.665000000000001
16.840359999999997 14.829
14.473090000000003 14.740999999999998
15.508300000000002 14.716000000000001
16.80413 14.968000000000004
14.14772 14.734
17.368720000000003 14.771
14.02252 14.831000000000003
15.643929999999997 14.688
16.20014 14.745999999999999
13.722119999999999 14.801
17.82547 14.753
13.901170000000002 14.679999999999998
16.57057 14.825000000000003
14.71724 14.704
14.5677 14.683000000000002
16.82828 14.886000000000003
14.454 14.698
17.294169999999998 14.719
14.133200000000002 14.865
14.402149999999999 14.670000000000002
16.75664 14.834999999999997
13.65328 14.725
17.54063 14.725
13.7323 14.765
14.921240000000003 14.737
16.95839 14.762
14.329189999999997 14.829
17.25777 14.747
14.345759999999999 14.716
15.463579999999999 14.789000000000001
15.691230000000001 14.759
14.043059999999999 14.668999999999999
17.409600000000005 14.728
13.82658 14.792000000000002
16.69348 14.692
14.696019999999999 14.789
13.799900000000001 14.686
17.674369999999996 14.738000000000001
14.475299999999999 14.826
16.429579999999998 14.689
14.84614 14.737
14.01125 14.780000000000001
18.092999999999996 14.78
13.959670000000003 14.712999999999997
17.285220000000002 14.850000000000001
14.05858 14.686
14.96388 14.692
16.8125 14.862
13.69032 14.652999999999999
17.97308 14.753
15.013200000000001 14.962
13.79377 14.673
17.34984 14.774000000000001
13.707340000000002 14.801
16.46386 14.689
14.38274 14.722
14.213120000000002 14.82
16.6892 14.719
14.03472 14.686
15.141969999999999 14.798
15.787769999999998 14.737999999999998
14.399440000000002 14.756
17.16624 14.823
13.552630000000002 14.674000000000001
14.80283 14.726
17.380499999999998 14.964999999999998
13.75614 14.695
16.12593 14.692
15.744710000000001 14.911
13.78375 14.676999999999998
