33.3488 15.741399999999995
36.903000000000006 15.7667
38.76009999999999 16.421300000000006
35.780200000000015 15.996499999999997
36.802800000000005 15.982000000000001
35.5226 15.912300000000004
35.514399999999995 15.8952
35.319599999999994 15.9759
35.990199999999994 15.888
34.271899999999995 15.943100000000001
34.9188 15.8678
34.11160000000001 15.894300000000008
35.61550000000002 15.991399999999995
33.5835 15.6718
36.2983 15.649000000000001
36.17700000000001 15.9688
35.52570000000001 15.925200000000006
35.115800000000014 15.964599999999995
35.57200000000001 15.9431
35.937999999999995 15.996200000000002
36.35401 16.055299999999992
35.415600000000005 15.927100000000003
35.046400000000006 15.906099999999999
34.38780000000002 15.913399999999998
35.7988 15.964200000000005
35.02110000000001 15.907200000000001
35.7038 15.906500000000005
35.248799999999996 15.888100000000009
35.01409999999999 15.869399999999997
33.0606 15.947700000000001
33.514300000000006 15.8893
33.32849999999999 15.9467
33.395099999999985 15.960800000000003
32.985099999999996 15.9514
33.692559999999986 15.939000000000004
34.1827 16.028099999999995
34.4829 16.0453
34.0479 16.0806
34.62019999999999 16.149299999999997
34.287699999999994 16.1093
34.14520000000002 16.045700000000004
33.5201 16.040799999999997
34.430299999999995 16.028599999999997
34.6648 16.063
34.96099999999999 16.0866
33.8049 16.143699999999995
34.23539999999999 16.139
32.81869999999999 16.121100000000002
33.91480000000001 16.058800000000005
33.9154 16.1149
34.68699999999999 16.1518
33.0521 16.1243
34.512799999999984 16.25
32.95630000000001 16.1862
33.679700000000004 15.907499999999999
34.92620000000001 15.870599999999998
37.9276 16.483700000000002
37.99850000000002 16.889699999999998
35.57589999999999 16.273400000000006
34.92090000000002 16.2151
35.8184 16.4833
35.4646 16.5352
35.000800000000005 16.4894
34.68661 16.531900000000004
34.973169999999996 16.472100000000005
34.42092 16.349199999999996
34.24804000000001 16.264
34.28289999999999 16.328300000000006
34.39679999999999 16.271099999999997
33.92959999999999 16.260099999999998
34.782399999999996 16.208299999999998
33.05279999999998 16.1652
33.6466 16.2243
34.74449999999998 16.385600000000007
35.092800000000004 16.4222
33.67000000000001 16.3571
32.9162 16.2771
32.80761 16.2371
32.77181000000001 16.27680000000001
33.747649999999986 16.249299999999998
33.73467000000001 16.211500000000004
33.40042999999999 16.13
33.84740000000001 16.221400000000003
32.82057 16.264899999999997
33.726389999999995 16.3439
33.3254 16.4488
32.784899999999986 16.3911
33.12564999999999 16.3325
33.01 16.258599999999998
32.8704 16.3075
32.310689999999994 16.290900000000004
33.70417 16.450599999999998
32.92868 16.101800000000004
33.98126 16.134399999999996
33.794309999999996 16.095200000000006
33.557939999999995 16.053199999999997
34.03680000000001 16.1504
34.41770999999999 16.4142
35.246100000000006 16.5006
34.04459999999999 16.465800000000005
33.29684000000002 16.055199999999992
33.626400000000004 16.1101
34.779900000000005 16.4719
33.3684 16.4821
33.888200000000005 16.1886
32.395799999999994 16.2565
32.44109999999999 16.1923
33.266 16.198100000000004
34.498400000000004 16.258
34.035999999999994 16.3777
34.6884 16.301700000000004
34.0051 16.2864
34.98887 16.4771
32.92400000000001 16.205
32.840599999999995 16.157199999999992
33.630700000000004 16.218200000000003
33.33919999999999 16.1998
32.331500000000005 16.134400000000003
32.6554 16.1432
32.7543 16.228900000000007
33.1963 16.282200000000007
34.12919999999999 16.371500000000005
35.60160000000001 16.5209
35.2051 16.541400000000003
34.148700000000005 16.2514
34.5319 16.338
35.1849 16.313099999999995
34.319700000000005 16.3107
34.177 16.2453
34.09130000000001 16.276799999999998
34.067400000000006 16.2273
33.33410000000001 16.2578
34.078999999999986 16.427999999999994
35.1196 16.5366
34.07959999999999 16.3676
33.62089999999999 16.4776
34.5982 16.4211
34.974700000000006 16.5322
34.242 16.574099999999998
34.7774 16.475299999999997
34.1671 16.38
32.55469999999999 16.3163
33.07040000000001 16.392400000000002
33.39400000000001 16.496900000000004
33.79059999999999 16.6073
34.4074 16.74890000000001
35.075900000000004 16.735300000000002
33.3261 16.6926
33.80745 16.480600000000003
34.006400000000006 16.60579999999999
34.948899999999995 16.627300000000005
34.860499999999995 16.846700000000002
35.13120000000002 16.9183
33.87890000000001 16.7452
33.8233 16.609899999999996
33.204600000000006 16.618000000000006
35.35079999999999 16.716399999999997
36.7329 16.8004
38.3216 16.8731
37.90169999999999 16.9312
37.8473 16.866900000000005
35.66740000000001 16.839900000000004
35.69749999999999 16.85419999999999
35.8711 16.860600000000005
36.526500000000006 16.821400000000004
34.8433 16.837400000000002
33.738400000000006 16.6766
33.40119999999998 16.561000000000003
35.4141 16.825899999999997
36.40259999999998 17.054699999999997
38.08029999999999 17.3722
37.42510000000001 17.606799999999996
36.16160000000001 17.2677
33.97389999999999 17.001500000000004
34.5731 16.9697
34.688500000000005 17.0305
34.735600000000005 16.9995
34.36120000000001 17.009700000000006
35.101 17.091800000000003
34.434099999999994 17.1099
35.7208 17.128200000000003
35.644800000000004 17.174400000000002
35.98919999999999 17.149699999999996
35.8809 17.2722
35.4176 17.162399999999998
34.641999999999996 17.082499999999996
35.251099999999994 17.122600000000002
34.50780000000001 17.188299999999998
35.096900000000005 17.181799999999992
35.97690000000001 17.257299999999997
35.1316 17.1732
34.67349999999999 17.181299999999997
35.0643 17.242400000000004
35.0337 17.321400000000004
35.484100000000005 17.283800000000006
35.668199999999985 17.3323
36.45439999999999 17.3493
34.9124 17.2824
35.73850000000001 17.3542
35.533800000000014 17.366899999999998
35.8176 17.3138
35.28419999999999 17.353199999999994
36.8086 17.393900000000002
36.347 17.424899999999997
37.162899999999986 17.505699999999997
38.2583 17.472100000000008
39.1321 17.4724
36.82250000000001 17.5491
35.86996000000001 17.465600000000002
35.60069999999999 17.517699999999998
36.586200000000005 17.4417
36.105900000000005 17.4539
35.89098999999999 17.378100000000003
35.82509999999999 17.428100000000004
35.929399999999994 17.46469999999999
35.91389999999999 17.4748
35.558299999999996 17.521900000000006
35.33259999999999 17.5503
34.74549999999999 17.531100000000002
34.722899999999996 17.567300000000007
36.24889999999999 17.535600000000002
34.852799999999995 17.487700000000004
35.57320000000001 17.523800000000005
35.87799999999999 17.6234
35.47989999999999 17.577500000000008
34.79779999999999 17.523800000000005
35.482200000000006 17.5478
34.62810000000001 17.482899999999997
35.34880000000001 17.635999999999996
35.2266 17.667599999999997
35.8658 17.623499999999996
34.816900000000004 17.6789
36.53359999999999 17.607299999999995
35.44789999999998 17.505199999999995
35.76519999999999 17.7602
35.278999999999996 17.5652
36.24119999999999 17.7255
35.91560000000001 17.691399999999998
35.3324 17.606999999999996
33.62960000000002 17.499200000000002
34.22750000000001 17.699100000000005
34.3095 17.6292
34.86450000000001 17.701600000000003
34.77510000000001 17.699000000000005
35.2781 17.751599999999996
34.25049999999999 17.6367
35.27999999999999 17.754399999999997
34.984350000000006 17.791
34.85184999999999 17.737799999999996
34.79689999999998 17.712500000000002
34.655199999999994 17.728800000000003
35.313100000000006 17.7429
35.18919999999999 17.7853
35.585100000000004 17.889400000000006
36.4465 17.9361
36.42530000000001 17.916400000000003
35.61070000000001 17.917
35.79789999999999 17.784900000000004
34.05323999999999 18.0108
35.74292 18.011599999999998
34.243300000000005 17.959500000000002
35.541799999999995 18.2025
33.378899999999994 17.990399999999994
35.78209999999999 18.068600000000007
34.33010000000001 18.040999999999997
34.50299999999999 18.135
31.801689999999994 17.9431
33.84977 18.024100000000004
31.027380000000004 17.916300000000003
33.54285 17.995400000000004
31.130440000000004 17.906900000000004
34.539559999999994 18.032700000000002
32.3679 17.9524
34.35998000000001 18.1002
31.353440000000006 17.81590000000001
34.34545000000001 18.17520000000001
31.9787 17.952899999999996
34.044500000000006 18.124100000000002
28.830069999999992 17.9002
35.79388 18.1532
34.30432 18.243500000000004
35.587920000000004 17.931299999999997
34.73018999999999 18.2585
34.58517 18.47214
33.639869999999995 17.78822000000001
35.03583999999999 17.82841999999999
32.54340000000002 17.585700000000003
36.54466999999998 17.917676
