18.067 10.89
18.514 10.886999999999999
18.505999999999997 10.982
18.608 10.898
18.717 10.883999999999999
19.147 10.924
18.659 10.993
18.783 10.88
19.153000000000002 10.892
19.289 10.99
19.36 10.889
19.519000000000002 10.893
19.742 10.984
19.025 10.898000000000001
18.266 10.876
18.948999999999998 10.943999999999999
18.844 10.996
18.397999999999996 10.918999999999999
18.515 10.911999999999999
19.03 10.985999999999999
18.270999999999997 10.976999999999999
18.289 10.877999999999998
18.991 10.908999999999999
18.866 10.983999999999998
18.835 10.902999999999999
19.012 10.924
18.993000000000006 11.004000000000001
18.556000000000004 10.911
18.587 10.893999999999998
18.618999999999996 10.983
18.377 10.958
18.823 10.918999999999999
18.866 10.999
19.295 11.081999999999999
18.864 10.997000000000002
18.636999999999997 10.969000000000001
18.822999999999997 11.030000000000001
18.815 10.931
18.811 10.928
19.708000000000002 11.030999999999999
18.764999999999997 10.982000000000001
18.418 10.933
18.827999999999996 10.986
18.231 11.010000000000002
18.282 10.94
18.444 10.972000000000001
18.358 11.046
18.133000000000003 10.939
18.27 10.922
18.401999999999997 10.989
17.974999999999998 10.965
18.138 10.904
18.179000000000002 10.981
18.121000000000002 10.959999999999999
17.989 10.905000000000001
18.427 10.959999999999999
18.468999999999998 10.991000000000001
18.588 10.911
18.414 11.006
18.066000000000003 10.930000000000001
18.323 10.901000000000002
18.545 10.966999999999999
18.023999999999997 10.939
18.012 10.898
18.251 10.973
18.194000000000003 10.971
18.197000000000003 10.906
18.418 10.929
18.689 11.014
18.448999999999998 10.909999999999998
18.664 10.902000000000001
18.77 11.000999999999998
18.817 10.94
18.744 10.904
18.289 10.922
18.124000000000002 11.002999999999998
17.989 10.908
18.075999999999997 10.908999999999999
17.704 11.003
17.357999999999997 10.915
17.563000000000002 10.905000000000001
17.587000000000003 11.004
17.548 10.929000000000002
17.529 10.905000000000001
18.221 11.002
18.0 10.940000000000001
17.990000000000002 10.902000000000001
18.618999999999996 10.931000000000001
18.534 11.007
18.327999999999996 10.908999999999999
18.23 10.895000000000001
18.308000000000003 10.908999999999999
18.041999999999998 10.986
17.698 10.888
17.797 10.915
17.874000000000002 10.975
18.336999999999996 10.882
18.246 10.927000000000001
18.404999999999998 11.014
18.231 10.921
17.919999999999998 10.870000000000001
18.135 10.962
17.866 10.901
18.279999999999998 10.934
18.576999999999998 10.984
17.689 10.915999999999999
17.725 10.866
18.077 10.95
17.276 10.889
17.489 10.929000000000002
17.09 10.889
17.330000000000002 10.865
17.835 10.973999999999998
17.401999999999997 10.898
17.878 10.964000000000002
17.599 10.934
18.051000000000002 10.895000000000001
17.881 10.991
17.887 10.905999999999999
18.224 10.916
18.106 10.975999999999999
17.918000000000003 10.901
18.094 10.986
18.294 10.958
18.784 11.075999999999999
19.039 11.152
18.881 11.063999999999998
18.807999999999996 11.033999999999999
19.317999999999998 11.036000000000001
18.695 11.001
18.618000000000002 10.988999999999999
19.146 10.938
19.976 10.876
19.001 10.966999999999999
18.890000000000004 10.898000000000001
18.754 10.941
18.207 10.938
18.293 10.875000000000002
18.413999999999998 10.967
18.800999999999995 10.930000000000001
19.049000000000003 10.896999999999998
19.413000000000004 10.978
19.055 10.939
19.898000000000003 10.943999999999999
19.453 10.955
19.688000000000002 10.883
19.645000000000003 10.960999999999999
19.628999999999998 10.951
19.519000000000002 10.897
19.235 10.985
19.348 10.924
19.654 10.912
19.545999999999996 10.979999999999999
19.045 10.909
19.446 10.991000000000001
18.616 10.926
18.845 10.911
19.128 10.99
19.455 10.93
19.602999999999998 10.974000000000002
19.176 10.975
19.204 10.909
19.569 10.96
19.214 10.982
19.355999999999998 10.919
18.991 10.999
18.631 10.923
18.751000000000005 10.892
18.961000000000002 10.981
18.834999999999997 10.944999999999999
19.15 10.933
18.982 10.958000000000002
18.598 10.876000000000001
19.074999999999996 10.962
19.765 10.969
19.82 10.972
20.032 11.062
19.936999999999998 11.005
19.480000000000004 10.964
19.111 10.979
18.990000000000002 10.893
19.008999999999997 10.944999999999999
19.070999999999998 10.967000000000002
19.738 10.910000000000002
19.989 10.981
19.429999999999996 10.955
19.446 10.901000000000002
19.69 10.969999999999999
19.195999999999998 10.950000000000001
19.470000000000002 10.9
19.612999999999996 10.972
19.548 10.926
19.35 10.921
19.432 10.966000000000001
19.326 10.898
19.656000000000002 10.951
19.492 10.944999999999999
19.409 10.886000000000001
20.017 10.962000000000002
19.451 10.932
19.569 10.916000000000002
19.482000000000003 10.976999999999999
19.491999999999997 10.908
19.337 10.937000000000001
19.415000000000003 10.979
19.372 10.896
19.21 10.933000000000002
19.061 10.971
19.112999999999996 10.926
19.008999999999997 11.027999999999999
18.895 10.976999999999999
19.108 10.966000000000001
19.157999999999998 11.005
19.44 10.922
20.156999999999996 10.968
19.729000000000003 10.969999999999999
19.356999999999996 10.895000000000001
19.268 10.943
18.993000000000002 10.955
18.768 10.882
19.005 10.936
18.781 10.973
18.811999999999998 10.913
19.023 10.985999999999999
18.897 10.904
19.006 10.928
18.976000000000003 10.988999999999999
18.747999999999998 10.902000000000001
19.008999999999997 10.944
18.608 10.975999999999999
18.497 10.899000000000001
18.924000000000003 10.95
18.792 10.974999999999998
18.705 10.918
19.072 10.989999999999998
19.576999999999998 10.936
19.473 10.958
19.240999999999996 11.060999999999998
18.775000000000002 10.924
19.421 10.959000000000001
19.723 11.107
19.817999999999998 11.048
20.049 11.04
20.016000000000002 11.012
19.539 10.902000000000001
19.906000000000002 10.950000000000001
19.540000000000003 10.991
19.467000000000002 10.918000000000001
19.650000000000002 10.997
19.365 10.920000000000002
19.43 10.917
19.767000000000003 10.999
19.82 10.940999999999999
19.645 10.931999999999999
19.394 10.988999999999999
19.28 10.895999999999999
19.101000000000003 10.889
19.482999999999997 10.973
19.243999999999996 10.895999999999999
19.223 10.883999999999999
19.501999999999995 10.975999999999999
19.211 10.901
19.528000000000002 10.884999999999998
19.563999999999997 10.975999999999999
19.363 10.947
19.546000000000003 10.895
19.635 10.976999999999999
19.669 10.905999999999999
19.416999999999998 10.908999999999999
19.475 10.977
19.355000000000004 10.882
19.704 10.905
19.612000000000002 10.974
19.547 10.879000000000001
19.688 10.902999999999999
19.421000000000003 10.98
19.419 10.888
19.175 10.937999999999999
18.612 10.97
18.664 10.894
19.001 10.956
18.72 10.994000000000002
18.601 10.916
19.177 10.945
19.739 11.032
19.261999999999997 10.914000000000001
19.411000000000005 10.927000000000001
18.976000000000003 11.001
