8.154 11.76
8.936 11.82
8.972 11.77
7.837 11.78
9.277000000000001 11.790000000000001
7.886 11.78
8.972 11.83
8.068999999999999 11.78
9.033 11.77
7.996 11.82
9.155000000000001 11.84
8.179 11.82
8.556999999999999 11.799999999999999
8.398 11.74
7.898 11.78
8.594 11.790000000000001
7.532 11.77
9.020999999999999 11.83
7.666 11.790000000000001
9.020999999999999 11.77
7.654 11.82
8.777 11.77
7.727 11.790000000000001
8.667 11.78
8.008 11.78
8.35 11.83
7.396999999999999 11.76
8.02 11.799999999999999
7.703 11.799999999999999
8.301 11.82
8.923 11.77
8.068999999999999 11.82
8.936 11.78
8.044 11.77
9.009 11.82
7.898 11.83
8.752 11.87
7.361 11.82
8.386000000000001 11.790000000000001
7.41 11.82
8.264000000000001 11.799999999999999
7.0680000000000005 11.82
7.8740000000000006 11.78
7.324 11.78
8.594 11.82
7.581 11.77
8.899 11.78
8.044 11.78
9.106 11.799999999999999
8.362 11.77
8.813 11.82
8.520999999999999 11.83
8.081000000000001 11.82
8.618 11.82
7.739 11.799999999999999
8.495999999999999 11.83
7.788 11.83
9.192 11.82
7.568 11.83
8.643 11.84
7.666 11.83
8.777 11.82
7.849 11.790000000000001
8.801 11.85
7.556 11.799999999999999
8.434999999999999 11.790000000000001
7.092 11.82
8.373999999999999 11.83
7.703 11.790000000000001
8.606 11.87
7.727 11.85
9.229 11.82
8.447000000000001 11.83
8.679 11.85
8.459 11.82
7.776 11.799999999999999
8.997 11.799999999999999
8.325000000000001 11.83
8.398 11.84
7.08 11.82
8.167 11.83
7.1290000000000004 11.82
8.289 11.799999999999999
7.361 11.82
8.008 11.82
7.031 11.799999999999999
8.643 11.84
7.739 11.790000000000001
8.215 11.82
7.043000000000001 11.790000000000001
7.959 11.78
7.811999999999999 11.799999999999999
9.033 11.82
8.215 11.790000000000001
8.838 11.85
8.472 11.83
8.118 11.82
7.776 11.82
7.373 11.83
8.704 11.799999999999999
7.703 11.85
8.545 11.83
7.178 11.82
8.459 11.790000000000001
8.02 11.790000000000001
8.569 11.82
7.043000000000001 11.84
7.971 11.799999999999999
6.995 11.790000000000001
7.861 11.78
6.920999999999999 11.78
7.91 11.799999999999999
6.848 11.83
7.825 11.799999999999999
7.056 11.790000000000001
8.057 11.790000000000001
7.3 11.790000000000001
8.35 11.84
7.396999999999999 11.87
8.667 11.85
7.581 11.799999999999999
8.301 11.82
7.3 11.799999999999999
8.373999999999999 11.84
7.849 11.83
9.375 11.85
7.666 11.84
8.264000000000001 11.83
7.2139999999999995 11.82
8.179 11.790000000000001
7.568 11.799999999999999
7.983 11.83
7.7509999999999994 11.82
7.764 11.82
7.825 11.82
7.471 11.84
8.997 11.790000000000001
7.178 11.799999999999999
7.9350000000000005 11.799999999999999
7.08 11.790000000000001
8.081000000000001 11.82
7.08 11.799999999999999
8.105 11.799999999999999
7.117 11.82
8.02 11.82
7.092 11.790000000000001
8.142000000000001 11.83
7.019 11.82
8.129999999999999 11.799999999999999
7.312 11.799999999999999
8.251999999999999 11.82
7.312 11.799999999999999
8.179 11.799999999999999
7.2139999999999995 11.790000000000001
8.301 11.82
7.471 11.82
8.362 11.82
7.544 11.84
8.581999999999999 11.88
7.324 11.88
8.190999999999999 11.82
7.764 11.799999999999999
9.009 11.83
7.335999999999999 11.799999999999999
8.398 11.84
7.5200000000000005 11.87
8.667 11.85
7.764 11.84
8.533 11.799999999999999
8.63 11.84
7.959 11.85
8.581999999999999 11.82
7.825 11.84
8.936 11.83
7.922 11.83
8.936 11.84
7.898 11.799999999999999
9.094 11.82
7.996 11.88
9.29 11.84
8.508000000000001 11.799999999999999
9.741 11.84
8.704 11.84
8.704 11.82
8.887 11.85
8.215 11.85
9.119 11.84
7.91 11.84
8.875 11.83
7.849 11.88
8.923 11.82
8.826 11.82
8.887 11.84
8.691 11.85
7.434 11.85
8.581999999999999 11.83
7.568 11.85
8.728 11.85
7.6899999999999995 11.84
8.997 11.88
8.423 11.83
8.789 11.88
9.167 11.85
7.971 11.85
9.131 11.85
7.811999999999999 11.88
8.594 11.85
7.629 11.85
8.716 11.85
7.678 11.84
8.533 11.89
8.057 11.84
8.179 11.85
8.569 11.89
7.922 11.85
9.155000000000001 11.87
8.044 11.87
8.948 11.87
7.837 11.88
8.789 11.85
7.617 11.85
8.801 11.87
8.472 11.85
7.642 11.87
8.520999999999999 11.87
7.457999999999999 11.87
8.569 11.88
7.349 11.85
8.594 11.88
7.446 11.91
8.289 11.899999999999999
7.446 11.84
8.386000000000001 11.85
8.008 11.85
8.264000000000001 11.85
7.996 11.85
7.202 11.85
8.167 11.799999999999999
7.202 11.85
8.434999999999999 11.87
7.434 11.84
8.081000000000001 11.84
7.19 11.85
8.02 11.83
7.471 11.85
8.813 11.88
7.507 11.87
8.264000000000001 11.85
7.202 11.83
8.264000000000001 11.83
8.081000000000001 11.82
8.704 11.85
8.752 11.88
7.422 11.83
8.362 11.85
7.19 11.85
8.447000000000001 11.83
7.666 11.85
9.058 11.85
7.642 11.82
8.520999999999999 11.85
7.581 11.87
8.386000000000001 11.83
7.373 11.85
8.276 11.87
7.373 11.84
8.215 11.85
8.215 11.83
7.5200000000000005 11.84
8.215 11.84
7.3 11.82
8.398 11.85
7.446 11.85
8.545 11.83
7.41 11.85
8.520999999999999 11.88
7.581 11.83
8.447000000000001 11.83
7.434 11.85
8.118 11.85
7.324 11.84
7.8740000000000006 11.85
7.544 11.83
7.349 11.83
7.9350000000000005 11.87
7.043000000000001 11.88
8.068999999999999 11.87
7.202 11.85
