7.4989 7.0631
7.213700000000001 7.1350999999999996
7.5616 7.1122000000000005
7.648500000000001 7.0855
6.893000000000001 6.9512
7.458400000000001 7.022800000000001
7.76 7.138799999999999
7.2068 7.078599999999999
7.396699999999999 7.1326
7.7360000000000015 7.148800000000001
7.556100000000001 7.141199999999999
7.501100000000001 7.167
7.8058000000000005 7.218999999999999
7.762100000000001 7.2090000000000005
7.8377 7.2067000000000005
7.9721 7.175199999999999
7.474500000000001 7.199800000000001
7.640899999999999 7.1329
7.5631 7.2151000000000005
7.4737 7.1655999999999995
7.855099999999999 7.121400000000001
7.670599999999999 7.1907
7.6615 7.1717
7.8896 7.1296
7.576 7.2174000000000005
7.946900000000001 7.253300000000001
7.3745 7.2715000000000005
7.785800000000001 7.130399999999999
7.280700000000001 7.1396
7.7751 7.1937
7.4905 7.076999999999998
7.830699999999998 7.0707
7.734000000000001 7.135
7.6324000000000005 7.0747
7.867500000000001 7.1618
7.5661 7.144900000000002
7.7810999999999995 7.1022
8.6594 7.2312
7.832399999999999 7.218299999999999
7.9467 7.2187
11.107099999999999 7.3515999999999995
8.240400000000001 7.2686
7.915500000000001 7.1715
7.6188 7.2145
7.4279 7.2022
8.0001 7.1434000000000015
8.5067 7.134299999999999
8.123900000000003 7.153200000000001
7.966599999999999 7.222699999999999
7.9445000000000014 7.0665000000000004
7.5043 7.136500000000002
7.9917 7.1607
7.8643 7.147
7.733999999999999 7.166300000000001
7.714799999999999 7.178500000000001
7.410500000000001 7.241800000000001
7.473599999999999 7.144099999999999
7.299899999999999 7.1541
7.353200000000001 7.213700000000001
7.173299999999999 7.150999999999999
7.451600000000001 7.1107000000000005
7.6615 7.2379999999999995
7.7498999999999985 7.203599999999999
7.6392 7.2409
7.456499999999999 7.232700000000001
7.1396 7.248000000000002
7.5577000000000005 7.211399999999999
7.455400000000001 7.1671
7.5227 7.230300000000001
7.447699999999998 7.090000000000001
7.205199999999999 7.119000000000001
7.607900000000001 7.1564000000000005
7.506 7.149500000000001
8.072700000000001 7.2046
8.016200000000001 7.149499999999999
7.393699999999999 7.137300000000001
7.4349 7.163200000000002
7.3447 7.162400000000001
7.489700000000001 7.1785000000000005
6.8039000000000005 6.453700000000001
6.8610999999999995 6.4599
7.8961000000000015 6.972499999999999
7.7742 7.0665000000000004
17.0453 7.742400000000001
7.903099999999999 7.122700000000001
7.789599999999999 7.159400000000001
8.100800000000001 7.108299999999999
7.9307 7.0991
7.988100000000001 7.1793
7.4586 7.161699999999999
7.620400000000001 7.1998999999999995
7.699600000000001 7.132
8.127600000000001 7.084599999999999
8.1467 7.161
8.174999999999999 7.089999999999999
8.3724 7.164799999999999
8.945500000000001 7.1305
8.785300000000001 7.1534
8.618500000000001 7.145600000000001
8.2648 7.1457
8.719100000000001 7.1642
8.0131 7.2259
7.9772 7.2090000000000005
8.0467 7.2151000000000005
8.1963 7.281500000000002
7.851599999999999 7.1625
7.5844 7.1693999999999996
11.652499999999998 7.449999999999999
8.5045 7.3073
8.0764 7.2815
8.326699999999999 7.2448000000000015
8.1688 7.222
8.077399999999999 7.241599999999999
8.0063 7.242
8.064200000000001 7.2532
7.996499999999999 7.2166999999999994
8.1627 7.193999999999999
8.0566 7.184
7.875 7.225799999999999
7.752000000000001 7.199700000000001
8.1093 7.244200000000001
8.384 7.3296
8.3655 7.265500000000001
8.296199999999999 7.2219999999999995
8.461000000000002 7.1419000000000015
8.069600000000001 7.1129
8.2306 7.2486999999999995
7.945399999999999 7.158100000000001
8.8762 7.271499999999999
8.3175 7.2600999999999996
8.6693 7.243300000000001
8.849300000000001 7.1892
8.7219 7.2273000000000005
8.3243 7.1839
8.4198 7.192899999999999
8.2757 7.062500000000002
8.2123 7.0739
8.125300000000001 7.181500000000001
8.3534 7.2349
8.2787 7.239699999999999
8.4267 7.205099999999999
7.6889 7.242699999999999
7.779699999999999 7.1472
8.123 7.1182
8.550300000000002 7.242500000000001
8.2025 7.187
8.7868 7.316599999999999
8.2328 7.2456
10.468500000000002 7.2433
8.114600000000001 7.185400000000001
8.6345 7.2326
8.065 7.132
8.4587 7.0877
8.336 7.0748999999999995
8.2877 7.1105
8.1972 7.1601
8.584700000000002 7.162399999999999
8.448799999999999 7.1846
8.7569 7.2448000000000015
8.165600000000001 7.184499999999999
8.6113 7.1967
8.4168 7.1717
8.9535 7.135
8.4503 7.111300000000001
8.784500000000001 7.1777
8.39 7.224899999999999
9.1386 7.1953000000000005
8.683 7.216
9.3931 7.2432
8.5983 7.2845
8.6761 7.296000000000001
8.3977 7.175200000000001
8.7911 7.228999999999999
8.358 7.2258000000000004
8.590700000000002 7.2486999999999995
8.2771 7.253800000000001
9.3295 7.300699999999999
8.785200000000001 7.2258000000000004
9.298799999999998 7.2176
8.814 7.1350999999999996
8.8576 7.176800000000001
8.7607 7.1198
9.1167 7.095300000000002
9.1083 7.159399999999999
8.805 7.1313
9.0048 7.1428
9.107 7.184699999999999
8.648 7.1595
8.8508 7.1243
8.6242 7.1739000000000015
8.419699999999999 7.1297000000000015
8.7066 7.1526
8.987599999999999 7.2638
9.008000000000001 7.2608999999999995
9.4794 7.242699999999999
8.9834 7.2784
9.2669 7.307299999999999
8.910400000000001 7.3576000000000015
8.863800000000001 7.2395000000000005
8.8207 7.2946
9.1511 7.153400000000001
8.8743 7.192900000000001
9.4129 7.203699999999999
9.208799999999998 7.2174000000000005
9.051200000000001 7.2397
9.4513 7.158
9.376500000000002 7.106799999999999
9.3196 7.215100000000002
9.7093 7.235699999999999
9.025800000000002 7.2131
9.2729 7.1733
9.2212 7.1503
9.0882 7.196899999999999
8.6973 7.183700000000001
9.137299999999998 7.169499999999999
8.8221 7.1499999999999995
9.228800000000001 7.1938
9.010999999999997 7.2402999999999995
9.205 7.199999999999999
8.852800000000002 7.212000000000001
9.0988 7.2044999999999995
9.129800000000001 7.1625000000000005
9.063199999999998 7.183599999999999
8.744 7.2280999999999995
9.3598 7.141800000000001
8.77 7.2090000000000005
8.5915 7.137299999999999
8.984899999999998 7.1686
8.7694 7.1655
8.907699999999998 7.1541
8.9024 7.2298
8.744699999999998 7.2548
9.0519 7.2486999999999995
8.9818 7.2518
8.81 7.1967
8.4009 7.1936
9.8664 7.338700000000001
8.969000000000001 7.2647
9.0305 7.2562
8.648700000000002 7.2501999999999995
8.9312 7.2349
8.6976 7.2181
8.9244 7.223600000000001
8.9328 7.2585999999999995
8.711899999999998 7.0382
8.9042 7.1487
8.834800000000001 7.1396
8.512 7.2175
8.631899999999998 7.1571
8.8105 7.0862
8.742499999999998 7.1159
8.5266 7.194599999999999
9.083400000000001 7.1923
8.8585 7.1325
9.197300000000002 7.1
9.4676 7.135800000000001
9.5294 7.2235000000000005
9.5416 7.3088000000000015
10.084599999999998 7.2992
9.5955 7.2282
9.6413 7.1983999999999995
9.668699999999998 7.141800000000001
9.647499999999999 7.214400000000001
9.3733 7.203699999999999
9.593399999999999 7.1325
10.322399999999998 7.177
10.304499999999999 7.1771
9.836999999999998 7.161
9.543899999999999 7.130400000000001
9.4667 7.189900000000001
9.562199999999999 7.222
9.312099999999997 7.219600000000001
9.573 7.230299999999999
10.4511 7.2219999999999995
9.434199999999999 7.1676
9.594800000000001 7.1565
10.3055 7.1273
10.6617 7.1648000000000005
9.554499999999999 7.163199999999999
9.837800000000001 7.1799
9.3778 7.284600000000001
9.3022 7.248
9.277000000000001 7.2016
9.493 7.160900000000001
9.443499999999998 7.1854000000000005
9.0816 7.178499999999999
9.474499999999999 7.1655999999999995
9.001000000000001 7.1183
