8.1772 7.2555000000000005
7.6462 7.404300000000001
8.247400000000003 7.489
7.6097 7.4227
8.0309 7.321899999999998
7.9270000000000005 7.337199999999999
8.274000000000001 7.3355999999999995
7.4158 7.2753999999999985
7.933700000000001 7.2809
7.640899999999999 7.180199999999999
7.832299999999999 7.2297
7.331799999999999 7.2839
8.2718 7.263999999999999
7.7155000000000005 7.305200000000001
8.344899999999999 7.3128
7.853700000000001 7.341099999999999
8.5739 7.2585999999999995
8.0405 7.3381
8.258000000000001 7.423400000000001
8.081100000000001 7.2938
8.58 7.250200000000001
7.683400000000002 7.280100000000001
8.3 7.3022
7.7126 7.314499999999999
8.6113 7.347099999999999
7.735499999999999 7.3592
9.0333 7.3763
7.7888 7.327400000000001
8.4031 7.344100000000001
7.5721 7.2342
8.5778 7.3006
7.3464 7.1838
8.792900000000001 7.2844999999999995
10.3232 7.327299999999999
8.7019 7.2684999999999995
8.5007 7.432600000000001
8.773 7.403
7.795800000000002 7.274699999999999
8.4762 7.275400000000001
7.542999999999999 7.347100000000001
8.1436 7.3541
7.239499999999999 7.3679
8.3662 7.2677000000000005
7.2441 7.2363
8.2298 7.3431999999999995
7.313599999999999 7.253899999999999
8.4997 7.2242
7.617299999999999 7.304300000000001
8.5326 7.3074
7.517299999999999 7.298299999999999
8.57 7.223599999999999
7.6149000000000004 7.2151000000000005
8.3914 7.2921999999999985
7.577400000000003 7.277800000000001
8.3985 7.288600000000001
7.4463 7.2617
8.472299999999999 7.301400000000001
7.711900000000001 7.330300000000001
8.326 7.284599999999999
7.1327 7.3188
8.1971 7.3578
7.861299999999999 7.367
8.3153 7.2905999999999995
7.4835 7.3332999999999995
8.2573 7.279200000000001
7.617299999999999 7.2175
7.830799999999999 7.2342
7.251 7.3281
9.447 7.3036
7.2931 7.2989999999999995
7.852200000000001 7.310399999999999
7.3326 7.336599999999999
8.124399999999998 7.3227
7.842900000000001 7.281600000000001
7.9028 7.270000000000001
7.4044 7.334199999999999
7.7324 7.2402
7.172200000000001 7.2587
7.952899999999999 7.198299999999999
7.518000000000001 7.3006
8.1 7.392800000000001
7.2799000000000005 7.3434
8.2192 7.3503
7.176100000000002 7.1686
7.9506000000000006 7.334899999999998
7.639299999999999 7.273599999999999
8.3541 7.3714
7.523300000000001 7.260200000000001
8.0238 7.335
7.226700000000001 7.3395
8.2839 7.2839
7.6296 7.3395
8.0353 7.3646
7.506700000000001 7.3128
8.1802 7.397299999999999
7.3922 7.362400000000001
10.528200000000002 7.3379
7.956600000000001 7.255599999999999
8.6433 7.2928
8.2925 7.198299999999999
9.0459 7.305800000000001
8.1581 7.2929
9.4423 7.3324
7.966699999999999 7.2874
8.718799999999998 7.316599999999998
7.6821 7.3356
8.377899999999999 7.3517
7.8454 7.358499999999999
8.6953 7.349500000000001
7.9016 7.398299999999999
8.767 7.3449
7.9109 7.3287
9.257499999999999 7.385999999999999
7.9575000000000005 7.3774999999999995
8.891200000000001 7.440099999999999
8.1597 7.3783
8.8958 7.4155999999999995
9.6547 7.421799999999999
8.756 7.372300000000001
7.778199999999999 7.3701
8.725 7.4296
8.116200000000001 7.3645000000000005
9.186699999999998 7.318
8.077399999999999 7.3753
8.5853 7.372899999999999
7.714199999999999 7.3593
8.5793 7.288399999999999
7.924599999999998 7.2669999999999995
8.718799999999998 7.2669999999999995
7.812500000000002 7.4333
8.197700000000001 7.3515999999999995
7.9017 7.361
8.696000000000002 7.4584
8.004999999999999 7.319599999999999
8.676200000000001 7.2744
8.3855 7.338799999999999
9.2986 7.3852
9.7244 7.488299999999999
8.6545 7.3936
8.237300000000001 7.3599999999999985
8.334399999999999 7.358600000000001
7.570600000000001 7.3264
8.014700000000001 7.293100000000001
7.660800000000001 7.298400000000001
8.3512 7.3059
8.112300000000001 7.367799999999999
8.895800000000001 7.414299999999999
7.817900000000002 7.376199999999999
7.441700000000001 7.238800000000001
7.1434 7.1472999999999995
7.1588 7.2875000000000005
6.983999999999998 7.252600000000001
6.9176 7.2349
6.858899999999999 7.269300000000001
7.103800000000001 7.270900000000001
6.800799999999999 7.2280999999999995
7.2852999999999986 7.336300000000001
7.3738 7.1953000000000005
7.378399999999999 7.264599999999999
7.0937 7.196100000000001
7.228700000000002 7.2967
6.964200000000001 7.253399999999999
7.040400000000001 7.286099999999999
7.022900000000002 7.1648000000000005
7.402100000000001 7.2282
7.1815999999999995 7.221200000000001
7.0564 7.274499999999999
6.734500000000001 7.2319
7.2097 7.2379999999999995
7.096200000000001 7.2053
7.348600000000001 7.285899999999999
7.0022 7.3159
7.054799999999998 7.153999999999999
7.0252 7.334800000000001
7.2600999999999996 7.242500000000001
7.119000000000001 7.1922
7.3876 7.380000000000001
7.041899999999999 7.338
6.986199999999999 7.258700000000001
7.011600000000001 7.254099999999999
7.179100000000001 7.297500000000001
7.002999999999999 7.365399999999999
7.236399999999998 7.2563
7.0176 7.187700000000001
7.366999999999998 7.2686
6.9229 7.231999999999999
7.173100000000001 7.1991
7.159999999999998 7.184699999999999
7.309 7.208200000000001
7.1816 7.196200000000001
7.3736999999999995 7.237999999999999
7.1213999999999995 7.3142
7.1954 7.247199999999999
7.1572 7.2342
7.3523000000000005 7.2707999999999995
7.1153 7.4265
7.1562 7.326499999999999
7.2587 7.383799999999999
7.3418 7.2946
7.324900000000001 7.309800000000001
7.371600000000001 7.2602
7.2326000000000015 7.209899999999999
7.405799999999998 7.276999999999998
7.250100000000001 7.238800000000001
7.5004 7.199800000000001
7.4142 7.2295
7.6118999999999994 7.3898
6.956399999999999 7.2572
6.8458000000000006 7.1762
7.0367 7.3225999999999996
7.1258 7.279200000000001
6.830699999999999 7.164699999999999
7.3509 7.2547
6.827500000000001 7.3111999999999995
7.080199999999999 7.2602
6.6597 7.2136000000000005
7.011500000000001 7.215200000000001
6.9993 7.172300000000001
7.172499999999999 7.167700000000001
6.847300000000001 7.2259
6.8802 7.218899999999999
6.7773 7.2486999999999995
6.923500000000001 7.2213
6.756699999999999 7.233400000000001
7.0005999999999995 7.1975
6.919899999999999 7.159399999999999
7.234999999999999 7.3073
6.7704 7.2074
6.9329 7.1603
6.6444 7.1717
6.5131000000000006 7.177800000000001
6.597900000000001 7.1604
6.9335 7.1671
6.688699999999999 7.1939
6.832199999999999 7.1511000000000005
6.5872 7.1975
6.8122 7.226599999999999
6.703099999999999 7.194500000000001
6.7299 7.260800000000001
6.7298 7.2326
6.6061 7.1381
6.567300000000001 7.2297
6.7056000000000004 7.3972999999999995
6.457699999999999 7.2509999999999994
6.757199999999999 7.2312
6.516300000000001 7.2989999999999995
6.743600000000001 7.2297
6.3704 7.1434999999999995
6.7825 7.2189000000000005
6.2736 7.293599999999999
7.0097000000000005 7.2937
6.2631 7.183199999999999
6.879500000000001 7.2082
6.282 7.1763
6.498600000000001 7.1640999999999995
6.4041 7.212899999999999
6.432300000000001 7.132000000000001
6.224900000000001 7.184500000000001
6.530699999999999 7.2456
6.2356 7.2121
6.6201 7.138000000000002
6.627800000000001 7.2532
7.0809 7.289200000000001
6.8374999999999995 7.364699999999999
7.6226 7.313600000000001
7.6232999999999995 7.3652999999999995
7.726300000000001 7.333400000000001
7.701699999999999 7.2839
7.529999999999999 7.234
7.6028 7.294500000000001
7.538 7.292200000000001
7.6758999999999995 7.362400000000001
7.878699999999999 7.3603000000000005
7.5402 7.2776000000000005
7.5127 7.356999999999999
7.6446 7.2295
7.588199999999999 7.279299999999999
6.765899999999999 6.617000000000001
7.6417 7.2395000000000005
7.504400000000001 7.329500000000001
7.492099999999999 7.28
7.6577 7.3088
10.056199999999999 7.3294999999999995
10.6403 7.445600000000001
13.937999999999997 7.6041
8.9616 7.369200000000001
8.9601 7.3906
11.9279 7.453800000000001
