8.3795 7.2716
7.852800000000001 7.274799999999999
8.5099 7.1998999999999995
7.5478000000000005 7.280700000000001
8.514400000000002 7.251
8.046 7.3356
8.4883 7.341000000000002
7.6278 7.1792
8.0566 7.2715000000000005
7.6783 7.191400000000001
8.1292 7.2684
7.660700000000001 7.289999999999999
8.250399999999999 7.295100000000001
7.9758 7.1923
8.4746 7.2600999999999996
8.0628 7.221200000000001
9.0999 7.297499999999999
8.0177 7.309
8.393899999999999 7.211400000000001
8.178099999999999 7.3364
8.728 7.2899
7.663 7.2862
8.573099999999998 7.3059
7.8293 7.221300000000001
8.4564 7.1984
7.7818999999999985 7.0983
9.213899999999999 7.226700000000001
7.790400000000002 7.220399999999999
8.4641 7.302900000000001
7.602 7.2029
8.7724 7.2931
7.432600000000001 7.2328
8.757100000000001 7.315199999999999
10.520700000000001 7.4043
8.853 7.3037
8.6815 7.2967
8.8944 7.3134999999999994
7.6599 7.268
8.7317 7.309
7.5623 7.260800000000001
8.2533 7.2669
7.366200000000001 7.246399999999999
8.4435 7.3418
7.106800000000001 7.2379
8.371899999999998 7.2533
7.5676 7.2067
8.712 7.367699999999999
7.916200000000001 7.3616
8.7532 7.325000000000001
7.4995 7.2481
8.695200000000002 7.364699999999999
7.675999999999999 7.3066
8.362599999999997 7.306699999999999
7.621900000000001 7.2663
8.2993 7.142600000000001
7.542599999999999 7.2259
8.252 7.301300000000001
7.362399999999999 7.3105
8.403 7.215699999999998
7.3332999999999995 7.2508
8.292300000000001 7.2295
7.7294 7.2441
8.164399999999999 7.286100000000001
7.5988 7.2115
8.155800000000001 7.2426
7.4662999999999995 7.2128
7.563599999999999 7.2494000000000005
7.250200000000001 7.1852
9.513799999999998 7.315099999999999
7.2379999999999995 7.1479
7.865899999999999 7.1556
7.270800000000001 7.196799999999999
8.053600000000001 7.1899999999999995
7.818599999999999 7.301399999999999
8.2304 7.3242
7.640100000000001 7.2692
7.6758999999999995 7.3370999999999995
7.2563 7.2923
7.669099999999999 7.3416
7.593 7.163399999999999
8.097800000000001 7.19
7.162400000000001 7.2806999999999995
8.278599999999999 7.2952
7.456300000000001 7.2883000000000004
8.0315 7.178499999999999
7.894100000000001 7.3463
8.4602 7.230299999999999
7.930699999999999 7.1602
8.3929 7.3236
7.4226 7.261000000000001
8.2582 7.3114
7.9377 7.2433
8.157399999999999 7.359999999999999
7.682900000000001 7.3494
8.280800000000003 7.3966
7.3355999999999995 7.359299999999999
10.7014 7.353999999999999
8.115400000000001 7.331799999999999
8.6609 7.300499999999999
8.3221 7.306700000000001
9.0828 7.372299999999998
8.065900000000001 7.288500000000001
9.299399999999999 7.257099999999999
7.929299999999999 7.1715
9.184299999999999 7.215899999999999
7.7536000000000005 7.2394
8.7731 7.220400000000001
8.322799999999999 7.2875999999999985
8.9135 7.362500000000001
8.0513 7.236399999999998
9.047 7.305199999999999
8.1434 7.296900000000001
9.505899999999999 7.340300000000001
7.9629 7.3538
8.9492 7.3066
8.2222 7.2624
9.187999999999999 7.293799999999999
9.5567 7.2908
8.9297 7.2633
8.169500000000001 7.2486
8.9903 7.181500000000001
8.4687 7.2702
9.5001 7.289700000000001
8.5394 7.2092
9.1624 7.2648
8.0955 7.2838
8.7181 7.2387999999999995
8.089300000000001 7.289200000000001
8.8317 7.2158
8.0 7.2166
8.6562 7.221900000000001
8.0894 7.257800000000001
8.7808 7.261500000000002
8.098700000000001 7.192899999999999
8.943200000000001 7.2648
8.4289 7.1815999999999995
9.176 7.2296999999999985
10.215700000000002 7.2465
8.8807 7.198399999999998
8.5129 7.283
8.7479 7.2929
7.872700000000001 7.2938
8.3267 7.378499999999999
8.030000000000001 7.409000000000001
8.818 7.268500000000001
8.206199999999999 7.3297
8.940700000000001 7.254
8.061 7.2348
7.656900000000001 7.231799999999998
7.233400000000001 7.198200000000001
7.3975 7.2479000000000005
6.8366999999999996 7.1769
6.931399999999998 7.148899999999999
6.944299999999999 7.2029
7.101400000000001 7.1975
6.9275 7.2449
7.078699999999999 7.272400000000001
6.798500000000001 7.254
7.3922 7.196899999999999
7.141099999999999 7.196
7.431 7.1662
7.099199999999999 7.1922
7.0824 7.181499999999999
7.1815999999999995 7.188400000000001
7.272900000000002 7.2235
7.266100000000001 7.1823
7.2631 7.230300000000001
6.7657 7.2067000000000005
7.308199999999999 7.1434
6.929200000000001 7.2351
7.5074000000000005 7.2829999999999995
7.333400000000001 7.2579
7.2304 7.296100000000001
7.216799999999999 7.256299999999999
7.4257 7.255599999999999
7.1074 7.228800000000001
7.5556 7.205
7.0144 7.1634
7.2327 7.271499999999999
7.0892 7.2806999999999995
7.430199999999999 7.2914
7.0617 7.2806999999999995
7.4478 7.2808
7.1969 7.2395000000000005
7.262300000000001 7.286100000000001
7.0051000000000005 7.241800000000001
7.273899999999999 7.2602
7.142699999999999 7.2663
7.4403 7.257
7.319599999999999 7.2632
7.471599999999999 7.2609
6.9586 7.299900000000001
7.3189 7.213500000000001
7.3365 7.223400000000001
7.336400000000001 7.3533
7.1068999999999996 7.222100000000001
7.4119 7.1975999999999996
7.305300000000001 7.1768
7.2198 7.230200000000001
7.3617 7.1754000000000016
7.3241 7.1183
7.372200000000001 7.1876
7.457700000000001 7.074599999999999
7.1906 7.1107000000000005
7.598299999999999 7.245
7.515699999999999 7.2044000000000015
7.6684 7.1831000000000005
7.1442000000000005 7.215199999999999
7.0886000000000005 7.156199999999998
7.1954 7.165499999999998
7.1524 7.1556
6.932 7.231
7.3473 7.135
6.738999999999999 7.1960999999999995
7.1762 7.1144
6.923699999999999 7.128799999999999
7.432399999999999 7.1197
7.0471 7.123499999999999
7.313599999999999 7.256199999999999
6.888 7.208400000000001
7.1381 7.3012999999999995
6.8481 7.309699999999999
7.002299999999999 7.206700000000002
6.8237000000000005 7.1258
7.180099999999999 7.196
6.9313 7.1816
7.1703 7.1229000000000005
6.9672 7.1617
6.8817 7.1457
6.735899999999999 7.160900000000001
6.8208 7.2303999999999995
6.697900000000001 7.1174
7.228 7.219
6.747399999999999 7.1708
6.8671999999999995 7.2044999999999995
6.8687 7.1182
7.0053 7.0953
6.7613 7.1329
7.160400000000002 7.0854
6.9384 7.177
6.9311 7.1364
6.755 7.192300000000001
6.8001 7.1342
6.784800000000001 7.1305
6.9495000000000005 7.1045
6.8513 7.057099999999999
6.6384 7.135800000000001
6.576600000000001 7.1906
6.9192 7.2082
6.676599999999999 7.1913
7.226600000000001 7.1655
6.418700000000001 7.2075
6.8427 7.1793
6.4963999999999995 7.160900000000001
6.7733 7.241900000000001
6.6124 7.176100000000001
6.4691 7.162599999999999
6.4940999999999995 7.1465
6.5086 7.128900000000001
6.594899999999999 7.070800000000001
6.844199999999999 7.0968
6.814700000000001 7.0982
7.1762 7.0533
7.134399999999999 7.0877
7.9787 7.1595
8.0627 7.1799
7.939199999999999 7.277499999999999
8.0299 7.3189
7.740899999999999 7.2410000000000005
7.4998000000000005 7.277799999999999
7.660700000000001 7.2196
7.4806 7.2426
7.829999999999999 7.2922
7.483799999999999 7.292100000000001
7.7179 7.222
7.5073 7.286100000000001
7.7399 7.2579
7.4653 7.194600000000001
7.581299999999999 7.2395999999999985
7.897899999999999 7.0756
7.287600000000001 7.150300000000001
7.618000000000001 7.023399999999999
9.8771 7.2029
9.5651 7.1608
12.418300000000002 7.4019
8.7249 7.2426
8.754100000000001 7.307499999999998
11.963000000000001 7.328100000000001
