20.454 11.021
20.343 10.978
20.158000000000005 10.969
20.008 11.072
20.2 10.974999999999998
20.019 10.927000000000001
19.776 11.008999999999999
19.823999999999998 10.908999999999999
19.531000000000002 10.91
19.265 10.938
19.073 11.015
19.805 10.9
19.708 10.888
19.563 10.885
19.444999999999997 10.885
19.363 11.0
19.091 10.893
18.955 10.884
19.182000000000006 10.915
19.361 11.008000000000001
19.159 10.905999999999999
18.899 10.928999999999998
18.992000000000004 11.009000000000002
18.746 10.888
19.21 10.914
19.309 11.04
19.116 10.935
19.017999999999997 10.938999999999998
18.903 11.036999999999999
18.393 10.937
18.618000000000002 10.918
18.795 10.914
18.762999999999998 10.914
19.278000000000002 10.943
19.293000000000006 11.02
19.083000000000002 10.924
19.067 10.911
18.95 10.913999999999998
19.235 11.021
18.902 10.930000000000001
18.796999999999997 10.908
18.793000000000003 10.908
19.241 10.924
19.411 11.01
18.947 10.955
18.962 10.918
18.748 10.907000000000002
18.854000000000003 10.929000000000002
19.51 11.015
19.570999999999998 10.917000000000002
19.621 10.893
19.764 10.982
19.259 10.924
19.165 10.880999999999998
19.549999999999997 10.982
19.108 10.932
19.040000000000003 10.935
19.233 10.938999999999998
19.740999999999996 11.042
19.461 10.957
19.302999999999997 10.933000000000002
19.161 10.945
19.15 11.026
18.985 10.899000000000001
18.936999999999998 10.881
19.028000000000002 10.878
19.110000000000003 10.892
18.966 10.98
19.223000000000003 10.893
18.863000000000003 10.873000000000001
19.099999999999998 10.985
18.743 10.923
18.598 10.895999999999999
19.11 10.897
19.482 10.904
19.333 10.998999999999999
19.013 10.938
18.909000000000002 10.895
18.823 10.909
18.85 10.995
18.980000000000004 10.916
18.847 10.897
19.155999999999995 10.989
18.586 10.934
18.657 10.898
18.808000000000003 10.889
18.874999999999996 10.975999999999999
18.345 10.889
18.287 10.865
18.788 10.878
18.712 10.966
18.671000000000003 10.888
18.762 10.886
19.489 10.995999999999999
19.051000000000002 10.898
18.837000000000003 10.878
18.718 10.958000000000002
18.864 10.944
18.561 10.883
18.723 10.879
19.217000000000002 10.95
18.810999999999996 10.935000000000002
18.825000000000003 10.876999999999999
19.028 10.887
18.819000000000003 10.969
18.46 10.892
18.238000000000003 10.863
18.599 10.959
18.662 10.91
18.34 10.872000000000002
18.671000000000003 10.948
18.538999999999998 10.944999999999999
18.142 10.876000000000001
18.369 10.873000000000001
18.908 10.958
18.853 10.925
18.552000000000003 10.87
18.592 10.872
18.634 10.873
18.585 10.961
18.43 10.915999999999999
18.606 10.877
19.313000000000002 10.943
19.179999999999996 10.952
18.979000000000003 10.893
19.179999999999996 10.968
19.278000000000002 10.958
19.304000000000002 10.944
19.157 10.966000000000001
19.778 11.045
19.66 10.982000000000001
16.879 9.494
19.724 11.02
19.895 11.007
19.444999999999997 10.922
19.591 10.994
19.495999999999995 10.986
19.721 11.148
20.279 11.261999999999999
20.322000000000003 11.014
19.784 10.935
19.323999999999998 10.985
18.991 10.968
19.083 10.895000000000001
19.316999999999997 10.947
18.997000000000003 10.972000000000001
19.225 10.9
19.28 10.902000000000001
19.101000000000003 10.979
19.44 10.931000000000001
19.337 10.884
19.895000000000003 10.89
19.511 10.884999999999998
19.354000000000003 10.950999999999999
18.887 10.954999999999998
18.673000000000002 10.879
19.131999999999998 10.92
20.876 11.334
21.362 11.509
21.432 11.373
21.355999999999998 11.390999999999998
20.499000000000002 11.445
20.701 11.355
21.148 11.408999999999999
21.251 11.433
20.731 11.373
20.618 11.393
20.822999999999997 11.419999999999998
21.005 11.341999999999999
21.192 11.334
21.293999999999997 11.411
21.091 11.375
21.046 11.365
21.038999999999998 11.408
20.829 11.327000000000002
21.044 11.322000000000001
21.349999999999998 11.422999999999998
20.899 11.393999999999998
21.042 11.331999999999999
22.339 11.296999999999999
21.529 11.167
19.822 10.959000000000001
20.244 11.009000000000002
19.697 11.037999999999998
19.558999999999997 10.991999999999999
19.322 11.031999999999998
19.178 10.944999999999999
19.436999999999998 10.981
19.612 11.019999999999998
19.614000000000004 10.929
19.864 10.998000000000001
19.808 11.015
19.418 10.942
19.392 10.984
19.101999999999997 11.027999999999999
19.343 10.941999999999998
19.759999999999998 10.982
19.139000000000003 11.029
19.125 10.943
19.394 11.008999999999999
18.97 11.004000000000001
19.47 10.936
19.650000000000002 11.007000000000001
19.461000000000002 11.013
20.017 10.989
20.319 11.231
21.208999999999996 11.294
20.206 11.318
20.671999999999997 11.325
21.093000000000004 11.218
21.073000000000004 11.130999999999998
20.569000000000003 11.096
19.885 10.991999999999999
20.044 11.039
19.643 11.054
19.697 10.979
19.88 11.036
19.46 11.04
19.613000000000003 10.981
19.604 11.052
19.796 10.999
19.734999999999996 11.033
19.646999999999995 11.065999999999999
19.810999999999996 10.987
19.705000000000002 11.020999999999999
19.576999999999998 11.045000000000002
19.547 10.959
19.767 11.008999999999999
19.715 11.049000000000001
19.756999999999998 11.008000000000001
19.946 11.076
19.989 10.988
20.195999999999998 10.979999999999999
20.395 11.048
19.691 11.107
20.335000000000004 11.064
20.612 11.151
20.215 11.057
20.136 11.016
20.358 11.060999999999998
20.224 11.1
19.983999999999998 11.008
20.154 11.052999999999999
20.389000000000003 11.113
20.216 11.008999999999999
20.55 11.049000000000001
20.403000000000002 11.101999999999999
19.858999999999998 11.015
20.090000000000003 11.031
20.157000000000004 11.121999999999998
20.365 11.023
20.657999999999998 11.028
20.449 11.113000000000001
20.401999999999997 11.013
20.226 11.017
20.311 11.109
20.220999999999997 11.013
20.295 11.040000000000001
20.077 11.112
20.069 11.01
20.373 11.039
20.154 11.122000000000002
20.136000000000003 11.011
20.221 11.017999999999999
20.0 11.079
20.371 10.979
20.429 11.119
20.306 11.028999999999998
20.242 11.009
20.099999999999998 11.114
20.026 11.013
20.200000000000003 10.996
20.430999999999997 11.030000000000001
20.132 11.097999999999999
20.009 10.998000000000001
20.139 10.990999999999998
20.433 11.096
20.061999999999998 11.019
20.068 11.021
20.188 11.12
19.903000000000002 11.005999999999998
20.112000000000002 11.004
20.465 11.111
19.993999999999996 11.011
20.181000000000004 10.996000000000002
20.589 11.112
20.272 11.001
20.188 10.977999999999998
