62.54010999999996 42.11296000000005
60.196570000000015 41.42693999999999
61.16562999999998 42.368559999999995
60.955620000000025 42.206770000000006
62.27092000000002 42.14696
62.61471000000002 42.44724000000003
60.00129999999994 41.14884999999995
64.63335999999998 41.383760000000024
69.99909000000004 42.509809999999995
64.36961999999995 40.99899000000001
65.63846 41.31656000000001
65.55944999999996 41.65264999999999
63.051959999999994 41.98627999999997
61.637989999999974 42.108699999999956
59.858900000000034 40.734919999999995
60.05158000000003 40.48009999999998
60.86664000000002 41.11301999999997
60.61304000000002 40.55938000000002
60.2819 40.932629999999996
60.51553000000003 40.42540999999998
60.35243999999994 40.209430000000026
60.86609999999999 40.32603000000003
60.21044 40.71312
59.73500000000003 41.191210000000005
59.04395999999994 41.542410000000004
61.25877999999999 40.49738000000003
62.41308 40.69907000000001
62.458809999999964 40.33753
64.31657999999997 42.17515999999999
63.887490000000035 42.347409999999996
61.987189999999956 41.89984000000003
62.151560000000075 41.99451000000003
61.90307999999997 42.40817
60.30752000000004 42.33352000000002
58.47587999999995 42.15916
57.60189999999997 41.87294000000006
56.35581000000002 41.66001000000003
59.771420000000006 41.21595000000001
58.49441000000001 40.46474000000002
57.844339999999995 40.52567999999997
56.48304000000001 40.68771
54.68170999999998 40.778570000000016
53.535000000000025 40.11639999999998
54.149159999999995 39.64845
53.69511000000002 39.792889999999986
52.08640000000002 39.402269999999994
52.76600000000001 39.3995
50.29887000000001 39.27141
52.833372999999995 39.39011700000002
50.82093000000002 38.966489999999986
47.51349 38.22956999999998
46.568989999999985 38.10992999999998
46.41544 38.27457999999999
46.497959999999985 38.08154
46.2693 38.15700999999999
46.4107 37.809319999999985
48.75327999999997 38.047149999999995
49.30840000000001 38.25507
50.39169000000001 38.53083999999999
47.88479000000002 38.294239999999974
48.61173999999996 38.601089999999985
47.731080000000006 38.05488999999999
46.79104999999997 37.19268999999998
47.911009999999976 36.67033999999998
52.642600000000016 37.91909
53.82001999999998 38.90711999999997
56.9269 39.347218999999996
46.72050000000003 38.051399999999994
47.26801999999999 37.763600000000025
48.163839999999986 37.46950999999999
45.712909999999965 37.40403999999998
43.693920000000006 36.549790000000016
43.23701 36.803929999999994
42.34007999999999 36.60482
40.93815999999997 36.36679000000001
41.26916 36.300919999999984
41.38351000000002 36.39174000000001
42.090249999999976 36.221769999999985
45.057379999999995 36.383150000000015
42.89002000000001 36.199599999999975
44.332399999999986 36.15001999999999
44.27844 36.11640000000001
42.101060000000004 36.36289999999998
42.476359999999985 36.455699999999986
40.869449999999986 35.97280000000003
41.00181000000001 35.42635000000002
41.34700000000001 35.29799000000002
41.22528000000002 35.72039000000001
41.1633 36.094600000000035
41.264099999999964 35.98510000000004
44.34302999999999 35.68690000000003
57.971500000000034 36.611999999999995
47.721900000000005 36.129100000000015
43.37400000000003 35.674100000000024
43.17829999999999 35.909900000000036
42.31790000000002 36.3068
40.7716 35.67800000000002
43.23040000000001 34.82099999999998
44.29584999999998 35.41190000000001
45.849569999999986 35.74020000000001
43.90194999999997 35.547240000000016
48.13745000000001 36.5474
47.70299999999998 36.79880000000001
46.34789999999997 36.498000000000005
46.77839999999996 36.635899999999985
44.0212 36.22920000000002
43.18270000000002 35.9585
42.7465 35.952800000000025
42.7246 35.93520000000001
44.11979999999999 36.14919999999998
42.30850000000001 35.54110000000005
42.133999999999986 35.46380000000001
41.33439999999999 34.88900000000002
41.58570000000002 35.07620000000001
46.0345 35.854200000000006
46.5826 36.091400000000014
46.87494 36.54099999999999
44.69230000000001 36.09720000000003
43.524799999999985 35.84249999999998
44.26360000000001 35.73319999999999
46.752999999999986 36.02050000000002
46.7215 35.86230000000003
45.61700999999999 35.7846
43.21513999999999 35.57350000000002
44.80385999999998 35.30260000000001
44.352659999999986 35.1497
46.60824000000002 35.322
50.87752000000002 35.984800000000014
46.67008000000001 35.526300000000006
45.91193000000001 35.13589999999999
43.704900000000016 35.4913
44.70609000000001 35.627599999999994
45.069599999999966 35.82019999999999
44.25716999999999 35.5233
45.9527 35.849100000000035
45.8601 36.24440000000001
46.00369999999999 36.269300000000015
46.64900000000002 36.63869999999999
44.551899999999996 36.35079999999997
45.021199999999986 36.36780000000001
45.69259999999997 36.71119999999999
45.96990000000001 36.5914
45.824500000000015 36.5153
44.67552 36.33650000000001
43.881849999999964 36.087199999999996
50.31939999999997 36.6569
46.98139999999999 36.232996000000036
42.94392000000001 35.629920000000034
42.23433999999997 34.5585
43.300790000000006 34.94111999999999
43.66996000000003 35.47170000000002
44.65149999999996 35.59224000000004
45.67230999999999 36.180859999999996
45.660339999999955 36.38622999999998
45.54148 36.677379999999985
55.906080000000024 37.92585599999999
45.49554999999999 36.58991000000002
46.229200000000006 36.528879999999994
47.379500000000014 36.84069999999999
46.18483 36.43905
46.22259999999999 36.74490000000002
47.20810000000002 36.540500000000016
50.16272999999997 36.88653000000003
45.05640000000002 36.14609999999999
43.258199999999995 36.05269999999999
42.96519999999997 36.19869999999999
44.93972999999997 36.3834
48.26629 36.72579999999998
47.69010000000001 36.48249999999999
52.362829999999995 36.39908
47.95659000000003 36.91989999999997
48.17020999999999 37.46492
48.726630000000014 37.62329999999999
51.48901 37.48442999999998
51.27781999999996 37.67127
50.495290000000004 37.64247999999999
52.13908999999997 38.20321999999998
51.89338 38.32212000000002
52.007669999999976 38.63237000000004
53.0631 38.73860000000001
53.232499999999995 38.795099999999984
54.77519999999998 38.43060000000002
56.47472 38.85700000000002
56.74579999999997 39.60400000000001
55.81069999999998 39.852999999999994
58.17020000000001 39.81940000000001
58.33809999999998 39.95779999999999
60.50450000000001 40.63959999999998
60.913500000000006 41.23239999999997
59.879099999999966 40.72319999999996
61.67110000000001 41.774200000000015
62.8652 42.081999999999994
60.05879999999998 41.751799999999974
61.44749999999999 40.61559999999996
63.754299999999986 41.092899999999986
64.56780000000002 41.0221
63.413200000000025 40.87289999999998
62.78899999999996 40.88919999999999
63.85690000000002 41.626299999999986
63.40619999999997 41.84859999999998
67.50304 41.57769999999999
65.90150000000004 42.198500000000024
64.59049999999998 42.24370000000004
65.03272000000001 42.360200000000006
64.13029999999995 42.627300000000005
64.39407000000006 42.14049999999999
65.72039999999998 42.7396
68.38320000000003 43.14680000000005
73.00999999999996 43.68932700000002
71.69189999999996 44.13590000000004
70.52459999999996 43.66710000000005
71.20220000000003 43.85979999999998
69.64119999999997 43.6542
68.24269999999994 43.253800000000034
68.47062000000004 43.97590000000006
68.76050000000001 43.990500000000026
69.38929999999998 44.15969999999998
70.25500000000005 43.90059999999999
68.50690000000004 43.548300000000026
68.26580000000001 43.2013
67.37235 42.66046000000002
65.84649000000002 42.63932000000003
65.51689000000003 43.20481999999999
64.21110000000002 42.86962000000003
65.83085999999997 43.40507000000001
65.86950999999999 43.56759000000001
67.15944 43.514269999999975
68.74163999999998 43.29485999999999
67.35751999999998 42.85989000000002
68.79079 42.625339999999966
67.58837999999999 42.35268999999999
67.82483999999998 42.979140000000015
67.94337000000002 43.35734
65.31049 43.03478999999998
68.40830000000001 42.21647000000002
68.83078999999998 42.359449999999995
68.23799999999999 42.58119
66.23796000000004 41.794940000000004
66.59206 42.006975000000004
73.93062 43.50536000000002
66.64926 42.69812999999998
67.28057999999996 42.29707000000004
66.96059000000002 42.66469000000001
66.11966000000002 43.04332999999999
64.12472 41.79014000000003
67.80819999999996 43.13011
66.32418999999999 43.39936999999996
65.44991000000002 43.31944999999999
66.27377000000004 43.78974999999995
66.94055000000002 44.29117999999996
69.75249 44.601020000000005
67.25707999999997 44.01828999999999
66.53680000000004 43.01050000000001
67.12730999999998 43.42826
68.06768999999997 43.42698000000003
69.84944999999996 42.92494000000004
70.03336000000004 43.145250000000004
68.56654 43.00977
71.39281999999994 42.55956999999998
69.95855999999996 42.48377000000001
68.23572999999998 43.19862
66.30216999999999 43.063419999999994
65.50361999999998 42.79648
65.33465000000001 43.27865999999999
65.80384000000005 43.37761999999997
63.78167000000001 42.97502000000003
62.39086999999998 42.06739
63.123689999999975 42.40834999999999
64.14386000000002 42.97919000000001
63.27043999999995 43.281609999999986
61.82998000000003 43.03356000000004
62.09016 43.11509000000001
62.20471999999998 43.63460000000002
63.51627999999996 43.877379999999974
72.45194999999998 43.46925
68.50515999999996 42.8178
63.33722 42.15864000000002
59.93438000000004 41.27467000000002
59.841280000000005 40.81813000000001
59.300459999999966 40.66284999999997
59.76978999999998 41.21223000000002
60.01429000000004 41.38048
61.023559999999996 41.634710000000034
60.80414999999998 40.76364999999998
59.913509999999995 40.84310999999998
57.58784999999998 39.94124999999999
58.38817000000003 40.53090999999999
59.19971999999998 40.97399999999999
