8.9945 7.5204
9.1976 7.4754000000000005
8.9965 7.5021
8.564 7.6011999999999995
8.6778 7.510399999999999
8.806399999999998 7.613200000000001
9.1525 7.614799999999999
8.606700000000002 7.698800000000001
8.709800000000001 7.6419
8.0506 7.553800000000001
8.614299999999998 7.497200000000001
7.963400000000001 7.530200000000001
8.376999999999999 7.643
8.3335 7.5024999999999995
8.987400000000001 7.540899999999999
8.064900000000002 7.548600000000001
8.4335 7.569899999999999
8.768099999999999 7.604899999999999
8.8036 7.6729
8.6967 7.645499999999999
8.780400000000002 7.5936
8.1017 7.586700000000002
8.826999999999998 7.542399999999999
7.857499999999999 7.4471
8.8519 7.5638
7.751599999999999 7.5407
8.6483 7.5309
8.218300000000001 7.381499999999999
8.418899999999999 7.392900000000001
8.3343 7.463800000000001
8.411299999999999 7.510400000000001
8.2871 7.612000000000001
8.6855 7.602
7.898799999999999 7.5348000000000015
8.663400000000001 7.438000000000001
7.950699999999999 7.408100000000001
8.5601 7.513300000000001
7.855200000000001 7.5493999999999994
8.833200000000001 7.653100000000002
7.847600000000001 7.5431
8.6319 7.535500000000001
8.0207 7.710299999999999
8.073400000000001 7.605
8.138200000000001 7.623300000000001
8.276900000000001 7.5073
8.029899999999998 7.538600000000001
8.300900000000002 7.5959
7.9207 7.6385
8.8684 7.5432
7.849200000000001 7.5676000000000005
8.7121 7.5608
8.206199999999999 7.4653
8.7388 7.5440000000000005
8.0339 7.5691
8.5625 7.4836
8.117500000000001 7.4974
8.6188 7.643
7.9201999999999995 7.610200000000001
8.252600000000001 7.5942
8.110800000000001 7.666
8.858899999999998 7.591200000000001
8.5167 7.489699999999999
8.7341 7.426399999999999
8.340599999999998 7.527999999999999
8.4549 7.4929
7.8217 7.613499999999998
8.4671 7.6432
7.7179 7.4516
8.2725 7.458500000000001
7.678900000000002 7.5234000000000005
8.029300000000001 7.706499999999999
7.621 7.4638
8.516 7.5661000000000005
7.5600999999999985 7.5354
8.386999999999999 7.5577000000000005
7.414399999999999 7.552499999999999
8.0705 7.592800000000001
7.610600000000001 7.588199999999999
7.8971 7.5814
7.6501 7.576099999999999
7.519600000000001 7.478400000000001
7.441000000000001 7.5036000000000005
7.856600000000001 7.570499999999999
7.088499999999999 7.5356
7.8652000000000015 7.544500000000001
7.379099999999999 7.5714999999999995
8.155800000000001 7.6194999999999995
7.726900000000001 7.5539000000000005
7.573599999999998 7.5173000000000005
7.6583999999999985 7.510400000000001
8.3286 7.5204
8.146700000000001 7.549199999999999
8.3542 7.521
7.869599999999998 7.5739
8.1642 7.5395
7.329599999999998 7.465399999999998
8.1275 7.456899999999999
7.4906000000000015 7.5569999999999995
8.577399999999999 7.605
7.9573 7.4746
8.325199999999999 7.569899999999999
7.591200000000001 7.467599999999999
8.2565 7.6331999999999995
7.6042 7.6057
8.4381 7.531700000000001
7.420999999999999 7.436400000000002
7.7608 7.710299999999999
7.405 7.5347
7.897100000000002 7.5477
7.450900000000001 7.475999999999999
7.9248 7.484400000000001
7.614999999999999 7.520999999999998
7.951399999999999 7.588100000000001
7.280099999999999 7.5874999999999995
8.0581 7.498200000000001
7.3355999999999995 7.460700000000001
8.2809 7.4998000000000005
7.5713 7.5440000000000005
8.1533 7.597099999999999
7.5425 7.525600000000001
8.2732 7.6270999999999995
7.8247 7.6516
7.9872 7.656900000000001
7.974200000000001 7.567399999999999
8.5184 7.5623
7.913400000000001 7.7049
7.978899999999999 7.5959
7.4409 7.4668
8.234300000000001 7.5097
7.391500000000001 7.495100000000001
7.987300000000001 7.615499999999999
7.425800000000001 7.5348
7.756800000000001 7.4333
7.933800000000001 7.6323
7.876400000000001 7.534199999999999
7.6501 7.5482999999999985
8.1612 7.5225
7.1960999999999995 7.550800000000001
7.680500000000001 7.504199999999998
7.463199999999999 7.5644
7.933800000000001 7.585799999999998
7.2662 7.4783
7.903300000000001 7.5652
7.3433 7.466900000000002
7.828600000000001 7.4639
7.313600000000001 7.453799999999999
7.735200000000001 7.6362999999999985
7.4837 7.614999999999999
8.0344 7.633900000000001
7.0273 7.585
7.756100000000001 7.553
7.3058999999999985 7.558400000000002
7.648499999999999 7.5768
7.1534 7.5073
7.978000000000001 7.531000000000001
7.498899999999999 7.580599999999999
7.8567 7.567
7.935200000000001 7.714799999999999
8.2748 7.669899999999999
7.723199999999999 7.649099999999999
8.2398 7.6241
7.7948 7.4907
8.4136 7.5341000000000005
7.374600000000002 7.422699999999999
8.2292 7.606600000000001
7.7429 7.5615999999999985
8.0329 7.527800000000001
7.566999999999998 7.5607999999999995
7.9796 7.640699999999999
7.8032 7.5898
8.613599999999998 7.593500000000001
7.391400000000001 7.528699999999999
8.6845 7.573100000000001
7.7071000000000005 7.631500000000001
8.01 7.4432
7.5989 7.5058
7.926999999999998 7.582
7.7775 7.541500000000001
8.1457 7.539999999999999
7.7963000000000005 7.637099999999999
8.0833 7.669799999999999
7.910999999999999 7.6110999999999995
8.8691 7.625699999999999
8.068100000000001 7.643800000000001
8.483099999999999 7.637800000000001
7.7841 7.5919
8.7357 7.591200000000001
7.518800000000001 7.6684
8.5145 7.701899999999999
7.6899 7.6126
8.1095 7.5822
7.825500000000001 7.5905000000000005
8.741700000000002 7.5264
7.7904 7.527100000000001
8.3269 7.7248
7.910099999999999 7.576099999999999
8.1389 7.572200000000001
8.1131 7.5485999999999995
8.2024 7.522699999999999
7.672000000000001 7.4585
8.5502 7.549300000000001
7.8667 7.5234
8.3542 7.6522
7.797300000000002 7.7392
8.131499999999999 7.6972
8.019200000000001 7.6294
8.171000000000001 7.6232
7.542399999999999 7.5226000000000015
8.3185 7.5668
7.685899999999999 7.560899999999999
8.3953 7.5539000000000005
7.7653 7.605599999999998
8.221400000000001 7.5332
7.6499999999999995 7.4265
8.0572 7.4675
7.599 7.5081999999999995
8.284600000000001 7.5775999999999994
7.7308 7.589799999999999
8.344999999999999 7.5966
7.824700000000001 7.651500000000001
8.1139 7.6075
7.756800000000001 7.592700000000001
8.1322 7.6104
7.746899999999999 7.6774000000000004
7.9712000000000005 7.5898
7.4235 7.5943
8.095500000000001 7.6126
7.3335 7.7186
8.0207 7.6537999999999995
7.3336 7.635399999999999
8.1923 7.6316999999999995
7.5013 7.5393
7.8927 7.5042
7.5722 7.5317
7.956 7.5533
7.8248 7.624800000000001
7.963600000000001 7.6561
7.4746 7.678299999999999
8.0582 7.7225
7.447799999999999 7.707999999999998
8.129800000000001 7.650899999999999
7.3189 7.6408000000000005
8.225399999999999 7.5828999999999995
7.656199999999999 7.635400000000001
8.2757 7.605099999999999
7.9459 7.6735999999999995
7.847599999999999 7.659999999999998
7.264500000000002 7.614099999999999
7.706500000000001 7.6224
7.628800000000001 7.521000000000002
7.578199999999999 7.6080999999999985
7.5402 7.606400000000001
8.307099999999998 7.5927999999999995
7.7934 7.592899999999999
8.6227 7.6621999999999995
8.2406 7.638600000000001
8.8113 7.714800000000001
8.373999999999999 7.7520999999999995
8.6583 7.73
8.0056 7.576
8.7872 7.5668
8.054999999999998 7.624899999999999
8.506 7.6995
7.8843 7.666099999999999
8.659299999999998 7.6828
8.1055 7.6751999999999985
8.748600000000001 7.707300000000002
8.1277 7.714100000000002
8.6374 7.694200000000001
8.393900000000002 7.625599999999999
8.4029 7.5706
8.282599999999999 7.6088000000000005
8.456599999999998 7.5975
7.660699999999999 7.629599999999999
8.2258 7.623300000000001
7.885600000000001 7.5447
8.1131 7.518799999999999
7.952700000000002 7.5424999999999995
8.111500000000001 7.5981
7.5852 7.539399999999999
7.4433 7.5822
7.6043 7.606600000000001
7.526500000000001 7.6834
7.3981 7.5889999999999995
8.1519 7.618000000000001
7.558500000000001 7.552499999999999
7.764299999999999 7.576799999999999
7.8041 7.5828999999999995
