40.695 15.261999999999997
39.9 15.241999999999997
42.54 15.244
44.157 15.239000000000003
46.105 15.235000000000001
45.129000000000005 15.247999999999998
42.332 15.244
41.941 15.253
39.254 15.253
35.92 13.754
23.506700000000002 13.739
35.721 15.104999999999999
50.792 16.608
44.526 15.214
43.79899999999999 15.230000000000002
36.791000000000004 16.724
36.845000000000006 15.236999999999998
35.842999999999996 15.242
38.909000000000006 15.247999999999998
35.298 15.241
42.359 15.250999999999998
41.461 15.253999999999998
35.88000000000001 15.238999999999999
40.427 15.245000000000001
47.06399999999999 15.278999999999998
45.414 15.262999999999998
41.077999999999996 15.259999999999998
36.185 15.248999999999999
35.96900000000001 15.249000000000002
38.125 15.247
39.112 15.253
44.886 15.261
35.375 15.247
41.772999999999996 15.251000000000001
41.086 15.253
36.212999999999994 15.245999999999999
37.059999999999995 15.265999999999998
37.667 15.247
34.885 15.24
37.224999999999994 15.220999999999998
34.122 15.222999999999997
35.761 15.239999999999998
36.67 15.248000000000001
43.66 15.247
43.92 15.233999999999998
24.5046 15.223999999999998
33.839000000000006 15.237
37.346999999999994 15.250999999999998
32.247 15.268
34.080000000000005 15.243
52.068000000000005 15.265
47.00800000000001 15.264
33.352000000000004 15.251000000000001
29.127000000000002 15.247999999999998
34.701 15.254000000000001
31.241999999999997 15.247
34.054 15.251000000000001
44.97399999999999 15.258
40.038999999999994 15.245000000000003
40.769 15.243999999999996
40.589 15.262999999999998
31.94 15.244000000000002
35.428 15.245999999999999
29.945 15.237
27.9341 15.231999999999998
40.77 15.246999999999996
22.867099999999997 15.229999999999999
18.185 15.228
35.324 15.238999999999999
33.15500000000001 15.236999999999998
32.431 15.241
38.565999999999995 15.253
24.5678 15.258
28.959999999999997 15.253
37.534 15.259
30.394 15.256
22.0214 15.243999999999996
27.225699999999996 15.248999999999999
30.376000000000005 15.253999999999998
21.9721 15.25
25.592 15.262999999999998
27.743000000000006 15.254999999999999
24.0146 15.254999999999999
24.269 15.256999999999998
27.767000000000003 15.277
23.054 15.248999999999999
23.188 15.247000000000002
32.144 15.256
19.8788 15.247
20.221700000000002 15.245999999999999
38.041 15.272
26.041000000000004 15.254999999999999
25.745000000000008 15.259
33.888999999999996 15.265999999999998
21.2713 15.256
27.005000000000003 15.259999999999998
39.471000000000004 15.284
25.599 15.256
25.6627 15.256
26.571 15.248999999999999
23.612 15.247
24.866 15.250999999999998
29.401800000000005 15.253999999999998
32.46 15.258
20.768299999999996 15.251000000000001
19.005800000000004 15.246
31.022 15.258
29.841999999999995 15.252000000000002
28.2897 15.272
37.938 15.259
24.226300000000002 15.244
22.0744 15.242000000000003
41.581 15.256000000000004
28.161399999999997 15.254999999999999
25.0404 15.256
35.492 15.264999999999999
24.786700000000003 15.250999999999998
30.682000000000002 15.251000000000001
39.786 15.255000000000003
27.087899999999998 15.25
23.513400000000004 15.262
30.570000000000004 15.256
29.580000000000002 15.255000000000003
23.399399999999996 15.245000000000001
27.818000000000005 15.251000000000001
32.074 15.252999999999997
23.9502 15.241
25.1158 15.242
33.37700000000001 15.256
22.464999999999996 15.239999999999998
22.6336 15.242
34.53 15.249999999999996
19.763400000000004 15.25
19.480900000000002 15.244
39.912000000000006 15.255000000000003
18.6372 15.237
23.2453 15.238000000000001
34.047 15.254000000000001
23.91 15.245999999999999
23.534 15.248000000000001
26.9405 15.244999999999997
17.6373 15.238
22.891000000000002 15.238999999999999
32.132 15.241
23.676599999999997 15.256999999999998
16.6547 15.238
25.5743 15.235
25.946199999999997 15.234999999999996
15.8402 15.220999999999998
24.4962 15.228
30.878 15.236999999999998
18.389999999999997 15.228
21.256999999999998 15.229999999999999
29.156 15.243
19.742600000000003 15.241
20.5462 15.237999999999996
31.119000000000003 15.256999999999998
21.355 15.238999999999999
21.698500000000003 15.238
32.625 15.250999999999998
24.3523 15.238
28.588 15.246999999999996
31.920999999999992 15.248999999999999
18.324600000000004 15.238999999999997
21.4646 15.239999999999998
28.78 15.241999999999997
24.057000000000002 15.233000000000002
29.18 15.243999999999996
31.489000000000004 15.256999999999998
23.886399999999995 15.241000000000001
23.574000000000005 15.238
26.003 15.232999999999999
29.04 15.244000000000002
22.1126 15.238
24.199699999999996 15.229999999999999
32.943 15.241
25.297900000000002 15.238000000000001
21.4907 15.236999999999998
34.697 15.242999999999999
24.283800000000003 15.233999999999998
24.3923 15.223999999999998
36.675999999999995 15.228999999999997
19.507799999999996 15.208999999999998
26.361 15.227999999999998
36.943000000000005 15.244
24.035400000000003 15.233999999999998
16.7133 15.207999999999998
32.727999999999994 15.205999999999998
32.568999999999996 15.204999999999998
35.221 15.237
32.952999999999996 15.229999999999999
26.461800000000004 15.228
29.552999999999997 15.247
30.72 15.246999999999996
33.576 15.243
28.966 15.238
25.965 15.235999999999997
34.47 15.245999999999999
22.862699999999997 15.237
12.8437 15.226
26.0711 15.235999999999997
37.269 15.241
32.517 15.251999999999999
41.622 15.259
26.7528 15.259999999999998
28.6279 15.254999999999999
38.895 15.248999999999999
28.301 15.241
27.569 15.237
26.02 15.235999999999999
27.346000000000004 15.234
27.904 15.243999999999996
31.599000000000004 15.232999999999999
32.19299999999999 15.238
35.422999999999995 15.238999999999999
32.184000000000005 15.239000000000003
28.537000000000003 15.235999999999999
25.5075 15.201999999999998
20.7844 15.193000000000001
25.543 15.209999999999999
32.93000000000001 15.226
22.510699999999996 15.215
26.9285 15.219999999999997
29.906 15.22
30.605 15.226999999999999
31.470000000000002 15.229999999999999
29.047 15.227000000000002
26.063399999999998 15.221000000000004
27.789400000000004 15.227000000000002
28.806299999999997 15.235000000000001
33.535 15.231
36.134 15.230999999999998
36.269 15.235
40.776 15.241
34.756 15.241
32.15899999999999 15.238999999999997
35.259 15.239999999999998
36.28999999999999 15.238
33.077 15.238
39.609 15.241999999999997
41.0 15.255999999999997
37.756 15.258
34.84 15.245000000000001
35.531 15.244
36.76199999999999 15.239999999999998
34.416000000000004 15.235999999999999
38.66 15.24
39.244 15.248000000000001
36.02199999999999 15.253
34.778000000000006 15.248000000000001
39.397999999999996 15.249999999999996
37.456 15.256
35.763 15.256999999999998
42.61000000000001 15.261
45.80500000000001 15.259
40.881 15.241999999999997
48.455999999999996 15.248000000000001
37.548 15.251999999999999
33.539 15.247000000000002
40.574999999999996 15.226
42.729 15.230000000000002
44.940000000000005 15.248999999999999
46.041 15.249999999999996
42.721000000000004 15.259
40.422000000000004 15.265999999999996
34.146 15.262999999999998
38.638999999999996 15.251999999999999
40.08400000000001 15.25
38.711 15.248999999999999
45.544000000000004 15.256999999999998
44.232 15.255999999999997
38.603 15.255999999999997
41.561 15.263000000000002
43.67 15.266000000000002
38.9 15.259999999999998
44.166999999999994 15.258
51.16099999999999 15.28
45.483000000000004 15.280999999999997
49.326 15.265999999999998
40.197 15.259999999999996
36.234 15.251999999999999
42.65 15.259999999999998
41.839999999999996 15.260000000000002
46.190999999999995 15.265999999999998
43.504999999999995 15.254999999999999
44.798 15.254999999999999
44.929 15.262
37.884 15.248999999999999
