5.328478999999998 27.589191999999997
5.548512999999997 27.633796
5.4078430000000015 27.606896000000003
5.7319879999999985 27.678096000000004
5.811227999999999 27.695496
6.057752999999999 27.714296
5.927107000000001 27.729496000000005
5.892163000000002 27.735396000000005
5.737837999999999 27.73409599999999
5.818077999999999 27.738296000000005
5.5485180000000005 27.672596000000006
5.411542999999999 27.66489600000001
5.196073000000002 27.67320100000001
5.369052999999997 27.692201000000004
5.3098269999999985 27.679300999999995
5.7765330000000015 27.76000099999999
5.930422999999999 27.77070100000001
6.101873000000001 27.792201000000006
5.9869129999999995 27.794601000000004
5.935553000000002 27.77760099999999
5.682562999999999 27.761000999999997
5.609602999999999 27.768300999999994
5.389177999999998 27.76020099999999
5.318142999999999 27.769101000000003
5.163847999999999 27.774201000000005
5.384523000000001 27.815600999999994
5.385762999999999 27.773400999999996
5.754167000000001 27.858604999999976
5.822348000000001 27.876900999999997
5.920338000000003 27.889301
5.605333000000002 27.818600999999987
5.672443 27.878800999999985
5.382563000000003 27.799000999999997
5.507252999999998 27.797000999999998
5.372363000000001 27.801201
5.396722999999998 27.805600999999985
5.350886999999998 27.817000999999987
5.754607000000002 27.922000999999995
5.883582999999999 27.935800999999998
6.140302999999999 27.966501000000015
6.017513000000001 27.98090100000002
6.044123000000001 28.00670100000001
5.890338000000002 28.007705000000012
5.786148000000004 27.97720100000001
5.445042999999999 27.938805000000006
5.312392999999998 27.942305
5.148338000000001 27.946105000000003
5.202918 27.95470499999999
5.244718000000001 27.954005
5.611378 27.979304999999993
5.583713000000001 27.984205
5.861453000000003 27.998205000000002
5.863083000000002 28.052404999999993
6.056063000000002 28.068704999999994
5.9518130000000005 28.084505000000004
5.954043 28.084605
5.6818290000000005 28.07570499999999
5.675989 28.009104999999995
5.359693000000002 27.988605
5.3655979999999985 27.978605000000005
5.242622999999999 27.98400499999999
5.613768999999999 28.092004999999993
5.717477999999998 28.101604999999996
6.007199000000003 28.129204999999995
6.020673000000001 28.157504999999993
6.141762999999997 28.172904999999993
5.994638000000001 28.172805
5.954988000000001 28.151000999999994
5.641602999999998 28.12900100000001
5.481453 28.140700999999986
5.2477779999999985 28.140600999999986
5.324517000000002 28.139204999999983
5.212388000000001 28.141700999999998
5.432337999999999 28.170200999999988
5.542202999999999 28.197604999999992
5.856597999999999 28.216605
5.903673000000001 28.23090500000001
6.034502999999999 28.24580100000001
5.831257999999999 28.226801000000005
5.7531729999999985 28.216601
5.514337999999998 28.21640099999999
5.5026470000000005 28.194000999999997
5.393687 28.086501000000002
5.5196869999999985 28.184201
5.392437000000002 28.183301
5.632227000000002 28.245301000000005
5.5300519999999995 28.20570500000001
6.012873000000004 28.307705000000006
5.9527379999999965 28.322604999999985
6.313417 28.377005
6.568157999999998 28.399405000000012
6.767178 28.454700999999993
6.596252999999998 28.474301000000008
6.794096999999999 28.432696000000007
6.549657000000001 28.476292000000004
6.605643 28.469691999999995
6.5762269999999985 28.486291999999995
6.939552999999998 28.507092000000007
7.229703 28.55929200000001
7.386103000000001 28.51729600000001
7.240688000000002 28.66499600000001
6.557723 28.634695999999998
6.290018 28.602496
6.1781380000000015 28.60549600000001
5.951007999999999 28.58379600000001
5.955503000000002 28.569696000000004
5.7642679999999995 28.519291999999997
5.778843000000001 28.49819199999999
5.634432999999999 28.488292000000005
5.830872999999999 28.524196000000007
5.7309030000000005 28.46579600000001
6.112627999999999 28.56059600000001
6.040118 28.56709600000001
6.087646999999999 28.593696
6.028017999999998 28.585196000000007
5.786078 28.509995999999997
5.470662999999998 28.623795999999995
5.437918000000002 28.650895999999985
5.369707999999999 28.652196000000007
5.752753 28.705895999999992
5.940933000000002 28.735596
6.225722000000001 28.750596000000005
6.222043000000002 28.75869600000002
6.304278000000001 28.780596000000003
6.183528000000002 28.787296000000005
6.262093 28.806396000000007
6.250533 28.825896000000018
6.370552999999998 28.836892000000013
6.059858999999999 28.754792000000005
6.0634440000000005 28.796992000000003
5.847684999999999 28.78529200000002
5.988448999999998 28.82359200000001
6.003000000000002 28.840392000000005
6.291871000000001 28.861692
6.089301000000001 28.832592
6.291649999999999 28.893492
6.256689999999998 28.887392000000006
6.400860999999998 28.898692000000004
6.144279999999999 28.848496
6.267715999999999 28.902196000000014
6.236251000000003 28.913291999999984
6.362224999999998 28.924296
6.2316400000000005 28.927096000000002
6.220731 28.907195999999995
6.038821000000001 28.904392000000005
6.193650000000002 28.94239600000001
6.163820999999998 28.939696000000005
6.4255960000000005 28.971896
6.345166000000001 29.005796
6.429672000000002 29.013895999999995
6.379111999999999 29.008701
6.4441 29.013901000000004
6.285859999999999 28.998500999999983
6.066817999999999 28.984905000000012
5.695788000000001 28.970201
5.604827999999998 28.96980099999999
5.467092999999999 28.965104999999998
5.709028999999999 28.98450100000001
5.882949 29.015601000000004
6.285643 29.037505000000003
6.2853600000000025 29.052705
6.358398999999997 29.060105000000004
6.065659999999999 29.001805000000004
5.9845299999999995 28.995205000000006
5.752624999999999 28.979305
5.8589740000000035 28.982004999999987
5.730120000000002 28.920704999999984
5.945009000000001 29.000501
5.830840000000001 29.011500999999996
6.243513 29.101605000000013
6.14529 29.037305000000003
6.357205999999999 29.126905000000008
6.369751 29.122105000000005
6.508289999999999 29.109805000000005
6.268815000000001 29.104504999999996
6.072274 29.053604999999997
5.877228999999998 29.094205000000002
5.892819 29.113204999999994
5.701033000000001 29.086304999999985
5.691559999999998 29.091104999999985
5.536424999999999 29.083709999999996
5.749944999999998 29.130009999999995
5.883595 29.152310000000003
6.260364 29.175610000000006
6.268084000000003 29.196409999999993
6.333359999999997 29.205209999999987
6.052799999999999 29.181109999999993
5.897229000000001 29.149610000000013
5.738014000000001 29.156209999999994
5.903813999999997 29.16431
5.646892999999998 29.04530999999999
5.933159000000001 29.159009999999995
5.803223 29.142309999999995
6.204333000000002 29.22111
6.033828 29.149910000000002
6.3033139999999985 29.251004999999996
6.2482440000000015 29.27520500000001
6.442794 29.296104999999983
6.275219000000002 29.300000999999998
6.258603 29.296704999999996
6.111703999999998 29.29960499999999
6.0383629999999995 29.254909999999995
5.622873000000001 29.190310000000007
5.650623 29.216709999999992
5.433537999999999 29.22330999999999
5.839193000000002 29.26891000000001
6.113747999999995 29.30091
6.506629000000001 29.335004999999992
6.528959 29.354110000000013
6.631619000000004 29.359509999999982
6.532372999999997 29.362710000000003
6.565493000000003 29.371204999999996
6.340038000000001 29.368805
6.157507 29.331504999999996
5.683173000000001 29.26890499999999
5.689417999999999 29.320604999999993
5.500373000000001 29.305604999999996
5.916782999999999 29.383604999999996
5.870753 29.32730500000001
6.281822999999999 29.41570500000001
6.324448000000002 29.439805000000003
6.535149 29.447909999999993
6.237574 29.37671
6.156559000000001 29.35491
5.8765290000000014 29.360109999999995
5.995479000000001 29.38040999999999
5.669772999999998 29.30761
5.826697999999999 29.367109999999986
5.747222999999997 29.378709999999998
6.090277999999996 29.431709999999995
6.1700979999999985 29.44451
6.365683000000002 29.495809999999988
6.289468999999999 29.50391
6.403427999999998 29.511610000000005
6.289009000000003 29.508509999999998
6.579392999999999 29.50671
6.792843000000001 29.597409999999986
6.986497999999998 29.622910000000008
7.147897999999999 29.63711
6.978708000000002 29.626910000000002
6.9622129999999975 29.64501
7.273619000000001 29.658910000000006
6.8705529999999975 29.638814999999997
7.1852730000000005 29.644814999999987
6.892086999999999 29.570509999999995
7.080332999999997 29.697110000000016
6.669317999999999 29.69180999999999
7.061707999999997 29.70650999999999
7.479519000000002 29.772310000000008
7.737517999999999 29.815410000000004
7.280403000000003 29.787509999999994
7.145042999999997 29.70111000000002
7.594452999999993 29.923010000000005
7.076072999999998 29.891015000000003
6.643839000000002 29.878609999999995
6.498288 29.868609999999997
6.380884000000001 29.86770999999999
6.489663999999999 29.860409999999987
6.297868000000001 29.864609999999992
6.275279000000002 29.871809999999993
6.033893000000002 29.85940999999998
5.9490190000000025 29.840909999999997
5.701148000000002 29.85080999999999
5.689698000000002 29.861509999999996
5.573143000000001 29.855609999999988
5.919493000000004 29.87771
6.095579000000002 29.885909999999992
6.4593430000000005 29.925709999999995
6.477393000000004 29.935209999999994
6.657813000000003 29.951109999999993
6.577613000000001 29.970609999999994
6.404132999999999 29.909510000000022
6.324732999999999 29.97430999999999
6.253947999999999 29.89771500000001
6.000263 29.919215000000015
5.825173000000001 29.94931500000002
5.646863000000001 29.941415000000017
6.013769000000002 30.045509999999993
5.934257999999999 29.99021
6.234347999999999 30.059210000000014
6.299648000000002 30.074510000000004
6.538898000000001 30.099410000000017
6.458483000000001 30.13061
6.299808 29.85271000000001
5.9192990000000005 29.82901
5.896439000000001 29.977109999999996
7.288298999999999 30.21571000000001
6.163428999999999 29.990810000000018
