33.837 8.834
33.007 8.822
33.409 8.863
32.988 8.887
33.33 8.868
33.33 8.868
33.219 8.874
33.041 8.895999999999999
32.592 8.908
33.522 8.914
33.31 8.917
33.675 8.902000000000001
32.647000000000006 8.908
32.128 8.895999999999999
32.628 8.881
32.975 8.905000000000001
33.841 8.902000000000001
34.589999999999996 8.892999999999999
34.870000000000005 8.905000000000001
34.77 8.899
35.3 8.902000000000001
37.220000000000006 8.908000000000001
35.760000000000005 8.905
35.78 8.914
38.18 8.935
35.69 8.935
36.15 8.937999999999999
37.39 8.973
34.458 8.944
33.729 8.932
32.46 8.932
32.553 8.935
32.699999999999996 8.926
34.33 8.917
33.03 8.917
31.788 8.923
31.863999999999997 8.929
31.793 8.92
32.099 8.932
30.85 8.923
32.254000000000005 8.917
31.521 8.932
30.552 8.914
29.598000000000003 8.917
30.912 8.92
32.316 8.911
31.45 8.895
29.671999999999997 8.902000000000001
28.671999999999997 8.898
29.725999999999996 8.902000000000001
30.605 8.905
30.373 8.917
28.736 8.914
28.604000000000003 8.898
29.000999999999998 8.908
29.237999999999996 8.905
28.676000000000002 8.911
28.527 8.911
28.027 8.902000000000001
28.056000000000004 8.908
27.686 8.911
28.441 8.908
29.604999999999997 8.901
29.837000000000003 8.892
27.991 8.908
28.443 8.905000000000001
27.852 8.892
27.950999999999997 8.895
28.976999999999997 8.895
29.836000000000002 8.905000000000001
27.542 8.895
28.149 8.886
27.567000000000004 8.895
26.982 8.883
27.634999999999998 8.883
27.637999999999995 8.892
28.519 8.889
27.115000000000002 8.889
27.893 8.898
28.266999999999996 8.895
27.194000000000003 8.883
25.942 8.883
26.344 8.883
26.647 8.889
26.767000000000003 8.889
26.238 8.886
25.977 8.901
25.646 8.901
26.392 8.907
25.977 8.907
25.989 8.904
25.378 8.904
26.088 8.904
26.352999999999998 8.904
25.719 8.904
26.209 8.904
26.27 8.904
25.793 8.904
25.134999999999998 8.904
23.948999999999998 8.904
23.997999999999998 8.901
23.706 8.901
22.669 8.901
25.232 8.904
22.939999999999998 8.149999999999999
27.278999999999996 8.538
25.463 8.657
21.313000000000002 8.665999999999999
19.959 8.671999999999999
19.061 8.674999999999999
17.193 8.674999999999999
17.249 8.674999999999999
16.339000000000002 8.677999999999999
16.938 8.677999999999999
18.274 8.677999999999999
18.567 8.677999999999999
16.706 8.677999999999999
14.771 8.677999999999999
14.373999999999999 8.682
13.494 8.682
16.187 8.679
13.727 8.679
13.415 8.682
15.423 8.685
16.455000000000002 8.685
15.606 8.685
15.423 8.685
17.718 8.685
20.886 8.688
20.496000000000002 8.688
18.305 8.688
19.745 8.688
19.250999999999998 8.688
18.554000000000002 8.690999999999999
17.694000000000003 8.690999999999999
20.884999999999998 8.690999999999999
19.288 8.690999999999999
18.909000000000002 8.690999999999999
19.244 8.690999999999999
18.744 8.693999999999999
21.107 8.693999999999999
21.435000000000002 8.693999999999999
20.453 8.697
20.484 8.697
19.52 8.697
20.752 8.697
21.997 8.697
21.607 8.7
22.766000000000002 8.7
19.854000000000003 8.7
18.744 8.7
18.468999999999998 8.7
18.279 8.7
19.947 8.7
21.863 8.7
20.886 8.7
22.046000000000003 8.703
24.072 8.703
25.158 8.706
27.234 8.706
27.319 8.706
28.011000000000003 8.706
26.123 8.706
25.317 8.706
26.172 8.709
25.171 8.706
26.831 8.709
28.369 8.709
27.149 8.709
28.003 8.709
28.479 8.709
28.516000000000002 8.715
29.659999999999997 8.715
29.497 8.715
25.501 8.715
27.578000000000003 8.715
30.775000000000002 8.718
28.37 8.729999999999999
29.964000000000002 8.758
29.949000000000005 8.758
31.1 8.761
29.775999999999996 8.782
28.492 8.834
26.709 8.834
25.33 8.831
31.010000000000005 8.838
32.57299999999999 8.851
32.861000000000004 8.84
32.826 8.853
31.266 8.851
31.81 8.837
29.705000000000005 8.841000000000001
28.138 8.837
26.843 8.837
29.633 8.84
27.294999999999998 8.875
28.508 8.905
27.381 8.911
28.065 8.902
28.297 8.902
28.965000000000003 8.902
31.074 8.902
32.324999999999996 8.905
31.027000000000005 8.924
28.531000000000002 8.936
27.954 8.936
28.173000000000002 8.936
28.907 8.954
28.429 8.954
27.709 8.948
30.022 8.957
30.416000000000004 8.954
30.714999999999996 8.954
30.186999999999998 8.951
30.447999999999997 8.951
31.973000000000003 8.951
31.3 8.951
31.373 8.954
33.34 8.954
32.111999999999995 8.963000000000001
31.872 8.959999999999999
31.278 8.953999999999999
27.942 8.948
27.490000000000002 8.948
25.049 8.948
25.684 8.948
26.452 8.969000000000001
26.196 8.987
26.673000000000002 8.987
26.917 8.987
26.538 8.99
27.893 8.99
27.65 8.99
27.817999999999998 8.99
25.891000000000002 8.99
30.735 8.996
32.073 9.008
32.165 8.996
34.406000000000006 8.996
33.941 8.999
34.518 9.008
33.614999999999995 9.011
33.602 9.015
33.408 9.004999999999999
33.668 9.011
32.349 8.996
32.835 8.978
33.597 8.996
33.117 8.99
32.74399999999999 8.978
31.992000000000004 8.996
33.76 9.008
33.252 8.999
34.33 9.011
31.823999999999998 8.996
32.922000000000004 9.004999999999999
33.581 8.984
33.364 9.017999999999999
33.156 8.999
32.937 9.001999999999999
32.28 8.984
30.8 8.99
29.983999999999998 8.981
31.302000000000003 8.987
32.086999999999996 8.99
31.129 8.984
30.881000000000004 8.978
31.823 9.004999999999999
32.123999999999995 8.987
32.874 9.002
33.78 9.014
36.150000000000006 9.065
34.62 9.023
34.95 9.061
34.209999999999994 9.014
37.3 9.048
34.169 9.030000000000001
35.17 9.011
35.309999999999995 9.002
35.83 9.014999999999999
36.160000000000004 9.027000000000001
34.555 9.029
34.06 9.024000000000001
35.35 9.045
35.15 9.042
34.53 9.029
34.277 9.008
34.39 9.043
