19.681 10.891
19.601999999999997 10.989
19.147 10.908000000000001
19.18 10.874
19.489 10.993
19.11 10.886999999999999
19.182000000000002 10.873999999999999
20.084 11.134
20.330000000000002 11.148
20.918999999999997 11.17
20.93 11.312
20.412 11.206000000000001
19.879 11.266000000000002
19.974 11.357999999999999
20.017000000000003 11.177000000000001
20.197 11.277000000000001
20.022000000000002 11.187
20.202 11.168
20.49 11.168
20.916999999999998 11.265999999999998
20.255000000000003 11.17
20.677 11.195
21.14 11.273
20.625 11.171000000000001
20.963 11.285
20.663999999999998 11.199
20.857 11.17
21.169 11.285
20.720999999999997 11.198
20.834999999999997 11.17
21.018999999999995 11.280000000000001
20.703 11.198
20.742 11.166
20.871000000000002 11.183
20.868000000000002 11.271
20.752000000000002 11.168
21.034 11.180000000000001
21.481 11.257
21.266000000000002 11.161
21.389000000000003 11.264000000000001
21.148 11.165
21.47 11.018
20.922 11.027000000000001
20.078 10.949
20.153 10.94
20.235 10.956000000000001
20.051000000000002 11.044
19.711000000000002 10.944
20.09 10.963000000000001
20.743000000000002 11.027000000000001
20.05 10.911999999999999
19.408 10.9
19.779000000000003 11.011000000000001
19.564999999999998 10.923
19.543 10.891
19.750999999999998 10.92
19.967000000000002 11.005
19.252999999999997 10.917
18.941999999999997 10.897
18.988 10.988000000000001
18.989 10.914
19.154000000000003 10.894
19.455 11.037999999999998
19.57 10.99
19.733000000000004 10.946
19.657000000000004 11.038999999999998
19.567999999999998 10.96
18.927 10.873
19.537 10.972
19.052 10.912
18.933 10.868
19.089 10.951
18.639000000000003 10.901
18.539 10.85
18.561000000000003 10.947
18.705000000000002 10.877
18.711 10.861
18.898999999999997 10.935999999999998
18.912000000000003 10.854
18.807000000000002 10.850999999999999
19.77 11.265999999999998
19.93 11.23
19.206 11.204999999999998
19.857000000000003 11.324
19.784999999999997 11.25
26.148 13.83
19.289 10.962
21.295 12.339999999999998
18.444 10.89
18.38 10.882
18.889999999999997 10.969000000000001
18.818999999999996 10.901000000000002
19.043 10.957
18.353 10.931000000000001
18.426 10.883000000000001
18.643 10.975
18.784 10.924
19.133999999999997 10.908
19.163000000000004 10.978
19.149 10.941
18.558999999999997 10.873
18.996000000000002 10.969000000000001
19.197 10.923000000000002
18.986 10.88
19.243 10.903000000000002
19.247 10.985
19.293 10.921000000000001
19.131 10.904999999999998
19.272 10.985
19.234999999999996 10.916999999999998
19.400000000000002 10.899000000000001
19.874 11.003
19.617999999999995 10.954
19.592 10.915000000000001
19.519000000000002 10.997
19.622999999999998 10.934
19.628999999999998 10.979
19.047 10.979
19.091 10.904
19.675000000000004 10.968
20.031000000000002 10.974
19.774 10.904999999999998
19.435 10.983
18.945 10.966999999999999
19.239 10.915
19.208000000000002 10.918999999999999
19.590000000000003 10.994
19.471 10.971
19.578 10.924
20.53 11.057
20.149 11.008
20.309 10.976
20.244999999999997 11.046000000000001
20.099000000000004 10.947
20.218000000000004 10.913
20.465 10.985
20.084999999999997 10.974
20.432 10.913999999999998
20.204 10.994
20.3 10.979
20.239 11.022
19.724 10.969999999999999
19.873 10.991000000000001
19.969999999999995 11.012
19.971 10.925
20.301 10.971
20.119999999999997 10.985999999999999
19.629 10.881
20.331000000000003 10.975999999999999
20.127 11.313
20.922 11.172
20.956 11.036
20.339 11.013
20.191000000000003 10.901000000000002
19.869999999999997 10.965
19.667 10.972
19.772000000000002 10.897000000000002
20.146000000000004 10.931999999999999
20.205 10.963
20.293999999999997 10.882
20.545 10.954
20.306 11.037
17.442 9.441999999999998
20.42 10.881
20.276 10.963
20.232 10.926
20.223000000000003 10.886999999999999
20.451999999999998 10.966
20.279 10.939
20.162 10.89
20.046999999999997 10.979
19.84 10.971
19.727 10.915999999999999
20.179 10.961
20.304 11.03
20.063 10.95
19.882 10.96
19.990000000000002 11.039
19.68 11.011000000000001
19.923999999999996 10.954
20.108 11.031
20.371 11.014
20.474 10.953
20.281 11.002
19.947 11.039000000000001
20.119 10.943999999999999
20.404 10.952
20.884 11.003999999999998
20.581000000000003 11.056000000000001
20.624 10.972
20.527 11.016
20.227 11.084000000000001
20.040000000000003 10.989
20.552000000000003 11.015
20.810000000000002 11.087000000000002
20.708 10.996
20.755000000000003 10.990000000000002
20.892999999999997 11.069999999999999
20.587 11.078000000000001
20.692999999999998 11.037
20.645000000000003 11.110000000000001
20.395 11.013
20.753 11.035000000000002
20.485999999999997 11.100999999999999
20.138 11.008000000000001
20.214999999999996 10.994000000000002
20.258 11.030000000000001
20.487 11.088
20.588 10.997000000000002
20.56 11.016
20.532 11.098
20.223999999999997 11.005
20.569000000000003 11.018
20.656 11.093
20.224999999999994 11.005
20.124 10.990000000000002
20.465 11.051
20.532999999999998 11.054999999999998
20.234999999999996 10.952
20.176000000000002 10.937000000000001
19.945999999999998 11.01
19.678 10.915
19.442999999999998 10.929000000000002
19.438999999999997 10.998
19.302 10.901
19.548999999999996 10.930000000000001
19.813000000000002 11.013
19.706 10.921000000000001
20.003999999999998 10.933
20.326999999999998 11.016
20.121 10.923
19.84 10.924
19.377 11.006000000000002
19.075999999999997 10.939999999999998
20.436999999999998 11.145999999999999
21.338 11.325
21.301000000000002 11.343999999999998
21.297 11.271
21.092999999999996 11.306000000000001
21.23 11.366
20.794 11.258
20.781000000000002 11.235999999999999
21.264999999999997 11.251
21.847 11.238
21.435000000000002 11.138
21.884 11.156999999999998
21.713 11.217000000000002
21.689 11.119000000000003
21.203 11.122
20.987000000000002 11.212
20.749000000000002 11.13
21.018 11.119
21.37 11.216
21.296 11.129
21.328999999999997 11.116
21.523999999999997 11.206
21.471999999999998 11.106
21.764 11.104
21.879 11.199
21.411 11.113
21.236 11.092
21.645999999999997 11.113000000000001
21.259 11.234
20.937 11.052999999999999
19.958 10.951
19.947999999999997 11.035
19.817 10.935
19.892 10.923000000000002
19.756 10.926
19.680999999999997 11.008
19.621 10.929
19.235000000000003 10.907
19.426 10.894
19.384999999999998 10.899000000000001
20.348999999999997 11.114
20.568 11.308000000000002
20.163999999999998 11.124
20.191 11.126999999999999
20.938000000000002 11.132
20.145000000000003 10.987
20.378 10.973999999999998
19.814999999999998 11.026
19.898000000000003 10.922
20.059 10.929000000000002
20.337000000000003 11.057
20.074 10.969
20.427999999999997 10.945
20.426 11.088999999999999
