55.949000000000005 7.303000000000001
54.77500000000002 7.1551
52.995999999999995 7.116800000000001
59.074000000000005 7.358199999999999
58.339000000000006 7.353500000000002
58.199 8.5083
59.364 7.872
56.39099999999999 8.6402
59.592 8.6014
59.86399999999998 8.109499999999999
58.203 7.661100000000001
57.108000000000004 7.489700000000001
54.851000000000006 7.409700000000001
54.154 7.4544
53.31300000000001 7.4034
56.608999999999995 7.538
58.93199999999999 7.5581
58.483999999999995 7.5701
55.14500000000001 7.469200000000001
54.457999999999984 7.3706
53.185 7.3039
52.113 7.2041
54.203 7.293799999999999
53.42400000000001 7.2034
49.47899999999999 7.4270000000000005
45.837 7.302899999999999
35.590999999999994 7.224599999999999
31.483000000000004 8.3511
35.191 7.366299999999999
34.05 7.3305
37.221000000000004 7.1335999999999995
36.707 7.162000000000002
40.384 7.116599999999998
40.662 7.0259
40.076 6.9095
41.278999999999996 7.130400000000001
40.278000000000006 7.315399999999999
39.440999999999995 7.033600000000001
40.495 7.032200000000001
41.88 7.7655
41.288000000000004 7.256500000000002
40.312 6.981800000000001
39.178 7.130399999999999
37.631 6.8839
38.081 6.7936999999999985
37.126999999999995 6.813800000000001
37.08299999999999 6.978999999999999
36.636 6.9305
37.589999999999996 7.042800000000001
36.318 6.789999999999999
35.11099999999999 6.7775
37.42700000000001 6.8718
34.89600000000001 6.7235000000000005
37.411 7.400599999999999
37.206999999999994 7.9304000000000014
36.574 7.476000000000001
37.766999999999996 7.871300000000001
37.809 7.764500000000001
37.852 7.5264999999999995
38.441 7.5221
38.318 7.828600000000001
38.050999999999995 6.991199999999999
37.86000000000001 6.862499999999999
38.376 7.832700000000001
36.99700000000001 7.174199999999999
37.415000000000006 6.934800000000001
36.383 6.7753000000000005
37.282000000000004 6.6685
37.656 6.785800000000002
38.136 6.890499999999999
38.757999999999996 6.811400000000001
37.896 6.6978
37.52799999999999 6.7293
39.086000000000006 7.305900000000001
35.044 7.093000000000001
35.574 7.1688
35.01 6.601700000000001
35.037 6.6676
35.410000000000004 6.8618000000000015
34.06999999999999 6.8941
35.721 7.2741
34.606 6.571500000000001
39.669 6.9592
40.574999999999996 8.601399999999998
40.349999999999994 9.1575
43.42100000000001 9.2131
43.365 9.046999999999999
45.02100000000001 8.921800000000001
44.266000000000005 7.9582
42.34799999999999 7.669
42.57299999999999 8.0381
45.359 7.904699999999999
46.65100000000001 7.8257
46.329 8.206199999999999
45.403 8.469199999999999
48.236000000000004 7.844599999999999
50.205999999999996 7.9643999999999995
46.34 7.8681
47.559000000000005 7.363300000000001
47.425999999999995 7.4203
48.483000000000004 7.312199999999999
47.202 7.0287000000000015
47.217999999999996 7.0597
48.955000000000005 8.307599999999999
48.307 7.568699999999999
48.71900000000001 7.211800000000002
48.285 7.1042
47.992000000000004 7.023299999999999
47.87199999999999 6.932899999999999
47.61900000000001 7.438999999999998
47.93299999999999 7.324
47.705999999999996 7.083699999999999
47.833000000000006 6.879299999999999
46.56 6.9803999999999995
48.169 7.155399999999999
48.474999999999994 7.212900000000001
48.43900000000001 7.854499999999999
41.648999999999994 7.890500000000002
37.86299999999999 7.635999999999998
39.623000000000005 7.326300000000001
39.474999999999994 6.913399999999998
39.03499999999999 7.3255
32.162 7.252700000000003
35.94700000000001 7.1615
38.854000000000006 7.120500000000001
39.12699999999999 7.730200000000001
44.249 7.2837
46.809000000000005 7.933400000000003
48.04299999999999 7.482499999999999
49.768000000000015 7.949400000000001
51.535999999999994 8.297100000000002
51.367 8.1471
49.973000000000006 7.4666999999999994
48.31600000000001 6.8210999999999995
50.02000000000001 6.724099999999998
54.581999999999994 7.8552
54.78799999999999 7.6351
55.659000000000006 7.563000000000001
54.786 7.064099999999998
53.73800000000001 6.987
54.78000000000001 6.719900000000001
54.67599999999999 6.6019000000000005
54.88099999999999 6.5529
56.60000000000001 6.7699
57.14200000000002 6.816
57.62400000000001 6.8736999999999995
49.92 6.682500000000001
52.36399999999999 7.8759999999999994
58.754 8.699800000000002
56.80599999999999 9.089799999999999
63.340999999999994 9.8409
64.25999999999999 9.8656
56.592 9.548100000000002
72.02000000000001 10.328799999999998
68.87699999999998 9.993099999999998
70.33199999999998 9.6422
68.877 9.748900000000003
72.32300000000002 9.755500000000001
69.17499999999998 9.659699999999999
67.43100000000001 10.2406
72.83000000000001 9.9143
67.782 9.7802
72.94300000000001 9.124600000000003
73.732 9.030099999999997
75.07199999999999 8.7135
75.34100000000001 8.4895
71.999 7.875999999999999
71.82499999999999 7.471900000000001
71.782 7.374700000000001
72.113 7.479399999999998
72.33100000000002 7.523400000000002
75.51499999999999 7.837200000000001
76.23299999999999 7.6569
76.34400000000002 7.5203999999999995
76.13499999999999 7.3514
76.007 7.421900000000001
73.044 7.3532
76.948 7.5722999999999985
72.54599999999999 7.848700000000002
70.94500000000001 7.699700000000001
69.90299999999999 7.323600000000001
68.652 7.187200000000001
68.762 7.2997000000000005
68.40100000000002 7.2947
68.025 7.0608
68.35 7.500400000000002
68.58999999999999 7.800800000000001
67.27399999999999 7.846199999999999
65.196 7.6819
65.806 8.6868
63.422999999999995 7.418900000000001
66.779 7.4299
70.06700000000001 9.058999999999997
67.21800000000002 9.542099999999998
65.253 8.656299999999998
62.782000000000004 8.358799999999999
63.229 7.6028
64.92399999999999 7.626800000000002
62.749 7.369200000000001
63.50200000000002 8.054599999999999
65.308 8.801400000000003
65.93699999999998 7.5832
65.169 7.738000000000002
65.415 7.3185
67.021 7.718000000000001
66.434 7.3741
63.089 7.538399999999999
64.031 7.415400000000001
65.562 7.762599999999999
64.8 7.6365
64.70100000000001 7.2947999999999995
65.501 7.2175
66.29 7.302700000000001
67.535 8.5083
70.343 8.052000000000001
56.861 9.3034
53.869 8.835600000000001
42.39 9.596400000000001
28.312999999999995 9.319999999999999
69.54700000000001 10.0119
77.26399999999998 9.7405
78.554 9.123999999999999
76.58 8.128
74.57800000000002 7.693499999999998
74.41499999999999 7.515
76.55499999999999 7.723999999999999
71.87400000000001 7.4060000000000015
74.06500000000001 7.505000000000001
73.806 7.2128
76.878 7.498399999999999
37.415000000000006 8.3421
77.36100000000002 9.6
80.10099999999998 8.569299999999998
79.07900000000001 7.691000000000001
78.778 7.4589
79.41999999999997 7.499499999999999
79.41300000000001 7.419099999999999
79.287 7.440099999999999
80.25600000000001 7.817200000000001
79.90299999999999 7.328899999999999
82.91 7.285300000000001
83.83900000000001 7.551799999999999
82.39099999999998 7.301200000000001
80.571 7.4435
79.808 7.735
80.122 7.9765000000000015
77.074 7.753399999999999
73.114 7.3431999999999995
72.871 7.6373
73.823 8.1677
73.32100000000001 8.051
72.739 8.740199999999998
71.505 7.956699999999999
69.15200000000002 7.855800000000002
66.01700000000001 7.873900000000002
65.443 7.6794
63.982000000000006 7.9704
62.66199999999997 7.855
61.541999999999994 7.3976
62.842000000000006 7.500799999999999
63.96600000000001 7.5001000000000015
62.13899999999999 7.2677
61.684000000000005 7.13
61.50599999999999 7.093300000000001
62.158 7.9153
62.13099999999999 7.7371
61.855000000000004 7.1212
63.391 7.306700000000001
62.663999999999994 8.227500000000001
65.565 9.258099999999999
64.425 7.6533000000000015
63.961999999999996 7.287899999999999
65.229 7.889200000000001
62.832 7.998799999999999
63.611000000000004 7.170600000000002
64.018 7.1174
64.48500000000001 7.121700000000001
64.21 6.9216
65.35499999999999 7.3661
65.22400000000002 7.1385000000000005
66.554 7.3287
66.55299999999998 8.093599999999999
65.69200000000001 7.3655
63.986999999999995 7.213699999999998
63.66499999999999 7.258299999999999
62.241 7.080399999999999
61.73599999999999 7.298100000000001
62.75700000000002 7.008600000000001
