8.536799999999998 7.517899999999999
8.461 7.485299999999999
8.6655 7.4783
8.3542 7.460799999999999
8.060500000000001 7.408199999999998
8.3717 7.4517
8.9595 7.5211
8.438200000000002 7.4830000000000005
8.563299999999998 7.5394000000000005
7.7186 7.4875
8.3899 7.486
7.4309 7.3951
7.9849000000000006 7.502000000000001
8.0848 7.447899999999999
8.4854 7.4028
7.7674 7.4838000000000005
8.058 7.4806
8.711 7.5117
8.5837 7.5699000000000005
8.155000000000001 7.469200000000001
8.148800000000001 7.456300000000001
7.8774 7.4952000000000005
8.6058 7.491299999999999
7.3922 7.4678
8.3397 7.486
7.423399999999999 7.5243
8.3183 7.5457
7.810300000000001 7.456900000000001
8.173499999999999 7.4226
8.1329 7.4477
8.3894 7.467699999999999
8.0148 7.459199999999999
8.1765 7.4722
7.5745 7.410499999999999
8.2931 7.3754
7.441699999999998 7.452399999999999
8.2641 7.5195
7.5684000000000005 7.344799999999998
8.7194 7.3974
7.6156000000000015 7.476100000000001
8.376999999999999 7.452400000000001
7.468300000000001 7.39
7.740900000000001 7.399799999999999
7.5189 7.4289
7.7682 7.4056999999999995
7.785099999999999 7.4776
7.7027 7.540900000000001
7.6158 7.4952000000000005
8.2995 7.4822
7.220600000000001 7.423999999999999
8.341099999999999 7.4875
7.6888 7.436400000000002
7.8582 7.4599
7.5502 7.403600000000001
7.968900000000001 7.434
7.6294 7.4365
8.229800000000001 7.407500000000001
7.2892 7.5326
7.6346 7.5431
7.3433 7.482199999999999
8.0836 7.4632000000000005
7.8645000000000005 7.4289
8.2191 7.5096
7.6545999999999985 7.471499999999999
8.075800000000001 7.453800000000001
7.428699999999999 7.482899999999999
7.903299999999999 7.5958
7.2205 7.538600000000001
7.5431 7.5317
7.1382 7.4919
6.9601999999999995 7.471500000000001
7.020600000000001 7.4478
7.769700000000002 7.3829
7.1153 7.455400000000001
7.874299999999999 7.537100000000001
7.038899999999999 7.4988
7.7644 7.405100000000001
7.1303 7.3715
7.1563 7.482799999999999
7.162600000000001 7.517199999999999
7.2738 7.4891
7.0061 7.4378
7.545599999999999 7.3911999999999995
6.845999999999999 7.37
7.3961 7.472899999999999
7.1975999999999996 7.508899999999999
7.8667 7.5073
7.5661000000000005 7.471599999999999
7.301999999999999 7.406599999999999
7.1625000000000005 7.3517
7.5227 7.4796999999999985
7.443199999999998 7.451
7.850700000000001 7.454699999999999
7.2174000000000005 7.4601
7.5394000000000005 7.4699
7.1586 7.443
7.733899999999999 7.428599999999999
7.4439 7.4992
8.123700000000001 7.504399999999999
7.3561999999999985 7.5485
7.9734 7.446900000000001
7.3256999999999985 7.396599999999999
8.013100000000001 7.409599999999999
7.2364999999999995 7.435699999999999
8.1886 7.6042
7.045 7.537000000000001
7.413600000000001 7.481400000000001
6.9923 7.4693
7.6668 7.4866
7.2326 7.391299999999999
7.7462 7.4181
7.5547 7.4453000000000005
7.645500000000001 7.509700000000001
7.2991 7.5197
7.958899999999999 7.5211
7.101400000000001 7.5416
7.9453 7.5905999999999985
7.406699999999999 7.4609
8.086400000000001 7.495800000000001
7.260800000000001 7.4501
8.089599999999999 7.406700000000001
7.5066999999999995 7.477700000000001
7.696400000000001 7.5873
7.4875 7.5889999999999995
8.0369 7.481400000000001
7.466799999999998 7.420399999999999
7.5326 7.482800000000001
7.0543000000000005 7.524699999999999
8.021600000000001 7.448499999999999
7.364800000000001 7.4295
7.683400000000002 7.4379
7.048699999999999 7.4035
7.4959 7.491200000000001
7.6974 7.584499999999999
7.554699999999999 7.499600000000001
7.1343000000000005 7.423499999999998
7.7888 7.5226
6.8824 7.456899999999999
7.4173 7.5508999999999995
7.1603 7.5295000000000005
7.7195 7.559
6.8145999999999995 7.455299999999999
7.5698 7.4653
6.8839 7.434899999999998
7.2364999999999995 7.603400000000001
7.136600000000001 7.459199999999999
7.325100000000001 7.4875
7.032200000000001 7.4333
7.5996 7.550800000000001
6.7026 7.403599999999999
7.255700000000001 7.464799999999999
7.043400000000001 7.438599999999999
7.200000000000001 7.424899999999999
6.880999999999999 7.4562
7.698100000000001 7.418900000000001
7.169299999999999 7.417399999999999
7.2991 7.5188999999999995
7.5491 7.4418000000000015
8.0841 7.480599999999998
7.6552 7.477499999999999
7.811700000000001 7.4965
7.1853 7.574400000000001
7.9620999999999995 7.5043000000000015
7.1876 7.384499999999999
7.779800000000001 7.455500000000001
7.364599999999999 7.457700000000001
7.570600000000001 7.518
7.054899999999999 7.5584999999999996
7.6621999999999995 7.526200000000001
7.5073 7.369199999999999
7.9673 7.5081
6.976399999999999 7.466099999999999
8.257399999999999 7.488500000000001
7.328899999999999 7.508000000000001
7.714100000000002 7.470800000000001
7.3409 7.4235
7.5264000000000015 7.4279
7.281599999999999 7.492900000000001
7.643800000000001 7.550799999999999
7.2808 7.5721
7.533200000000001 7.456
7.3530999999999995 7.4776
8.2351 7.6119
7.588999999999999 7.5873
8.1056 7.5073
7.255399999999999 7.4209
8.110000000000001 7.4959
7.0297 7.423299999999999
7.9674 7.591900000000002
7.402200000000001 7.449999999999999
7.624300000000001 7.5920000000000005
7.3105 7.489
8.0626 7.4719999999999995
7.322800000000002 7.5204
7.766000000000001 7.5012
7.3783 7.438000000000001
7.6447 7.4851
7.6225000000000005 7.5431
7.753000000000002 7.4547
7.272299999999998 7.4975
7.906300000000001 7.483699999999999
7.4354000000000005 7.4837
7.9041 7.4967999999999995
7.2976 7.478399999999999
7.554599999999999 7.5279
7.4654 7.518
7.7863 7.4729
7.2298 7.4136
7.825699999999999 7.5654
7.3212 7.6043
7.7607 7.571400000000001
7.3158 7.416600000000001
7.807000000000001 7.4965
7.125000000000001 7.4228000000000005
7.4921 7.3980999999999995
7.041900000000001 7.4433
7.7638 7.487400000000001
7.4584 7.4639
7.6393 7.505199999999999
7.153999999999999 7.3824000000000005
7.724899999999998 7.518800000000001
7.3210999999999995 7.546899999999999
7.5531000000000015 7.484399999999999
7.338 7.435600000000001
7.495200000000002 7.4952000000000005
6.9205000000000005 7.568200000000001
7.6088000000000005 7.4905
6.8937 7.5028
7.6798 7.606600000000001
7.0127999999999995 7.5219000000000005
7.7324 7.431700000000001
7.094600000000001 7.4486
7.665900000000001 7.489700000000001
7.241700000000001 7.4028
7.429500000000002 7.5813999999999995
7.2037 7.4899
7.584499999999999 7.4723999999999995
7.2090000000000005 7.3876
7.829999999999999 7.4723
6.7604 7.4433
7.623399999999999 7.4797
7.021200000000001 7.346399999999999
7.9216 7.5165999999999995
7.398900000000001 7.5059000000000005
8.086500000000001 7.4899
7.3799 7.362500000000001
7.2495 7.383000000000001
7.071000000000001 7.403600000000001
7.3341 7.4212
7.3542 7.4692
7.305299999999999 7.429499999999998
6.9054 7.417999999999999
7.8894 7.430999999999999
7.5165 7.489899999999998
8.198500000000001 7.5728
7.850700000000001 7.508100000000001
8.5433 7.6202000000000005
7.998500000000002 7.5027
8.1949 7.524800000000001
8.006200000000002 7.5515
8.290099999999999 7.646100000000001
7.9803 7.633900000000001
8.161 7.501099999999999
7.411299999999999 7.380000000000001
8.4877 7.506600000000002
7.784400000000001 7.505000000000001
8.2589 7.556
7.857600000000001 7.5623
8.1047 7.5501
7.761500000000001 7.465400000000002
8.012400000000001 7.427199999999999
7.8938 7.4699
8.2877 7.5104999999999995
7.3557 7.5592999999999995
7.981900000000001 7.5554
7.617099999999999 7.555300000000001
7.875800000000001 7.5226
7.5638 7.5226
7.744000000000001 7.4776
7.2120999999999995 7.4532
7.2905999999999995 7.520200000000001
7.137300000000001 7.4806
7.3111999999999995 7.552299999999999
7.2617 7.4361999999999995
7.630200000000001 7.5097
7.172400000000001 7.566000000000001
7.2700000000000005 7.515000000000001
7.3906 7.4791
