8.179 11.88
7.202 11.89
8.398 11.899999999999999
7.8 11.88
8.936 11.89
7.959 11.91
8.679 11.899999999999999
7.654 11.88
8.691 11.89
7.568 11.91
8.434999999999999 11.89
7.495 11.899999999999999
8.362 11.91
7.202 11.89
8.068999999999999 11.91
6.981999999999999 11.89
8.301 11.899999999999999
7.483 11.899999999999999
8.398 11.89
7.251 11.89
8.129999999999999 11.93
7.324 11.899999999999999
8.24 11.91
7.141 11.899999999999999
7.971 11.89
7.104000000000001 11.91
8.057 11.899999999999999
7.043000000000001 11.89
8.02 11.91
6.995 11.899999999999999
7.947 11.91
7.312 11.89
8.520999999999999 11.899999999999999
7.556 11.91
8.777 11.91
7.983 11.93
8.789 11.91
7.471 11.899999999999999
7.947 11.93
7.0680000000000005 11.89
8.190999999999999 11.899999999999999
6.97 11.91
7.8 11.899999999999999
6.7989999999999995 11.88
8.093 11.940000000000001
7.5200000000000005 11.89
8.533 11.899999999999999
7.288 11.899999999999999
8.301 11.899999999999999
7.1290000000000004 11.91
7.91 11.899999999999999
7.019 11.89
7.8740000000000006 11.93
6.995 11.899999999999999
7.7509999999999994 11.93
7.007 11.89
7.739 11.899999999999999
7.422 11.91
7.947 11.899999999999999
7.312 11.89
7.617 11.93
6.920999999999999 11.899999999999999
7.446 11.89
6.885 11.899999999999999
7.457999999999999 11.89
6.6530000000000005 11.88
7.495 11.93
7.08 11.899999999999999
8.105 11.91
6.714 11.93
7.654 11.899999999999999
6.909 11.89
7.739 11.91
6.787 11.89
7.764 11.89
6.787 11.91
7.654 11.89
6.7379999999999995 11.88
7.5200000000000005 11.93
6.555 11.89
7.5200000000000005 11.89
6.775 11.899999999999999
8.093 11.89
6.836 11.88
7.837 11.91
6.97 11.899999999999999
8.618 11.899999999999999
7.471 11.899999999999999
7.703 11.89
6.775 11.91
7.6899999999999995 11.89
6.787 11.89
8.765 11.89
7.031 11.93
8.068999999999999 11.899999999999999
6.909 11.899999999999999
8.556999999999999 11.899999999999999
7.031 11.89
7.396999999999999 11.93
7.457999999999999 11.93
8.289 11.93
7.349 11.93
8.459 11.899999999999999
7.422 11.940000000000001
8.386000000000001 11.91
7.239 11.899999999999999
7.776 11.93
7.251 11.93
8.691 11.899999999999999
7.788 11.93
8.618 11.93
7.922 11.899999999999999
8.337 11.93
7.202 11.940000000000001
8.508000000000001 11.899999999999999
7.556 11.940000000000001
8.618 11.93
7.593 11.91
8.704 11.95
7.104000000000001 11.93
8.032 11.899999999999999
7.1290000000000004 11.940000000000001
8.545 11.93
7.983 11.91
8.826 11.95
7.715 11.91
8.728 11.940000000000001
7.422 11.91
8.373999999999999 11.91
7.605 11.940000000000001
9.350999999999999 11.93
7.983 11.940000000000001
8.728 11.93
7.3 11.940000000000001
7.811999999999999 11.93
8.190999999999999 11.899999999999999
7.727 11.93
8.704 11.93
7.886 11.91
8.386000000000001 11.95
7.2139999999999995 11.93
8.167 11.940000000000001
7.3 11.95
8.362 11.93
7.2749999999999995 11.95
8.398 11.93
7.739 11.91
8.789 11.93
7.7509999999999994 11.940000000000001
8.777 11.93
7.654 11.940000000000001
8.447000000000001 11.940000000000001
7.263 11.91
8.362 11.95
7.568 11.940000000000001
8.495999999999999 11.959999999999999
7.666 11.940000000000001
8.472 11.95
8.325000000000001 11.93
7.971 11.98
8.862 11.940000000000001
7.861 11.940000000000001
9.253 11.98
8.167 11.95
8.972 11.98
7.727 11.95
9.07 11.95
7.837 11.959999999999999
8.533 11.95
7.422 11.940000000000001
8.459 11.99
7.457999999999999 11.940000000000001
8.508000000000001 11.95
8.24 11.98
8.520999999999999 11.940000000000001
8.813 11.93
8.386000000000001 11.98
9.203999999999999 11.95
7.947 11.95
9.106 11.98
7.825 11.940000000000001
8.716 11.98
8.704 11.959999999999999
9.229 11.959999999999999
9.07 11.93
7.861 11.99
8.936 11.98
7.8 11.940000000000001
8.936 11.959999999999999
7.922 11.95
9.229 11.959999999999999
8.959999999999999 11.98
8.154 11.98
8.679 11.940000000000001
7.495 11.940000000000001
8.459 11.95
7.556 11.95
8.899 11.99
8.411 11.98
8.997 11.959999999999999
8.997 11.99
7.715 11.98
9.229 12.0
8.508000000000001 11.98
9.656 11.99
8.154 12.01
9.302000000000001 11.98
8.63 11.98
8.179 11.99
8.85 12.04
7.678 11.98
8.716 11.959999999999999
7.629 12.0
8.801 12.0
8.093 11.98
9.155000000000001 12.0
8.618 11.99
8.752 11.99
9.631 12.01
8.386000000000001 12.0
9.241000000000001 11.95
8.02 12.0
9.142999999999999 12.01
7.971 11.99
9.033 12.01
8.984 11.99
9.167 12.0
10.01 12.01
8.667 12.0
9.668000000000001 11.99
8.142000000000001 12.0
9.399000000000001 11.99
8.203000000000001 11.98
9.998 12.04
8.789 12.0
9.314 12.0
9.546000000000001 12.08
8.167 11.99
9.558 12.01
8.081000000000001 11.99
9.094 11.99
8.533 11.99
8.447000000000001 12.0
8.936 11.99
8.228 12.01
9.485000000000001 11.99
7.959 11.98
9.033 12.0
8.081000000000001 11.98
8.667 12.0
8.936 11.99
8.02 11.99
8.887 11.98
7.568 11.99
8.899 11.98
7.8 11.98
8.838 12.0
8.423 11.99
8.789 12.0
9.668000000000001 12.04
8.24 12.02
9.229 12.0
8.190999999999999 12.0
9.253 12.0
7.971 11.99
9.180000000000001 12.02
9.106 12.01
8.887 12.0
8.581999999999999 12.0
8.838 11.99
9.167 11.99
7.971 12.0
9.07 12.0
7.996 12.0
9.558 12.02
8.691 11.99
9.033 12.02
8.838 12.0
8.251999999999999 12.0
9.192 12.0
8.105 12.0
9.180000000000001 12.0
8.105 11.99
9.656 12.04
8.276 12.01
8.948 12.0
9.131 12.01
8.167 12.049999999999999
