27.296 9.725399999999999
26.912999999999997 9.728399999999999
28.161 9.728399999999999
28.232000000000003 9.7319
28.298999999999996 9.7349
28.299000000000003 9.738
28.469 9.739500000000001
27.423000000000002 9.747
27.994999999999997 9.747499999999999
27.832 9.7471
28.432999999999996 9.7491
26.852999999999998 9.749099999999999
27.217999999999996 9.750999999999998
27.345 9.7495
27.63 9.751
26.890000000000004 9.745999999999999
27.235000000000003 9.7476
27.292999999999996 9.7456
27.193 9.7456
26.776 9.749099999999999
27.216 9.749099999999999
28.374 9.7536
27.547 9.7542
27.517999999999997 9.757200000000001
27.508999999999993 9.7553
27.590999999999998 9.7552
27.799000000000003 9.7573
28.1 9.7542
27.863000000000003 9.755700000000001
27.322000000000003 9.7573
27.717000000000002 9.757200000000001
27.906000000000002 9.7552
27.603 9.7567
27.836 9.7582
27.301000000000002 9.7582
26.214 9.757200000000001
27.195000000000004 9.7582
27.631 9.7623
27.528000000000002 9.7633
26.716 9.7659
26.401999999999997 9.7638
26.001 9.7628
26.406999999999996 9.7654
26.333000000000002 9.767900000000001
26.351999999999997 9.7639
27.366 9.769900000000002
27.243000000000002 9.7654
27.187 9.764000000000001
27.613 9.767000000000001
27.915 9.767000000000001
28.089 9.770000000000001
26.636 9.7685
26.38 9.770000000000001
26.324 9.7689
26.456000000000003 9.7695
27.865999999999996 9.7735
28.229 9.771099999999999
26.977 9.759800000000002
27.230999999999998 9.757800000000001
27.644999999999996 9.7573
26.842 9.750800000000002
26.11 9.7579
26.758 9.762500000000001
27.482 9.7665
26.956999999999997 9.764000000000001
26.183 9.761899999999999
27.535999999999998 9.761899999999999
27.340000000000003 9.7665
27.563 9.7624
27.573999999999998 9.7695
26.938000000000002 9.768500000000001
26.371 9.785499999999999
26.504 9.796999999999999
26.916999999999998 9.800999999999998
26.733 9.8035
26.638 9.805
26.788999999999994 9.807
27.048 9.810999999999998
27.969 9.8095
28.049999999999997 9.813
27.406 9.814
28.115999999999996 9.8215
27.443 9.821600000000002
27.377000000000002 9.8095
27.465 9.802
27.602 9.806
27.32 9.802999999999999
27.438000000000002 9.8171
27.561999999999998 9.8156
28.217 9.8191
28.583000000000002 9.823700000000002
27.333999999999996 9.8191
27.730999999999995 9.823700000000002
26.933999999999997 9.818600000000002
27.139999999999997 9.817
27.298000000000002 9.8185
27.209 9.8155
26.448 9.816600000000001
27.004 9.8191
26.475999999999996 9.8252
25.4 9.8192
25.979999999999997 9.8262
26.106999999999996 9.8277
26.089000000000002 9.8267
26.306 9.8263
26.608000000000004 9.818200000000001
25.973999999999997 9.8167
26.276 9.8247
25.607000000000003 9.8278
25.670000000000005 9.8328
25.529999999999998 9.8399
25.576 9.84
25.945 9.844000000000001
25.504000000000005 9.8481
26.375999999999998 9.849100000000002
25.349999999999994 9.855200000000002
25.861 9.855700000000002
25.656999999999996 9.855200000000004
25.828 9.852200000000002
25.367 9.858699999999999
26.671999999999997 9.8506
25.813000000000002 9.845600000000001
44.321200000000005 12.837900000000001
27.492 9.776800000000001
27.139000000000003 9.840100000000001
25.83 9.8223
25.795000000000005 9.8152
26.027 9.819800000000003
38.08566 11.610745000000001
25.606999999999996 9.688300000000002
25.348 9.703100000000001
25.787 9.7259
26.133 9.7321
26.411 9.7677
26.14 9.785800000000002
25.765 9.8007
25.434999999999995 9.809700000000001
25.489 9.8255
26.192999999999998 9.8423
24.846999999999998 9.829000000000002
23.796999999999997 9.8185
23.616999999999997 9.812400000000002
39.281 13.035073
26.583000000000002 9.6992
26.154000000000003 9.691699999999999
25.977 9.6947
26.921 9.6913
26.888 9.6928
26.892 9.6993
25.753000000000004 9.7125
25.858999999999998 9.7309
25.75 9.7325
26.011 9.734
26.44 9.7416
26.747 9.7608
27.237000000000002 9.7913
27.309000000000005 9.856000000000002
34.570785 12.35812
27.773999999999997 9.2807
26.834000000000003 9.430700000000002
34.9662 11.048799999999998
29.022 9.4619
29.235999999999997 9.531100000000002
28.148 9.575899999999999
27.992 9.591
28.735 9.603299999999999
28.118 9.6215
34.144 10.5426
28.359 9.5816
28.060000000000002 9.6884
27.961000000000002 9.716999999999999
28.138999999999996 9.7554
29.000000000000004 9.8138
28.16099999999999 9.8896
28.118 9.900599999999999
27.496999999999993 9.9258
27.759 9.9375
27.596999999999998 9.9475
27.131999999999994 9.9627
27.673 9.969299999999999
27.718000000000004 9.970799999999997
27.525 9.979500000000002
27.529999999999998 9.9872
27.996999999999993 9.996799999999999
28.374 10.002299999999998
27.950999999999997 10.0035
28.363 10.0095
27.572999999999997 10.011899999999999
28.58 10.0069
28.372000000000003 10.0024
28.525 10.0034
28.238000000000003 10.000900000000001
28.099 10.003400000000001
28.454 10.002
28.383000000000003 10.008500000000002
27.561999999999998 10.009500000000001
27.424 10.013
27.893 10.011999999999999
28.963 10.013
28.811999999999998 10.005
28.701999999999995 10.002
28.498 10.001500000000002
27.923999999999992 10.005
27.291999999999994 10.003100000000002
28.225 10.008700000000001
27.215 10.0082
26.434 10.012199999999998
27.349999999999998 10.012699999999999
27.941 10.0127
27.701999999999998 10.0117
27.871999999999996 10.012699999999999
28.461000000000002 10.013200000000001
28.949 10.0132
29.091999999999995 10.012699999999999
29.349000000000004 10.023300000000003
29.201999999999995 10.023800000000001
29.142000000000003 10.0233
29.041 10.0304
28.161 10.0319
28.469 10.026900000000001
28.382 10.0304
28.517999999999994 10.0355
28.491 10.0345
28.070999999999994 10.0359
28.155 10.043
28.454 10.043999999999999
28.573000000000004 10.048099999999998
28.064 10.037099999999997
27.936000000000007 10.040000000000001
27.578000000000003 10.039000000000001
28.04 10.0495
29.387 10.064600000000002
30.084 10.069600000000001
29.866999999999997 10.0807
30.114 10.1343
30.154000000000003 10.1774
29.694000000000003 10.1774
27.510999999999996 10.1744
27.693999999999996 10.1689
27.681 10.1679
27.294999999999998 10.172899999999998
27.755000000000003 10.172900000000002
26.946000000000005 10.176000000000002
27.138 10.179499999999999
26.645000000000003 10.179499999999999
27.103000000000005 10.188
27.605 10.188500000000001
26.809 10.189499999999999
27.557 10.1875
27.026 10.1935
27.387 10.1905
27.557000000000002 10.212
27.11 10.213999999999999
27.944000000000003 10.2115
27.212000000000003 10.202499999999999
27.212999999999997 10.198500000000001
27.101 10.206
32.5007 11.8119
38.0074 12.674299999999999
27.037 9.7325
27.343999999999998 9.7823
27.700999999999997 9.777499999999998
28.472 9.7752
29.364 9.811200000000001
29.364 9.8799
29.103999999999996 9.9465
29.525999999999993 9.9975
30.667 10.3843
28.729 10.3857
29.073999999999998 10.3955
28.675000000000004 10.3796
30.028000000000006 10.3833
30.117999999999995 10.401
28.413 10.4091
28.823 10.4145
28.783 10.421700000000001
28.201999999999998 10.4342
28.103999999999996 10.4462
27.837999999999997 10.440100000000001
27.782 10.4563
28.054000000000002 10.4903
28.929999999999996 10.4963
28.880999999999997 10.4683
29.502999999999997 10.4637
29.897000000000006 10.468200000000001
29.825000000000003 10.4702
29.942999999999998 10.4673
29.622 10.4668
