45.65926 15.753300000000001
41.96924 15.297399999999998
49.36203999999999 16.2484
37.524100000000004 14.861699999999999
40.02585 14.8757
45.62969999999999 15.763300000000003
52.48893999999999 16.8068
42.46450000000001 15.2897
47.513 16.238
52.864999999999995 16.788
46.14574 15.741300000000003
51.99259999999999 16.616600000000002
46.348609999999994 15.7799
39.30258 14.741099999999996
44.857459999999996 15.5712
45.4284 15.695
52.316430000000004 16.7344
48.831610000000005 16.1207
48.185610000000004 15.957199999999998
43.208780000000004 15.194500000000003
43.64503999999999 15.142800000000001
43.97605 15.366700000000003
40.89833 14.9739
43.46761 15.2149
40.583650000000006 14.802999999999999
44.92122 15.586600000000002
37.83143 14.452200000000001
34.53499 14.241999999999999
48.948899999999995 16.069599999999998
46.04849 15.610100000000001
41.18806 15.095500000000001
40.462999999999994 14.794000000000002
46.03216 15.6029
44.728910000000006 15.6028
36.22661 14.5672
39.59209 14.736300000000002
52.94617 16.8238
53.12026000000001 16.7793
34.74003999999999 14.1583
47.18102 15.656400000000001
46.840540000000004 15.639800000000001
43.115610000000004 15.138300000000001
22.75573 12.016499999999999
44.26221 15.310400000000001
46.127610000000004 15.6533
45.94449999999999 15.659799999999999
47.41404 15.635300000000003
36.02885 13.968499999999997
39.89896 14.5096
39.07873 14.242100000000002
35.84129 13.7469
39.67927 14.0647
37.65879 13.752600000000001
33.623999999999995 13.195799999999998
43.63559 14.3215
40.26175 13.953300000000002
40.33401 13.911099999999998
36.73208 13.484499999999999
35.35406 13.1917
36.3242 13.268099999999997
39.76654 13.573300000000001
39.15225 13.387699999999999
47.739079999999994 14.578400000000002
49.929559999999995 14.838400000000002
39.43605 13.513800000000002
28.748050000000003 12.0001
28.415329999999994 12.009899999999998
33.828610000000005 12.637799999999999
26.664469999999994 11.9302
29.060560000000002 12.0779
35.925810000000006 12.790799999999999
20.99843 11.151999999999997
18.77165 11.0795
32.69074 12.694600000000001
30.650650000000002 12.2814
31.825920000000004 12.2208
38.32183 12.8678
22.40709 11.193399999999999
19.97683 11.230600000000003
37.55986 12.916600000000003
21.772730000000003 11.076400000000001
20.73251 11.0335
37.52909000000001 12.782499999999999
19.953750000000003 11.0832
22.56211 11.1354
43.854690000000005 13.130499999999998
28.86168 11.627100000000002
22.234619999999996 11.101299999999998
34.74343 12.371700000000002
24.24833 11.250300000000001
29.246859999999998 11.7123
40.758250000000004 12.8132
25.18465 11.306499999999998
21.1148 10.8547
32.86247999999999 12.102899999999998
24.85447 11.334399999999999
25.431570000000004 11.4011
30.109149999999996 11.8227
26.50453 11.446199999999997
24.82658 11.312999999999999
27.721719999999994 11.5526
31.269239999999996 11.941500000000001
24.496679999999998 11.233200000000002
25.15001 11.3316
33.46672 12.2521
24.080720000000003 11.2227
24.365270000000002 11.232800000000001
38.41625 12.6753
23.63671 11.1816
22.531219999999998 11.1526
38.788329999999995 12.797199999999997
22.003909999999998 10.998
20.025859999999998 10.979
37.56632 12.7775
24.1931 11.2952
25.93996 11.4261
42.40397 13.1816
27.495670000000004 11.6672
26.101020000000002 11.432999999999998
36.03152 12.4102
25.10736 11.3771
28.80535 11.820099999999998
39.77459 12.891000000000002
31.640690000000006 11.9614
22.61037 11.0661
28.28509 11.6695
28.442609999999995 11.677499999999998
27.160080000000004 11.499300000000002
27.72009 11.5594
27.442950000000003 11.6239
24.647159999999996 11.3196
22.861079999999994 11.067200000000001
31.275719999999996 11.830099999999998
23.76694 11.107299999999999
19.89018 10.8585
37.03069 12.3288
27.48456 11.2697
22.888960000000004 10.9792
33.812239999999996 11.923300000000001
20.103019999999997 10.6873
24.153179999999995 11.0298
37.688539999999996 12.257799999999998
22.38956 10.9224
25.15175 11.134599999999999
30.96933 11.6567
22.85781 10.903199999999998
18.77156 10.520299999999999
25.77371 11.127300000000002
28.145049999999998 11.414299999999999
22.83399 10.9331
22.656039999999997 10.895699999999998
27.67419 11.461899999999998
21.240550000000002 10.937999999999999
19.14058 10.838199999999999
35.68606 12.3164
20.563570000000002 10.7828
20.129800000000003 10.815999999999999
38.83163 12.6886
27.27292 11.4903
29.11687 11.726299999999998
29.165599999999998 11.7758
19.44659 10.838
28.22343 11.6108
29.837230000000005 11.7605
27.25634 11.565
25.456709999999998 11.408
27.30149 11.641599999999999
29.98939 11.8713
29.427480000000006 11.9333
29.17644 11.845799999999999
33.709500000000006 12.447899999999997
28.38289 11.9099
22.71253 11.2599
38.416430000000005 12.8755
26.48174 11.650900000000002
24.99614 11.484499999999999
37.157320000000006 13.2331
29.25183 12.1431
35.934779999999996 12.917000000000002
36.9482 12.8433
26.98733 11.688200000000002
25.885630000000003 11.7442
32.03398 12.337399999999999
34.009820000000005 12.569700000000001
35.14732 12.693299999999999
33.665259999999996 12.5473
33.69254 12.6135
33.87525 12.564899999999998
24.977459999999997 11.621299999999998
34.618300000000005 12.6808
21.064529999999998 11.516699999999998
15.711730000000001 12.530599999999998
36.74039 12.9072
33.20315 12.4724
11.345629999999998 10.0666
22.44249 11.443100000000001
26.94297 11.9633
51.034369999999996 14.5916
61.42399999999999 15.778
33.099380000000004 12.691500000000003
29.437480000000004 12.247300000000001
31.50929 12.5022
30.78805 12.290199999999999
38.02153 13.083000000000004
36.69901 13.0164
30.90624 12.5079
35.35912999999999 12.8684
38.98565000000001 13.1566
32.33387 12.3409
23.80293 11.5102
15.73964 10.6269
21.81665 11.337100000000001
45.83941 14.0687
38.15074 13.183700000000002
42.95908 14.017700000000003
31.533520000000003 12.8863
30.606440000000003 12.5637
38.431290000000004 13.4934
32.97293 12.835099999999999
25.68255 11.9658
32.26779 12.811599999999999
29.983909999999998 12.5461
27.539219999999997 12.2355
36.19582 13.226299999999998
36.64968999999999 13.4551
40.37569 14.1095
34.64115999999999 13.466499999999998
39.731449999999995 13.9012
40.01534999999999 13.977400000000001
36.19681 13.454699999999997
32.99493 13.131799999999998
46.888200000000005 14.9332
44.397 14.638000000000002
36.959610000000005 13.858900000000002
40.47539 14.330600000000002
32.53053 13.3741
39.650650000000006 14.308900000000001
46.07926 15.413200000000002
46.71754 15.429699999999999
32.341120000000004 13.4242
45.223220000000005 15.389999999999999
40.06916 14.6042
41.570040000000006 14.6782
28.14648 13.153500000000001
46.74149 15.6715
47.45068 15.6641
53.583000000000006 16.643
36.28297 14.1458
40.01952 14.764800000000001
45.916610000000006 15.869900000000001
45.374469999999995 15.747299999999997
42.69981000000001 15.2639
46.509499999999996 16.253999999999998
44.76431 15.809499999999998
46.23363 15.993099999999998
47.382 16.529
55.84499999999999 17.543
41.573209999999996 15.3004
43.63811 15.552
47.146 16.4562
48.46813 16.8429
46.117059999999995 16.3933
59.680000000000014 18.43
57.10999999999999 17.883
47.586059999999996 16.2999
40.899060000000006 15.299299999999999
49.517 16.699
45.77359 16.4711
46.321830000000006 16.456100000000003
58.074999999999996 18.110000000000003
49.6031 16.803
47.13386 16.2109
41.57787 15.4169
26.426280000000002 12.905200000000002
51.19308 17.073
52.97265 17.036
53.052 17.369
52.014 16.686999999999998
40.28591 14.832800000000002
40.462619999999994 14.828300000000002
38.94974 14.6086
47.19203000000001 15.756
54.18811 16.846
49.07037 16.2051
46.484460000000006 15.9322
39.00149 14.927800000000001
38.47467999999999 14.813900000000002
47.102 15.870000000000001
