9.483639999999998 52.81849999999999
9.663400000000001 53.0771
9.56659 52.6702
10.743180000000002 52.94380000000001
10.050149999999999 53.21889999999998
9.23181 52.732600000000005
9.523829999999998 52.8617
9.57458 53.1431
8.55079 52.7365
8.63718 52.7815
8.562679999999999 53.15230000000001
9.064210000000001 52.76130000000001
9.285440000000001 52.7822
9.783700000000001 53.166599999999995
9.54259 52.814699999999995
9.245379999999999 52.753800000000005
9.57331 53.12519999999999
8.72436 52.7662
9.090229999999998 52.7149
9.68545 53.112300000000005
9.31808 52.855799999999995
10.00895 53.84139999999999
10.776129999999998 54.269800000000004
10.274860000000002 53.948299999999996
8.85621 52.65489999999999
12.549949999999999 55.315799999999996
9.49906 53.0137
8.857249999999999 52.627900000000004
12.076000000000004 53.09539999999999
9.684809999999999 53.13680000000001
8.900579999999998 52.6672
9.932100000000002 52.833000000000006
10.283879999999998 53.132200000000005
9.10173 52.696799999999996
9.415499999999998 52.69669999999999
8.801099999999998 53.06139999999999
7.567229999999999 52.876099999999994
8.39641 52.696999999999996
10.768850000000002 55.38609999999999
7.44102 52.877599999999994
8.659360000000001 52.80669999999999
7.92248 53.1101
7.518039999999999 52.68489999999999
8.54883 52.795199999999994
8.655679999999998 53.173700000000004
7.319639999999998 52.67949999999999
8.173599999999997 52.7752
7.84479 53.1007
7.796869999999998 52.66030000000001
9.13543 52.770700000000005
8.609089999999998 53.14869999999999
7.626860000000002 52.6775
7.7445200000000005 52.678000000000004
7.972950000000001 53.113699999999994
7.654380000000003 52.76099999999999
8.11899 52.62920000000001
9.41867 52.7618
7.83127 53.13079999999999
7.505870000000002 52.6691
7.954129999999999 52.785399999999996
7.897490000000003 53.10470000000001
8.10915 52.6831
8.538010000000002 52.64070000000001
8.497459999999998 53.00619999999999
7.823459999999997 52.893100000000004
9.31698 52.6216
10.05384 52.942499999999995
10.026440000000001 53.03930000000001
10.226489999999998 52.640699999999995
10.450690000000002 52.910500000000006
9.445619999999998 53.009499999999996
9.225029999999999 52.6242
9.87471 52.801700000000004
10.731379999999998 53.1034
9.899209999999997 52.65259999999999
9.761030000000002 52.79240000000001
9.471680000000001 53.087799999999994
9.485090000000001 52.67950000000001
10.394160000000003 52.90220000000001
10.763499999999999 53.04990000000001
9.63801 52.6273
9.696769999999997 52.705200000000005
12.04796 55.49430000000001
10.281460000000001 52.735
10.2937 52.76439999999999
10.153449999999998 53.13710000000002
9.469549999999998 52.68470000000001
9.99488 52.8739
10.69875 53.0381
9.607319999999998 52.61670000000001
9.909490000000003 52.779399999999995
10.082279999999999 53.096400000000024
10.327670000000001 52.67290000000001
9.774379999999999 52.67600000000001
9.1195 53.1062
8.200820000000002 52.669399999999996
9.204209999999998 52.69790000000001
9.562110000000002 53.131099999999996
8.17747 52.6772
7.863329999999999 52.591300000000004
8.13336 53.0044
9.043749999999998 52.827499999999986
7.851560000000002 52.602500000000006
8.876349999999999 53.043400000000005
7.813999999999998 52.7697
8.7952 52.652799999999985
8.697410000000001 53.05610000000001
7.957659999999998 52.69020000000002
7.70546 52.54940000000001
8.788569999999998 52.672500000000014
9.17134 53.080400000000004
7.535069999999999 52.60680000000001
7.94561 52.55970000000001
8.26464 52.61300000000001
9.022310000000001 53.069100000000006
8.478190000000001 52.6538
8.305849999999998 52.72239999999999
7.541860000000002 52.966899999999995
8.550709999999999 52.5611
8.99735 52.75700000000001
7.81995 52.99870000000001
8.55147 52.5701
8.4055 52.818500000000014
9.248079999999998 53.0079
7.935690000000001 52.578199999999995
8.29433 53.0119
7.921830000000002 52.77419999999999
9.390839999999997 52.59180000000001
8.428769999999998 52.73030000000001
7.905399999999998 53.002100000000006
7.74878 52.549499999999995
8.87979 53.0355
8.495260000000002 52.692800000000005
8.66455 52.6065
7.87342 53.024800000000006
7.847980000000001 52.61010000000002
8.86354 52.6282
8.043279999999998 53.03489999999999
7.731510000000001 52.60080000000001
8.41087 52.5868
9.298959999999997 53.0562
7.59201 52.59259999999999
7.633290000000001 52.5397
8.41428 53.0179
8.60001 52.647199999999984
8.761780000000002 52.5358
8.412949999999999 52.9722
7.7737 52.719800000000006
8.04389 52.510699999999986
9.28708 52.732600000000005
7.921989999999999 52.9822
8.117199999999999 52.516899999999985
8.137559999999999 52.55600000000001
9.149589999999996 53.0319
7.4782399999999996 52.5818
8.18185 52.5771
8.09843 53.0011
9.048180000000002 52.6087
8.29389 52.5987
7.853509999999998 53.015299999999996
7.709769999999998 52.5779
7.904140000000001 52.482600000000005
8.88533 52.9212
8.844190000000001 52.81119999999999
8.09827 52.517199999999995
8.18266 52.9844
7.8395199999999985 52.677600000000005
7.99114 52.48750000000001
8.826429999999998 52.8065
8.622679999999999 52.890599999999985
8.201529999999998 52.482099999999996
8.12985 52.577
8.346829999999999 52.99709999999999
7.92737 52.54789999999999
8.573910000000003 52.5335
8.71864 53.016000000000005
7.774820000000002 52.5832
7.790180000000002 52.45879999999998
8.247689999999999 52.9103
7.745149999999999 52.699
8.40605 52.5001
8.362950000000001 52.49119999999999
8.434349999999997 52.692899999999995
8.154410000000004 52.9247
7.841929999999999 52.495599999999996
8.037840000000001 52.5304
8.947379999999999 53.009200000000014
8.30524 52.61280000000001
7.723030000000001 52.45040000000001
8.555739999999998 52.72280000000001
7.724819999999999 52.8856
7.592900000000001 52.463
8.38109 52.47959999999999
8.86233 52.8876
7.669079999999999 52.72520000000001
7.823079999999999 52.452200000000005
9.900710000000002 52.726300000000016
9.340959999999999 53.231399999999994
8.22283 52.6563
9.698010000000002 53.765699999999995
8.55789 52.9841
7.77665 52.800999999999995
7.3961900000000025 52.5438
11.169970000000001 56.131699999999995
11.343419999999998 54.3007
9.835230000000001 52.7428
8.74542 52.58579999999999
9.782879999999999 52.7853
9.122509999999998 52.99219999999999
9.389779999999998 52.6027
9.76716 52.6026
12.603019999999997 54.97940000000001
10.48063 53.0992
9.34874 52.67050000000001
9.227489999999996 52.5583
10.104289999999999 52.86909999999999
9.92951 52.96930000000002
11.44 54.929700000000004
8.84448 52.548100000000005
9.73856 52.66820000000001
9.89054 53.0616
9.64461 52.64
9.9958 52.6047
10.30102 52.8541
9.580409999999999 52.9127
9.02167 52.5472
9.42804 52.552600000000005
9.555869999999999 52.5774
11.464039999999997 54.2673
11.26633 53.94749999999999
9.417710000000001 52.5617
11.185989999999999 54.169100000000014
9.520410000000002 52.77120000000001
8.623840000000003 52.5438
9.232919999999998 52.6585
10.95048 54.313600000000015
9.235560000000001 52.6018
9.21618 52.538999999999994
10.571330000000001 52.886500000000005
9.863689999999997 52.89130000000001
12.531300000000002 54.907000000000004
10.20215 52.569300000000005
9.978969999999999 52.948800000000006
9.454389999999998 52.7639
9.407619999999998 52.54259999999999
9.3402 52.5298
10.35402 52.757799999999996
10.507659999999998 53.04359999999999
10.50395 52.62720000000001
9.482510000000001 52.54599999999999
9.649480000000002 52.870799999999996
9.904749999999998 52.88850000000001
10.317989999999998 52.5558
10.53735 52.6433
11.19995 54.218699999999984
11.012430000000004 53.772299999999994
11.955880000000002 53.776100000000014
14.552650000000003 57.3138
10.843240000000002 53.07979999999999
10.1822 52.619899999999994
10.200810000000002 52.63350000000001
9.931189999999999 53.02009999999999
9.459579999999997 52.562999999999995
10.197989999999997 52.7483
10.717369999999999 52.97509999999998
10.78744 52.5675
9.98493 56.437400000000004
12.518899999999999 57.1472
9.668600000000001 52.809
9.843209999999997 52.5026
10.616059999999997 52.5626
10.70863 52.9535
9.62567 52.6663
9.657469999999996 52.4952
10.11679 52.79450000000001
10.2638 52.8383
10.41841 52.522699999999986
10.833699999999999 52.90990000000001
9.45409 52.71559999999999
9.66203 52.474599999999995
10.320820000000001 52.85470000000001
9.96941 52.785199999999996
10.422540000000001 52.522699999999986
10.84078 52.5697
10.291389999999998 52.985400000000006
9.876420000000001 52.55829999999999
9.679149999999998 52.4687
10.34351 52.94379999999998
