20.037999999999997 11.111
20.194000000000003 11.167
19.746999999999996 11.075
19.880000000000003 11.105
20.238 11.167
19.959999999999997 11.079
20.145 11.100999999999999
19.782999999999998 11.158000000000001
19.775000000000002 11.072
20.31 11.091
20.355999999999998 11.18
20.429000000000002 11.105
20.319000000000003 11.106
20.529 11.184000000000001
20.386999999999997 11.081000000000001
20.74 11.078999999999999
20.591 11.175
20.404 11.086
20.52 11.078000000000001
20.544 11.171000000000001
19.965000000000003 11.088999999999999
20.211000000000002 11.082
20.242999999999995 11.195
20.006 11.1
20.019000000000002 11.075000000000001
20.229999999999997 11.168
20.093 11.126
20.262 11.095999999999998
20.493 11.145
20.037999999999997 11.145999999999999
19.778 11.081
20.029 11.111
20.177999999999997 11.178000000000003
20.116999999999997 11.086
20.174 11.084
20.587 11.165
20.204000000000004 11.116999999999999
20.145 11.072000000000001
20.344999999999995 11.172
19.968 11.081000000000001
19.955 11.086000000000002
19.708000000000002 11.174
19.926 11.084000000000001
20.451999999999998 11.123
20.474 11.196000000000002
20.505 11.088
21.098 11.107
21.059 11.169
20.527000000000005 11.089000000000002
20.276 11.087
20.368 11.173
20.291 11.094000000000001
20.651000000000003 11.071
20.758999999999997 11.181000000000001
20.355999999999998 11.101
20.205000000000002 11.071
20.327 11.086
20.603 11.169
20.227 11.081999999999999
20.526000000000003 11.107
20.615 11.171000000000001
20.685000000000002 11.080000000000002
20.507 11.068000000000001
20.480000000000004 11.162
20.128 11.088
20.291 11.062000000000003
20.637 11.144
20.559 11.127999999999998
20.401 11.080000000000002
20.904 11.131
20.663 11.146
20.214 11.067000000000002
20.198999999999998 11.082
19.939999999999998 11.156
19.919999999999998 11.072
20.146 11.113000000000001
19.823 11.161999999999999
19.849 11.092
20.324 11.143
20.457 11.19
20.312 11.119000000000002
20.407999999999998 11.137
20.516000000000002 11.225
20.068 11.152
20.346999999999998 11.149999999999999
20.419999999999998 11.245999999999999
20.078000000000003 11.161999999999999
20.416 11.214
20.505000000000003 11.228
20.474 11.159999999999998
20.593 11.196
20.523999999999997 11.252
20.667 11.189999999999998
20.607999999999997 11.206000000000001
20.899999999999995 11.306
20.676 11.248999999999999
20.78 11.19
20.044999999999998 11.022000000000002
20.041 10.926
19.729 10.883999999999999
19.709 10.975
19.413 10.915
19.418 10.875
19.436 10.959
19.219 10.927000000000001
19.789999999999996 10.991000000000001
19.561 10.976999999999999
19.329 10.926
19.156000000000002 10.865
19.481 10.88
19.247999999999998 10.962000000000002
19.329 10.884
19.523 10.873
19.259999999999998 10.864
19.604 10.952
19.403000000000002 10.876
19.407999999999998 10.929
19.157 10.895
19.126 10.842
19.471 10.922999999999998
19.311 10.902000000000003
19.598000000000003 10.897000000000002
20.380000000000003 11.179
20.135 11.14
20.289 11.066
20.376 11.141000000000002
19.970000000000002 11.029
19.628 10.902000000000003
19.529000000000003 10.959000000000001
19.055 10.919
19.139999999999997 10.86
19.159000000000002 10.944
18.78 10.887
19.047 10.863
19.203 10.943
18.777 10.873999999999999
18.817 10.856000000000002
19.031 10.939000000000002
19.267 10.881000000000002
19.639 10.899000000000001
19.861 10.979
19.32 10.917
19.427 10.896
19.474000000000004 10.956000000000001
19.384 10.889
19.117 10.862
19.355 10.946
19.308999999999997 10.917
19.247999999999998 10.870000000000001
19.616 10.943
19.398 10.931999999999999
19.522000000000002 10.874
19.903 10.906999999999998
19.848999999999997 10.972999999999999
19.622 10.908
19.956000000000003 10.908
19.874 10.979
19.692 10.903
19.722 10.943
19.806 10.991999999999999
19.608 10.913
19.691 10.897
20.31 10.961000000000002
20.177 10.959000000000001
20.215 10.892
20.610999999999997 10.983
20.111 10.940999999999999
19.922 10.876999999999999
20.16 10.937
20.1 10.947999999999999
19.788 10.875
20.092000000000006 10.891
19.702 10.956000000000001
19.076 10.881
18.943000000000005 10.876000000000001
19.406000000000002 10.96
19.032 10.882
18.947999999999997 10.86
19.063999999999997 10.943
19.021 10.913
18.664 10.861
19.627 10.861
20.206000000000003 10.913
20.044 10.937000000000001
20.019 10.865
20.117 10.879
19.781000000000002 10.954
19.104 10.883000000000001
18.946 10.859
18.843 10.911
18.405000000000005 10.94
18.448999999999998 10.865
18.655 10.863
18.664 10.938000000000002
18.451 10.924
18.378999999999998 10.864
18.356 10.914000000000001
18.535 10.95
18.340999999999998 10.867
18.494 10.868
18.973 10.952
18.596 10.912999999999998
18.383999999999997 10.856000000000002
18.762 10.872000000000002
18.853 10.955
18.730999999999998 10.894
18.805000000000003 10.863
18.916999999999998 10.91
18.995 10.946
18.65 10.858
18.503999999999998 10.858
18.922 10.891
18.939 10.964
18.641000000000002 10.89
18.402 10.871
18.75 10.931000000000001
18.392 10.953000000000001
18.341 10.873999999999999
18.494 10.872000000000002
18.902 10.917000000000002
18.985000000000003 10.966000000000001
18.666999999999998 10.879
18.741 10.870999999999999
19.372999999999998 10.929
19.196 10.963000000000001
19.219 10.884999999999998
19.466999999999995 10.883
19.820999999999998 10.884
19.435 10.985
19.231 10.932
19.207 10.899
19.183 10.979
19.274 10.956000000000001
18.987000000000005 10.899000000000001
19.293 10.937
19.239 10.99
18.92 10.901
19.072 10.909999999999998
19.735 10.984
19.393 11.006999999999998
19.079 10.918
19.0 10.918999999999999
19.066999999999997 10.982000000000001
18.985000000000003 10.981
19.244999999999997 10.934000000000001
18.980999999999998 10.926
19.174 10.962000000000002
17.990000000000002 10.997
18.630999999999997 10.922
19.198999999999998 10.926
19.426999999999996 10.970999999999998
19.540999999999997 11.01
19.559 10.942
19.391000000000002 10.972
19.245999999999995 11.035
19.143 10.944
18.985999999999997 10.932
19.207 10.94
19.790000000000003 11.124999999999998
20.365 11.166
20.268 11.157999999999998
19.765 11.054
19.278000000000002 10.913
18.542 10.981
19.856 11.034999999999998
18.842 10.911999999999999
19.403000000000002 10.898000000000001
19.139 10.988999999999999
19.118000000000002 10.989
19.373 10.952
18.930999999999997 10.901000000000002
19.570999999999998 10.985999999999999
19.066 10.949
19.07 10.894
19.564 10.956000000000001
19.192999999999998 10.974999999999998
18.89 10.91
19.416 10.994
19.055 10.935000000000002
19.287000000000003 10.892
19.739 10.958
19.601999999999997 10.968
19.688 10.886999999999999
19.839000000000002 10.914
19.175 10.985
19.024 10.907
19.008 10.914
18.445999999999998 10.979000000000001
