6.016360000000001 29.989010000000004
6.1849200000000035 30.017310000000002
6.139498999999999 29.99181
6.423868000000001 30.01931000000001
6.540492999999999 30.099309999999996
6.635597000000002 30.09651000000001
6.457882999999999 30.108110000000003
6.417767 30.08591000000002
5.9588980000000005 30.010810000000003
5.987223000000003 30.004909999999995
5.7525229999999965 29.992710000000006
5.795123 29.998710000000006
5.753139000000001 30.00741
6.1411450000000025 30.109410000000015
5.979424000000002 30.00941000000001
6.321904000000002 30.125415000000018
6.3847700000000005 30.139415000000007
6.706493000000004 30.15061500000001
6.607113000000002 30.155915000000004
6.512563000000003 30.096915000000013
6.219958999999998 30.11911500000001
6.139778999999998 30.112215000000003
5.92518 30.131815000000007
5.881259000000003 30.143715
5.682237999999999 30.123215000000027
5.934282999999998 30.15531500000001
5.9647489999999985 30.16311500000002
6.214588000000001 30.183615000000017
6.251733000000003 30.19791500000002
6.339713000000001 30.204415000000008
6.156063999999997 30.201115000000012
6.033109000000001 30.15541500000001
5.9993690000000015 30.18351500000002
6.098254000000003 30.144715000000012
5.958548999999999 30.15011500000001
5.910134000000001 30.107315
5.813599 30.097719000000012
6.274988000000002 30.21801500000001
6.338623 30.221315000000022
6.693358999999999 30.254315000000005
6.543068999999998 30.285514999999986
6.488799 30.29421499999999
6.201414 30.263015
6.224074 30.284515
5.889034000000004 30.20181500000002
5.858764000000001 30.208815000000012
5.510269999999999 30.181519000000005
5.621378999999999 30.232119
5.543994 30.22271899999999
6.051033000000003 30.270019000000005
6.109489000000002 30.250519000000008
6.383542999999999 30.29991900000002
6.381758 30.332419000000005
6.561469000000001 30.34291899999999
6.426794000000004 30.351718999999992
6.494947999999999 30.365515000000006
6.153299000000003 30.326815000000007
5.961607999999999 30.308114999999997
5.640042999999999 30.291114999999998
5.776039 30.295015000000003
5.734139000000001 30.286715000000008
5.9993669999999995 30.341015000000006
5.923437999999998 30.30431499999998
6.296993000000006 30.378915000000006
6.394343999999999 30.396615000000004
6.562538999999999 30.409215
6.3994979999999995 30.405815000000008
6.252083000000002 30.356515
6.013042999999999 30.344914999999993
5.943843 30.364415000000005
5.739912999999997 30.356315000000006
5.568172999999998 30.303015000000006
5.660248000000001 30.39741
6.056713000000001 30.431515000000005
5.926800000000002 30.374614999999995
6.309643000000002 30.449215000000006
6.263608000000001 30.463115000000013
6.344413000000003 30.47621500000001
6.771558999999999 30.623615000000022
6.1585399999999995 30.331814999999995
5.850600000000003 30.32321500000001
5.895793000000001 30.316315000000003
5.7446589999999995 30.291515000000008
5.796013 30.299014999999983
5.77533 30.270715
6.035292999999998 30.342718999999992
6.121548999999997 30.36581500000001
6.382928999999998 30.408118999999996
6.432188999999999 30.428315000000005
6.519473000000002 30.445115000000005
6.136043000000001 30.376215000000006
5.930443000000001 30.340014999999998
5.938633000000001 30.423915
5.896508000000002 30.371615000000002
5.648288000000001 30.35801
5.676433000000001 30.35271
5.645549 30.359510000000007
6.130947999999998 30.438815
6.211082999999997 30.433215000000008
6.404283000000001 30.456615000000003
6.363117999999998 30.479515000000003
6.539142999999998 30.498915000000004
6.357963000000002 30.483915
6.308178000000002 30.498015000000006
5.973718 30.468414999999986
5.804098 30.455914999999994
5.589736999999999 30.439815000000003
5.641098 30.447015000000004
5.5591579999999965 30.442514999999997
5.929823 30.473115
6.074748999999998 30.511209999999995
6.421875000000002 30.54241499999999
6.474899999999999 30.54251499999999
6.534969000000003 30.547019
6.196214 30.431219000000002
6.159682999999999 30.466419000000005
5.996699999999999 30.479819000000003
5.943603999999999 30.40341900000002
5.867309000000001 30.461919000000016
5.924314000000002 30.449819000000016
5.873244000000002 30.480519
6.239173000000001 30.567418999999994
6.1069980000000035 30.51441900000001
6.401233999999999 30.591419
6.362932999999998 30.604419
6.423187999999998 30.588618999999994
6.165443000000001 30.584218999999997
6.024807999999999 30.537319
5.732587999999998 30.25571900000001
5.728997000000001 30.277019
5.624613 30.273318999999994
5.922962999999998 30.452419000000003
7.331592999999999 30.672619
6.298238000000003 30.471918999999993
5.904273 30.385424
6.237048000000002 30.481623999999986
6.344718000000002 30.525218999999993
6.522387999999997 30.542524000000004
6.426559000000004 30.558318999999994
6.5195979999999984 30.539819000000023
6.220902999999999 30.535419
6.043058000000001 30.47751899999999
5.881483000000002 30.493224
5.970193000000002 30.499223999999987
5.9386329999999985 30.51161899999999
6.326872999999998 30.569419000000003
6.317908000000001 30.557319
6.543957999999998 30.601819000000003
6.433627000000001 30.62241900000001
6.562206999999999 30.638719
6.453042999999998 30.642518999999997
6.509607999999998 30.654714999999992
6.4580030000000015 31.039058999999998
6.285367999999998 30.477419000000012
5.953563000000003 30.437015000000006
6.130958 30.508715000000013
5.991752999999999 30.505914999999995
6.242832999999999 30.56371499999999
6.125338000000002 30.292114999999995
6.421942999999997 30.443114999999988
7.181543000000001 30.755119000000008
6.6153580000000005 30.532419000000004
6.455303000000001 30.523018999999994
6.5470130000000015 30.529315
6.406613 30.532014999999994
6.465378000000001 30.549914999999995
6.304637999999999 30.552014999999987
6.410376999999998 30.582009999999986
6.430718000000002 30.579909999999998
6.752502999999999 30.58470999999998
6.639512999999997 30.60461499999998
6.800602999999998 30.628509999999988
6.717748000000004 30.64270999999999
6.828537999999999 30.65181499999999
6.729209000000001 30.658609999999996
6.665967999999999 30.38881499999999
6.592068999999999 30.650709999999993
6.358733 30.57281499999998
5.948102999999998 30.56151499999999
5.868847999999998 30.570614999999997
5.800798 30.621409999999997
6.1671580000000015 30.649814999999997
6.254472999999998 30.64801499999999
6.5649289999999985 30.671515000000007
6.588422999999996 30.682015
6.680873000000001 30.697615000000013
6.377218 30.661615000000005
6.170343000000001 30.62491499999999
5.9248829999999995 30.58741499999999
5.948052999999998 30.339814999999998
5.9825330000000045 30.353214999999995
6.270048 30.513014999999992
7.372739 30.723918999999988
6.361097999999998 30.534618999999996
6.179978000000004 30.478815000000004
6.475543 30.557915
6.437047999999999 30.570715
6.724803000000003 30.595710000000004
6.582912999999999 30.602515000000007
6.620002999999998 30.61261500000001
6.107758 30.475815000000004
6.217073999999998 30.59081500000001
6.263383999999999 30.596115
6.601493 30.63401500000001
6.565832999999999 30.66211
6.859048 30.700214999999993
6.796108 30.715114999999983
6.850762999999996 30.707514999999987
6.763738000000001 30.707414999999997
6.929427000000002 30.721214999999997
7.0665030000000035 30.757215
7.466133000000001 30.807614999999988
7.051263 30.83681499999998
7.378098000000002 30.87491499999999
7.208838000000002 30.87421499999999
7.199113000000003 30.883114999999982
6.984938000000001 30.913815000000007
7.083312999999998 30.940514999999984
7.120188999999997 30.957214999999994
7.062762999999994 30.957110000000004
7.318682999999998 31.01371000000001
8.023403999999996 31.07121500000001
8.218299000000002 31.122415000000014
8.207484000000001 31.135814999999983
7.828589 31.14481500000001
7.913093000000003 31.182019000000004
8.351342999999998 31.236219
7.272329000000001 31.109514999999988
6.678468999999998 31.065814999999997
6.528518999999999 31.14281499999999
6.5555939999999975 31.127414999999996
6.898974000000001 31.176314999999992
6.815849 31.183214999999997
6.865963999999999 31.182314999999996
6.705313999999994 31.181514999999994
6.588392999999999 31.12291499999999
6.117984000000002 31.082915
6.047704999999996 31.088914999999993
5.75778 31.09691500000001
5.823774000000002 31.105115000000023
5.728440000000002 31.09271500000001
6.1207329999999995 31.134014999999987
6.133013000000002 31.13871499999999
6.463828999999997 31.16791499999999
6.474328 31.184514999999998
6.6794280000000015 31.213518999999994
6.576568000000001 31.220218999999993
6.619068 31.214614999999995
6.376902999999999 31.18891900000001
6.165532999999999 31.069319
6.024647999999997 31.126619000000005
6.132868 31.126419
6.045438000000002 31.129119
6.448163000000001 31.213618999999987
6.300413000000002 31.17661900000001
6.703383000000001 31.282218999999994
6.681143999999999 31.31691900000001
6.815228999999996 31.319518999999996
6.656972999999998 31.307219000000007
6.479912999999998 31.269219000000003
6.056338000000001 31.278419000000003
5.841153000000002 31.251618999999998
5.820243 31.24171899999999
5.909822999999999 31.27441899999999
5.805208000000001 31.267719000000007
6.1404380000000005 31.29371899999998
6.262403 31.32801900000001
6.658103 31.349919000000003
6.525834 31.34131899999999
6.55004 31.359318999999985
6.398548999999999 31.377118999999993
6.283370000000001 31.276018999999998
6.119753999999999 31.314919000000007
6.103783000000003 31.298924000000007
6.021684 31.318924000000003
6.087388999999999 31.319724000000015
5.878588999999998 31.24582400000001
6.4723429999999995 31.39452399999999
6.403811999999999 31.371219000000007
6.729106 31.415624000000015
6.645570000000001 31.425524000000003
6.700530000000003 31.444924000000015
6.477558999999998 31.440924000000013
6.339698999999999 31.387024000000007
5.824248000000002 31.335824000000002
5.789982999999999 31.350624000000003
5.661130000000003 31.35582400000001
6.003874000000001 31.405124
