7.943700000000001 7.5294
7.686699999999999 7.6187000000000005
8.1032 7.5867
7.8582 7.6088000000000005
8.0405 7.503599999999999
7.6143 7.5302
7.7834 7.643199999999998
7.475900000000002 7.6087
7.820099999999999 7.5584
7.1297000000000015 7.5356000000000005
7.8485 7.6112
7.3532 7.534700000000001
7.7819 7.5448
7.57 7.5295000000000005
8.049600000000002 7.671300000000001
7.431799999999999 7.503699999999999
7.788199999999999 7.643700000000001
7.6432 7.693399999999999
8.2121 7.6959
7.5874999999999995 7.6089
8.4084 7.6155
7.793500000000001 7.6812000000000005
7.866 7.678300000000002
7.6530000000000005 7.7002000000000015
8.5664 7.713400000000001
7.4830000000000005 7.6531
8.4503 7.630899999999999
7.9422999999999995 7.5837
8.3138 7.5806
7.5912999999999995 7.5906
8.1634 7.556099999999999
7.619500000000001 7.624800000000001
8.291700000000002 7.563800000000001
7.468399999999999 7.6141
8.016099999999998 7.6453999999999995
7.805000000000001 7.6339999999999995
8.222100000000001 7.6403
7.808499999999999 7.6011999999999995
8.7966 7.5927
7.7819 7.5975
8.341099999999999 7.6043
7.688199999999999 7.6241
8.2924 7.6011999999999995
7.7393 7.5837
7.8660000000000005 7.615600000000001
7.531800000000001 7.743899999999999
8.1803 7.6597
7.593500000000001 7.564599999999999
8.2314 7.524
7.833900000000001 7.5844000000000005
8.1938 7.594199999999998
7.7088 7.557600000000001
8.1733 7.584299999999999
7.4937000000000005 7.569000000000001
8.0749 7.5631
7.635599999999999 7.622799999999999
7.7843 7.592899999999999
7.6286 7.6119
8.5936 7.6225000000000005
7.2883000000000004 7.5821999999999985
8.1985 7.6149
7.5616 7.5668000000000015
9.4476 7.399
7.756799999999998 7.5318
8.2008 7.488
7.529400000000002 7.495199999999999
8.179499999999999 7.5048
7.334899999999999 7.450099999999998
7.9314 7.563000000000001
7.223399999999999 7.5103
7.915399999999999 7.5333
7.6552999999999995 7.447100000000001
7.621 7.502000000000001
7.8424 7.563000000000001
8.2122 7.663700000000001
7.248 7.3969000000000005
7.788700000000001 7.469399999999999
7.3517 7.4683
7.686 7.5172
7.347100000000001 7.477600000000001
7.425 7.498200000000001
7.281499999999999 7.533999999999999
7.574399999999999 7.534099999999999
7.264500000000002 7.438700000000001
7.740700000000002 7.4540999999999995
7.849100000000001 7.5111
7.578299999999999 7.4119
7.437099999999999 7.625699999999999
7.949200000000001 7.5729999999999995
7.135800000000001 7.503500000000001
7.6019000000000005 7.4889
7.611100000000001 7.4432
7.5668 7.569100000000001
7.7086000000000015 7.5363000000000016
7.524100000000001 7.4752
7.0046 7.492800000000001
8.046700000000001 7.5805
7.5126 7.595099999999999
7.6095999999999995 7.5906
7.8223 7.494300000000001
7.6972 7.427299999999999
7.1996 7.447699999999998
7.6323 7.5258
7.186200000000001 7.5003
7.753700000000001 7.5661
7.753100000000002 7.4722
7.701200000000001 7.502599999999999
7.240200000000001 7.5745000000000005
7.899600000000001 7.523299999999999
7.1602 7.492800000000001
7.5646 7.480600000000001
7.154800000000002 7.452500000000001
8.114600000000001 7.501300000000001
7.0337 7.585100000000001
7.608900000000002 7.5821
7.074099999999999 7.543899999999999
7.6865000000000006 7.581299999999999
7.1251 7.528000000000001
8.129100000000001 7.5141
7.080099999999999 7.4257
7.5981000000000005 7.503499999999999
7.3578 7.5318
8.833300000000001 7.544600000000001
7.9034 7.447299999999999
7.8492999999999995 7.521700000000001
7.6338 7.504899999999999
7.7782 7.5683
7.021999999999999 7.515799999999999
7.695100000000001 7.5478000000000005
7.247200000000002 7.477500000000001
7.5120000000000005 7.4439
7.081600000000001 7.491300000000001
7.5729999999999995 7.6011999999999995
7.442599999999999 7.524299999999999
8.5662 7.514799999999999
7.180600000000001 7.517299999999999
7.818700000000001 7.5407
7.091500000000001 7.5363
7.766699999999998 7.5607999999999995
7.1129 7.5257000000000005
7.601899999999999 7.5408
7.0931 7.577600000000001
7.367800000000001 7.506500000000001
6.874099999999999 7.476100000000001
8.0537 7.542299999999999
7.494400000000001 7.5844
7.9643999999999995 7.540900000000001
7.475199999999998 7.434099999999999
7.811599999999999 7.531700000000001
7.1808 7.4433
7.5211 7.5356
7.1488 7.537799999999999
7.393800000000001 7.519500000000001
7.2296 7.489
7.5951 7.577600000000001
7.2617 7.589599999999999
7.5509 7.456899999999999
8.5937 7.5371
8.162 7.494300000000001
7.698100000000001 7.5018
7.821600000000001 7.5234
7.607299999999999 7.557000000000001
7.6972 7.6278
7.222099999999999 7.532500000000001
7.7103 7.566799999999999
7.3157 7.5516
7.614800000000001 7.628699999999999
7.0076 7.5973000000000015
7.827900000000001 7.5739
7.4723000000000015 7.5844
7.8582 7.4997
7.485900000000001 7.4782
7.924600000000001 7.521799999999999
7.396 7.4653
7.7354 7.528699999999999
7.480500000000001 7.522699999999999
7.950700000000001 7.463699999999999
7.5401 7.495
8.4489 7.4438
7.4967999999999995 7.4198
8.1901 7.3935
7.9986 7.4143
8.232100000000003 7.538499999999999
7.786499999999999 7.456300000000001
8.1313 7.523299999999998
7.6636999999999995 7.371599999999999
9.936 7.5127
7.834599999999998 7.4921
8.308499999999999 7.507999999999999
7.7377 7.433400000000001
8.2871 7.507999999999999
7.764500000000001 7.475099999999999
8.4794 7.564599999999999
7.771399999999999 7.3931
8.5732 7.4614
7.944500000000001 7.535500000000001
8.2398 7.4974
7.6758999999999995 7.4914000000000005
8.361899999999999 7.447000000000001
8.054199999999998 7.526199999999999
8.2794 7.408099999999999
7.9363 7.3922
8.166299999999998 7.413399999999999
7.631499999999999 7.379099999999999
8.393899999999999 7.3952
7.8026 7.340300000000001
8.2727 7.4143
7.5676 7.478400000000001
7.8972 7.377600000000001
7.759099999999999 7.347800000000001
8.0627 7.312
7.833900000000001 7.3296
8.068700000000002 7.4379
7.7499 7.4312000000000005
8.303000000000003 7.3975
7.6043 7.363300000000001
8.3869 7.354100000000001
7.878100000000001 7.296000000000001
10.423399999999999 7.5074000000000005
8.03 7.3691
8.438799999999999 7.419500000000001
7.643700000000002 7.466800000000001
8.0765 7.492700000000001
7.811799999999999 7.4242
7.982700000000001 7.4433
7.6722 7.405800000000001
7.910100000000001 7.457
7.620400000000001 7.4632000000000005
8.3344 7.427299999999999
7.794100000000001 7.3936
8.2619 7.433400000000001
7.469900000000002 7.3631
7.8721 7.383700000000001
7.664399999999999 7.3937
8.148299999999999 7.3418
7.532500000000001 7.254899999999999
8.0061 7.341
7.547700000000002 7.4533000000000005
7.798900000000001 7.347100000000001
7.4708 7.440100000000001
8.0345 7.486
7.4173 7.364699999999999
8.203 7.444100000000001
8.033 7.415100000000001
8.5244 7.4241
8.2291 7.495699999999999
8.4892 7.4808
8.1397 7.431900000000001
10.752200000000002 7.518700000000001
8.248000000000001 7.5126
8.4587 7.467600000000001
8.0651 7.443999999999999
8.671599999999998 7.546899999999999
8.456400000000002 7.4821
8.4999 7.548500000000001
8.097999999999999 7.460700000000001
8.5968 7.466099999999999
8.0528 7.4586
8.529 7.4286
8.0643 7.4387
8.215400000000002 7.527200000000001
8.1985 7.5501
8.5061 7.508899999999999
8.184 7.479900000000001
8.6511 7.456300000000001
8.5342 7.4744
8.7449 7.5096
8.4581 7.496700000000001
8.3787 7.391299999999999
7.524900000000001 7.4396
8.0384 7.37
7.564599999999999 7.454100000000001
7.8597 7.439499999999999
8.008700000000001 7.500499999999999
7.764399999999999 7.472999999999999
7.6286 7.392800000000001
8.2618 7.4609000000000005
7.835899999999999 7.435600000000001
8.297 7.507399999999999
7.621 7.4486
8.0672 7.520200000000001
7.8879 7.3526
7.8323 7.297500000000001
7.399800000000001 7.2707
8.0415 7.1815999999999995
7.521700000000001 7.335700000000001
9.121699999999999 7.298399999999999
7.4806 7.3755
