7.988408999999999 19.393736000000004
7.971963999999998 19.412435999999996
7.896909000000001 19.474936
8.007993999999995 19.500536
7.927803999999999 19.564335999999987
7.925873999999999 19.573836000000004
7.787844000000002 19.605935999999996
7.744563999999997 19.654936
7.922840000000003 19.680735999999996
7.920159999999996 19.696041000000005
7.972759999999998 19.72434100000001
8.023544 19.744641000000005
8.104454 19.773541000000005
8.065089 19.80364100000001
7.908790000000001 19.852935999999996
7.875844999999999 19.864640999999992
7.906149999999999 19.931936
7.921209 19.951835999999997
7.898198999999996 19.981936000000005
7.928808999999999 20.020835999999992
7.957100000000001 19.990135999999993
8.04719 19.994335999999986
8.15986 20.035335999999994
8.127119 20.044735999999997
8.166893999999997 20.099631000000002
8.154494000000001 20.119530999999995
8.188754000000001 20.154031000000003
8.156474 20.196231000000004
8.085148999999998 20.24003100000001
8.045474000000002 20.283136000000006
7.952288999999999 20.324236000000003
8.206839 20.367936
8.333564 20.430636
8.605523999999996 20.483635999999994
8.499560000000002 20.52784099999999
8.451659 20.529040999999985
8.287143999999998 20.553741
8.141944000000006 20.570936000000007
8.280113700000003 20.59014099999999
8.254078999999999 20.611141
8.256984 20.654540999999995
8.229539999999998 20.687841
8.217640000000001 20.726141000000002
8.195199 20.739645
8.263904 20.81044500000001
8.159129 20.867441000000014
8.209813699999998 20.952640999999996
8.179483999999999 20.967841000000004
8.255759999999997 21.011941
8.297899999999998 20.996940999999996
8.364203999999999 20.981941000000003
8.277004 20.99864099999999
8.231763999999998 21.053844999999995
8.182169000000004 21.049345000000006
8.077723999999996 21.056745000000003
8.134873999999998 21.120445
8.314563999999999 21.140645000000006
8.277578999999996 21.142445000000002
8.296494 21.174350000000015
8.334394 21.20285
8.523524000000005 21.276049999999998
8.464884 21.307745
8.370408999999997 21.318844999999996
8.284619000000001 21.31164499999999
8.211124000000003 21.359044999999984
8.222374 21.43324499999999
8.331473999999998 21.499345
8.261273999999998 21.521944999999995
8.277353999999997 21.54915
8.287929000000002 21.549550000000004
8.388614 21.61665
8.322434000000003 21.64765000000001
8.410169 21.72275000000001
8.460439000000001 21.745050000000006
8.446884 21.795445000000008
8.459473999999998 21.735844999999994
8.540819 21.788345000000003
8.365678999999998 21.801444999999998
8.270473999999997 21.882044999999998
8.109858999999998 21.877544999999987
8.224253999999998 21.832249999999988
8.138463999999997 21.848149999999993
8.326723999999999 21.891749999999995
8.356384 21.90524999999999
8.430643999999997 21.95934999999999
8.411784 21.978150000000003
8.463769 22.000450000000004
8.406619 22.02965
8.341403999999999 22.12055
8.264199 22.150550000000003
8.322549000000002 22.168750000000003
8.275833999999998 22.14315
8.524309000000006 22.162250000000007
8.553128999999993 22.10355
8.290499 21.951449999999998
8.532339 22.185150000000004
8.825194 22.203049999999998
8.844704 22.228449999999995
8.800378999999998 22.25525
8.657169000000001 22.304049999999982
8.735088999999997 22.339354
8.744184000000004 22.347654
8.796028999999995 22.364154000000006
8.802808999999996 22.38915
8.758149999999997 22.449349999999995
8.645183999999999 22.407553999999998
8.611114000000002 22.380754000000007
8.561579000000002 22.372553999999997
8.620829 22.30535399999999
8.460054000000001 22.235353999999987
8.805978 22.480153999999988
8.590998999999998 22.354153999999994
8.746629 22.31795899999999
8.632903700000002 22.360858999999994
8.690384000000002 22.431454000000006
8.672728999999997 22.478659000000004
8.749134000000005 22.54625900000001
8.689559 22.638258999999998
8.918474 22.682453999999993
8.884244000000002 22.716153999999992
8.973818999999999 22.745554000000006
8.770429000000004 22.360053999999998
8.986044000000003 22.725554000000002
9.079673999999995 22.769554
9.371150000000004 22.832454
9.365210000000003 22.958054
9.346008999999999 23.052953999999996
9.102414000000007 23.09265399999999
9.162354000000002 23.075354000000008
9.157663999999995 23.057753999999996
9.082503999999998 23.082353999999995
9.130518999999996 23.068753999999995
9.242614000000005 23.08715900000001
9.100179999999998 23.114058999999997
9.154565 23.081159
9.171175000000002 23.11025900000001
9.149736000000003 23.214259000000002
9.032861 23.274759
9.175729999999998 23.365459
9.182675 23.374864000000002
9.452555000000002 23.451259000000007
9.49382 23.507059000000005
9.560789999999999 23.474964
9.620148999999998 23.473363999999997
9.586399999999996 23.501958999999992
9.514154000000001 23.515158999999993
9.509049999999998 23.544559
9.459733999999997 23.559058999999998
9.408590999999998 23.585459
9.321923999999997 23.600058999999995
9.297408999999995 23.602559000000003
9.295149 23.634059000000008
9.347254 23.651859
9.311689 23.645159000000003
9.313588999999995 23.648454
9.237583999999996 23.658659000000007
9.428119 23.671959000000015
9.331803999999998 23.677759000000012
9.440599999999995 23.714159000000013
9.437363999999999 23.720059000000013
9.386944000000003 23.759059
9.424319000000004 23.780759
9.447199000000001 23.80055899999999
9.382619 23.812058999999998
9.629230000000003 23.841959000000003
9.551014 23.860358999999992
9.440408999999994 23.875263999999994
9.438809000000003 23.897164
9.572324000000004 23.932363999999993
9.537050000000004 23.944564
9.600953999999996 23.964359
9.556589 23.964458999999998
9.588234000000002 23.989659
9.648969000000001 24.006959000000002
10.021674000000003 24.029054
10.0100337 24.040054
10.107209000000001 24.058854
10.119569000000002 24.07055900000001
9.670588999999994 24.084959
9.5002037 24.070059000000008
9.75335 24.074254000000003
9.502549000000005 24.087258999999996
9.536798999999997 23.895958999999984
9.770604 24.119059
9.802619 24.144759
9.727739 24.163159000000004
9.747423699999999 24.184659000000003
9.6839937 24.193563999999995
9.776869000000001 24.21486400000001
9.843048999999999 24.226158999999996
9.988183999999995 24.24816400000001
10.0857237 24.245064000000006
9.911334 24.271059000000005
9.668199000000001 24.283659000000007
9.854133999999998 24.28725900000001
9.779729999999995 24.298859000000007
9.736500999999999 24.306159000000015
9.620364000000004 24.313558999999998
9.580629000000004 24.338658999999993
9.577918999999998 24.342159000000006
9.639530000000002 24.377658999999994
9.669008999999999 24.411958999999996
9.789974999999995 24.411659000000004
9.822519 24.412558999999995
10.021345 24.440658999999993
10.0306 24.463758999999996
10.000153999999997 24.49715899999999
9.850638999999997 24.515758999999992
9.930285000000003 24.51015899999999
9.816814999999997 24.499459000000005
9.870884999999998 24.523164
9.833719999999998 24.541459000000003
9.932944 24.577459
9.96674 24.600158999999998
10.013176 24.651358999999985
10.026093999999999 24.640358999999986
10.171695000000007 24.655859000000003
10.029404000000001 24.665159000000003
10.01951 24.69205899999999
9.939629000000002 24.710264
9.943314 24.742459
9.820424000000001 24.756664
9.866289999999998 24.788959000000006
9.816479000000003 24.794858999999995
9.986725 24.813764
9.876529000000005 24.816663999999996
9.940383999999998 24.836263999999996
9.897894000000003 24.852764
10.005089000000003 24.865263999999996
9.965413699999994 24.910563999999994
10.131148999999995 24.980758999999995
9.9690237 25.009164000000013
10.811413999999994 25.412764
10.2833737 25.004658999999997
10.283143700000002 25.029258999999993
10.246559000000003 25.054459
10.507604 25.085363999999995
10.394179000000001 25.101363999999986
10.248694 25.121767999999996
10.265859000000003 25.143667999999998
10.696248999999998 25.18356800000001
10.637294 25.201268
10.520854 25.20536800000001
10.344563999999998 25.210668000000013
10.456498999999997 25.223968000000006
10.444974 25.232468000000008
10.38687 25.254467999999996
10.173199 25.260768000000006
10.239844000000005 25.277068000000003
10.236473999999998 25.29126800000001
10.305244 25.302968000000014
10.260374000000002 25.30237300000001
10.426003999999997 25.326373000000018
10.277473999999998 25.337573000000006
10.228579999999997 25.35197800000002
10.197114 25.357878000000007
10.260663999999997 25.386078
10.210054 25.398277999999998
10.320494000000002 25.419678
10.196733999999992 25.41867799999999
10.441724000000002 25.443078000000007
10.425099 25.460978000000008
10.49911 25.47557800000001
10.336193700000003 25.48967800000001
10.465569000000002 25.50447800000001
10.491643999999999 25.514581999999997
10.492168999999995 25.545081999999997
10.442518999999995 25.556982
10.456859000000001 25.587882
10.407883999999996 25.59598200000001
10.400853999999999 25.61868200000001
10.401944000000002 25.629381999999996
10.421784 25.647482
10.434574 25.659582000000004
10.558344000000002 25.681282
10.435879 25.69588199999999
10.543854000000003 25.723782000000007
10.489514000000009 25.742982000000016
10.515724000000002 25.77018700000001
10.357468999999996 25.791587000000003
10.380849000000005 25.814982000000004
10.457023999999999 25.835987000000003
10.509738999999998 25.858187000000004
10.278839 25.85758700000001
10.496194000000004 25.879182
10.406158999999997 25.895186999999986
10.532934000000006 25.909786999999994
10.388808999999997 25.927887000000005
