8.0527 7.9956
8.1239 7.962600000000002
8.292300000000001 7.9597
8.1583 7.852200000000001
7.4921 7.9521
8.0558 7.902600000000001
8.260299999999999 7.8734
7.8484 7.858999999999999
8.0481 7.8651
8.361099999999999 7.9399000000000015
8.3358 7.9605999999999995
8.028300000000002 7.875900000000001
8.6525 7.898
8.3557 7.862900000000001
8.4467 7.9452
8.6998 7.991099999999999
8.126800000000001 8.011600000000001
8.283199999999999 8.1039
8.3137 7.9399999999999995
8.367899999999999 8.036
8.7723 8.0934
8.3519 7.926199999999999
8.2276 7.9742999999999995
8.439400000000001 7.9338999999999995
8.2078 7.9643999999999995
8.4932 7.9581
7.9750000000000005 7.9338999999999995
8.161200000000001 7.987200000000001
8.0651 8.029900000000001
8.3658 7.855999999999999
7.9155000000000015 7.9423
8.4504 8.023100000000001
8.1406 7.956
8.3436 7.992000000000001
8.5029 8.0146
8.1903 7.927800000000001
8.4191 7.9582
9.2191 7.9673
8.179699999999999 8.026900000000001
8.5886 8.001499999999998
11.6965 8.035999999999998
8.738199999999999 8.039100000000001
8.2154 8.1497
8.2656 8.0056
7.939199999999999 7.998000000000001
8.4828 8.0925
8.9126 8.0277
8.494499999999999 8.0162
8.5243 8.0199
8.6083 8.026099999999998
7.9307 8.1107
8.4345 8.038299999999998
8.374899999999998 8.032300000000001
8.014700000000001 8.029300000000001
8.0659 8.0048
7.9666 7.9177
7.901 8.0307
7.9636 8.002600000000001
7.899600000000001 8.0399
7.6929 8.0541
7.9697000000000005 8.013100000000001
8.3458 7.974999999999999
8.2268 7.958099999999998
8.2176 8.070299999999998
7.911599999999999 8.0269
7.957399999999999 7.913999999999999
7.8193 8.0917
7.7728 7.988800000000001
8.0086 7.958199999999999
8.033700000000001 7.9848
7.833000000000001 8.0238
7.854599999999999 8.029999999999998
8.274899999999999 8.0215
8.6004 8.0803
8.568599999999998 8.011600000000001
8.174100000000001 8.0901
7.895500000000003 8.002600000000001
8.021500000000001 7.9826
8.068 7.893400000000001
7.2991 7.293700000000001
7.5073 7.2524999999999995
8.361 7.804799999999999
8.1428 7.958899999999999
18.4966 8.5899
8.334399999999999 7.9955
8.180100000000001 8.0407
8.329999999999998 7.9513
8.2993 8.023
8.286399999999999 8.0147
7.740600000000001 7.9528
8.2732 7.9239000000000015
8.091800000000001 7.936699999999999
8.2923 7.8729
8.331900000000001 7.964299999999999
8.2953 7.9919
8.3755 8.0291
8.9088 8.0329
8.935799999999999 7.9986
8.815200000000003 8.019300000000001
8.3267 7.9811
8.771800000000002 8.093300000000001
8.2345 7.984899999999999
8.3176 7.9734
8.0262 8.0263
8.209299999999999 7.9063
8.238199999999999 7.910299999999999
8.5677 7.939999999999999
11.984900000000001 8.046000000000001
8.5182 8.0208
8.4396 8.0505
8.5478 8.043700000000001
8.6412 8.0452
8.2618 8.085600000000001
8.306799999999999 8.042900000000001
8.5428 8.015500000000001
8.4869 8.03
8.4252 8.081800000000001
8.1719 7.9957
8.1268 7.995599999999999
8.130700000000001 8.017000000000001
8.4442 8.045200000000001
8.521400000000002 7.997099999999999
8.635599999999998 8.0917
8.6456 8.062100000000001
8.8726 8.0056
8.404599999999999 8.0901
8.6998 8.070400000000001
8.528200000000002 8.022400000000001
9.181600000000001 7.9888
8.6759 8.0567
8.5541 8.0291
8.9448 8.0565
9.043700000000001 8.147499999999999
8.5228 7.9971
8.5953 8.0284
8.6342 8.0163
8.5167 8.0833
8.309899999999997 8.0963
8.8365 7.9407000000000005
8.8016 7.9948999999999995
8.7066 8.0252
8.1298 7.9094000000000015
8.2321 7.9568
8.5881 7.978899999999999
9.014999999999999 7.9627
8.642599999999998 7.979499999999999
9.1759 8.097999999999999
8.3282 7.9559999999999995
10.942699999999999 8.007200000000001
8.3601 8.068200000000001
8.9694 7.9841
8.4274 7.9943
8.8872 7.955100000000001
8.6876 7.955900000000001
9.193800000000001 8.0018
8.4572 8.015500000000001
9.012599999999999 8.0292
8.8735 7.8987
9.747399999999999 7.9415
8.9431 8.014000000000001
9.1998 8.0498
8.709800000000001 7.943
9.4635 7.9278
8.991299999999999 7.9446
9.1018 7.9704000000000015
8.8554 8.030700000000001
9.5071 7.9216999999999995
9.024199999999999 7.9308000000000005
9.8037 8.0452
9.0791 8.053
9.248199999999999 7.944500000000001
8.9723 8.0666
8.898900000000001 8.0108
9.4021 8.0208
9.235700000000001 8.2139
9.1526 7.946800000000001
10.0566 8.0399
9.3105 8.0042
9.8971 8.087900000000001
9.0794 8.1412
9.2087 8.018600000000001
9.2405 8.060499999999998
9.5685 8.0736
9.5254 8.014699999999998
9.2592 8.0155
9.332199999999998 7.952899999999999
9.512400000000001 7.992600000000001
8.8471 8.108500000000001
9.017699999999998 8.0673
9.330100000000002 7.994799999999999
9.087 8.0042
8.9565 8.0314
9.2922 8.0094
9.2714 8.028400000000001
9.8488 8.1093
9.3884 8.0041
9.645199999999999 8.084900000000001
9.1746 8.077300000000001
9.224300000000001 7.9468
9.2855 8.0079
9.550999999999998 7.971500000000001
9.3535 7.968999999999999
9.550699999999997 7.978899999999999
9.532599999999999 7.950699999999999
9.5174 8.0332
9.7277 8.0506
9.7194 8.0139
9.541399999999998 7.979700000000001
9.7782 7.974399999999998
9.353700000000002 8.0262
9.7112 7.9971
9.4285 8.0613
9.4691 8.0179
9.1123 8.0568
9.710500000000001 8.0612
9.330600000000002 7.9704000000000015
9.482000000000001 7.992600000000001
9.388899999999998 8.025300000000001
9.585899999999999 8.116099999999998
9.3866 8.055100000000001
9.675 8.0201
9.469899999999999 8.1513
9.33 8.003400000000001
9.117899999999999 8.045300000000001
9.681000000000001 8.062
9.1819 7.988899999999999
9.029599999999999 7.955300000000001
9.339400000000001 8.128400000000001
9.5991 8.0758
9.5174 8.007100000000001
9.531300000000002 8.032300000000001
9.3219 8.010900000000001
9.382499999999999 8.031500000000001
9.535 8.011700000000003
9.342699999999999 7.9878
9.0157 7.9055
10.6794 8.0383
9.4093 7.9552
9.3782 8.051300000000001
8.8354 7.8987
9.097100000000001 7.943700000000001
9.279300000000001 8.007900000000001
9.172200000000002 8.076400000000001
9.2273 7.989399999999999
9.3142 8.061800000000002
9.400999999999998 8.0561
9.3925 8.104
9.0636 7.933200000000001
9.359399999999999 7.9704999999999995
9.5177 8.044600000000003
9.509200000000002 8.132299999999999
9.161400000000002 8.033
9.5268 8.170300000000001
9.191699999999999 8.1071
9.515899999999998 8.033100000000001
9.7508 7.9728
9.7506 8.022199999999998
9.930399999999999 7.9347
10.344100000000001 8.082600000000001
10.0644 8.0902
10.115099999999998 7.969599999999999
9.9841 7.969000000000001
9.9345 7.994799999999999
9.8629 7.997999999999999
10.0107 7.9276
10.6535 8.1307
10.490200000000002 8.058099999999998
10.303299999999998 7.9437999999999995
9.9378 8.0643
9.651100000000001 7.9826999999999995
9.790299999999998 8.0193
9.6645 8.0285
9.981699999999998 8.0338
10.9207 8.024000000000001
9.7847 7.9742999999999995
9.8542 8.0491
10.663900000000002 8.015600000000001
11.0937 8.043
10.242999999999999 8.129100000000001
10.0756 8.055100000000001
10.034899999999999 8.0347
9.6445 8.0444
9.7123 8.0466
9.9893 8.1765
9.8574 8.008600000000001
9.4737 7.9118
9.647599999999999 7.966599999999999
9.442300000000001 8.033
