45.0071 15.606099999999998
46.9578 16.119999999999997
47.11731999999999 15.886200000000002
46.4022 15.781799999999999
40.54645999999999 14.884999999999998
33.77397 13.947600000000001
40.017579999999995 14.877099999999999
36.20336999999999 14.2449
38.99854 14.586100000000002
45.974779999999996 15.8506
46.117039999999996 16.0231
45.44118 15.610100000000001
40.64568 14.925099999999999
36.34907 14.4201
36.7319 14.3318
39.75105 14.593000000000004
41.141040000000004 14.709000000000003
39.607859999999995 14.292899999999998
40.41338 14.280100000000001
34.895399999999995 13.568599999999996
40.641329999999996 14.2984
38.13065 13.988499999999998
35.48914 13.682500000000003
38.92433 14.1326
39.38844 14.086200000000002
38.63791 14.041700000000002
44.21183 14.738400000000002
43.94940999999999 14.643599999999998
44.80109999999999 14.7962
36.08145 13.554699999999997
35.364160000000005 13.4035
40.281819999999996 13.9993
32.352439999999994 12.981699999999998
38.030609999999996 13.814600000000002
46.3931 15.0331
39.661300000000004 14.113799999999998
38.60183000000001 13.9939
41.336909999999996 14.297299999999998
34.258700000000005 13.2969
33.57149 13.2665
38.07181 13.804
30.292550000000002 12.794
37.75791 13.8191
37.29108 13.6847
35.8779 13.628699999999998
36.767300000000006 13.7012
33.71123999999999 13.190999999999997
35.71514 13.411399999999999
43.061139999999995 13.954199999999997
36.65809999999999 13.0638
36.39796 13.1985
36.70825 13.059099999999999
30.990730000000006 12.4413
45.4615 14.113000000000001
46.198739999999994 14.160700000000004
34.649409999999996 12.728699999999998
34.677440000000004 12.750299999999998
38.3562 13.1566
34.54796 12.6166
31.11877 12.22
35.96729 12.6256
34.059329999999996 12.3237
26.30324 11.621299999999998
25.427729999999997 11.618299999999998
34.652139999999996 12.4723
25.37863 11.357199999999999
24.356659999999998 11.210500000000001
34.95022999999999 12.3064
23.74557 11.1951
21.45759 11.0602
37.4099 12.745599999999998
22.492419999999996 11.1026
19.93937 10.880799999999999
40.69344 12.8631
27.506959999999996 11.557200000000002
25.8834 11.456999999999999
36.558749999999996 12.440599999999998
20.12688 10.783999999999999
21.74746 11.3199
35.26385 12.324200000000001
28.36154 11.626199999999999
29.195479999999996 11.5882
31.231939999999998 11.744900000000001
23.499780000000005 11.029100000000001
17.518929999999997 10.4603
20.93709 10.7698
25.490029999999997 11.1767
28.729390000000006 11.4908
32.06244 11.8058
29.279629999999994 11.6019
22.03649 10.879800000000001
21.15903 10.800600000000001
31.74924 11.9116
23.722239999999996 11.093499999999997
21.561609999999995 10.8318
33.23414999999999 12.068500000000002
20.357689999999995 10.711099999999998
19.755110000000002 10.7471
42.647209999999994 12.942499999999999
30.055879999999995 11.657
23.52186 10.992099999999999
33.073479999999996 11.9274
21.2276 10.805299999999999
30.750100000000003 11.7963
37.81477999999999 12.4991
24.499969999999998 11.213599999999998
21.71351 10.8704
30.335159999999995 11.697299999999998
29.557899999999997 11.654299999999997
23.536479999999997 11.1253
25.96848 11.352899999999998
29.355159999999998 11.6604
24.50599 11.1222
25.87124 11.2118
31.482519999999997 11.813299999999998
21.593329999999998 10.843900000000001
21.063860000000005 10.7344
33.36414 11.993300000000001
22.550819999999998 10.970999999999998
20.41654 10.748199999999999
39.020199999999996 12.484399999999999
26.88846 11.371299999999998
22.430199999999996 10.882
35.3319 12.067400000000001
21.21687 10.7459
27.24531 11.3357
40.77819999999999 12.584399999999999
21.614179999999998 10.839599999999999
21.74816 10.816099999999999
30.48282 11.7256
27.20091 11.2461
22.412619999999997 10.8491
26.757909999999995 11.245899999999999
26.142529999999997 11.179
22.062549999999998 10.786
26.87348 11.212
26.19532 11.301499999999999
17.993470000000002 10.5114
23.852149999999998 10.998099999999997
31.396149999999995 11.7634
19.37352 10.6667
21.82822 10.813599999999997
32.2268 11.8086
18.31618 10.5374
21.01734 10.783599999999998
34.95090999999999 12.0791
18.35278 10.4843
20.410659999999993 10.6815
37.92278 12.3148
25.518229999999996 11.2418
21.117949999999997 10.8127
29.501140000000003 11.605599999999999
19.33226 10.6573
27.725449999999995 11.5085
34.35491 12.096999999999998
21.46504 10.7694
23.70841 10.9423
30.68781 11.6087
25.682819999999996 11.095200000000002
20.543529999999997 10.6241
27.877049999999997 11.3469
24.96043 11.134199999999998
24.163809999999998 11.0423
23.920540000000003 10.9723
28.83824 11.471499999999999
22.809479999999997 10.9462
21.31609 10.830299999999998
35.68514999999999 12.241399999999999
22.85229 11.001700000000001
23.664669999999997 11.046199999999997
38.50214999999999 12.567800000000002
20.176289999999998 10.8083
22.473219999999998 11.0462
41.16968 12.848700000000001
30.92025 11.882399999999999
27.601110000000002 11.5757
32.92524 12.112
25.968239999999998 11.441500000000001
31.66878 12.1044
39.038450000000005 12.817300000000001
33.19444 12.269799999999998
25.181819999999995 11.434700000000001
26.85515 11.633799999999999
33.495819999999995 12.4043
29.98714 11.9902
26.243120000000005 11.5915
34.19082 12.511999999999999
25.95982 11.645199999999999
22.666130000000003 11.2071
40.62615 13.164299999999999
26.268200000000004 11.662600000000001
26.69448 11.717199999999998
42.1211 13.5966
29.08034 12.1781
37.5181 13.028899999999997
36.192479999999996 12.692700000000002
27.03858 11.733600000000001
24.19083 11.495199999999999
23.112239999999996 11.5224
31.198150000000002 12.424600000000002
40.628209999999996 13.330999999999998
37.79403 12.984399999999999
35.612019999999994 12.7881
31.26818 12.2852
25.1102 11.5994
27.411279999999998 11.8926
38.1572 13.1027
32.702439999999996 12.4724
38.83644999999999 13.2242
32.19215 12.4756
19.452469999999998 11.075700000000001
30.988859999999995 12.396500000000001
36.89012 13.060999999999998
38.94645 13.237499999999999
39.67144 13.363999999999997
30.05758 12.2311
18.10832 10.8498
27.772619999999996 12.014099999999997
39.663779999999996 13.4135
43.61154 13.9575
34.30215 12.9546
33.222269999999995 12.7661
38.804199999999994 13.448599999999999
31.753839999999993 12.6268
29.928129999999996 12.515
46.64721 14.518900000000002
44.7138 14.269000000000002
38.28199000000001 13.597099999999998
39.36239 13.878200000000001
34.008539999999996 13.152799999999997
31.20215 12.8481
39.92182 13.9939
34.328410000000005 13.2097
37.92015 13.836800000000002
39.47994 14.035999999999998
39.38007 14.125500000000002
39.36882 14.1019
39.50654 14.2182
39.30039999999999 14.275099999999998
40.99985 14.415600000000001
36.79878999999999 13.921000000000003
40.52451 14.476799999999997
41.271409999999996 14.5594
41.94937 14.7731
40.041459999999994 14.491000000000001
44.24540999999999 15.290099999999999
47.65504 15.93
46.584779999999995 15.776699999999998
48.039699999999996 16.043599999999998
43.38228000000001 15.2071
40.702619999999996 14.8153
47.132039999999996 15.850900000000001
40.97572 14.8949
47.71045 16.014100000000003
50.6561 16.5377
43.9364 15.9001
45.049339999999994 15.606300000000001
48.077369999999995 16.1065
49.55893999999999 16.5163
44.40352000000001 15.737299999999998
41.95154 15.365200000000002
47.748039999999996 16.257099999999998
46.79304 16.173
43.568439999999995 15.584800000000001
47.99993999999999 16.2189
51.534040000000005 16.797500000000003
40.63997 15.214399999999998
52.19200000000001 16.858999999999998
54.04 17.147000000000002
47.046929999999996 16.184600000000003
47.558 16.910999999999998
51.042699999999996 16.904000000000003
40.830189999999995 15.1969
51.25936999999999 16.780499999999996
47.40418999999999 16.186099999999996
47.991769999999995 16.107
54.48599999999999 17.104000000000003
52.93795 16.8399
44.194700000000005 15.601700000000001
47.51804 16.085
42.73439 15.388800000000003
46.42636999999999 16.0577
46.73804 16.0012
44.0614 15.6165
48.47504 16.12
43.78137 15.3045
43.19400999999999 15.245699999999998
48.26804 16.192500000000003
