14.727 14.504
12.405140000000001 14.378000000000002
13.341640000000002 14.273
13.959380000000001 14.456000000000003
13.459209999999999 14.432
13.9454 14.412000000000003
13.0638 14.547999999999996
14.24549 14.401
13.818739999999998 14.431
12.52703 14.38
13.938430000000002 14.362000000000002
14.0015 14.567
12.91232 14.42
14.3814 14.393
12.81522 14.562999999999999
14.20126 14.386
12.607199999999999 14.352
14.220939999999999 14.504
13.327389999999998 14.362
12.443010000000001 14.395
14.336219999999999 14.462
12.82182 14.361
13.217609999999999 14.458000000000002
13.62497 14.38
13.462829999999999 14.383000000000001
13.22776 14.448999999999998
12.40573 14.335
14.657859999999998 14.496
13.126809999999999 14.398
13.16928 14.317000000000002
14.507579999999997 14.473999999999998
12.543079999999998 14.432
13.60684 14.31
13.572799999999999 14.469000000000001
14.707210000000002 14.549999999999999
13.605020000000001 14.371999999999998
12.6094 14.479999999999999
13.926440000000001 14.38
12.782999999999998 14.413
13.95855 14.432
12.49947 14.325
14.51385 14.529
13.83722 14.399000000000001
12.49911 14.316
15.103800000000003 14.59
12.61928 14.434
13.666 14.352
12.935259999999998 14.449000000000002
14.369849999999998 14.432
13.585920000000002 14.389000000000001
12.838160000000002 14.431999999999997
14.58678 14.395
12.686429999999998 14.468
13.65975 14.383000000000001
12.44914 14.319
14.116099999999998 14.483
13.677890000000001 14.359
12.616169999999999 14.431
14.08453 14.432
12.80566 14.332000000000003
13.62492 14.451999999999998
12.31431 14.379999999999999
14.159920000000001 14.326
14.081019999999999 14.443
12.4838 14.368
14.188989999999999 14.345000000000002
12.283059999999999 14.477
13.6584 14.371
12.650839999999999 14.392
14.1208 14.476999999999999
13.251259999999998 14.315999999999999
12.953190000000001 14.418999999999999
14.11283 14.429
12.060880000000001 14.362000000000002
13.523879999999998 14.407
12.687920000000002 14.401
14.53546 14.377
12.945010000000002 14.447
12.996759999999998 14.426
13.484560000000002 14.337000000000003
12.7506 14.468
13.310439999999998 14.356
12.31378 14.41
13.98518 14.414000000000001
12.30454 14.31
13.3854 14.404
12.358080000000001 14.377
14.23719 14.398
13.31118 14.425000000000002
12.744739999999998 14.389000000000001
13.89203 14.367000000000003
12.57132 14.443
13.700190000000001 14.401
12.702809999999998 14.386
14.48874 14.485999999999999
12.883790000000001 14.329
12.945889999999999 14.322000000000001
13.383340000000002 14.432
13.744279999999998 14.444
14.153860000000002 14.447
12.652420000000001 14.418999999999999
14.084090000000002 14.344000000000001
13.237309999999999 14.474
12.976460000000001 14.398
12.5557 14.295000000000002
14.789239999999998 14.503999999999998
13.39513 14.407
11.888280000000002 14.278000000000002
14.289399999999999 14.459
12.45189 14.38
12.43963 14.298000000000002
12.859380000000002 14.427999999999999
14.052120000000002 14.401999999999997
13.022709999999998 14.359
12.42637 14.423
13.500010000000001 14.346999999999998
13.252139999999999 14.418999999999999
12.83696 14.450000000000001
12.40668 14.334
13.97706 14.482999999999999
14.19532 14.475000000000001
11.98137 14.313
13.938219999999998 14.429
13.593729999999999 14.453
12.47543 14.315999999999999
14.12409 14.432
13.55777 14.453
12.05476 14.307000000000002
14.11733 14.416
12.26118 14.48
13.3238 14.312999999999999
12.04468 14.401
14.4928 14.462
12.98654 14.320000000000002
12.10347 14.401
14.208570000000002 14.453
13.615940000000002 14.356
12.28901 14.426
13.61385 14.432
12.44762 14.340000000000003
13.44622 14.432
12.17804 14.376999999999999
14.01889 14.368
13.00877 14.444
12.45662 14.392999999999997
13.54832 14.407999999999998
13.231509999999998 14.426
12.385560000000002 14.313
14.321129999999998 14.401
12.27458 14.443999999999999
13.22028 14.331000000000001
12.2821 14.359
13.820090000000002 14.471
13.183039999999998 14.328000000000001
12.571340000000001 14.374
13.619860000000001 14.471
13.735990000000001 14.334
12.304369999999999 14.374
13.974710000000002 14.468
13.28289 14.349
12.77838 14.359
13.763830000000002 14.453
12.73666 14.392
13.21002 14.392
12.917989999999998 14.419
13.221169999999999 14.368
13.594380000000001 14.41
11.89405 14.392
14.37917 14.38
13.264280000000001 14.417000000000002
12.38736 14.362
14.70611 14.362
14.05575 14.418999999999999
11.96443 14.401
14.452890000000002 14.447
13.47738 14.438
12.390550000000001 14.313
14.223950000000002 14.458999999999996
13.555989999999998 14.456
12.23596 14.293
14.97285 14.423
13.227270000000003 14.424999999999999
12.60022 14.289000000000001
14.482319999999998 14.411
13.481539999999997 14.442000000000002
12.27102 14.304
14.435630000000002 14.41
13.04033 14.421999999999999
12.84683 14.3
14.62755 14.437999999999999
13.17393 14.44
12.597920000000002 14.290000000000003
14.821009999999998 14.398
12.84218 14.447
12.709500000000002 14.283000000000001
14.665310000000002 14.395
13.46697 14.435
12.504809999999999 14.303000000000003
14.77224 14.432
13.24475 14.424999999999999
12.706030000000002 14.291
14.23082 14.423
13.338040000000001 14.427999999999999
12.113840000000001 14.292000000000002
14.52202 14.463000000000001
13.12914 14.346
12.18895 14.264000000000001
14.86696 14.46
13.76533 14.448000000000002
12.31498 14.368
14.215330000000002 14.501
13.295689999999999 14.316
12.521130000000003 14.359
14.280569999999997 14.508
13.550019999999998 14.321
12.48958 14.362
14.56258 14.484
13.30395 14.288
12.4392 14.359000000000002
14.468510000000002 14.488000000000001
13.92167 14.307
12.493889999999999 14.365
14.50336 14.49
13.684960000000002 14.334
12.84137 14.424999999999999
14.13306 14.377
13.527219999999998 14.3
12.227829999999999 14.319
14.63723 14.514000000000001
13.28116 14.456
12.23814 14.455000000000002
14.351510000000001 14.373999999999999
13.911999999999999 14.379999999999999
12.51938 14.429
14.350590000000002 14.337
13.548079999999999 14.377
12.553640000000001 14.383
14.05874 14.395
13.597980000000002 14.454
12.260549999999999 14.283000000000001
14.548429999999998 14.432
13.73694 14.423
12.8693 14.274000000000001
14.4423 14.389
13.88342 14.445
12.193380000000001 14.344000000000001
14.44501 14.399000000000001
13.292470000000002 14.437999999999999
12.43274 14.297
14.213790000000001 14.349
14.106940000000002 14.316
12.13295 14.378000000000002
15.30415 14.459
13.384360000000001 14.282000000000004
12.44156 14.338000000000001
14.451649999999999 14.520999999999997
13.654460000000002 14.302999999999999
12.44967 14.344000000000001
14.585019999999998 14.495999999999999
13.352439999999998 14.329
12.80858 14.428999999999997
14.31339 14.374
12.94357 14.346999999999998
12.873909999999999 14.429
14.387720000000002 14.353000000000002
12.38025 14.343999999999998
13.37253 14.423
14.5864 14.321
12.992429999999999 14.384
13.210860000000002 14.428999999999997
13.36522 14.312999999999999
13.2408 14.363000000000001
13.666009999999998 14.432
11.195310000000001 14.294
16.5733 14.646
13.24815 14.747
13.91715 14.676
11.84615 14.621999999999998
13.065359999999998 14.744000000000002
15.114239999999999 14.706000000000003
12.80078 14.674000000000001
13.86745 14.847
12.98064 14.655000000000001
14.27392 14.679999999999998
13.470580000000002 14.759
15.843649999999998 14.722
13.79186 14.668000000000001
13.14555 14.746
