8.916999999999998 7.412000000000001
9.304599999999999 7.428699999999999
9.4046 7.234800000000001
8.737499999999999 7.368600000000002
9.659099999999999 7.318100000000001
8.638 7.2923
9.583800000000002 7.474500000000001
8.589 7.448600000000001
9.528500000000001 7.267100000000001
8.7 7.3548
9.806099999999999 7.394499999999998
8.494100000000001 7.262499999999999
9.4869 7.291300000000001
9.253900000000002 7.3706
9.429 7.3988999999999985
8.495 7.471500000000001
9.579300000000002 7.3364
8.8459 7.2196
9.5205 7.3684
8.493300000000001 7.3288
9.668600000000001 7.473000000000001
8.8158 7.4082
9.5754 7.3075
8.647900000000002 7.302699999999998
9.245800000000001 7.4349
8.921800000000001 7.5088
10.2941 7.380000000000001
9.0196 7.347099999999999
9.976500000000001 7.417999999999999
8.8165 7.449400000000001
9.7663 7.3326
9.006 7.4373
9.8745 7.4852
8.7365 7.3625
10.130500000000001 7.3578
8.667 7.266299999999999
9.708300000000001 7.4006
9.023600000000002 7.408100000000001
9.7403 7.4547
8.7167 7.3846
9.4863 7.3517
8.241200000000001 7.46
9.242499999999998 7.4486
8.610500000000002 7.388299999999999
9.7472 7.3434
8.429800000000002 7.377700000000001
9.146199999999999 7.359999999999999
8.055200000000001 7.3975
9.3498 7.4753
8.2757 7.4235
9.7364 7.340199999999999
8.3008 7.3212
8.849 7.3213
8.2748 7.3723
9.1874 7.303799999999999
8.5473 7.4112
8.8211 7.3264
8.0415 7.3519000000000005
8.928500000000001 7.495099999999999
7.957599999999999 7.3524
9.004000000000001 7.4462
8.3136 7.3976
8.9999 7.371499999999999
8.362499999999999 7.474600000000001
8.4675 7.530400000000001
8.123 7.4333
8.1727 7.3976
7.801000000000001 7.3395
8.1619 7.250100000000001
8.225299999999999 7.3165
8.272599999999999 7.256399999999999
7.7155999999999985 7.3644
8.616600000000002 7.3212
7.784200000000001 7.4098000000000015
9.187299999999999 7.420400000000001
7.6979999999999995 7.4677000000000024
8.682999999999998 7.325799999999999
8.0704 7.3228
8.2612 7.372899999999999
7.7246 7.3394
8.6379 7.3317000000000005
8.183300000000001 7.3784
8.169500000000001 7.3883
7.7766 7.2968
8.539599999999998 7.4028
8.1688 7.395300000000001
9.0642 7.4142
8.191600000000001 7.5293
8.9148 7.4671
8.4336 7.5371
8.584499999999998 7.4561
8.1786 7.2899
8.3787 7.3952
8.1496 7.279200000000001
9.049 7.4823
8.4053 7.460800000000001
9.429699999999999 7.5264
8.3824 7.3632
9.115200000000002 7.384499999999999
8.6922 7.3532
8.7478 7.3241999999999985
8.094 7.331899999999999
8.837 7.356400000000001
8.197799999999999 7.2867
8.975500000000002 7.410500000000001
8.3748 7.528699999999999
9.131300000000001 7.5506
7.7698 7.4943
9.6276 7.399499999999999
8.059800000000001 7.348599999999999
9.8544 7.4257
8.5473 7.3616
9.1855 7.445500000000001
8.8005 7.455500000000001
9.2926 7.4491000000000005
8.8116 7.4860999999999995
9.070100000000002 7.465199999999999
8.4374 7.3853
9.575099999999999 7.3694
8.207 7.371600000000001
10.0339 7.3601
8.3092 7.539299999999999
9.4269 7.528700000000001
8.5282 7.499599999999999
9.8875 7.392299999999999
8.1093 7.309
9.237799999999998 7.401300000000001
8.6425 7.296699999999999
9.618400000000001 7.4158
8.5085 7.422700000000002
8.961500000000001 7.484399999999999
8.005600000000001 7.514900000000001
8.6205 7.415000000000001
8.6632 7.432600000000001
9.415900000000002 7.443199999999998
8.754900000000001 7.5501
9.3757 7.3502
8.8759 7.3502
9.558300000000001 7.4266
8.1406 7.3824000000000005
9.3493 7.366200000000001
7.9163 7.3784
8.94 7.4722
7.9231 7.4256
9.2586 7.363899999999999
8.118500000000001 7.413399999999999
8.7946 7.427100000000002
8.4703 7.3769
9.187199999999999 7.4043
8.4655 7.3332999999999995
8.6487 7.417400000000001
8.402199999999999 7.403699999999999
9.1908 7.342399999999999
8.5318 7.438599999999999
9.1213 7.452299999999999
8.0581 7.458500000000001
9.0688 7.399700000000001
8.2114 7.422600000000001
9.423499999999999 7.3691
8.761800000000001 7.3448
9.1845 7.447300000000001
8.7426 7.413500000000001
9.150799999999998 7.4791
8.836699999999999 7.4142
8.789 7.4498999999999995
8.612 7.435600000000001
9.2717 7.4456999999999995
8.345799999999999 7.376
9.7285 7.4402
8.8257 7.4004
9.563 7.3808
8.7777 7.3882
8.939700000000002 7.269299999999999
8.736300000000002 7.3128
8.9237 7.348099999999999
8.7462 7.321899999999999
9.660899999999998 7.3364
8.483199999999998 7.3111999999999995
9.507200000000001 7.386000000000001
8.7479 7.475999999999999
9.2807 7.5012
9.1047 7.2922
9.366100000000001 7.401199999999999
8.7736 7.435600000000001
9.7499 7.4921
8.0536 7.556000000000002
9.353700000000002 7.511200000000001
8.3756 7.2402999999999995
9.2318 7.356999999999999
8.4108 7.4516
9.7913 7.5417
8.7844 7.338
9.242 7.4166
9.097700000000001 7.5966
8.979099999999999 7.5349
9.221400000000001 7.5074000000000005
8.9572 7.4812
8.921000000000001 7.524900000000001
9.246699999999999 7.5218000000000025
8.4924 7.5501
9.3655 7.454699999999999
8.296899999999999 7.498199999999999
9.234499999999999 7.5616
8.6816 7.5081
8.853900000000001 7.475999999999999
9.2251 7.4935
9.543800000000001 7.416500000000001
9.0561 7.398900000000001
9.945100000000002 7.5646
8.438899999999999 7.416500000000001
9.003100000000002 7.296799999999999
8.2612 7.341799999999998
8.4189 7.416400000000001
8.1107 7.4172
8.875600000000002 7.328600000000001
8.703600000000002 7.353999999999999
8.5839 7.362299999999999
8.2307 7.394500000000001
8.860600000000002 7.3768
8.1535 7.314400000000002
8.8836 7.423500000000001
7.811000000000002 7.382999999999999
8.896999999999998 7.2648
8.055100000000001 7.3961
8.5961 7.4361999999999995
8.381700000000002 7.4639
8.6557 7.5195
7.886500000000002 7.3823
8.5679 7.3472
8.222999999999999 7.392799999999999
9.348099999999999 7.505599999999999
7.840699999999999 7.445500000000001
9.1517 7.5249
8.3067 7.3784
8.4709 7.514900000000001
8.332799999999999 7.469100000000001
8.638800000000002 7.4768
8.455 7.5767
8.9372 7.488200000000001
7.6683 7.3876
8.9074 7.4226
8.165700000000001 7.344099999999999
8.9554 7.467700000000001
8.2626 7.3921
8.745600000000001 7.4639
8.0384 7.486
8.7592 7.4463
7.8156 7.369300000000001
8.183300000000001 7.486799999999999
7.8484 7.4197000000000015
8.657199999999998 7.3256000000000006
8.021600000000001 7.3212
8.3244 7.3379
8.3953 7.505199999999999
8.2513 7.5807
8.297699999999999 7.4792
8.085 7.462299999999999
8.2802 7.524899999999998
8.508999999999999 7.4601
7.6415 7.4196
8.787600000000001 7.269299999999999
7.878999999999999 7.433400000000001
9.216399999999998 7.484399999999999
8.043000000000001 7.3562
9.6339 7.4830000000000005
9.3276 7.4821
9.7741 7.492
8.893699999999997 7.363899999999999
9.003400000000001 7.392999999999998
8.8517 7.4845
8.838000000000001 7.394400000000001
8.8685 7.327999999999999
8.9482 7.3416999999999994
8.8638 7.4172
9.234399999999999 7.389900000000001
8.896999999999998 7.5218000000000025
9.3462 7.5224
8.5832 7.456300000000001
9.3477 7.391099999999999
8.459399999999999 7.377000000000001
9.127699999999999 7.3219
8.720299999999998 7.2808
9.289900000000001 7.440200000000001
8.6978 7.493600000000001
9.144400000000001 7.4104
8.7959 7.303000000000001
8.907 7.471499999999999
8.335999999999999 7.411099999999999
