8.413600000000002 7.2677
7.733099999999999 7.2387999999999995
8.6679 7.225100000000001
7.814000000000002 7.196100000000001
8.438899999999999 7.257099999999999
7.8568 7.2638
8.326699999999999 7.241899999999999
7.651499999999999 7.253300000000001
8.044899999999998 7.272300000000001
7.6692 7.2702
7.985 7.2562
7.405100000000002 7.2121
8.3985 7.2588
7.863600000000001 7.2334
8.1673 7.294499999999999
8.1383 7.302700000000002
8.9165 7.360799999999999
8.003300000000001 7.2280999999999995
8.2611 7.241700000000001
8.015500000000001 7.2868
8.563899999999999 7.272300000000001
7.4089 7.2464
8.303099999999999 7.254099999999999
7.6271 7.214200000000001
8.797300000000002 7.2412
7.670599999999999 7.2379999999999995
9.081299999999999 7.3288
7.467700000000001 7.2242
8.280800000000001 7.2204999999999995
7.783599999999999 7.227199999999999
8.5543 7.2852
7.344000000000002 7.1672
8.913499999999999 7.2052000000000005
10.5893 7.297499999999999
8.9369 7.308899999999999
8.5495 7.218299999999999
8.935500000000001 7.2653
7.7408 7.292999999999999
8.791500000000001 7.3225
7.6225000000000005 7.2228
8.265000000000002 7.242399999999999
7.4242 7.2283
8.386299999999999 7.304399999999999
7.280700000000001 7.235799999999999
7.893399999999999 7.2609
7.420300000000002 7.274
8.560899999999998 7.301500000000001
7.7934 7.2517
8.5511 7.214399999999999
7.66 7.199799999999999
8.6564 7.377000000000001
7.614099999999999 7.2128
8.4397 7.2486999999999995
7.4998 7.252399999999999
8.5082 7.281499999999999
7.3419 7.272200000000001
8.4107 7.2707999999999995
7.720200000000001 7.2410000000000005
8.635900000000001 7.358500000000001
7.5103 7.19
8.397900000000002 7.2097999999999995
7.7402 7.2427
8.2513 7.2983
7.555400000000001 7.2410999999999985
8.123099999999999 7.334899999999999
7.524900000000001 7.266100000000001
7.770499999999999 7.289700000000001
7.2258000000000004 7.1967
9.6252 7.2853
7.2869 7.3020000000000005
7.9628000000000005 7.302899999999999
7.425 7.2379
8.129900000000001 7.2669999999999995
7.9177 7.2387999999999995
8.0603 7.2821
7.4644 7.358600000000001
7.804100000000001 7.430300000000001
7.2127 7.334199999999999
8.1314 7.357900000000002
7.671299999999999 7.3096
8.119100000000001 7.2395000000000005
7.5554 7.285500000000001
8.1788 7.3556
7.097 7.311899999999999
7.8523 7.2548
7.5966 7.269400000000001
8.1636 7.321400000000001
7.5485999999999995 7.291600000000001
8.097199999999999 7.286099999999999
7.430299999999999 7.2632
8.2886 7.344799999999998
7.586699999999999 7.2854
8.137500000000001 7.2839
7.547000000000001 7.2631
8.0666 7.2854
7.421899999999999 7.2579
10.4137 7.323500000000001
8.018500000000001 7.324299999999999
8.622200000000001 7.354000000000001
8.2314 7.306700000000001
8.974099999999998 7.335499999999999
8.0345 7.231700000000001
9.486699999999997 7.316599999999999
7.6295 7.327999999999999
8.9219 7.389899999999999
7.6446 7.2852
8.2704 7.341700000000001
7.8751 7.301399999999999
8.4128 7.302800000000001
7.8406 7.334899999999999
8.5251 7.388299999999999
7.9719 7.3075
9.1855 7.2806999999999995
7.7805 7.287600000000001
8.786 7.277000000000002
8.000900000000001 7.2509999999999994
8.934600000000001 7.308400000000001
9.7656 7.3036
8.7219 7.377599999999999
7.803299999999999 7.337900000000001
8.6615 7.3419
8.152 7.3379
9.3125 7.338699999999999
8.045100000000001 7.3037
8.5136 7.2967
7.7683 7.3036
8.2978 7.331099999999998
7.788099999999999 7.338
8.666900000000002 7.4006
7.537000000000001 7.263999999999999
8.3634 7.271800000000001
7.7683 7.2555000000000005
8.5291 7.2814000000000005
7.8621 7.321999999999999
8.4513 7.4104
8.3305 7.2931
9.346 7.320499999999999
10.0748 7.304399999999999
8.721799999999998 7.257999999999999
8.2077 7.2936999999999985
8.471799999999998 7.2967
7.5242 7.3105
8.090899999999998 7.289799999999999
7.575800000000001 7.3050999999999995
8.773899999999998 7.2983
7.915499999999999 7.321899999999999
8.8365 7.344100000000001
7.8429 7.2938
7.426399999999999 7.2296
6.901599999999999 7.215000000000001
7.0159 7.2319
6.734499999999999 7.196000000000001
6.906100000000001 7.2267
6.708499999999999 7.235699999999999
6.7357999999999985 7.252399999999999
6.613100000000001 7.2647
7.1434000000000015 7.138000000000002
7.180000000000001 7.2297
7.164899999999999 7.335700000000001
7.1632 7.2639
7.3105 7.272399999999999
6.9510999999999985 7.1562
6.9822999999999995 7.219
7.0432999999999995 7.222099999999999
7.5171 7.260799999999999
7.2082999999999995 7.2396
6.9786 7.147800000000001
6.858900000000001 7.206599999999999
7.1541999999999994 7.2075
6.958 7.243399999999999
7.3774999999999995 7.1968000000000005
6.8062 7.179899999999999
7.076200000000002 7.2113
7.051 7.165500000000001
7.108199999999999 7.1745
7.125700000000002 7.2435
7.4128 7.194599999999999
7.187800000000001 7.2464
7.1273 7.2357000000000005
6.937399999999999 7.2707999999999995
7.2447 7.259199999999999
7.009099999999998 7.143499999999999
7.1206000000000005 7.1723
6.9389 7.2325
7.135200000000001 7.265400000000001
6.9732 7.269299999999999
7.047999999999998 7.1838
7.091399999999999 7.156299999999999
7.4620999999999995 7.195399999999999
7.2600999999999996 7.2303999999999995
7.578300000000001 7.2044
7.0908 7.1808
7.2647 7.2465
7.278399999999999 7.2211
7.286099999999999 7.216
7.3043 7.1114
7.363900000000001 7.1816
7.283100000000001 7.1564000000000005
7.3517 7.165500000000001
7.2402999999999995 7.1548
7.3342 7.1129000000000016
7.2982 7.121200000000001
7.6323 7.157200000000001
7.4411000000000005 7.2385
7.538700000000001 7.206000000000001
7.524100000000001 7.241099999999998
7.7696999999999985 7.1799
7.086399999999999 7.238100000000001
7.0053 7.193
7.2991 7.2061
7.0328 7.1881
6.815299999999999 7.205199999999999
7.334899999999999 7.1418
6.752800000000001 7.126
7.260799999999999 7.1839
6.6865000000000006 7.159600000000001
7.143499999999999 7.1328000000000005
6.9245 7.1823
7.1144 7.2600999999999996
6.896100000000001 7.1266
7.2890999999999995 7.1588
6.697 7.1509
6.811399999999999 7.093899999999999
6.919899999999999 7.1167
7.264600000000001 7.1906
6.929700000000001 7.203699999999999
7.114500000000001 7.1228
6.8855 7.1617
6.8816000000000015 7.2447
6.7314 7.2075
6.8634 7.187799999999999
6.858800000000001 7.1936
7.2097999999999995 7.193799999999999
6.822100000000001 7.2023
6.897 7.1526
6.955 7.1305
6.9639999999999995 7.1664
6.750500000000001 7.167800000000001
6.974899999999999 7.144099999999999
6.7086 7.1640999999999995
6.9105 7.2253
6.5329999999999995 7.1747000000000005
6.7758 7.1206
6.586399999999999 7.1106
6.659 7.1419
6.8009 7.196000000000001
6.9060999999999995 7.1983999999999995
6.4384999999999994 7.2090999999999985
7.048700000000001 7.196699999999999
6.620799999999999 7.0755
7.2929 7.130299999999999
6.3507 7.173100000000001
6.8847000000000005 7.156499999999999
6.370399999999998 7.159600000000001
6.836700000000001 7.1602999999999986
6.4889 7.1457999999999995
6.7009 7.2044999999999995
6.464300000000001 7.154300000000001
6.651299999999999 7.152699999999999
6.5812 7.173299999999999
6.386700000000001 7.254999999999999
6.8758 7.1601
7.329500000000001 7.1716
6.935799999999999 7.161699999999999
8.0025 7.3021
8.0514 7.2862
8.028400000000001 7.289099999999999
7.674500000000001 7.294400000000001
7.834500000000001 7.3012999999999995
7.6731 7.2713
7.9964 7.305800000000001
7.802599999999998 7.215199999999999
8.272599999999999 7.242799999999999
8.056600000000001 7.3189
7.6372 7.315099999999999
7.5044 7.3165
7.617999999999999 7.222
7.449299999999999 7.220399999999999
7.5691999999999995 7.2227999999999986
7.724800000000001 7.1357
7.3547 7.1556
7.741500000000001 7.1771
10.1939 7.286799999999999
10.0808 7.181699999999999
14.476999999999999 7.37
9.095699999999999 7.1671
9.2379 7.2852
12.283 7.2464
