30.53367000000001 21.167699999999996
41.92531999999999 21.202700000000007
31.313950000000002 21.152600000000003
38.89010000000002 21.179400000000005
34.642050000000005 21.189299999999996
32.3305 21.144599999999993
41.486640000000016 21.142999999999994
33.95768999999999 21.167399999999994
32.831539999999976 21.131500000000003
37.33161 21.168700000000005
30.06428999999998 21.11060000000001
37.19069999999999 20.9916
29.590929999999993 21.018600000000003
33.034059999999975 21.03376
32.833 21.246509999999994
30.795759999999987 21.104930000000007
36.33848999999999 21.097519999999985
32.47123 21.15183
34.04446999999998 21.141379999999995
35.39679999999999 21.221270000000008
31.349050000000013 21.155170000000002
37.19623999999999 21.235169999999993
32.89936000000001 21.26182
32.58424000000001 21.17384000000001
32.266700000000014 21.115159999999996
33.857369999999996 21.154510000000002
35.592900000000014 21.246150000000004
39.461029999999994 21.244390000000006
37.57203000000002 21.244350000000004
32.12187 21.228929999999995
36.27809 21.20248999999999
36.32100000000001 21.215469999999993
32.63437000000002 21.216769999999997
30.61367999999999 21.216100000000008
37.11819999999999 21.303050000000002
34.14481999999997 21.24979
36.23350000000002 21.27644
31.09592000000001 21.24656999999999
31.914400000000004 21.29042
35.96458000000002 21.323929999999994
32.15863999999998 21.34347000000002
37.22583999999999 21.350109999999994
30.048780000000026 21.36502000000001
27.357189999999992 21.148400000000002
35.447599999999994 21.436720000000005
31.909280000000006 21.47269
32.74968000000003 21.424799999999983
40.64398 21.478999999999996
30.837470000000017 21.39929999999999
39.389909999999986 21.405999999999995
28.27246 21.310299999999994
34.06067 21.360500000000005
32.80406000000001 21.320100000000004
37.82965000000001 21.3403
30.171870000000016 21.33760000000001
35.682140000000004 21.324699999999993
34.92480999999999 21.355099999999993
36.41330000000001 21.385099999999994
36.69090000000001 21.386200000000006
33.902100000000004 21.37629999999999
35.66996000000002 21.33749999999999
35.55098999999997 21.371
35.42447000000001 21.369299999999996
32.475350000000006 21.3815
32.12077999999997 21.3513
31.649000000000004 21.33610000000001
32.751969999999986 21.364899999999988
31.47213 21.300900000000006
31.858700000000002 21.28720000000001
35.17284999999999 21.351200000000002
37.54387 21.441199999999988
36.370739999999984 21.435499999999994
34.19267000000001 21.4184
34.7158 21.4607
33.851929999999975 21.433500000000006
35.95043 21.4919
30.429520000000014 21.447099999999995
31.832569999999993 21.4219
34.437999999999995 21.414599999999997
31.012849999999993 21.419799999999995
31.67275999999999 21.418499999999995
30.479639999999996 21.4342
33.382209999999986 21.457000000000004
33.97963000000001 21.483100000000015
29.92024999999998 21.4477
33.46060000000001 21.388099999999998
34.03254000000002 21.403099999999995
30.00375 21.4337
39.73402999999999 21.433100000000017
32.049900000000015 21.4135
35.77050000000001 21.426000000000002
30.642529999999983 21.36499999999999
27.491789999999988 21.3165
29.065409999999996 21.363599999999998
34.22349000000001 21.381299999999996
29.890440000000012 21.378199999999993
30.238870000000013 21.32590000000001
26.270770000000006 21.37440000000001
31.75219999999999 21.354400000000016
32.16469999999999 21.3803
28.926500000000004 21.3215
30.780529999999985 21.3017
34.196999999999996 21.321200000000005
30.107930000000003 21.3336
33.6567 21.33200000000001
32.659800000000025 21.36560000000001
30.551669999999987 21.31770000000001
38.64598999999998 21.362000000000005
28.957030000000007 21.355100000000007
32.41964999999999 21.365400000000005
29.57661999999998 21.27830000000001
37.288519999999984 21.35890000000001
32.84160000000001 21.409200000000002
31.591039999999985 21.294199999999996
32.543710000000004 21.3092
20.27769 21.1852
38.62330000000001 21.382700000000003
31.956420000000012 21.29629999999999
23.37417999999999 21.2115
29.92696999999999 21.3809
38.0922 21.413000000000007
31.170079999999984 21.3601
31.26637999999997 21.4245
33.096540000000005 21.4256
37.3921 21.4081
31.723979999999962 21.25689999999999
36.351499999999994 21.371100000000002
32.6428 21.351709999999997
33.892579999999995 21.25459000000001
26.689820000000008 21.183649999999997
33.35979000000001 21.278609999999993
32.75673999999998 21.330949999999994
27.677829999999993 21.254709999999996
36.73440999999999 21.313460000000006
34.25459999999999 21.348000000000006
29.139879999999994 21.309720000000006
38.135700000000014 21.30685000000001
32.82139999999998 21.38534
31.851729999999996 21.39128999999999
32.770129999999995 21.34486
39.5094 21.393899999999995
32.67601000000001 21.42197
35.35849999999999 21.383749999999996
31.09161000000002 21.39545999999999
33.89602999999999 21.426529999999996
37.30876999999999 21.464769999999998
31.117579999999993 21.368380000000002
33.640340000000016 21.41899999999999
39.58266000000001 21.422129999999992
35.70843 21.437020000000008
35.13958000000001 21.448149999999995
37.15925000000001 21.473569999999995
35.933399999999985 21.481979999999993
31.901069999999986 21.490149999999996
32.28806 21.388949999999994
31.528550000000006 21.32246
32.13924999999996 21.531349999999996
33.51120999999999 21.48428
43.51291000000004 21.63515999999999
33.1628 21.55333999999999
29.49287 21.467599999999994
39.76209999999998 21.527429999999992
33.015800000000006 21.48875
33.51629000000001 21.46213999999999
31.5122 21.333339999999996
36.8359 21.431230000000003
31.516899999999996 21.385609999999996
33.651850000000024 21.413
38.638670000000005 21.28017000000001
34.930099999999975 21.354279999999985
31.775170000000013 21.296339999999997
35.83500000000001 21.337960000000002
35.62383000000001 21.38998
31.632690000000007 21.342590000000005
39.75069999999999 21.399920000000012
31.090979999999995 21.34848
31.897380000000002 21.38168000000001
34.2108 21.40148
30.913679999999992 21.38651
34.061239999999984 21.36716999999999
27.443279999999998 21.31898999999999
30.04585999999999 21.302570000000006
32.46002999999998 21.40315999999998
36.195699999999995 21.439970000000002
30.035269999999997 21.422290000000004
32.82762000000001 21.39161999999999
37.3918 21.4321
31.92911999999999 21.377869999999994
36.872460000000004 21.390210000000003
31.578600000000005 21.381750000000007
34.394709999999996 21.390380000000007
28.536860000000015 21.29784
30.25816 21.352569999999993
37.90029999999998 21.349239999999995
30.67686999999999 21.280610000000006
30.10363999999999 21.23267
37.748900000000006 21.255159999999997
29.623150000000013 21.186679999999996
33.97531 21.285799999999984
38.49299999999999 21.29581
34.78489999999999 21.328480000000013
32.981599999999986 21.316150000000007
39.03851000000001 21.362930000000006
35.18965 21.36922
32.89393 21.340649999999993
32.44960999999999 21.39829999999999
45.94189999999999 21.463499999999986
34.926219999999994 21.475
35.06306 21.4163
34.355840000000036 21.380099999999988
35.09184 21.385450000000006
39.851150000000004 21.40089999999999
34.89555999999999 21.36509999999999
34.4579 21.391000000000005
32.15782999999999 21.328849999999985
38.37250000000001 21.397299999999998
37.357600000000005 21.372300000000006
32.701769999999996 21.334300000000002
41.83620000000004 21.342199999999988
32.00865 21.314399999999992
34.05128000000002 21.341199999999997
41.284400000000005 21.394999999999996
32.90647000000002 21.36509999999999
36.21850000000001 21.39059999999999
31.638119999999997 21.37799999999999
36.385159999999985 21.390600000000003
38.4689 21.415700000000015
33.13715000000001 21.4272
35.021570000000004 21.420800000000003
30.79502000000001 21.360199999999995
41.81595 21.4184
32.24322000000001 21.44729999999999
34.01268000000002 21.40319999999999
42.144999999999996 21.437400000000007
33.62725000000003 21.4306
38.19558000000001 21.448799999999995
32.49888999999998 21.449900000000007
36.7633 21.456699999999994
38.16879999999998 21.45239999999999
35.019780000000026 21.449699999999993
35.17030000000001 21.413800000000005
39.52910000000001 21.42809999999999
32.39279 21.4175
37.31084000000001 21.439500000000002
31.536689999999982 21.365100000000005
38.21188999999997 21.471599999999995
35.97019000000001 21.487299999999994
33.16949 21.489799999999992
41.641470000000005 21.483400000000003
31.695150000000005 21.4523
36.81190000000001 21.4274
31.376650000000012 21.444399999999998
35.729240000000004 21.450100000000006
36.332100000000025 21.459000000000007
30.54541 21.450200000000006
37.09272 21.471999999999998
37.50281999999998 21.500899999999994
32.060669999999995 21.520899999999997
38.254600000000025 21.518699999999995
34.42764000000002 21.551299999999994
36.01089999999999 21.51779999999999
38.287109999999984 21.545299999999994
33.53616999999996 21.516199999999998
35.646399999999986 21.476799999999987
37.641099999999994 21.478699999999993
31.73653999999999 21.4925
36.63179999999999 21.455199999999998
34.51178000000001 21.50419999999999
36.913599999999974 21.506100000000007
38.53700000000001 21.489
32.20167 21.493000000000006
37.22300999999999 21.4375
34.11726 21.525600000000004
30.415800000000004 21.473500000000005
32.47266999999999 21.466800000000003
35.75381 21.473199999999995
30.54829999999999 21.459299999999992
40.136 21.49589999999999
32.37184 21.527499999999993
37.118300000000005 21.52549999999999
31.233039999999995 21.451499999999985
36.57090000000001 21.509999999999994
37.06676 21.548100000000005
31.67389 21.492599999999996
35.8759 21.4769
30.710559999999994 21.4736
35.887679999999996 21.503000000000007
38.12918000000001 21.5338
