13.947000000000001 35.82299999999999
12.053999999999998 36.121
12.4952 35.756
14.487400000000001 35.762
11.904300000000001 35.767
12.525 36.01100000000001
12.228800000000001 35.718
10.9403 35.686
12.8187 35.791000000000004
13.100999999999999 35.757
12.128400000000001 35.705999999999996
12.679100000000002 35.717
14.599799999999998 35.785
15.765 36.19500000000001
14.462999999999997 35.888999999999996
14.473999999999998 35.798
12.517 35.744
14.351999999999999 36.035999999999994
15.098999999999998 35.961000000000006
13.581 35.755
14.6841 35.772999999999996
13.975999999999999 35.901999999999994
13.804999999999998 36.048
13.858999999999998 36.004999999999995
16.149 35.858999999999995
16.402 35.97499999999999
15.982000000000001 35.97599999999999
15.796 35.848
16.179000000000002 35.888999999999996
14.888000000000002 35.834999999999994
16.540000000000003 35.870999999999995
14.302999999999999 35.882999999999996
14.643999999999998 35.864999999999995
13.8 35.853
13.15 35.797000000000004
12.824 35.755
15.736000000000002 35.80499999999999
16.101 35.82899999999999
16.127000000000002 35.870999999999995
15.403999999999998 35.834999999999994
15.897 35.82899999999999
14.078 35.80499999999999
15.314 35.81699999999999
13.271000000000003 35.78600000000001
12.974 35.75600000000001
15.299000000000001 35.793
14.628000000000002 35.864999999999995
13.074 35.85299999999999
16.496 35.82299999999999
16.962 35.931
14.809 35.882999999999996
13.496 35.846999999999994
13.929 35.773999999999994
6.7963 35.651
15.559000000000001 35.817
14.42 35.815999999999995
12.579 35.78000000000001
12.946000000000002 35.76200000000001
9.9636 35.724000000000004
8.770800000000001 35.633
16.744300000000003 35.876999999999995
14.020399999999999 35.864999999999995
14.587500000000004 35.864999999999995
12.757800000000003 35.791999999999994
12.132999999999997 35.756
10.386800000000001 35.712
10.3297 35.731
10.716199999999999 35.707
11.363199999999999 35.981
10.593900000000001 36.469
9.026399999999999 35.943999999999996
9.3472 35.79
12.761 35.896
12.762 35.797999999999995
12.942 35.821999999999996
12.418 35.79900000000001
10.8851 35.699999999999996
10.8844 35.69500000000001
12.168 35.730000000000004
11.1729 35.74400000000001
11.781 35.73100000000001
12.604 35.78
14.072 35.894999999999996
11.648700000000002 36.187
13.98 35.815999999999995
14.448 35.882999999999996
13.233 35.79799999999999
12.418000000000001 35.730000000000004
13.542000000000002 35.839
13.566999999999998 36.254999999999995
13.497 35.88999999999999
14.432999999999998 35.846
14.501999999999999 35.85699999999999
14.011000000000001 35.809999999999995
12.892000000000001 35.748000000000005
14.910000000000004 36.15800000000001
17.012 36.126000000000005
16.79 35.870999999999995
19.064 35.998
14.065999999999997 36.035
17.413999999999994 35.840999999999994
15.448000000000004 36.61599999999999
18.725 36.553999999999995
15.849999999999998 36.25599999999999
16.6 36.132999999999996
12.49 35.999
14.373 36.244
12.677999999999997 35.963
16.115000000000002 36.090999999999994
16.098000000000003 36.157999999999994
16.319999999999997 36.04799999999999
16.179 36.230999999999995
14.496999999999998 36.077999999999996
16.038 36.451
17.693 36.364999999999995
15.882 36.169
13.624 36.04899999999999
13.812 35.962
15.545 36.461999999999996
15.655000000000003 36.226
14.979999999999999 36.128
16.738 36.376
16.124000000000002 36.199999999999996
15.623000000000001 36.382999999999996
17.909000000000002 36.5
15.672999999999998 36.554
13.565 36.342
14.802999999999999 36.512
12.4966 36.077999999999996
12.540600000000001 36.01200000000001
12.939 36.42100000000001
15.325 36.49999999999999
14.585999999999999 36.248999999999995
15.507000000000001 36.525
14.356000000000002 36.232
14.219999999999999 36.620000000000005
13.318 36.22399999999999
15.258 36.431999999999995
14.264 36.24999999999999
11.649300000000002 36.061
13.108999999999998 36.132000000000005
13.850999999999999 36.492999999999995
13.554000000000002 36.75599999999999
12.851 36.69499999999999
12.725 36.768
14.027000000000001 36.536
19.369000000000003 36.644999999999996
15.497999999999998 37.059999999999995
12.128000000000002 36.445
13.543 36.884
15.686000000000003 36.70100000000001
13.180999999999997 36.516999999999996
14.301000000000002 36.415
12.595600000000001 36.425999999999995
15.518000000000004 36.908
14.174999999999999 37.004999999999995
15.311999999999998 36.517999999999994
16.633 36.781000000000006
17.206 36.541
19.467 37.169000000000004
14.860000000000001 36.382999999999996
12.952 37.04900000000001
14.09 36.26199999999999
15.347 36.474999999999994
14.614999999999997 36.427
14.391000000000002 36.974999999999994
13.918 36.75
13.05 36.689
14.115 36.95100000000001
21.608000000000004 37.093
15.101 36.469
16.158 36.553999999999995
15.708 36.811
15.225 36.980999999999995
15.767000000000003 36.69299999999999
16.32 36.632999999999996
15.649 36.523999999999994
15.591000000000003 36.652
12.988 36.279999999999994
16.564999999999998 36.882999999999996
13.579100000000002 36.419999999999995
17.156000000000002 36.68099999999999
16.991999999999997 36.419
16.31 36.718999999999994
14.622000000000002 36.456999999999994
15.526000000000002 36.870000000000005
16.362 36.492000000000004
14.062000000000003 36.64
13.996 36.409000000000006
13.850999999999999 36.437999999999995
15.586000000000002 36.248999999999995
15.750829999999999 40.5655
15.699000000000002 33.129999999999995
16.131 33.1294
19.59 33.162400000000005
14.703 33.4101
15.741 33.3076
13.801 33.9026
15.583 33.8194
15.814999999999998 33.665800000000004
15.872 33.520999999999994
14.354000000000003 33.9315
13.88 33.7559
13.328999999999999 34.25
16.823 33.76129999999999
16.858 34.438
15.589999999999998 34.17
15.725 34.376
13.866999999999999 34.579
14.096 34.71
15.065000000000001 34.974
14.604999999999999 35.025999999999996
13.785 34.842
13.556000000000001 34.868
13.849 35.425
12.049 34.86
17.779999999999998 35.063
13.13 34.809999999999995
15.302 34.836999999999996
8.1542 35.011
16.512 35.617999999999995
16.139000000000003 35.434
12.604000000000001 35.336
14.777000000000001 35.451
14.045 35.301
12.157000000000002 35.30899999999999
13.693000000000003 35.248999999999995
11.806999999999999 35.11099999999999
13.663999999999998 35.145999999999994
12.895000000000001 35.501999999999995
18.492000000000004 35.248
13.74 35.464
12.317999999999998 35.208999999999996
12.882999999999997 35.86500000000001
13.062 35.197
9.464099999999998 35.248000000000005
12.773000000000001 35.315000000000005
14.187999999999997 35.592
12.653999999999998 35.31499999999999
13.044999999999998 35.713
11.579 35.61299999999999
13.569 35.690999999999995
13.700000000000001 35.74499999999999
10.9331 35.659
12.961 35.26899999999999
11.469999999999999 35.333
11.77 35.266999999999996
12.609 35.555
12.653999999999998 35.592999999999996
13.882 35.724999999999994
13.123000000000001 35.413
11.426000000000002 35.608000000000004
14.383999999999997 35.488
18.898 35.968999999999994
14.738999999999999 35.677
13.988999999999999 35.577999999999996
13.337 35.553999999999995
12.46 35.620999999999995
13.325999999999999 35.48899999999999
12.193000000000001 35.657999999999994
11.9509 35.646
9.978399999999999 35.516000000000005
13.499000000000002 35.757000000000005
12.0129 36.044000000000004
16.454 36.00299999999999
16.194 35.647
15.611999999999998 35.763999999999996
12.814999999999998 35.89
12.39 35.504999999999995
11.2082 35.730000000000004
12.115 35.724000000000004
11.132 35.508
13.290000000000003 35.609
11.384300000000001 35.819
12.476999999999999 36.045
11.481 36.068
16.78 35.724000000000004
13.926 35.769999999999996
13.417000000000002 35.76
10.616 35.626999999999995
12.2158 35.53599999999999
9.8637 35.479
10.156300000000002 35.462
12.198000000000002 35.801
11.7487 35.651999999999994
10.2604 35.53199999999999
11.1788 35.608000000000004
9.604 35.76
