13.996999999999998 8.723399999999998
14.405000000000001 8.7219
14.338000000000001 8.718799999999998
14.314999999999998 8.7249
14.704999999999998 8.7249
14.634999999999998 8.7219
14.507 8.730999999999998
14.667 8.729499999999998
14.594999999999999 8.723399999999998
14.689 8.720399999999998
14.530999999999997 8.7249
14.998000000000001 8.773900000000001
14.635000000000002 8.772400000000001
14.548 8.757100000000001
14.795 8.754100000000001
14.587999999999997 8.754100000000001
14.269000000000004 8.754100000000001
14.504 8.754100000000001
14.42 8.754100000000001
14.38 8.7479
14.208000000000002 8.7495
14.225999999999999 8.752600000000001
14.215 8.7479
14.020000000000001 8.7495
14.051 8.7495
13.866 8.7463
13.977 8.7463
13.553999999999998 8.7479
13.754 8.7479
13.844999999999999 8.7479
14.194999999999999 8.7479
14.044 8.7479
13.850999999999999 8.7463
13.87 8.7479
14.157999999999998 8.7479
14.13 8.7479
13.898000000000001 8.7463
13.954 8.7479
14.204000000000002 8.7479
14.039000000000001 8.7448
13.795000000000002 8.7448
13.498999999999997 8.7479
13.556000000000001 8.7448
13.832 8.7448
13.892 8.7448
14.978 8.7831
14.609 8.777
14.618 8.7738
14.377999999999998 8.7708
14.558000000000002 8.7708
14.244000000000003 8.7693
14.360000000000001 8.7693
13.954 8.7678
13.996000000000002 8.7678
15.777999999999997 8.949300000000001
14.045999999999998 9.089699999999999
13.656999999999996 9.089699999999999
13.463 9.089699999999999
13.264999999999999 9.0882
13.411999999999999 9.089699999999999
13.529 9.089699999999999
13.629 9.0882
13.658000000000001 9.086699999999999
13.524999999999999 9.0882
13.377 9.0882
13.381000000000002 9.0882
13.138 9.089699999999999
13.126999999999999 9.086699999999999
13.234000000000002 9.089699999999999
13.165000000000001 9.086699999999999
13.286999999999999 9.0882
13.540000000000003 9.0882
13.791 9.088099999999999
13.604000000000003 9.089699999999999
13.377999999999998 9.089699999999999
13.186 9.089699999999999
13.402999999999999 9.089699999999999
13.118999999999998 9.089699999999999
12.958 9.089699999999999
12.861 9.089699999999999
13.022 9.0881
13.121000000000002 9.0881
12.852999999999998 9.0881
13.049 9.0912
12.794 9.0896
12.899 9.0912
13.117 9.0912
13.114 9.0912
13.115000000000002 9.0912
13.203999999999999 9.088199999999999
13.064 9.0912
13.172 9.092699999999999
13.030999999999999 9.092699999999999
13.187 9.092699999999999
13.082999999999997 9.0942
12.958 9.0942
12.983 9.089699999999999
12.962000000000002 9.092699999999999
12.777000000000003 9.092699999999999
13.073999999999996 9.0896
13.062000000000001 9.0911
13.168000000000003 9.0881
12.781 9.0897
12.813000000000002 9.0896
12.858 9.086500000000001
12.755000000000003 9.086500000000001
12.693000000000001 9.0896
12.439 9.0881
12.499 9.086500000000001
12.690999999999999 9.091199999999999
12.683999999999997 9.0897
12.620999999999999 9.086500000000001
12.443999999999999 9.0912
12.653 9.088099999999999
12.775 9.0881
12.546 9.086599999999999
13.663999999999998 9.0881
13.960000000000003 9.086599999999999
13.74 9.086599999999999
13.672999999999998 9.086599999999999
13.131 9.086599999999999
13.065999999999999 9.086599999999999
12.857 9.0882
13.024 9.086599999999999
13.048000000000002 9.086599999999999
13.136000000000001 9.086599999999999
12.975 9.086599999999999
12.703999999999999 9.086599999999999
12.775 9.086599999999999
12.947999999999999 9.081900000000001
12.958 9.085
13.094 9.086599999999999
13.051999999999996 9.086599999999999
13.352 9.085
13.033 9.0882
13.391 9.085
13.399999999999999 9.085
13.34 9.0865
13.411999999999999 9.0881
13.405000000000001 9.086599999999999
13.262000000000002 9.086599999999999
13.169 9.086599999999999
13.069999999999999 9.085
13.169 9.085
12.992 9.085
13.238999999999997 9.0834
13.095 9.0835
13.048000000000002 9.0835
13.313000000000002 9.085
13.123999999999999 9.081999999999999
13.202999999999998 9.0835
13.133000000000001 9.0835
13.219 9.081900000000001
13.069999999999999 9.085
13.155 9.0835
13.13 9.083499999999999
13.266 9.0835
13.791999999999998 9.0835
13.813999999999998 9.0851
13.606000000000002 9.085
13.415 9.0835
13.397 9.0835
13.767999999999999 9.085
13.558 9.0835
13.135000000000002 9.081900000000001
13.419999999999998 9.0835
13.120999999999999 9.085
13.041 9.081900000000001
13.004000000000001 9.0835
13.383999999999999 9.0835
13.235 9.0835
13.235 9.0865
13.072000000000001 9.085
13.105 9.0834
13.225999999999999 9.083499999999999
12.85 9.085
13.061 9.086599999999999
13.131 9.0881
12.893000000000002 9.0835
12.974000000000002 9.0865
13.053 9.0835
13.389000000000001 9.086600000000002
13.389999999999999 9.0882
13.122 9.091199999999999
12.976 9.091199999999999
13.165 9.091199999999999
12.974 9.091199999999999
12.891 9.0882
12.733 9.091199999999999
12.748000000000001 9.0897
12.839 9.091199999999999
12.998999999999999 9.0927
12.866 9.0927
12.794 9.0927
12.690999999999999 9.0927
12.870000000000001 9.0942
12.782000000000002 9.0988
12.754999999999999 9.0927
13.013 9.094199999999999
12.894000000000002 9.091199999999999
12.900999999999998 9.0927
12.956999999999999 9.0927
12.879999999999999 9.0912
12.960000000000003 9.0927
12.659999999999998 9.0927
12.818999999999999 9.091199999999999
12.803 9.0973
12.916 9.094199999999999
13.001999999999997 9.094199999999999
12.832000000000003 9.0927
12.966 9.094199999999999
12.777 9.094199999999999
13.061 9.091199999999999
12.915 9.0927
13.017000000000001 9.0957
13.291000000000002 9.0896
13.235 9.0927
12.947000000000001 9.0927
13.256 9.0927
13.102 9.0912
13.090000000000002 9.0927
12.889000000000001 9.0912
12.833 9.092699999999999
13.144 9.0912
12.964999999999998 9.0927
13.178999999999997 9.089699999999999
12.977 9.094199999999999
13.144000000000004 9.092699999999999
13.339000000000004 9.0912
13.408000000000001 9.0912
13.386000000000001 9.0942
13.466000000000001 9.0912
13.182999999999998 9.092699999999999
13.378 9.092699999999999
13.402 9.094199999999999
13.318000000000001 9.0927
13.531 9.092699999999999
13.415 9.094199999999999
13.591000000000001 9.094199999999999
13.782 9.094199999999999
13.709 9.092699999999999
13.801 9.0927
13.919 9.0927
13.982 9.089699999999999
13.819 9.0927
14.122000000000002 9.091199999999999
13.486999999999998 9.0897
13.472000000000001 9.091199999999999
13.552 9.089699999999999
13.469000000000001 9.0912
13.549 9.094199999999999
13.705 9.094199999999999
13.447999999999999 9.094199999999999
13.153 9.0927
13.293 9.0912
13.397000000000004 9.0927
13.393999999999998 9.094199999999999
13.646000000000003 9.0927
13.397 9.092699999999999
13.338999999999999 9.0927
13.411999999999999 9.091199999999999
13.375 9.0897
13.286999999999999 9.089699999999999
13.268000000000002 9.0927
13.428999999999998 9.0927
13.352999999999998 9.091199999999999
13.502000000000002 9.0882
13.577 9.0882
13.502999999999998 9.089699999999999
13.408000000000001 9.089699999999999
13.389999999999999 9.0927
13.491999999999999 9.0882
13.62 9.0882
13.513 9.0897
13.616999999999999 9.0882
13.345 9.089699999999999
13.588999999999999 9.094199999999999
13.561 9.0882
13.599 9.089699999999999
13.495 9.092699999999999
13.63 9.089699999999999
13.866 9.092699999999999
14.001 9.0927
13.996 9.092699999999999
14.105 9.086699999999999
14.151 9.091199999999999
14.295000000000002 9.089699999999999
13.995 9.0867
