8.536050000000001 6.06275
8.07872 6.06904
8.24315 6.078659999999999
8.35896 6.08514
8.15891 6.09366
8.275680000000001 6.100239999999999
8.02016 6.10666
8.64167 6.11585
9.00758 6.11875
8.82467 6.125229999999999
9.249769999999998 6.13376
8.945149999999998 6.13695
9.116240000000001 6.15185
9.06086 6.18256
8.920390000000001 6.19419
9.116530000000001 6.19757
9.0053 6.20318
8.633379999999999 6.20928
8.34753 6.215279999999999
8.67124 6.255379999999999
9.1662 6.2611799999999995
9.384770000000001 6.2734700000000005
9.13543 6.282180000000001
9.26064 6.30487
9.21203 6.33256
9.11431 6.3424700000000005
8.692169999999999 6.350269999999999
8.961649999999999 6.34764
9.24188 6.36366
9.00407 6.37284
9.01484 6.374460000000001
9.30946 6.38828
9.25436 6.37755
9.211260000000001 6.420519999999999
9.230080000000001 6.4616999999999996
9.01017 6.468750000000001
9.18503 6.482749999999999
9.27236 6.483790000000001
8.50989 6.498600000000001
8.26779 6.50366
6.97388 6.5126
7.102169999999999 6.5177499999999995
7.3222700000000005 6.52365
7.081650000000001 6.53042
7.391510000000001 6.546650000000001
7.227599999999999 6.580659999999999
7.10489 6.582170000000001
6.91817 6.586359999999999
6.7426 6.60476
7.087930000000001 6.597790000000001
7.9666500000000005 6.61546
7.960459999999999 6.64347
8.07046 6.64527
7.96746 6.6468
7.743740000000001 6.64527
7.60241 6.66023
7.93365 6.67932
8.00365 6.691510000000001
7.51879 6.701509999999999
7.6445 6.701399999999999
7.45413 6.712840000000001
7.78046 6.71561
7.28346 6.73946
7.575550000000001 6.767760000000001
7.2393600000000005 6.77203
7.676079999999999 6.77841
7.93046 6.780410000000001
8.015939999999999 6.790889999999999
7.9698400000000005 6.7908
8.04255 6.81084
7.71345 6.8429400000000005
7.99045 6.852269999999999
7.85965 6.85665
8.17812 6.8618
8.53384 6.871560000000001
8.43946 6.87546
8.52303 6.899959999999999
8.40893 6.89479
8.73555 6.9007
8.53736 6.92281
8.51308 6.914609999999999
8.534839999999999 6.923559999999999
8.56841 6.937280000000001
8.415550000000001 6.94376
7.506119999999999 6.973939999999999
7.305410000000001 6.9909
8.04093 7.0109
8.04527 7.023080000000001
8.323559999999999 7.03337
7.95755 7.03889
7.768749999999999 7.04519
7.799119999999999 7.049900000000001
8.13165 7.05056
8.30612 7.067519999999999
8.573550000000001 7.07885
8.75455 7.08647
9.06546 7.08976
9.40155 7.095460000000001
8.991840000000002 7.10556
8.87027 7.13424
8.92417 7.13828
9.064459999999999 7.1575
8.906839999999999 7.15046
8.84665 7.16561
8.74736 7.16752
8.796979999999998 7.174080000000001
8.563600000000001 7.1867600000000005
8.506839999999999 7.196940000000001
8.07241 7.23385
7.65555 7.2429
7.821409999999999 7.24089
8.022599999999999 7.252520000000001
7.12203 7.2532700000000006
7.9874600000000004 7.267759999999999
7.9254999999999995 7.2725100000000005
7.9796499999999995 7.2673700000000006
8.02736 7.272129999999999
8.8406 7.3006
8.579889999999999 7.29885
8.3006 7.29065
9.00983 7.311139999999999
7.209649999999999 7.306560000000001
7.43946 7.321809999999999
7.66794 7.346800000000001
7.628070000000001 7.397130000000001
8.1015 7.417129999999999
8.05574 7.42438
8.372549999999999 7.42608
8.60994 7.45526
8.969459999999998 7.47751
7.965269999999999 7.48112
8.160700000000002 7.48549
8.287220000000001 7.4973
8.36432 7.50899
7.957649999999999 7.508899999999999
8.06569 7.503209999999999
8.74903 7.50281
8.4256 7.508719999999999
8.33779 7.51873
8.43036 7.5224899999999995
8.54588 7.52572
8.38727 7.55604
8.35136 7.56471
8.58312 7.5667100000000005
8.21945 7.586899999999999
7.64674 7.624410000000001
7.8325499999999995 7.62562
7.48193 7.63597
7.847650000000001 7.6337399999999995
7.89618 7.6343
7.946030000000001 7.638419999999998
8.34508 7.64826
9.37084 7.645879999999999
9.279129999999999 7.66024
8.832510000000001 7.6533999999999995
8.625359999999999 7.664869999999999
8.48574 7.678399999999999
8.25755 7.70621
7.9377 7.741010000000001
7.7252600000000005 7.741020000000002
7.926749999999999 7.747580000000001
8.10617 7.74844
8.37403 7.750090000000001
8.94955 7.76381
8.93775 7.75619
8.22845 7.765129999999999
8.57664 7.808909999999999
8.430359999999999 7.82971
7.789560000000001 7.82896
7.91494 7.831940000000001
8.54646 7.86954
8.61308 7.88021
7.631740000000001 7.887169999999999
7.431979999999999 7.8864600000000005
7.35141 7.89047
7.9232700000000005 7.89424
7.69464 7.899629999999999
7.671549999999999 7.90269
8.10727 7.899919999999999
8.35813 7.9083
8.44384 7.9121999999999995
7.80522 7.912769999999999
7.5609399999999996 7.93093
7.77193 7.912859999999999
7.96741 7.922809999999999
7.56684 7.92177
7.746079999999999 7.9249
8.006549999999999 7.92719
7.63317 7.935010000000001
7.64385 7.9766200000000005
7.83417 7.99739
7.83118 8.00493
7.59965 8.00412
8.126990000000001 7.99956
7.53384 8.01923
7.9125 8.0513
8.09522 8.04178
7.80203 8.04869
7.842219999999999 8.05693
7.880170000000001 8.05511
7.513319999999999 8.05196
7.71336 8.05872
7.65865 8.06034
8.468499999999999 8.070720000000001
8.39955 8.073
8.14532 8.063649999999999
8.57813 8.080129999999999
8.44903 8.07718
8.85822 8.145839999999998
8.302119999999999 8.17447
8.27707 8.18191
7.92155 8.227
8.57707 8.21256
7.50807 8.22098
8.17465 8.22484
8.198459999999999 8.234
8.48584 8.23226
8.52236 8.229980000000001
8.82165 8.2395
8.77846 8.23921
8.38998 8.24883
8.47927 8.25506
8.29974 8.25534
8.41246 8.259430000000002
8.83898 8.25886
8.76517 8.26332
8.589749999999999 8.25751
8.76674 8.27814
8.40093 8.32261
8.448939999999999 8.319899999999999
8.118079999999999 8.32114
8.47169 8.347
9.328220000000002 8.35493
8.466080000000002 8.36244
8.832270000000001 8.358360000000001
9.21031 8.36608
10.02298 8.3802
9.332310000000001 8.37135
9.358179999999999 8.40793
8.9726 8.423680000000001
8.404890000000002 8.429870000000001
8.00888 8.42176
8.71079 8.43387
9.0466 8.43395
8.54007 8.43538
8.56446 8.432599999999999
8.8995 8.46138
8.6676 8.499010000000002
8.46813 8.49859
8.6867 8.49944
8.8686 8.50386
8.954790000000001 8.522099999999998
8.99769 8.520769999999999
8.490120000000001 8.51242
8.630930000000001 8.532580000000001
8.53922 8.56785
8.746129999999999 8.570640000000001
8.551029999999999 8.56082
8.39612 8.57629
8.28213 8.58487
8.59355 8.581050000000001
8.6736 8.59252
8.72936 8.58056
9.00841 8.577789999999998
8.78922 8.5951
8.863879999999998 8.618030000000001
9.24779 8.64749
8.55608 8.65054
8.663409999999999 8.65318
8.55179 8.658570000000001
8.79541 8.66857
8.5885 8.69253
8.37412 8.698509999999999
8.64313 8.692969999999999
8.85612 8.70936
8.77741 8.708309999999999
8.759129999999999 8.72526
8.557879999999999 8.731430000000001
8.46598 8.73495
8.368219999999999 8.73991
8.52594 8.74867
8.5337 8.74389
8.43626 8.74008
8.166500000000001 8.775730000000001
8.05451 8.79255
7.83094 8.786450000000002
7.66351 8.79378
8.65522 8.805589999999999
