37.08 8.57
36.66 8.567
36.09 8.558
34.94 8.579
34.96 8.591
35.040000000000006 8.615
35.94 8.594
34.5 8.625
34.98 8.642999999999999
34.56 8.628
35.199999999999996 8.645
35.11 8.597
35.339999999999996 8.582
34.31 8.618
34.48 8.597
32.66 8.591
33.68 8.617999999999999
33.51 8.59
33.21 8.609
33.06 8.591
33.03 8.613000000000001
32.05 8.576
31.909 8.57
33.129999999999995 8.615
32.725 8.584999999999999
33.78 8.609
33.629999999999995 8.6
34.39 8.636000000000001
32.044 8.609
34.589999999999996 8.63
33.37 8.609
32.730000000000004 8.57
32.84 8.567
33.19 8.606
32.9 8.594
30.959999999999997 8.566
33.93 8.620999999999999
32.220000000000006 8.584999999999999
30.769999999999996 8.551
31.230000000000004 8.555
31.31 8.554
31.225 8.536000000000001
31.879999999999995 8.552
30.28 8.545
30.767999999999994 8.538
29.781999999999996 8.520999999999999
30.355999999999998 8.540000000000001
29.916999999999998 8.524
29.486 8.52
30.03 8.526
29.069 8.517
28.785 8.517999999999999
29.293999999999997 8.514
29.297 8.520999999999999
29.854999999999997 8.501
29.073 8.514
28.552999999999994 8.495
29.431 8.527
28.698 8.517999999999999
28.775000000000002 8.508000000000001
29.454 8.508000000000001
29.406 8.508000000000001
29.945 8.520999999999999
28.443 8.514000000000001
28.932999999999996 8.515
28.67 8.520999999999999
28.231 8.515
28.208 8.504000000000001
27.759 8.508000000000001
28.04 8.511000000000001
28.393 8.505
27.759 8.504000000000001
28.862 8.515
27.918 8.517999999999999
27.990000000000002 8.505
28.98 8.505
27.808 8.514
28.247 8.507000000000001
28.406 8.518
28.781999999999996 8.524
28.137 8.504000000000001
28.261000000000003 8.502
28.134999999999998 8.501
28.138999999999996 8.501
27.662 8.502
27.942 8.507000000000001
27.942 8.498
28.516 8.517999999999999
28.892 8.504000000000001
28.236 8.505
28.758 8.510000000000002
28.397 8.502
28.308 8.508000000000001
28.405 8.508000000000001
28.247 8.508000000000001
28.308 8.504000000000001
27.636 8.501
28.089 8.505
27.991 8.502
28.357 8.505
28.808999999999997 8.505
29.430999999999997 8.505
28.576 8.505
27.784 8.505
27.307 8.505
28.247 8.505
27.54 8.502
28.307 8.505
27.722 8.502
27.588 8.517
27.625 8.511
27.270000000000007 8.524
26.538 8.517
27.246 8.517
27.293999999999997 8.520999999999999
28.113 8.514
27.880000000000006 8.527
27.233999999999998 8.514
27.198 8.52
26.978 8.517
27.759 8.520999999999999
27.698 8.524
28.54 8.517
28.945999999999998 8.526
29.656 8.529
28.394000000000002 8.526
28.442 8.526
28.626 8.523
28.542999999999996 8.526
29.163 8.526
28.473 8.538
25.61 8.17
31.158 8.206
31.282 8.368
30.653999999999996 8.424999999999999
30.944 8.462
30.054000000000002 8.469
31.281000000000002 8.459999999999999
31.276000000000003 8.475000000000001
30.342000000000002 8.456
31.012 8.456
30.185000000000002 8.484
27.48 8.444
12.491 8.408
13.239 8.408
9.8029 8.417
11.377399999999998 8.475
31.087999999999997 8.533
28.666000000000004 8.591
27.467 8.616
27.718999999999998 8.622
28.873000000000005 8.579
28.947 8.594
27.924 8.615
27.805000000000003 8.61
28.004 8.603
27.987000000000002 8.581
29.386999999999997 8.598
28.384999999999998 8.596
30.125 8.633
29.941000000000003 8.667
30.210000000000004 8.663
29.307 8.642
28.612 8.639
28.298999999999996 8.645999999999999
28.552 8.636
29.317999999999998 8.649000000000001
28.796 8.64
28.569 8.649
29.524 8.671
30.598000000000003 8.704
29.379999999999995 8.686
29.707 8.695
28.703 8.682
29.42 8.676
29.707 8.683
28.317000000000004 8.678999999999998
29.021 8.688
28.373000000000005 8.685
29.044999999999998 8.691
29.261 8.688
29.208000000000002 8.728
28.037 8.709
27.845000000000002 8.722000000000001
28.395 8.694
27.974 8.703
28.408 8.715
27.700000000000003 8.713
28.627000000000002 8.703
28.625 8.712
28.361000000000004 8.700000000000001
28.067999999999998 8.728
27.405 8.706
27.662000000000003 8.703
28.28 8.713
27.553 8.712
28.756999999999998 8.719000000000001
29.899000000000004 8.712
29.223 8.703000000000001
29.032999999999998 8.706
28.198999999999998 8.722
29.052 8.709
28.618 8.706
28.369 8.715
28.788000000000004 8.679
23.735 7.742
29.847999999999995 8.472
28.296 8.469
29.207 8.478
27.833000000000002 8.502
28.858 8.515
30.825999999999997 8.559999999999999
31.278 8.591
35.39 8.72
34.864 8.713
35.535 8.735
35.814 8.759
30.081999999999997 8.683
28.707 8.615999999999998
35.556999999999995 8.756
28.359999999999996 7.742
35.291 8.395
37.35 8.469
37.41 8.487
39.019999999999996 8.529
37.41 8.546000000000001
36.160000000000004 8.533
36.15 8.606
35.480000000000004 8.631
35.919999999999995 8.61
35.480000000000004 8.613000000000001
35.28 8.615
33.959999999999994 8.597
34.93 8.597000000000001
34.22 8.588
34.510000000000005 8.587
34.93 8.612
33.42 8.587
33.248999999999995 8.596
33.489999999999995 8.584
34.19 8.581
33.535000000000004 8.567
33.660000000000004 8.556999999999999
33.019 8.578000000000001
34.5 8.642
34.83 8.68
35.19 8.637
35.44 8.695
34.95 8.697
35.3 8.709999999999999
34.019 8.789
33.153 8.783
34.39 8.764
33.688 8.767
33.67 8.752
32.113 8.761000000000001
33.433 8.749
32.556000000000004 8.774
31.083 8.758000000000001
32.251000000000005 8.764
33.98 8.774
35.199999999999996 8.783
34.54 8.786
34.132 8.783
32.944 8.78
33.129 8.774
33.896 8.771
34.094 8.786
34.68 8.792
34.27 8.777
34.56 8.801
34.69 8.865
33.387 8.841000000000001
33.033 8.847
33.64 8.841000000000001
33.602999999999994 8.862
33.209 8.853
33.089 8.847
33.540000000000006 8.838
33.194 8.841000000000001
34.123000000000005 8.847
33.597 8.85
34.138000000000005 8.853
33.338 8.856
33.503 8.847
32.445 8.829
33.449 8.834999999999999
33.727999999999994 8.844000000000001
