9.5202 7.2189000000000005
9.8012 7.164100000000001
10.1149 7.2892
6.444500000000001 7.0833
5.3033 6.9578
6.005 7.17
6.180599999999999 7.0967
6.3722 7.1326
6.8245000000000005 7.1625
5.3918 7.0847
9.420900000000001 7.231999999999999
16.962000000000003 7.5081999999999995
13.392999999999999 7.3371
13.354000000000003 7.3326
11.469299999999999 7.2618
9.866399999999999 7.2692000000000005
10.376999999999999 7.2838
10.511800000000001 7.347899999999999
11.2205 7.2755
9.7801 7.2289
10.2071 7.1183
9.682300000000001 7.1503
11.2472 7.151899999999999
10.4298 7.102399999999999
11.0519 7.0966999999999985
10.489300000000002 7.066400000000001
11.929299999999998 7.136600000000001
10.234300000000001 7.012900000000001
12.134500000000001 7.1503
9.822199999999999 7.051699999999999
11.1081 7.064100000000001
10.592700000000002 7.169500000000001
10.969199999999999 7.1472999999999995
9.298499999999999 7.1168
10.6572 7.2379
9.028500000000001 7.093000000000001
10.6912 7.1479
9.2364 7.077
10.056099999999999 7.182400000000001
9.149899999999999 7.0827
9.904399999999999 7.127299999999999
8.9144 7.0032
9.4286 7.076900000000001
9.199400000000002 7.065700000000001
9.459100000000001 7.1023000000000005
8.572799999999999 7.0106
9.4801 7.0794
8.620899999999999 7.064900000000001
9.762500000000001 7.037400000000001
8.839500000000001 7.119000000000001
9.1843 7.0298
8.704399999999998 7.065600000000001
8.933100000000001 7.1463
10.4919 7.530999999999999
9.740499999999999 7.3906
8.791699999999999 7.207500000000001
9.903799999999999 7.1915000000000004
8.637199999999998 7.1207
9.1494 7.139599999999999
8.4686 7.128899999999999
9.8051 7.1709
8.990100000000002 7.0892
9.8157 7.0998
8.7524 7.1099
9.0073 7.1756
8.2829 7.089500000000001
8.885399999999999 7.0594
8.346 7.171699999999999
8.113699999999998 7.0396
7.420400000000001 7.1701
7.922199999999998 7.125200000000001
8.512699999999999 7.239699999999999
9.7074 7.2823
9.1474 7.2273000000000005
9.7217 7.237099999999999
8.654399999999999 7.191600000000001
9.545800000000002 7.169299999999999
8.811600000000002 7.115900000000002
9.1517 7.2768
8.2447 7.2157
8.806300000000002 7.180700000000001
8.2287 7.1625000000000005
9.122900000000001 7.1539
8.470600000000001 7.2478
9.238 7.259399999999999
9.4117 7.225
9.4642 7.133500000000001
9.0747 7.0756
9.3364 7.0603
8.1342 7.0839
8.9817 7.1358999999999995
8.6062 7.1939
10.1268 7.3305
9.3302 7.1478
10.1414 7.2038
8.8308 7.2700999999999985
9.999400000000001 7.180800000000001
9.5907 7.200000000000001
10.3943 7.220400000000001
9.3743 7.2304
9.68 7.173400000000001
8.7171 7.2280000000000015
9.7218 7.227300000000001
8.7076 7.148000000000001
10.43 7.218699999999998
8.8841 7.243200000000001
9.9087 7.222100000000001
8.4058 7.1403
10.004399999999999 7.247200000000001
8.5257 7.179399999999999
9.193500000000002 7.295199999999999
8.7045 7.280899999999998
9.454199999999998 7.1587999999999985
8.5639 7.2243
9.8583 7.344899999999999
8.671100000000003 7.3197
9.7012 7.2319
8.8131 7.193099999999999
9.969999999999999 7.2572
9.397599999999999 7.1899000000000015
9.8176 7.3020999999999985
9.5911 7.218200000000001
10.0572 7.2089
9.2503 7.214400000000001
9.999899999999998 7.1733
10.1371 7.238700000000001
10.709299999999997 7.1915000000000004
8.2417 7.2357000000000005
9.5283 7.181499999999999
9.392000000000001 7.1442000000000005
9.4918 7.1616
9.489799999999999 7.1723
9.847100000000001 7.1724
9.5115 7.199
10.730799999999999 7.209800000000001
9.3614 7.166299999999999
10.2908 7.134300000000001
9.049800000000001 7.1366
9.5037 7.1822
9.189600000000002 7.169499999999998
10.116499999999998 7.1669
9.693399999999999 7.171699999999999
9.251499999999998 7.049499999999999
9.0909 7.052600000000001
10.2745 7.0855
9.6363 7.180000000000001
10.0885 7.190500000000001
9.5768 7.0892
10.0428 7.169300000000001
8.972000000000001 7.1930000000000005
9.7453 7.270000000000001
9.083 7.089999999999999
10.0729 7.167800000000001
9.3196 7.109
9.680900000000001 7.167800000000001
9.283199999999999 7.1801
9.6782 7.2006
9.468599999999999 7.228799999999999
10.1782 7.248600000000001
9.808900000000001 7.255400000000001
10.246800000000002 7.219800000000001
9.908900000000001 7.258000000000001
10.0628 7.2997
9.212500000000002 7.199899999999998
9.915600000000001 7.234999999999999
9.658300000000002 7.2061
9.906899999999998 7.1647
9.2256 7.155499999999999
10.147400000000003 7.257799999999999
9.032800000000002 7.2342
10.709 7.2379
9.5775 7.1753
10.2819 7.1991
9.3818 7.224399999999999
10.9987 7.1984
10.2093 7.0825
10.927600000000002 7.151100000000002
10.0662 7.2387
10.318399999999999 7.2151000000000005
9.243400000000001 7.115099999999999
9.8992 7.1168
9.9345 7.1434
10.3823 7.2312
9.4792 7.2037
10.492 7.176200000000001
9.614 7.2029999999999985
10.0327 7.146999999999999
9.503 7.224900000000001
10.6344 7.2692
9.4097 7.1618
9.6309 7.115900000000002
9.831199999999999 7.215999999999998
10.077 7.1229000000000005
9.770199999999999 7.1487
10.006 7.1512
9.7832 7.1571
10.5383 7.0991
9.613699999999998 7.143999999999999
10.394400000000001 7.215000000000001
9.6844 7.2494000000000005
9.986400000000001 7.3829
8.801599999999999 7.187700000000001
9.4476 7.1908
9.511 7.213700000000001
10.548200000000001 7.1647
10.2165 7.2212
10.702399999999999 7.264699999999999
9.3905 7.2528
10.143400000000002 7.134299999999999
8.979500000000002 7.106700000000001
9.977 7.1822
9.0489 7.1327
10.1333 7.1564000000000005
9.4736 7.161599999999998
9.857299999999999 7.1487
9.9155 7.1258
10.153200000000002 7.177100000000001
9.4606 7.2014
9.7003 7.220400000000001
9.2864 7.108200000000001
9.8279 7.074800000000001
9.495800000000001 7.1122000000000005
9.6932 7.113599999999999
9.700100000000003 7.137299999999999
10.052100000000001 7.0884
9.8167 7.092899999999999
9.620899999999999 7.0863
9.3085 7.1183
9.8048 7.1678999999999995
9.496599999999999 7.1493
10.759999999999998 7.2014
9.905400000000002 7.2989
10.285100000000002 7.1786
9.7203 7.2037
9.506300000000001 7.133400000000001
9.081900000000001 7.304399999999999
9.7441 7.199800000000001
9.3439 7.2379999999999995
9.6029 7.203699999999999
9.029700000000002 7.142599999999999
10.232400000000002 7.2058
9.7241 7.1775
10.040000000000001 7.1892
9.480800000000002 7.0838
9.792100000000001 7.1153
9.6923 7.168500000000002
10.851400000000002 7.2838
9.6895 7.2364999999999995
9.9333 7.2143000000000015
9.779300000000001 7.3103
9.6422 7.1837
8.594899999999999 7.1673
9.9164 7.167599999999999
9.7059 7.094499999999999
10.107500000000002 7.180899999999999
9.3126 7.1275
9.846400000000001 7.1212
9.4688 7.114400000000002
10.4832 7.1267
9.2583 7.2297
10.394300000000001 7.271600000000002
10.16 7.1403
10.1086 7.231
9.670200000000001 7.164000000000001
10.596 7.2280999999999995
10.174999999999999 7.167000000000002
10.321 7.3601
10.599099999999998 7.2501
10.641899999999998 7.217299999999999
10.092899999999998 7.245699999999999
10.7365 7.3183
10.3444 7.2410000000000005
10.142500000000002 7.174799999999999
10.4004 7.1808
10.167600000000002 7.2196
10.1419 7.2243
10.3735 7.209900000000001
10.215600000000002 7.220399999999999
11.0611 7.1754
10.2964 7.2212999999999985
10.2918 7.216700000000001
10.2315 7.1297
10.5505 7.088500000000001
9.783700000000001 7.1947
10.0929 7.2181999999999995
9.6464 7.126500000000001
10.3164 7.1633000000000004
9.342799999999999 7.248000000000002
