37.489 13.941300000000002
37.09689999999999 13.976999999999999
37.35660000000001 13.886500000000002
36.9814 13.938099999999999
36.32170000000001 13.754
35.7582 13.8121
34.54890999999999 13.755900000000004
37.731750000000005 13.8519
38.74764 14.0052
38.68733999999999 14.005
39.0371 13.993499999999997
38.128319999999995 13.928200000000002
36.157529999999994 13.894600000000008
36.052610000000016 13.980899999999998
37.31088000000001 13.966200000000004
36.64319999999999 14.0714
37.21523999999999 14.051600000000002
37.6441 14.094699999999996
36.404399999999995 14.003200000000001
37.06291 14.091690000000002
36.296800000000005 13.724399999999997
36.48500000000001 13.877400000000002
36.043900000000015 13.873599999999996
34.900499999999994 13.980899999999998
35.281 13.841600000000001
35.76819999999999 13.8796
35.148599999999995 13.885800000000003
35.0614 13.95379999999999
35.32199999999999 13.847499999999998
35.1508 13.920599999999997
35.8244 13.921799999999992
35.335699999999996 13.960499999999998
34.5229 13.936499999999999
34.5936 13.934099999999997
33.81619999999999 14.000499999999997
33.877900000000004 13.970199999999998
34.31669999999999 14.032799999999998
35.26459999999999 14.1174
35.98873 14.1395
34.63096 14.045500000000006
34.99484 14.083299999999998
34.19933 13.991999999999999
35.176150000000014 13.955199999999998
35.12734999999999 13.980999999999998
35.61221999999999 14.0624
36.10235000000001 14.176200000000005
35.45552 13.886299999999999
33.53023999999999 13.9033
34.528969999999994 13.933100000000003
34.54028 13.975700000000002
34.178540000000005 13.9433
33.80005999999999 14.0044
34.038590000000006 13.995099999999999
33.45942000000001 13.923399999999999
33.48909999999999 13.911399999999997
34.16360999999999 13.9595
34.60404 14.006000000000002
34.9645 13.943799999999998
34.604800000000004 13.965999999999998
34.4167 13.981199999999996
35.41069999999999 14.203300000000002
35.156340000000014 14.2669
35.402210000000004 14.364100000000002
34.48468149999999 14.120899999999997
34.318170000000016 13.780599999999998
33.785799999999995 13.8067
34.2134 13.913799999999995
33.55249999999999 13.943
34.1403 13.9488
34.0322 13.907900000000003
34.47760000000001 13.877700000000004
34.03612000000001 13.991400000000004
33.852680000000014 13.713599999999998
33.45829999999999 13.784600000000005
33.31980000000001 13.8479
33.2733 13.865899999999995
33.64947 13.846500000000002
32.87427 13.778599999999997
35.00010000000001 13.836899999999996
34.28256 13.804299999999998
35.026900000000005 13.530299999999999
34.593700000000005 13.799400000000004
33.236079999999994 13.822600000000005
32.444369999999985 13.716000000000003
33.53724999999999 13.925300000000002
34.16636 13.834099999999996
35.013 13.888899999999992
32.51769999999999 13.862199999999996
32.5795 13.800600000000001
31.891899999999996 13.750099999999998
33.18580000000001 13.784500000000003
33.42700000000001 13.802000000000003
33.36349999999999 13.7611
32.2314 13.773699999999996
32.430399999999985 13.7243
31.755649999999996 13.682599999999997
33.05707000000001 13.800799999999997
35.20504 14.082699999999997
35.48061 14.1434
34.40869999999999 14.0422
35.07270000000001 14.0852
34.48449999999999 13.9644
34.529639999999986 13.943999999999996
34.39737000000001 14.010700000000003
34.91841 13.984199999999994
33.782199999999996 13.9508
33.63240000000001 13.924
33.718599999999995 13.982099999999994
34.117500000000014 13.964999999999996
33.267300000000006 14.0714
34.7798 14.201899999999995
34.968600000000016 14.135500000000004
35.28750000000001 14.1063
34.25980000000001 14.015
34.160000000000004 13.9621
34.86360000000001 14.1906
34.7941 14.145799999999998
33.4453 14.025100000000002
33.39860000000001 14.0146
33.324799999999996 14.031499999999998
34.29600000000001 14.1616
34.45870000000001 14.208500000000004
35.029900000000005 14.272100000000004
34.308099999999996 14.320599999999995
35.7258 14.233900000000006
35.897400000000005 14.273
35.621399999999994 14.149099999999997
34.39019999999999 14.254500000000004
34.70720000000001 14.2276
35.35989999999998 14.2239
34.75719999999999 14.245400000000002
34.097699999999996 14.2791
34.1636 14.302599999999996
35.018499999999996 14.299999999999999
34.915 14.3316
34.375000000000014 14.259000000000002
34.611700000000006 14.265299999999998
33.91030000000001 14.221899999999996
33.8348 14.160900000000002
17.5206 13.503800000000002
20.0383 13.424500000000004
34.47690000000001 14.380500000000001
35.3129 14.556300000000006
33.9546 14.343199999999998
34.6359 14.4433
34.340199999999996 14.4866
35.160599999999995 14.447299999999997
33.5859 14.417600000000002
35.5706 14.413400000000001
35.07500000000002 14.534700000000006
35.2639 14.609499999999997
36.18070000000001 14.581699999999998
35.45390000000001 14.589100000000002
35.417000000000016 14.6246
35.14509999999999 14.471699999999998
34.540500000000016 14.451699999999997
35.92060000000001 14.576299999999994
36.32009999999999 14.686100000000005
36.16960000000001 14.6462
36.12660000000001 14.773300000000003
36.35310000000002 14.657900000000005
35.80160000000001 14.767800000000003
36.9406 14.723
35.79560000000001 14.718400000000004
35.28560000000001 14.638499999999995
34.43019999999999 14.6343
35.80069999999999 14.717600000000003
35.074259999999995 14.654799999999996
34.95845 14.5534
36.75788999999999 14.862100000000005
36.08795999999999 14.743799999999998
35.98463 14.8184
35.90653 14.740099999999998
36.42941000000001 14.730600000000003
37.10411999999999 14.699699999999998
35.4588 14.821900000000005
35.03171 14.697299999999998
36.49646000000002 14.804200000000003
35.96412000000001 14.746
35.22492999999999 14.748799999999997
36.534440000000004 14.768900000000004
37.025360000000006 14.837700000000003
38.14249000000001 14.9097
37.11171000000001 14.950199999999997
36.86087 14.910700000000002
35.6995 14.843299999999997
36.86292 14.827200000000005
36.75019 14.849400000000001
37.224610000000006 14.964199999999996
36.48256000000001 14.958100000000002
37.1771 15.0175
35.65973 14.988999999999997
36.68738999999999 15.039699999999998
36.453100000000006 15.0246
36.846540000000005 15.072200000000006
37.1797 15.113100000000005
37.49151000000001 15.009899999999998
36.59784 14.9891
37.30743000000001 14.998100000000003
36.3207 15.028100000000002
37.055899999999994 14.9935
36.3571 15.065600000000007
36.4188 15.0074
35.234899999999996 15.022599999999997
36.0462 15.146299999999998
35.73419999999998 15.0096
36.29930000000002 15.110000000000001
36.1568 15.132000000000001
36.84519 15.1136
35.82239000000001 15.019499999999999
37.0641 15.120600000000001
36.78820000000001 15.191299999999993
36.409899999999986 15.201500000000001
35.6672 15.136700000000006
36.205999999999996 15.178900000000004
35.203299999999984 15.135400000000004
36.19039999999999 15.2105
35.83310000000001 15.193299999999995
36.204299999999996 15.199699999999996
36.18609999999999 15.237800000000002
35.946099999999994 15.155299999999997
35.08920000000001 15.124299999999998
34.568099999999994 15.138300000000001
34.9743 15.168099999999999
35.055899999999994 15.2004
34.80569999999999 15.257900000000003
34.923399999999994 15.251000000000007
33.79449999999999 14.9626
37.24110000000001 15.389599999999998
36.18329999999999 15.442200000000003
36.67070000000001 15.337199999999998
36.02519999999999 15.408899999999997
35.78269999999998 15.3441
35.35630000000001 15.2835
37.8093 15.3223
38.5344 15.519199999999996
38.442400000000006 15.556000000000003
37.486799999999995 15.543100000000004
36.3373 15.579299999999996
34.9251 15.1933
37.56729999999999 15.676799999999993
35.52360000000001 15.678599999999998
36.37539999999999 15.722300000000002
35.5509 15.701799999999999
35.790800000000004 15.660900000000003
35.6048 15.671299999999999
36.345699999999994 15.663100000000002
35.598800000000004 15.716400000000002
35.0699 15.698699999999999
34.852 15.723999999999997
35.215199999999996 15.712600000000004
34.365300000000005 15.708299999999998
35.89320000000001 15.7496
36.561800000000005 15.868599999999997
36.670199999999994 15.805700000000005
37.3114 15.843399999999995
37.737899999999996 15.786400000000004
36.4079 15.850099999999994
37.05649999999999 15.833299999999994
37.308 15.924899999999994
37.059400000000004 15.8619
36.61810000000001 15.909
36.7959 15.896499999999996
35.9656 15.897700000000004
36.85909999999999 15.839799999999999
37.6813 15.993599999999999
37.532300000000006 15.9419
38.333 16.018500000000003
37.47924000000001 15.977879999999999
36.7344 15.840549999999995
36.7702 15.848000000000004
35.479099999999995 15.9134
35.51240000000001 15.810299999999994
36.10410000000001 15.904699999999995
37.78110000000001 15.8503
38.316300000000005 15.911499999999998
36.238 15.8939
35.974699999999984 15.890400000000005
37.529499999999985 15.7833
37.295400000000015 15.8915
37.401 15.9669
36.46339999999999 15.904499999999997
37.13159999999999 15.951600000000003
36.756000000000014 16.0058
37.61800000000001 15.962900000000001
36.4456 15.919899999999998
36.62419999999999 15.934199999999999
36.1946 16.015
