6.665 5.505
6.604 5.518
6.531000000000001 5.518
6.506 5.518
6.494 5.511
6.494 5.518
6.494 5.518
6.506 5.518
6.482 5.518
6.482 5.524
6.506 5.524
6.494 5.53
6.482 5.536
6.482 5.542
6.543 5.56
6.604 5.591
6.58 5.609
6.58 5.621
6.543 5.627
6.506 5.634
6.506 5.64
6.506 5.652
6.494 5.6579999999999995
6.506 5.664000000000001
6.519 5.682
6.519 5.695
6.543 5.713
6.567 5.737
6.567 5.75
6.519 5.756
6.555 5.762
6.555 5.774
6.555 5.792
6.567 5.817
6.555 5.840999999999999
6.567 5.872
6.555 5.89
6.543 5.908
6.58 5.933
6.567 5.957
6.555 5.975
6.543 5.988
6.555 6.012
6.543 6.024
6.555 6.067
6.555 6.091
6.519 6.104
6.506 6.11
6.494 6.11
6.47 6.104
6.47 6.097
6.47 6.104
6.482 6.104
6.482 6.104
6.47 6.104
6.47 6.11
6.47 6.11
6.458 6.11
6.458 6.116
6.458 6.116
6.482 6.122
6.47 6.122
6.458 6.128
6.47 6.128
6.458 6.128
6.458 6.1339999999999995
6.458 6.1339999999999995
6.444999999999999 6.140000000000001
6.506 6.146
6.494 6.158
6.543 6.189
6.604 6.226
6.763 6.299
7.117 6.372
7.092 6.444999999999999
7.117 6.506
7.092 6.567
7.104000000000001 6.628
6.873 6.677
6.6530000000000005 6.702
6.567 6.702
6.482 6.702
6.506 6.702
6.47 6.689
6.458 6.689
6.444999999999999 6.689
6.444999999999999 6.689
6.458 6.689
6.433 6.689
6.421 6.689
6.421 6.689
6.421 6.689
6.458 6.702
6.482 6.726
6.531000000000001 6.75
6.5920000000000005 6.7989999999999995
6.641 6.848
6.641 6.885
6.6530000000000005 6.920999999999999
6.628 6.958
6.641 7.007
6.6530000000000005 7.056
6.616 7.092
6.616 7.1290000000000004
6.5920000000000005 7.153
6.543 7.166
6.531000000000001 7.19
6.506 7.202
6.458 7.202
6.421 7.202
6.409 7.202
6.396 7.202
6.396 7.202
6.421 7.202
6.396 7.202
6.409 7.202
6.433 7.202
6.444999999999999 7.2139999999999995
6.47 7.227
6.519 7.263
6.555 7.288
6.567 7.324
6.616 7.361
6.616 7.396999999999999
6.665 7.434
6.6530000000000005 7.457999999999999
6.641 7.483
6.58 7.5200000000000005
6.5920000000000005 7.544
6.604 7.581
6.628 7.617
6.616 7.654
6.616 7.6899999999999995
6.58 7.715
6.543 7.727
6.506 7.727
6.458 7.727
6.433 7.727
6.433 7.727
6.444999999999999 7.739
6.494 7.7509999999999994
6.616 7.776
6.628 7.556
6.6530000000000005 7.324
6.726 7.335999999999999
6.763 7.361
6.7379999999999995 7.385
6.75 7.422
6.7379999999999995 7.457999999999999
6.7379999999999995 7.495
6.836 7.544
6.824 7.581
6.787 7.617
6.714 7.654
6.7379999999999995 7.6899999999999995
6.641 7.703
6.604 7.727
6.543 7.727
6.47 7.727
6.482 7.727
6.458 7.727
6.458 7.727
6.458 7.739
6.458 7.739
6.494 7.7509999999999994
6.506 7.764
6.567 7.788
6.665 7.837
6.7989999999999995 7.886
6.7989999999999995 7.922
6.848 7.971
6.873 8.02
6.873 8.057
6.885 8.093
6.836 8.129999999999999
6.909 8.179
6.775 8.215
6.726 8.251999999999999
6.689 8.276
6.628 8.301
6.5920000000000005 8.312999999999999
6.531000000000001 8.312999999999999
6.494 8.312999999999999
6.494 8.312999999999999
6.482 8.325000000000001
6.482 8.325000000000001
6.482 8.325000000000001
6.506 8.325000000000001
6.519 8.337
6.567 8.362
6.616 8.386000000000001
6.677 8.423
6.812 8.472
6.7379999999999995 8.520999999999999
6.702 8.556999999999999
6.702 8.594
6.726 8.643
6.775 8.679
6.775 8.728
6.7989999999999995 8.777
6.873 8.826
6.763 8.85
6.641 8.875
6.604 8.899
6.58 8.899
6.494 8.899
6.458 8.899
6.47 8.899
6.444999999999999 8.899
6.444999999999999 8.899
6.458 8.899
6.458 8.899
6.47 8.923
6.531000000000001 8.936
6.58 8.972
6.5920000000000005 8.997
6.689 9.033
6.824 9.094
6.848 9.142999999999999
6.7989999999999995 9.180000000000001
6.848 9.229
6.763 9.277000000000001
6.7989999999999995 9.314
6.7379999999999995 9.363000000000001
6.689 9.399000000000001
6.677 9.436
6.641 9.447999999999999
6.58 9.46
6.531000000000001 9.472999999999999
6.494 9.472999999999999
6.47 9.472999999999999
6.458 9.472999999999999
6.47 9.472999999999999
6.458 9.472999999999999
6.458 9.472999999999999
6.47 9.485000000000001
6.482 9.485000000000001
6.543 9.508999999999999
6.5920000000000005 9.558
6.702 9.607000000000001
6.824 9.656
6.75 9.692
6.859999999999999 9.741
6.897 9.790000000000001
6.75 9.827
6.812 9.875
6.7379999999999995 9.924
6.787 9.961
6.75 9.998
6.6530000000000005 10.02
6.628 10.05
6.555 10.05
6.519 10.05
6.519 10.059999999999999
6.482 10.059999999999999
6.482 10.059999999999999
6.47 10.059999999999999
6.482 10.059999999999999
6.506 10.059999999999999
6.494 10.059999999999999
6.531000000000001 9.973
6.531000000000001 9.888
6.604 9.888
6.677 9.888
6.836 9.888
6.958 9.888
6.97 9.912
6.859999999999999 9.924
6.7379999999999995 9.949
6.7379999999999995 9.973
6.824 10.01
6.787 10.05
6.75 10.08
6.714 10.12
6.641 10.13
6.58 10.13
6.555 10.14
6.519 10.14
6.506 10.14
6.506 10.14
6.506 10.14
6.494 10.14
6.494 10.14
6.506 10.16
6.506 10.16
6.531000000000001 10.17
6.641 10.11
6.677 9.937
