8.474 7.3793
7.7254000000000005 7.2732
8.642599999999998 7.3356
7.9491000000000005 7.2327
8.554499999999999 7.3159
8.0221 7.3159
8.6198 7.486100000000001
8.013 7.353199999999998
8.4282 7.352399999999999
7.915500000000001 7.2593000000000005
8.098700000000001 7.294400000000001
7.6591 7.257
8.6098 7.332699999999999
7.923900000000001 7.385999999999999
8.606 7.369199999999999
8.4022 7.318899999999999
9.0803 7.3478
8.228299999999999 7.2989999999999995
8.794399999999998 7.3051
8.2343 7.345699999999999
8.6883 7.4296
7.8308 7.306800000000001
8.437300000000002 7.2349
8.145900000000001 7.1968000000000005
9.076300000000002 7.354000000000001
8.0727 7.3515999999999995
9.1765 7.437900000000002
7.8439 7.507399999999999
8.4946 7.289899999999999
7.861199999999998 7.245699999999999
8.9096 7.310399999999999
7.5395 7.2952
9.152299999999999 7.296099999999998
10.6598 7.387499999999999
8.9066 7.327500000000001
8.6814 7.340199999999999
9.033199999999999 7.3135
7.9467 7.1861
8.8227 7.3835999999999995
7.813900000000001 7.287599999999999
8.3512 7.396799999999999
7.4944 7.361
8.4968 7.369199999999999
7.4296 7.312100000000001
8.407499999999999 7.252699999999998
7.6387 7.414399999999999
8.7723 7.3883
8.043600000000001 7.2395000000000005
8.815000000000001 7.334900000000001
7.886500000000001 7.319599999999999
8.850600000000002 7.1937
7.6972 7.297400000000001
8.7371 7.456299999999999
7.879599999999999 7.4043
8.8303 7.3877
7.752999999999998 7.3454999999999995
8.425999999999998 7.3769
7.865899999999999 7.3714
8.625 7.5219
7.6400999999999994 7.344
8.468799999999998 7.453799999999999
7.8751 7.440899999999999
8.456400000000002 7.4241
7.9017 7.419
8.2192 7.4136
7.6393 7.3159
7.915500000000001 7.3167
7.489799999999999 7.3561999999999985
9.5584 7.347099999999998
7.250399999999998 7.3455
8.027600000000001 7.3485
7.6699 7.405200000000001
8.171899999999999 7.4961
7.928300000000001 7.323499999999999
7.9994999999999985 7.363899999999999
7.781300000000001 7.332600000000002
8.027500000000002 7.277699999999999
7.460999999999999 7.3212
8.2329 7.471499999999999
7.6941999999999995 7.4487
8.270299999999999 7.275400000000001
7.6339999999999995 7.230300000000001
8.2048 7.335700000000001
7.3035000000000005 7.431700000000001
8.364899999999999 7.425800000000001
7.976500000000001 7.2456000000000005
8.595799999999999 7.3921
8.050500000000001 7.419
8.7716 7.294300000000001
7.688300000000001 7.3203000000000005
8.725700000000002 7.394999999999999
8.4354 7.352399999999999
8.801200000000001 7.270100000000001
8.012400000000001 7.3111999999999995
8.532800000000002 7.2465
7.915500000000001 7.2806
11.001499999999998 7.3494
8.126 7.346500000000001
8.8715 7.4531
8.3726 7.4227
9.2308 7.395899999999999
8.1283 7.3335
9.6828 7.3218000000000005
8.099400000000003 7.280099999999999
9.2559 7.225100000000001
8.061300000000001 7.3142999999999985
8.741900000000001 7.384499999999999
8.2437 7.4256
8.9341 7.408899999999999
8.2175 7.3822
9.1354 7.4295
8.3765 7.3500999999999985
9.637100000000002 7.316400000000001
8.200899999999999 7.2632
9.091100000000003 7.2953
8.3595 7.4813
9.5326 7.563700000000001
10.5911 7.380700000000001
9.1196 7.4155999999999995
8.3405 7.424899999999999
9.333700000000002 7.407900000000001
8.649000000000001 7.3509
9.9678 7.3119000000000005
8.6337 7.3965000000000005
9.1252 7.372300000000001
8.2732 7.308299999999999
9.2167 7.432699999999999
8.4756 7.454699999999999
9.095500000000001 7.350099999999999
8.2428 7.374699999999999
8.964400000000001 7.37
8.432799999999999 7.508900000000001
9.2814 7.453
8.2115 7.399800000000001
9.3649 7.3661
8.959399999999999 7.4959
9.936700000000002 7.5135000000000005
9.918800000000001 7.306500000000001
8.9171 7.3753
8.4283 7.4935
8.862699999999998 7.5554
7.935300000000001 7.520199999999999
8.5058 7.4113
8.2071 7.4097
9.332 7.5128
8.5089 7.5348
9.5754 7.446999999999999
8.1534 7.412599999999999
7.6477 7.444100000000001
7.180000000000001 7.3396
7.4555 7.2242
7.1526000000000005 7.3203000000000005
7.1998999999999995 7.503599999999999
6.995399999999999 7.3218000000000005
7.2875 7.359999999999999
6.920799999999999 7.3616
7.4242 7.373100000000001
7.232799999999999 7.3311
7.501099999999999 7.354200000000001
7.448600000000001 7.3950000000000005
7.6768 7.367699999999999
7.284600000000001 7.3149999999999995
7.4522 7.314199999999999
7.164 7.392799999999999
7.656000000000001 7.479000000000001
7.399700000000001 7.4158
7.407399999999999 7.327400000000001
7.1044 7.2929
7.3180000000000005 7.390499999999999
7.3204 7.401299999999999
7.6614 7.354100000000001
7.2771 7.3363
7.3754 7.3462
7.2898000000000005 7.3546
7.447100000000001 7.3617
7.468499999999999 7.3454999999999995
7.686399999999999 7.3957999999999995
7.3980999999999995 7.5226
7.386900000000001 7.434200000000001
7.135800000000001 7.3814
7.5362 7.472200000000001
7.208200000000001 7.4348
7.528 7.3188
7.2853 7.410399999999999
7.475400000000001 7.492199999999999
7.225099999999999 7.5173000000000005
7.426399999999999 7.514300000000001
7.315099999999999 7.507299999999999
7.5988 7.3073
7.3378 7.292299999999999
7.713999999999999 7.3296
7.4142 7.3074
7.3182 7.4172
7.347200000000001 7.376099999999999
7.4579 7.395800000000001
7.289999999999999 7.379099999999999
7.401199999999999 7.338000000000002
7.3393 7.4525
7.6507000000000005 7.3883
7.3189 7.264899999999999
7.666 7.360899999999999
7.538700000000001 7.3242
7.890399999999999 7.28
7.457700000000001 7.2648
7.953600000000001 7.328799999999999
7.698 7.353899999999999
7.778299999999999 7.3548
7.3439000000000005 7.3228
7.2623999999999995 7.3906
7.4373000000000005 7.459299999999999
7.3317000000000005 7.402699999999999
7.308200000000001 7.3257
7.5844000000000005 7.383000000000001
7.0497000000000005 7.2823
7.347899999999999 7.312
6.940500000000001 7.367800000000001
7.361499999999999 7.3701
7.1799 7.3509
7.3189 7.4104
7.0754 7.2922
7.3793 7.3906
7.0617 7.370699999999999
7.2732 7.479899999999999
7.0519 7.398199999999999
7.3296 7.3873999999999995
7.2883000000000004 7.3485000000000005
7.556800000000001 7.311300000000001
7.343400000000002 7.3021
7.2067000000000005 7.288500000000001
7.026600000000001 7.312199999999999
7.059500000000001 7.221899999999999
6.8389999999999995 7.309799999999999
7.4990000000000006 7.3296
6.994700000000001 7.316599999999998
7.0776 7.382899999999999
7.2174000000000005 7.312999999999999
7.198299999999999 7.2471
7.022200000000001 7.2823
7.2426 7.2823
7.2501999999999995 7.342299999999999
6.978399999999999 7.4439
6.703399999999999 7.315100000000001
7.028999999999999 7.369299999999999
6.9296999999999995 7.322800000000002
7.1586 7.3548
6.762599999999999 7.3607000000000005
6.9289000000000005 7.376099999999999
6.5399 7.291399999999999
7.163999999999998 7.3159
6.7962 7.4044
7.173199999999999 7.3602
6.6788 7.363199999999999
6.680900000000001 7.3182
6.5817999999999985 7.3144
6.654299999999999 7.3425
6.767999999999999 7.28
6.7556 7.252599999999999
6.5908999999999995 7.4082
8.2683 6.919899999999999
6.882499999999999 7.255599999999999
6.729100000000001 7.0801
7.2639 7.228799999999999
7.6492 7.238700000000001
7.239600000000001 7.225200000000001
8.293700000000001 7.2609
8.489100000000002 7.3976
8.1733 7.269300000000001
7.9698 7.2853
8.0933 7.3425
7.7354 7.2127
8.1719 7.3308
7.9261 7.3325000000000005
7.886399999999999 7.3332999999999995
7.836 7.186000000000001
7.8523 7.335
7.594399999999999 7.315099999999999
7.979499999999999 7.316400000000001
7.791100000000001 7.3203000000000005
7.720900000000001 7.316700000000001
7.606399999999999 7.331900000000001
7.7392 7.344800000000001
7.959 7.2890999999999995
10.2048 7.3311
10.2515 7.3739
14.734999999999998 7.572799999999999
9.457299999999998 7.483599999999998
9.397599999999999 7.428
12.365 7.472100000000001
