18.642 15.985
17.685000000000002 15.992
17.848 15.998000000000001
18.118000000000002 16.006999999999998
17.951999999999998 16.004
17.555 16.001
19.052100000000003 16.056
17.5844 16.08
17.814 16.096000000000004
16.9327 16.105
17.6081 16.169
17.9252 16.157000000000004
17.935100000000002 16.160000000000004
17.582400000000003 16.145
18.0474 16.130999999999997
18.320999999999998 16.166
16.9163 16.175000000000004
16.509600000000002 16.184
16.606999999999996 16.197000000000003
16.7816 16.209
16.2524 16.203
16.2591 16.209
16.076699999999995 16.212
16.3179 16.227
15.5013 16.239
15.1789 16.252
15.2666 16.264
16.154000000000003 16.279
15.720600000000001 16.3
15.4386 16.3
14.735100000000001 16.317999999999998
15.507100000000001 16.343
15.4838 16.355000000000004
15.9136 16.369999999999997
15.6096 16.360999999999997
16.377 16.360999999999997
15.587600000000002 16.382
15.0035 16.352
15.109099999999998 16.360999999999997
15.2233 16.357999999999997
15.616299999999999 16.384999999999998
14.9995 16.37
15.5142 16.38
14.745800000000001 16.383
15.317400000000001 16.383
14.929800000000002 16.38
15.1125 16.389
14.517299999999999 16.38
14.7119 16.371000000000002
14.898599999999998 16.392
15.939300000000001 16.401
15.0693 16.398000000000003
14.968700000000002 16.392
15.566700000000003 16.404
15.6215 16.401
15.147000000000002 16.403999999999996
15.369600000000002 16.431
15.441199999999998 16.443
15.8409 16.464
15.160800000000002 16.465000000000003
15.286900000000001 16.497999999999998
15.998399999999998 16.54
15.988600000000003 16.593
16.083199999999998 16.641000000000002
15.6891 16.653
15.589599999999997 16.662
16.2203 16.659
12.1736 15.812999999999999
16.8854 14.721
15.7584 14.7575
15.074100000000001 14.77
14.7284 14.764
14.976799999999999 14.771999999999998
15.505299999999997 14.785
19.5551 14.804
20.130800000000004 14.812
20.059399999999997 14.82
20.4712 14.832999999999998
20.362899999999996 14.888000000000002
20.1182 14.907
19.929999999999996 14.909
20.4114 14.92
20.4359 14.930000000000001
20.974400000000003 14.954
20.0138 14.99
20.4257 15.021
20.0988 15.024999999999999
19.7525 15.024000000000001
19.927 15.038000000000002
20.0193 15.06
21.4603 15.155
20.236700000000003 15.185
20.2684 15.209
21.378199999999996 15.245000000000001
20.9496 15.277
20.169999999999995 15.268999999999998
20.5912 15.281
20.8341 15.289
20.1362 15.281
20.2752 15.291999999999998
19.1896 15.286000000000003
20.390000000000004 15.289
20.7286 15.295
20.9114 15.308
20.1847 15.293000000000001
20.036099999999998 15.289999999999997
20.1659 15.288999999999998
19.691699999999997 15.283000000000001
19.687400000000004 15.286000000000003
19.4834 15.283
19.794999999999998 15.304
13.6101 12.928899999999999
14.1321 13.411999999999999
13.680599999999998 13.437
13.821700000000003 13.497
12.970300000000002 13.524
13.186899999999998 13.533000000000001
13.360800000000001 13.549999999999999
12.983899999999998 13.555
13.056000000000001 13.556000000000001
12.9585 13.562000000000001
13.0764 13.585999999999999
13.229100000000003 13.597999999999999
13.1673 13.616999999999999
13.7678 13.623
12.992500000000001 13.639000000000001
12.2636 13.642
12.7572 13.661999999999999
12.7773 13.684999999999997
13.345700000000003 13.732999999999999
14.034999999999997 13.774000000000001
13.888200000000001 13.832
13.2581 13.855999999999998
13.2559 13.899000000000001
12.773100000000001 13.916999999999998
12.588999999999997 13.926
12.468900000000001 13.934
13.3872 13.946
12.812499999999998 13.946
12.8614 13.954
13.0547 13.96
15.710999999999997 14.030000000000001
13.316 14.021
13.442700000000002 14.038
13.694400000000002 14.063
14.817 14.151
13.6438 14.233
15.784399999999998 14.328999999999997
14.472400000000002 14.424999999999999
13.1355 14.434
13.908500000000002 14.46
14.702200000000001 14.547000000000002
13.8215 14.56
13.700700000000001 14.584
14.203399999999998 14.601999999999999
13.6504 14.601999999999999
14.1217 14.626
13.9577 14.616999999999999
14.693699999999998 14.642
14.1159 14.668999999999999
14.316400000000002 14.715
14.413599999999999 14.727
14.176400000000001 14.745
17.787 14.795999999999998
16.279700000000002 14.825999999999997
14.001199999999999 14.792
14.1405 14.801999999999998
13.6313 14.792999999999997
14.120199999999999 14.792999999999997
14.3704 14.802000000000001
14.2831 14.814
15.4815 14.823
15.937399999999998 14.860000000000001
15.934399999999998 14.887000000000002
15.8505 14.893
15.4467 14.908
15.824100000000001 14.927000000000001
17.788 14.942
20.128399999999996 14.966000000000001
19.839000000000002 15.003
21.3311 15.021
20.8061 15.036
21.0069 15.036
20.3168 15.033
21.732 15.054
21.828799999999998 15.077000000000002
19.6715 15.058000000000002
19.724 15.094
20.7554 15.146
20.864 15.173
22.326999999999998 15.243
21.648999999999997 15.265
20.1251 15.264
21.932 15.298
22.557999999999996 15.394
22.035 15.445
23.230999999999998 15.475
21.653 15.495999999999999
21.144999999999996 15.512
21.778 15.536
24.258999999999997 15.581999999999999
21.049000000000003 15.600999999999999
21.736 15.64
24.171 15.838000000000003
23.235 15.821
24.236 15.847
25.130999999999997 15.977999999999998
23.157 15.963
22.976999999999997 16.019000000000002
20.332 14.065900000000001
23.413 14.207999999999998
25.289 14.484
24.708999999999996 14.902999999999999
23.2381 14.956000000000003
24.4106 15.021
22.820999999999998 15.068000000000001
23.361700000000003 15.136
23.2579 15.238999999999999
22.4865 15.346000000000002
22.948999999999998 15.509
23.772 15.643
23.505 15.68
24.479 15.754999999999999
23.774999999999995 15.748999999999997
24.107 15.739999999999998
24.6067 15.751999999999999
18.502 14.763000000000002
20.472 13.788999999999998
21.858 14.075000000000001
18.9053 14.114
18.2171 14.090999999999998
18.369 14.149000000000001
18.5837 14.21
18.376199999999997 14.204
19.128 14.268
18.7556 14.391000000000002
18.0253 14.387
18.3537 14.399999999999999
18.0555 14.399999999999999
18.911 14.426
18.029400000000003 14.428999999999997
18.709300000000002 14.461000000000002
18.468600000000002 14.590999999999998
17.7363 14.638000000000002
18.7102 14.679999999999998
17.0694 14.695000000000002
17.923000000000002 14.712
17.674799999999998 14.710999999999999
17.0045 14.741000000000001
18.665 14.851
18.2803 14.974000000000002
18.076199999999996 15.07
19.214100000000002 15.123999999999999
19.961199999999998 15.139000000000003
22.756999999999998 15.301
21.088 15.326
13.319999999999999 13.486999999999998
15.5305 13.401000000000002
9.998999999999999 12.801000000000002
11.291 11.951000000000002
8.606399999999999 12.193999999999999
9.3709 12.238
9.1215 12.290999999999999
8.856300000000001 12.306
10.2146 12.422
9.397800000000002 12.471
8.6285 12.527999999999997
8.6418 12.567
8.749699999999999 12.647999999999998
9.578199999999999 12.736
12.174100000000001 12.78
17.99 13.160999999999998
14.602699999999999 13.333999999999998
14.5655 13.398
15.2801 13.407
14.9647 13.542000000000002
15.630399999999996 13.600000000000001
16.0942 13.611
20.2058 13.602
19.073099999999997 13.566
19.108800000000002 13.584000000000001
18.6505 13.605
26.661999999999995 13.952
23.999 14.030999999999999
25.116000000000007 14.402999999999999
20.421999999999997 14.551999999999998
15.388000000000002 14.569
14.869000000000002 14.621
