11.25401 14.09
10.98512 13.991000000000001
12.96898 13.940000000000003
11.51116 14.057
11.175609999999999 14.013
12.54724 13.925
12.69592 14.109
11.289969999999999 14.008999999999999
10.82756 13.965
12.5676 14.083000000000002
12.22095 13.983
11.12918 14.059999999999997
11.18738 14.016
12.59279 13.935
12.096279999999998 13.922
10.981319999999998 14.05
11.52934 13.989
13.08615 13.953000000000001
11.85395 14.084
10.933480000000001 14.007
11.68272 13.907
12.150699999999999 14.093
11.673 14.024999999999999
10.97165 13.901
13.0577 14.094000000000001
12.14975 14.029
10.891340000000001 13.894
11.09488 14.054
12.80465 14.094999999999999
12.16615 13.943
11.35594 14.026
11.0625 14.038
12.493570000000002 13.968
12.32602 13.94
11.32613 14.075
11.00508 13.962
13.02914 13.999
11.72487 14.051
11.18821 13.931
12.03709 13.900000000000002
12.695900000000002 14.087
11.326819999999998 14.021999999999998
11.56506 13.959
12.57659 14.078000000000001
11.6299 13.949
11.03629 13.889000000000001
11.37117 14.046999999999999
12.664699999999998 14.071
12.226449999999998 13.926
11.2477 14.023
11.429269999999999 13.994000000000002
12.40146 13.983
12.4024 14.078
11.216289999999999 14.016
11.41408 13.917000000000002
12.41822 13.985999999999999
11.45332 14.05
10.99854 13.961000000000002
12.48953 13.995999999999997
12.38635 14.088000000000001
12.11167 13.986
11.183150000000001 13.963999999999999
12.22935 14.022000000000002
11.70509 13.972000000000001
12.02733 14.060999999999998
11.249789999999999 14.05
12.3774 13.937999999999997
11.880889999999999 14.057
11.90603 14.035
10.907599999999999 13.891
12.275369999999999 13.958
11.75557 14.069
11.8003 13.998
10.89777 13.918
12.18528 14.046999999999999
11.28458 13.998
11.980950000000002 14.007000000000003
11.19427 14.041999999999998
12.58568 13.995
11.54925 14.043
11.2589 14.019
10.61662 13.891
12.858419999999999 14.046
11.39137 14.063
11.906109999999998 13.932
11.4307 14.021
12.90524 14.059000000000003
11.898990000000001 14.044
11.12957 14.069999999999999
11.02158 13.91
12.97063 14.067000000000002
11.87526 14.044
10.80165 13.907
11.34082 14.013
12.79808 14.12
11.832510000000001 13.934000000000001
11.6277 14.038
11.00575 14.009000000000002
13.37743 13.952
11.707230000000001 14.074
11.30817 14.046999999999999
11.22665 13.964000000000002
13.015080000000001 14.126
11.71148 14.027000000000001
10.858340000000002 13.916
10.94627 14.040000000000003
12.6661 14.065
11.96909 13.949
11.369959999999999 14.057000000000002
10.873439999999999 13.968000000000004
12.50626 13.952
11.86283 14.075
10.949629999999999 14.029
11.39649 14.023
13.12184 14.138
10.94677 13.928
10.7241 13.919
12.36839 14.075
12.17777 14.06
11.1981 13.948999999999998
11.40167 14.071
12.613949999999999 14.024000000000003
12.1935 13.995000000000001
10.75065 14.056
11.05806 13.934
12.951699999999999 14.066
11.63318 14.091000000000001
10.915709999999997 13.922
12.187339999999999 13.988999999999999
12.738430000000001 14.124
11.348680000000002 14.008000000000001
10.89653 13.957999999999998
12.643699999999999 14.121
11.49586 14.014
10.86203 13.963999999999999
12.0508 14.09
11.86162 14.030999999999999
11.26672 14.035999999999998
10.97679 14.104999999999999
12.483250000000002 13.995
11.52845 13.985
10.75045 14.068
12.427249999999999 14.026
11.89836 14.035999999999998
11.143119999999998 14.099
11.009319999999999 13.928999999999997
13.390680000000001 14.051
11.163879999999999 14.090999999999998
10.97542 13.965
12.467099999999999 14.014000000000001
12.14083 14.109
10.75118 13.950000000000001
10.90342 13.913
12.927080000000002 14.077
11.74133 14.063
10.85096 13.922
12.98734 14.091999999999999
11.91147 14.033000000000001
11.24917 13.898000000000001
12.34657 14.049999999999999
12.65174 14.081
11.07538 13.904
11.61501 13.989
13.646910000000002 14.149000000000001
11.12095 13.919
11.15191 13.922
12.87431 14.104
12.16822 14.059999999999997
11.27741 13.962
12.11758 14.068999999999999
12.528740000000003 14.057
11.07882 13.927999999999999
11.72796 14.061000000000002
13.002550000000001 14.081000000000001
11.00394 13.935
10.93102 13.982
13.083740000000002 14.110999999999999
10.81342 13.892000000000001
11.413329999999998 13.983
13.25955 14.135
11.422480000000002 13.923
10.92872 13.925
12.929289999999998 14.091999999999999
11.40058 13.968
11.13162 13.947
12.93284 13.965
12.345839999999999 13.950000000000001
11.244489999999999 14.024000000000001
12.98927 14.02
12.145589999999999 13.941
11.28442 13.938
11.775469999999999 14.063999999999998
13.19642 14.072
10.9472 13.913
11.188609999999999 13.895
13.39302 14.079999999999998
11.2747 14.044
11.290600000000001 13.931000000000001
12.97553 14.017000000000001
11.878810000000001 14.088000000000001
10.98959 13.968
13.14668 13.977
11.70341 13.989
11.17489 14.081999999999997
13.33385 14.039000000000001
11.429409999999999 13.916
11.6685 13.934000000000001
12.75167 14.136
12.233509999999999 14.030000000000001
11.12213 13.931
13.073469999999999 14.042000000000002
11.95242 14.110999999999999
10.91008 13.913
12.68263 13.953
12.660730000000001 14.089000000000002
10.99363 14.051000000000002
12.76203 13.996
12.049380000000001 14.049
11.25255 14.021
12.836029999999997 13.962
12.566230000000001 14.086000000000002
11.33545 14.057
12.91843 13.968999999999998
12.176139999999998 13.956
11.27042 14.033999999999999
12.533699999999998 14.061000000000002
12.36557 13.977999999999998
11.05024 13.924999999999999
13.10762 14.074
12.110700000000001 14.076
11.177050000000001 13.904
12.4807 13.987
12.89612 14.19
11.301260000000001 13.949
11.57685 13.996
13.455200000000001 14.149999999999999
11.52354 13.940000000000003
11.25291 13.922
13.4909 14.100999999999999
11.93367 14.06
11.78496 13.962
12.93331 13.996
12.42808 14.106000000000002
11.19997 13.943
13.406530000000002 14.038
12.389410000000002 14.133
11.46584 13.947000000000001
12.758660000000003 13.959
12.353900000000001 14.046
11.228219999999999 14.039000000000001
13.068430000000001 13.959
12.12414 13.943
11.57342 14.04
12.46685 14.054
12.12664 13.935
11.30429 13.956000000000001
11.635219999999999 14.12
13.7712 13.998
11.606729999999999 13.935
11.385840000000002 14.015
12.93348 14.096999999999998
11.697750000000001 13.916
11.36731 13.989
12.880569999999999 14.174999999999999
11.9832 13.953
11.128879999999999 13.913
13.108730000000001 14.056
11.98976 14.065999999999997
11.42364 13.944
12.91765 14.013000000000003
12.31477 14.148
11.03078 13.935
12.17992 13.931
12.120940000000001 14.001
12.19952 14.142
11.166780000000001 13.950000000000001
13.045499999999999 14.011000000000001
12.02221 14.096999999999998
11.13475 13.904
12.54604 13.956
12.455849999999998 14.087
11.23149 13.984000000000002
12.73069 13.947000000000001
12.49691 13.993
11.0651 14.087
11.23294 13.922
13.11347 13.99
12.15835 14.059
