62.09158999999998 55.785
26.198059999999995 55.885
11.82975 53.897000000000006
38.66626 53.56300000000002
47.929230000000004 46.260999999999996
20.440369999999994 53.068000000000005
26.76363 59.62500000000001
36.49688 58.821
22.730000000000004 46.760999999999996
22.283080000000005 47.74400000000001
26.354079999999996 47.473
22.93035 44.63199999999999
24.6671 50.397000000000006
29.46322 50.749
24.694439999999997 52.398
36.51584 55.338
18.381400000000003 48.37199999999999
24.565440000000006 54.91299999999999
16.94367 48.338
21.47536 51.184000000000005
25.595449999999996 50.786
22.23729 46.03999999999999
21.666900000000002 53.66
19.28118 50.612
29.549349999999997 52.813
29.031710000000004 47.21600000000001
23.432320000000004 51.11399999999999
20.02377 54.37700000000001
24.52344 53.568000000000005
23.24161 52.105000000000004
23.73572 50.236000000000004
31.546380000000003 51.4
21.303990000000006 47.214999999999996
25.409109999999995 43.276999999999994
29.763449999999995 51.71300000000001
24.125230000000002 49.32099999999999
34.073539999999994 53.068000000000005
30.137769999999993 54.03699999999999
29.82554 49.19800000000001
23.057380000000002 59.25600000000001
35.73463999999999 56.273
26.76443 52.016000000000005
24.11552 45.733
18.954050000000002 48.81499999999998
28.86014 57.28800000000002
21.738039999999998 52.329
24.325270000000003 45.354
21.75058 42.712
20.32554 48.888000000000005
21.154220000000002 51.63100000000001
23.355019999999996 49.681000000000004
20.431929999999998 44.575999999999986
17.27973 43.8
20.18128 42.505
22.06175 50.517999999999994
16.81918 45.20100000000001
17.32075 40.09599999999999
20.88686 50.248000000000005
18.950159999999997 50.672000000000004
17.769099999999995 45.685
12.7529 44.928000000000004
22.90165 44.04999999999999
19.719660000000005 47.21
16.021970000000003 45.17700000000001
16.24993 43.12400000000001
16.79759 41.795
17.694599999999998 43.951
16.15116 40.70799999999999
23.173939999999995 46.24700000000001
17.914510000000003 44.419000000000004
18.31522 39.72299999999999
12.766780000000002 47.74299999999999
17.231040000000004 44.074999999999996
11.865509999999999 45.263
20.390420000000002 47.994
19.040660000000006 49.854
19.39715 44.60599999999999
11.09979 39.76699999999999
21.121579999999998 44.38700000000001
11.62232 42.193000000000005
24.01746 47.094
14.133389999999999 47.366
19.24802 41.824
16.429560000000006 41.62999999999999
17.537949999999995 40.833999999999996
17.609070000000003 40.352
16.467190000000002 42.34999999999999
20.51557 46.34899999999999
17.97657 43.635000000000005
18.489510000000003 48.577999999999996
20.984539999999996 46.872
27.50009 48.713
35.251290000000004 51.492000000000004
22.104010000000002 47.618
22.423629999999996 50.892
22.023120000000006 54.03199999999999
23.346590000000003 49.361000000000004
23.135829999999995 43.24
23.988250000000004 50.288999999999994
26.2664 46.81100000000001
20.66494 46.02100000000001
26.20845 53.004000000000005
22.39822 48.888999999999996
36.12819 58.912000000000006
24.161309999999997 48.830999999999996
24.33572 47.65
27.58688 49.946
22.350240000000003 50.45
27.502139999999997 47.835
23.289970000000004 54.346000000000004
31.97739 54.71599999999999
25.831270000000007 58.04999999999999
40.49459 58.913000000000004
34.252919999999996 50.083
17.73833 44.797000000000004
26.60297000000001 49.569
44.08874999999999 48.031
31.788739999999994 47.41
28.265579999999996 53.374
27.469639999999995 49.395
23.141719999999996 52.500000000000014
41.73499999999999 54.86300000000001
21.83618 48.760999999999996
34.524319999999996 47.565
21.72378 55.435
61.60216999999999 58.151999999999994
29.699579999999997 51.007000000000005
28.390919999999998 51.532999999999994
36.14889000000001 61.732000000000006
25.450680000000002 54.42999999999999
35.08579 57.353999999999985
24.981219999999997 53.37899999999999
23.09775 57.06
48.142679999999984 54.295
31.115750000000002 57.39399999999999
45.27874 66.70000000000002
31.77589 66.22900000000001
36.951409999999996 53.488000000000014
31.669520000000006 53.11800000000001
30.578749999999992 49.397000000000006
38.109680000000004 59.458
32.90927 54.691
31.890319999999996 55.85699999999999
26.016110000000005 56.92499999999998
27.09336 60.15299999999999
44.48813 63.92100000000001
32.013679999999994 51.03899999999999
31.752510000000004 50.003
27.46284 55.22899999999999
47.45303 65.147
22.17199 49.496
19.99033 46.239000000000004
43.947540000000004 52.931
37.76205 53.913
32.51376 53.190000000000005
27.653560000000006 56.24100000000001
42.47949 57.093
41.58738 56.313
53.692530000000005 55.346999999999994
38.690110000000004 60.537000000000006
15.211270000000004 58.56800000000002
20.356600000000004 50.267
65.55307 62.06899999999999
48.36781999999998 50.690000000000005
46.48178 55.49400000000001
36.741749999999996 53.998999999999995
44.91832 56.84400000000001
54.446780000000004 69.04700000000001
43.502379999999995 64.76700000000001
41.354670000000006 65.82000000000001
44.38967 56.66700000000001
55.22775 64.112
37.26072 51.562999999999995
44.27102000000001 58.601000000000006
35.36946 60.05199999999999
52.866389999999996 60.488
45.549929999999996 59.11000000000002
46.51394000000001 58.63699999999999
28.11031 53.489
50.32682 64.019
59.83132 51.40999999999999
42.80926 58.42900000000001
49.11188 53.025999999999996
49.07852999999999 53.913999999999994
32.74543 49.368
40.84858999999999 53.92
63.849210000000014 76.03599999999999
40.37929 51.22500000000001
51.258499999999984 55.37799999999999
39.877069999999996 55.15399999999999
62.978030000000004 69.83399999999999
51.05144999999999 67.805
61.760079999999995 65.03
57.833529999999975 61.550000000000004
47.37455 56.572999999999986
69.06972999999999 65.286
38.883280000000006 56.698000000000015
51.97723 60.057
48.687149999999995 66.57600000000001
53.79067 57.72399999999999
57.882259999999995 63.548
48.52467 61.980999999999995
60.01345000000002 66.1
40.33935000000001 62.753
69.33107999999999 66.11
60.90389 64.09700000000001
61.75348000000002 64.60000000000001
49.775969999999994 58.98899999999998
65.19345 66.658
54.76843 57.8
54.68099000000001 63.49600000000001
54.549139999999994 57.88100000000001
44.11618000000001 65.94699999999999
42.49253000000001 56.38000000000001
56.91756 63.56699999999999
59.80677 63.72800000000001
83.61263000000001 73.58800000000001
64.59495 56.885
52.251740000000005 56.87
71.88854 72.6163
43.50171 51.69060000000001
57.39249000000001 62.9016
62.37429999999999 54.18300000000001
49.40175000000001 56.847
48.08794999999999 59.729999999999976
71.6444 69.15299999999999
61.05855999999999 63.67499999999999
57.31670999999999 57.793000000000006
49.97076 65.27199999999999
62.974180000000004 62.20099999999999
43.856939999999994 53.543
52.50421000000001 59.278
46.73180000000001 55.13699999999999
52.99158000000001 63.15500000000001
56.07928 59.802
41.94043 56.532
48.13269999999999 55.66
44.460260000000005 60.766
48.882419999999996 63.879999999999995
62.90225 67.953
58.48173999999998 65.47179699999998
60.311609999999995 65.80694
86.70170000000002 63.2343
64.89292999999999 57.486000000000004
67.52359 67.225
41.82157 60.498999999999995
59.01314 56.68400000000001
53.02186999999998 58.103
36.05537000000001 58.541999999999994
50.30479999999999 51.528
72.44303 63.217999999999996
61.6185 65.485
50.85685000000001 58.63300000000001
53.92281 61.427
49.685269999999996 67.379
50.876960000000004 59.76199999999999
43.90408 65.357
49.0861 66.99200000000002
57.50982 68.21000000000001
53.51462 71.35599999999998
55.061250000000015 69.83400000000002
39.37615 58.086000000000006
38.74692000000001 57.15
65.23437999999999 56.13800000000001
57.47164999999998 61.731000000000016
48.82088999999999 63.029999999999994
46.04399000000001 53.53800000000001
40.714510000000004 64.55499999999998
43.76922 59.29800000000001
39.82978000000001 61.24999999999999
39.08144000000001 48.36
40.593939999999996 64.69299999999998
44.21589000000001 53.476
34.12428 51.721
48.83583000000001 57.434000000000005
47.27106 59.11700000000002
37.745470000000005 57.145
45.65887 55.794999999999995
31.966099999999997 58.217000000000006
34.701429999999995 47.31999999999999
36.08567 50.94800000000001
35.76225 59.66600000000002
23.56927 52.81200000000001
9.085289999999999 43.989
24.81644 54.254000000000005
42.876540000000006 45.43
34.76834 55.706999999999994
35.057030000000005 59.987
