7.573729999999998 53.15879999999999
8.35768 53.524800000000006
7.79604 53.4436
7.602569999999997 53.147800000000004
8.33478 53.5319
7.382510000000001 53.3871
7.998379999999999 53.1794
7.9514799999999966 53.58360000000002
7.911790000000001 53.3768
7.71998 53.2325
7.70487 53.584199999999996
7.4901500000000025 53.21570000000001
8.083879999999999 53.265800000000006
8.2007 53.61699999999999
7.779990000000001 53.2133
7.907460000000001 53.224000000000004
8.046360000000002 53.621599999999994
7.340629999999999 53.21500000000001
8.14817 53.2342
7.753690000000002 53.62189999999999
8.15013 53.23519999999999
7.523050000000002 53.2071
7.585370000000003 53.56789999999999
7.470049999999999 53.2262
7.5270800000000015 53.13880000000001
8.28502 53.535700000000006
7.99015 53.4018
7.85402 53.26830000000001
7.972439999999999 53.57949999999999
7.68321 53.1495
8.072569999999999 53.2581
7.845200000000001 53.59639999999999
8.4457 53.187300000000015
7.54866 53.21450000000001
7.744330000000001 53.58829999999999
7.7533600000000025 53.18400000000001
7.633900000000001 53.17040000000001
8.27102 53.575
8.13756 53.2926
7.42966 53.13139999999999
8.35186 53.5367
7.780290000000003 53.35759999999999
7.757890000000002 53.112300000000005
8.279020000000001 53.511199999999995
8.370400000000002 53.466899999999995
7.557290000000001 53.1816
7.888689999999999 53.5685
7.761250000000003 53.2274
7.530750000000001 53.11060000000002
8.56621 53.5207
7.881370000000001 53.4083
7.407219999999999 53.1198
8.52827 53.52769999999999
7.573100000000002 53.36430000000001
8.039129999999997 53.2307
7.98735 53.642500000000005
8.176460000000004 53.188900000000004
7.55638 53.22470000000001
7.869070000000002 53.62290000000001
7.386959999999999 53.13739999999999
7.8611 53.30910000000001
8.29687 53.58870000000001
7.717249999999999 53.1539
7.587389999999999 53.224700000000006
8.245829999999998 53.6212
7.397220000000003 53.15689999999999
7.973889999999999 53.19389999999999
8.07576 53.63489999999999
8.013310000000002 53.21850000000001
7.159409999999998 53.0883
8.280809999999999 53.47329999999999
7.511760000000001 53.376000000000005
7.3852 53.087700000000005
8.766990000000002 53.44659999999999
7.8048 53.466
7.21905 53.0908
8.684059999999999 53.440599999999996
7.399360000000001 53.43389999999999
7.9248899999999995 53.1187
8.076580000000003 53.527899999999995
8.04153 53.3386
7.304560000000001 53.083800000000004
7.853910000000002 53.246099999999984
7.527999999999999 53.576100000000004
7.446050000000001 53.1297
8.565489999999997 53.29959999999999
7.905670000000001 53.5802
7.4582200000000025 53.105500000000006
8.19582 53.170300000000005
7.766330000000001 53.590700000000005
7.832849999999998 53.16149999999998
7.861520000000001 53.2505
8.19927 53.568099999999994
7.41785 53.0929
7.713509999999999 53.17170000000001
7.600469999999998 53.54859999999999
7.85563 53.1208
8.53047 53.18820000000001
8.5771 53.6021
7.622240000000001 53.1165
8.12256 53.1263
7.900459999999998 53.54819999999999
7.9296999999999995 53.160799999999995
7.876290000000001 53.16120000000001
8.344870000000002 53.59349999999999
7.571259999999996 53.125499999999995
7.627660000000001 53.1336
7.942049999999999 53.55509999999999
7.405560000000001 53.149
7.853919999999998 53.068000000000005
8.42291 53.41669999999999
7.432619999999999 53.3677
7.716179999999999 53.0413
8.22978 53.309
7.88476 53.4606
7.648630000000001 53.07009999999999
9.772979999999999 53.3655
8.12952 53.444199999999995
8.106869999999999 53.04400000000001
9.650289999999998 53.398199999999996
10.097209999999999 53.40249999999999
10.345229999999999 53.06999999999999
11.225109999999999 53.224399999999996
10.605809999999998 55.25580000000001
10.26888 53.13430000000001
10.661080000000002 53.158300000000004
10.730509999999999 53.58299999999999
10.18198 53.1734
11.191330000000002 53.16069999999999
10.12819 53.5308
10.13581 54.8681
11.445539999999998 56.524800000000006
10.994679999999999 58.0943
10.90997 55.440099999999994
12.514709999999996 58.24400000000001
10.582790000000001 55.2484
10.529629999999997 53.16890000000002
10.531030000000001 53.1536
10.552790000000002 53.56399999999999
10.212409999999998 53.18500000000002
11.00759 53.1519
10.10776 53.5574
10.03866 53.1668
10.24398 53.10209999999999
10.515749999999999 53.5712
10.846160000000001 53.2053
10.68952 53.1493
10.68803 55.243599999999994
10.913179999999997 55.438700000000004
10.506669999999998 55.3489
10.873450000000002 55.23159999999999
10.716179999999998 54.87839999999999
10.579820000000002 53.077799999999996
10.721710000000002 54.92559999999999
10.32412 53.5077
9.871620000000004 53.054899999999996
10.60214 53.214600000000004
10.946230000000003 53.54439999999999
10.371310000000001 53.09930000000001
10.554440000000001 53.215999999999994
11.37129 58.19749999999999
10.991810000000001 57.69680000000002
12.478709999999998 61.92969999999999
10.69109 54.9655
10.69604 53.06990000000001
11.112460000000002 57.276099999999985
12.04367 56.826
10.933389999999997 57.48770000000001
11.17982 55.703500000000005
11.414340000000003 56.64629999999998
10.593700000000004 53.038999999999994
10.67383 53.10210000000001
10.69301 53.532599999999995
10.12287 53.08600000000001
10.85936 53.08259999999999
10.63472 53.53019999999999
9.938949999999998 53.168099999999995
8.639909999999999 53.049099999999996
8.647290000000002 53.50369999999999
8.41543 53.1126
8.533100000000001 53.0093
9.27099 53.13469999999999
9.164889999999998 53.55459999999999
8.618639999999997 53.070800000000006
8.74902 53.0146
9.27882 53.26069999999999
8.83313 53.408199999999994
8.419500000000003 53.0098
9.48155 53.0741
8.623349999999999 53.4939
8.081389999999999 53.10589999999999
8.390780000000001 52.9901
8.742130000000001 53.159099999999995
8.858250000000002 53.469
8.782889999999998 53.034800000000004
8.3647 52.998900000000006
8.96342 53.46819999999999
8.646189999999999 53.1682
8.71514 53.0164
8.828010000000003 53.49159999999999
9.312339999999999 53.142100000000006
8.074679999999997 52.9703
8.68034 53.14679999999999
8.74743 53.4525
8.286789999999998 52.9808
9.1878 53.2057
9.117790000000001 53.454299999999996
8.13799 52.98410000000001
8.84651 53.07529999999999
8.87836 53.49379999999999
8.463250000000002 53.020300000000006
8.694109999999998 53.04679999999999
9.508449999999998 53.5515
8.023979999999998 53.0475
8.412059999999997 53.0038
8.97279 53.49159999999999
8.448319999999999 53.0924
8.907149999999998 53.00030000000001
9.02965 53.070800000000006
8.46484 53.45949999999999
8.649239999999999 53.053399999999996
8.863680000000002 53.18710000000001
8.717560000000004 53.408599999999986
8.494760000000003 53.00909999999999
9.16395 53.1559
8.19153 53.445599999999985
8.24454 52.995599999999996
8.780199999999997 53.345200000000006
8.246050000000002 53.231899999999996
8.921679999999999 52.9805
8.89037 53.1165
8.33693 53.42539999999999
8.68045 53.0054
8.59442 53.1419
8.70864 53.4073
8.572380000000003 52.9978
9.077979999999998 53.056000000000004
8.43887 53.4404
8.29033 53.036899999999996
8.412419999999997 52.95609999999999
8.911280000000001 53.4331
8.78465 53.1338
8.516869999999999 52.97879999999999
8.51803 53.086999999999996
8.88349 53.450599999999994
8.175379999999999 53.00119999999999
8.722600000000002 52.9784
8.803609999999997 53.45859999999999
8.816359999999996 53.15270000000001
8.25475 52.956799999999994
8.60072 53.3863
8.251460000000002 53.15610000000001
8.32088 52.9425
9.004919999999998 53.15019999999999
8.707269999999998 53.42899999999998
8.25734 52.955899999999986
8.552429999999998 52.96129999999999
8.688670000000002 53.44079999999999
8.719990000000005 53.1293
8.26554 52.970099999999995
9.253150000000002 53.38599999999999
8.31897 53.16209999999999
9.9775 52.9574
10.67698 53.42239999999999
10.045080000000002 53.1154
10.37243 52.94959999999998
11.047469999999999 53.39029999999999
9.859039999999997 53.205099999999995
10.1791 52.939799999999984
10.31251 53.128600000000006
9.64771 53.399799999999985
9.084189999999998 52.99029999999999
10.10022 53.0895
9.519589999999999 58.0166
9.27646 55.24429999999999
10.069079999999998 57.626
9.403149999999998 53.41760000000001
10.607370000000003 62.1278
9.69557 52.9899
9.335710000000002 53.37729999999999
9.63563 55.4326
9.661990000000003 55.2337
9.66803 53.103699999999996
9.740689999999999 55.68390000000001
10.150899999999998 55.301
8.90566 52.9444
9.42753 53.3959
9.369789999999998 53.0798
