34.20674000000001 21.811999999999994
39.829200000000014 21.7935
33.35528999999998 21.817700000000002
31.274920000000005 21.793099999999995
36.948299999999996 21.781999999999993
35.03027999999998 21.7653
38.69079999999999 21.763999999999985
30.89227000000001 21.74079999999999
34.10977 21.770300000000002
32.79860000000002 21.7899
30.24950000000002 21.7481
34.743779999999994 21.765100000000004
30.75176000000001 21.8294
30.22921000000003 21.82849999999999
36.21228999999999 21.80769999999999
29.45531 21.731100000000005
33.8574 21.736099999999993
35.727 21.76929999999999
31.57818999999999 21.7523
35.817 21.744300000000006
35.34243000000003 21.74199999999998
30.301039999999997 21.746099999999995
40.35417999999999 21.75669999999999
33.032360000000004 21.759300000000003
38.53712999999999 21.778799999999997
33.48096999999998 21.79170000000001
31.32158000000001 21.722500000000004
32.95529999999998 21.754900000000006
33.16877999999999 21.830599999999983
31.72163000000002 21.789
37.60709000000001 21.814899999999998
31.32883999999998 21.816899999999997
34.53829000000002 21.821699999999993
35.8741 21.888299999999994
33.86152000000001 21.8479
37.0427 21.924699999999987
28.040990000000004 21.76040000000001
32.76304999999997 21.857199999999995
29.340859999999992 21.839999999999982
37.02370000000001 21.814599999999977
30.23239999999999 21.81849999999999
28.224480000000007 21.79459999999999
37.15617 21.839100000000002
28.656849999999995 21.768499999999996
32.994679999999995 21.766400000000008
34.68368999999999 21.787900000000008
31.512729999999994 21.769499999999997
34.11087999999999 21.850300000000004
34.02431999999999 21.840899999999994
36.81182 21.800499999999996
30.48631999999999 21.7792
32.042910000000006 21.8009
34.80544 21.825799999999997
29.406479999999974 21.77539999999999
32.272999999999996 21.764400000000002
36.65917 21.904400000000003
29.934220000000007 21.7965
38.193670000000004 21.795600000000004
28.784750000000003 21.758800000000004
38.07089999999999 21.820100000000007
29.342979999999987 21.803200000000007
32.68479 21.738699999999987
39.479099999999995 21.807499999999987
33.989189999999994 21.754399999999993
32.22482 21.661099999999987
32.974260000000015 21.69180000000001
37.67210000000002 21.718200000000003
29.80570000000001 21.681600000000003
37.37149999999999 21.709999999999994
32.46263000000001 21.700199999999985
30.24439 21.6767
32.54661 21.674299999999988
33.58154999999999 21.701199999999993
30.432800000000015 21.6425
33.871149999999986 21.672799999999988
30.02807999999999 21.70530000000001
29.740530000000003 21.6496
32.89148000000002 21.692399999999992
32.64886999999998 21.718499999999995
32.65181999999999 21.684299999999993
29.821640000000016 21.6511
33.94567000000001 21.672499999999996
24.442000000000007 21.636100000000003
38.89929999999998 21.665100000000006
31.742949999999993 21.687900000000006
40.197999999999965 21.693300000000004
32.516409999999965 21.6682
34.131339999999994 21.696699999999996
40.20396 21.763199999999998
28.81672000000001 21.739300000000004
39.84805999999998 21.706400000000002
31.75529 21.717099999999988
33.649719999999995 21.722599999999993
36.89837 21.736200000000004
29.3904 21.654999999999994
35.190349999999995 21.803900000000002
35.9503 21.78449999999999
32.74399999999999 21.786399999999997
30.80822000000001 21.685199999999995
31.833080000000013 21.715599999999995
34.86400000000002 21.771999999999995
30.04151 21.759499999999992
30.36980999999999 21.75169999999999
36.885999999999996 21.784599999999983
32.102300000000014 21.746900000000004
30.946099999999994 21.785600000000006
40.497299999999996 21.75910000000001
31.92400000000003 21.75299999999999
33.31508000000001 21.701
40.4339 21.728800000000007
30.166090000000008 21.6943
31.705199999999994 21.660699999999995
41.72200000000001 21.735899999999994
29.362600000000015 21.707
30.69072 21.709499999999995
34.124509999999994 21.69040000000001
37.238789999999995 21.713499999999993
31.4513 21.702799999999993
33.40188999999999 21.62829999999999
37.96779999999998 21.72620000000001
30.403069999999992 21.699699999999993
35.5726 21.716999999999985
37.320200000000014 21.7103
31.975999999999992 21.770099999999985
34.4109 21.674300000000002
37.79189999999999 21.61169999999999
30.52229999999999 21.579100000000004
36.018999999999984 21.5366
34.30099999999998 21.54809999999999
29.25407000000001 21.5477
40.34623000000001 21.599399999999996
33.97566 21.679899999999993
33.32897000000002 21.613600000000016
31.000090000000014 21.583100000000005
38.10730000000003 21.587200000000003
34.933230000000016 21.625700000000016
34.47195000000001 21.588
44.38275 21.6414
32.625020000000006 21.621800000000007
37.06653 21.583099999999998
34.266469999999984 21.603799999999996
30.022 21.605000000000015
38.74880000000002 21.605600000000006
28.54314000000001 21.547100000000015
29.44778999999999 21.443799999999996
34.36153000000001 21.571800000000014
30.06009999999999 21.625419999999995
37.06276 21.619209999999985
30.31011000000003 21.648889999999998
31.051940000000002 21.632820000000002
35.50795999999999 21.662899999999993
30.654629999999987 21.663839999999997
30.872569999999993 21.68303
38.1234 21.666910000000005
31.56466 21.668440000000007
29.666570000000004 21.65108999999999
34.722799999999985 21.56799
28.474059999999994 21.660780000000003
31.464789999999994 21.671030000000005
39.674400000000034 21.718409999999995
31.827939999999977 21.707080000000005
26.912310000000016 21.58218
37.558400000000006 21.690989999999992
32.84089 21.68200000000001
35.954340000000016 21.6572
31.21597999999997 21.641770000000005
29.942580000000003 21.600339999999996
33.591359999999995 21.6559
30.267570000000006 21.60782999999999
32.863289999999985 21.68488
28.687109999999986 21.59669999999999
32.04141999999999 21.69780999999999
33.505269999999996 21.707700000000006
28.788079999999976 21.680799999999994
28.23637 21.700599999999994
29.295700000000004 21.649799999999992
36.752140000000026 21.697000000000006
30.53518000000002 21.704589999999993
30.19898000000002 21.683920000000008
33.2389 21.65808000000001
29.630260000000007 21.641999999999996
28.94330000000001 21.690399999999993
39.02000000000002 21.698000000000008
31.10997999999997 21.6835
34.726840000000024 21.705100000000012
30.85271999999999 21.734
31.945220000000006 21.685299999999998
32.99679999999999 21.740299999999998
32.48555 21.785400000000006
30.875199999999996 21.716389999999993
32.99886999999998 21.79
32.68155000000002 21.8047
33.36843000000002 21.831199999999992
31.93848999999999 21.8114
29.97198 21.757499999999997
39.65735999999999 21.826100000000007
28.925039999999996 21.78160000000002
32.41056999999999 21.781700000000004
34.92843999999998 21.7751
30.15239 21.764400000000006
34.87732000000002 21.775800000000007
32.112140000000004 21.8456
30.800360000000005 21.80809999999999
35.499079999999964 21.81160000000001
31.391209999999987 21.784800000000004
32.23796 21.72609999999998
33.511649999999996 21.7479
32.189060000000005 21.764099999999992
33.8015 21.854799999999987
32.89954999999999 21.78679999999998
34.16056999999999 21.744099999999992
32.18664999999999 21.771399999999982
30.319010000000006 21.760600000000004
31.639139999999994 21.8833
31.713230000000014 21.957500000000003
29.890149999999977 21.961100000000002
36.2969 21.94620000000001
28.73596000000001 21.9161
33.059900000000006 21.905799999999996
33.01809999999999 21.939200000000003
30.238299999999995 21.928200000000004
33.22719999999998 21.954199999999993
31.998200000000026 21.968200000000003
33.3232 21.923099999999994
32.64141 21.940199999999997
29.73636000000003 21.9047
31.25878999999999 21.94160000000001
32.724300000000014 21.966800000000003
30.44759999999998 22.020199999999996
33.21630000000002 21.971899999999987
28.88886 21.9316
27.664130000000007 21.8835
36.10024 21.925999999999988
28.121489999999998 21.914999999999992
30.175830000000005 21.903799999999997
31.73700000000001 21.9159
29.406899999999986 21.909299999999998
22.542140000000003 21.851199999999984
36.75290000000002 22.0368
29.408990000000014 21.989900000000002
29.815700000000007 21.906100000000006
35.49339 21.990900000000003
30.24103000000001 21.8883
34.1502 21.907899999999998
28.637080000000008 21.927999999999997
34.70750000000001 21.89469999999999
32.88980000000001 21.85067
30.810800000000004 21.867819999999995
33.57950000000002 21.932049999999993
28.6495 21.88376000000001
32.95129999999998 21.838670000000008
34.65856000000001 21.88577000000001
34.68194 21.87886999999999
29.94854 21.822820000000007
32.81666999999998 21.88543999999999
27.591310000000007 21.87160999999999
33.16124000000001 21.831270000000018
33.13963 21.84063999999999
29.47413 21.87311000000001
31.12624999999997 21.93019
31.904799999999994 21.943849999999994
32.385400000000004 21.94974000000002
29.734760000000016 21.871519999999997
32.283339999999995 21.88973999999999
33.87090000000001 21.905229999999996
28.448800000000002 21.89183999999999
33.234500000000025 21.889439999999997
28.101440000000004 21.911889999999996
30.691770000000005 21.91714999999999
36.433099999999996 21.970359999999996
34.7538 21.933669999999996
25.04904 21.86746
16.88603 21.56027
42.03827000000002 22.103699999999996
28.44270000000001 21.995099999999994
39.858499999999985 21.907399999999996
30.274149999999995 21.8881
30.24640000000001 21.83459999999999
30.1908 21.79559999999999
40.39889999999999 21.916799999999988
34.35983000000002 21.88350000000001
32.65475000000001 21.877899999999993
38.630500000000005 21.90159999999998
35.19652 21.90450000000001
35.50470000000001 21.9087
32.162690000000005 21.836599999999983
36.59325 21.915300000000006
33.124790000000004 21.8883
