13.845490000000002 14.429
13.33609 14.362
12.43534 14.207999999999998
14.63083 14.42
13.27537 14.377
12.660909999999998 14.248
13.75469 14.426
13.04495 14.300999999999997
12.4781 14.213999999999999
14.364860000000002 14.417
13.40755 14.389000000000001
12.47187 14.234
13.97378 14.435
13.36956 14.376999999999999
12.266759999999998 14.227
14.38736 14.416
13.323839999999997 14.371
12.715470000000002 14.241999999999999
14.109049999999998 14.415
13.20539 14.325
12.3162 14.235999999999999
14.36335 14.399000000000001
13.295950000000001 14.389
12.494219999999999 14.241999999999999
14.085599999999998 14.356
12.710459999999998 14.386
12.698810000000002 14.232999999999999
14.418350000000002 14.365
12.3282 14.432
13.84879 14.285
13.20289 14.377999999999998
13.29946 14.395
13.42141 14.248
12.802669999999999 14.373999999999999
13.97084 14.402000000000001
13.72747 14.243
12.25535 14.307
14.362559999999997 14.437999999999999
12.82334 14.258000000000001
13.205359999999999 14.334
13.87322 14.420000000000002
12.67722 14.27
13.75844 14.326
13.56386 14.401
13.307139999999999 14.324
14.07331 14.313
12.68684 14.414
14.19365 14.316999999999998
13.51067 14.296000000000001
12.538509999999997 14.386
14.019770000000001 14.288
13.159969999999998 14.337
13.23387 14.401
14.19195 14.265
12.77342 14.356000000000002
13.287930000000001 14.423
12.18206 14.255
14.586699999999997 14.408000000000001
13.464810000000002 14.399000000000001
12.46466 14.232999999999999
14.13954 14.366000000000001
12.05252 14.407
13.07211 14.223999999999998
12.91184 14.369000000000002
13.81917 14.383000000000001
14.01685 14.261000000000001
12.29029 14.340999999999998
13.915160000000002 14.389
12.277910000000002 14.235999999999999
13.741530000000001 14.31
12.823110000000002 14.423
13.87675 14.335
13.244159999999999 14.293
12.05933 14.395999999999997
13.69786 14.267
12.95433 14.295000000000002
13.12585 14.417
13.151209999999999 14.257
13.37895 14.368000000000002
13.432060000000002 14.393
12.300730000000001 14.243
14.05859 14.362999999999998
12.30313 14.411000000000001
13.28203 14.243
12.918079999999998 14.313
13.14467 14.465999999999998
12.945699999999999 14.23
12.43049 14.278000000000002
14.040160000000002 14.484
13.17026 14.313999999999998
12.9605 14.426
13.609660000000002 14.265999999999998
12.30396 14.315
13.481149999999998 14.429
12.14375 14.246
14.241489999999999 14.443
13.006200000000002 14.413
12.57588 14.273
13.37707 14.406000000000002
14.20121 14.438
13.907900000000001 14.315999999999999
12.49028 14.432
14.19166 14.382
13.19195 14.307
12.006900000000002 14.414
14.080670000000001 14.328000000000001
13.38702 14.349
11.93118 14.443999999999999
14.062839999999998 14.312
12.87228 14.309000000000003
12.287799999999999 14.402000000000001
14.25867 14.273
12.622050000000002 14.324
12.824459999999998 14.420000000000002
12.90541 14.267
13.306399999999998 14.366999999999999
12.853580000000001 14.383000000000001
12.22752 14.246
13.78375 14.349
12.854779999999998 14.432
12.30668 14.273
13.56377 14.454
13.205830000000002 14.26
12.26539 14.280000000000001
13.631760000000002 14.46
13.01333 14.296000000000001
12.28866 14.313
13.602640000000003 14.417000000000002
12.178319999999998 14.274999999999999
13.012670000000002 14.399000000000001
12.18512 14.295
13.79763 14.323000000000002
13.397079999999997 14.447
12.05658 14.258
13.645879999999998 14.311000000000002
13.798809999999998 14.465
12.18974 14.296999999999999
14.141100000000002 14.360000000000001
13.52979 14.484
11.98789 14.252
14.508179999999998 14.344000000000001
13.375919999999999 14.438
12.747200000000003 14.273
13.79532 14.296999999999999
13.723000000000003 14.465
12.196409999999998 14.26
13.722909999999999 14.296999999999999
13.364510000000001 14.468
12.76565 14.285
13.7682 14.307999999999998
13.130039999999997 14.502
12.75743 14.249
12.326220000000001 14.267
14.0151 14.499
13.049330000000001 14.290999999999999
11.977920000000001 14.251
13.9128 14.484
13.190620000000001 14.276
12.01612 14.273
14.025129999999999 14.510000000000002
13.06033 14.301
12.04162 14.316
13.68434 14.465
12.72212 14.262999999999998
11.840770000000001 14.261000000000001
14.00381 14.493
12.95176 14.301
12.05552 14.379
13.77958 14.428000000000003
13.08617 14.26
12.39628 14.334000000000003
13.92575 14.42
13.24128 14.282
13.584270000000002 14.361
13.54571 14.431
12.619940000000001 14.261
13.836980000000002 14.424999999999999
13.763160000000003 14.344000000000001
12.353909999999999 14.252
14.140730000000001 14.372000000000002
13.693090000000002 14.402999999999999
12.150500000000001 14.236
13.91145 14.421999999999999
14.036879999999998 14.399000000000001
12.22689 14.262
14.12551 14.386000000000001
13.670529999999998 14.396999999999998
12.15879 14.235999999999999
13.76328 14.29
13.780740000000002 14.44
12.376439999999999 14.288
14.14414 14.328
13.805 14.455000000000002
13.35655 14.267
13.29381 14.288
13.31923 14.431
13.92526 14.328
13.34677 14.271999999999998
12.98801 14.44
13.90744 14.329999999999998
13.50806 14.273
12.599920000000001 14.292
14.034080000000001 14.483
13.27327 14.277999999999999
12.57945 14.279
13.95758 14.483
13.254539999999999 14.277999999999999
12.967419999999999 14.258000000000001
13.916189999999999 14.483
13.684220000000003 14.313
14.14563 14.327000000000002
13.038530000000002 14.441
12.982870000000002 14.27
14.691939999999997 14.365
13.48799 14.475
12.321480000000001 14.255
14.45179 14.299999999999999
13.80588 14.437
12.20434 14.299999999999999
14.380889999999999 14.338000000000001
13.61869 14.441
12.544150000000002 14.279999999999998
14.124300000000002 14.343
13.654179999999998 14.434
12.19673 14.286999999999999
14.366670000000001 14.334
13.92522 14.459
12.454 14.322000000000001
14.4087 14.337
13.47189 14.306
12.80868 14.392
14.05516 14.368
13.67842 14.285999999999998
13.720460000000001 14.413
13.28405 14.376
13.73857 14.282
14.00804 14.44
13.09084 14.394000000000002
13.50848 14.276
14.22126 14.413
12.86944 14.385
13.218250000000001 14.264
14.19779 14.425000000000002
13.619110000000001 14.362
13.11532 14.277000000000001
14.77872 14.444
13.41888 14.337000000000003
13.22924 14.254999999999999
14.260449999999999 14.438
13.445669999999998 14.334
12.90836 14.252
14.466110000000002 14.438
13.49998 14.358
12.52694 14.252
14.11538 14.31
13.49238 14.481000000000002
12.712509999999998 14.3
14.318240000000001 14.318
13.27291 14.459
12.626959999999999 14.271
14.3334 14.285
13.508519999999999 14.455000000000002
12.723079999999998 14.316
14.168610000000001 14.279
13.42817 14.463999999999999
12.688189999999999 14.296999999999999
13.874429999999998 14.26
13.345930000000001 14.346
12.74009 14.388000000000002
14.60157 14.316
12.99296 14.297
12.98849 14.401
13.996749999999999 14.350999999999999
12.84719 14.325000000000001
13.329180000000001 14.432
14.082810000000002 14.337
12.48286 14.312
13.74445 14.307
13.9292 14.542
13.7911 14.398
13.81364 14.319
12.47715 14.431
14.426519999999998 14.426
13.54214 14.298000000000002
12.43135 14.289000000000001
14.2718 14.353
13.810719999999998 14.468
12.272290000000002 14.344000000000001
