25.179999999999996 9.8003
25.635 9.807899999999998
25.266 9.815699999999998
25.602000000000004 9.8211
25.861 9.8202
26.078999999999997 9.8218
26.405 9.823700000000002
26.012 9.828299999999999
25.549 9.8313
25.6 9.839899999999998
25.868000000000002 9.8416
25.861999999999995 9.8416
25.685999999999996 9.845099999999999
26.108999999999998 9.846099999999998
25.743 9.847599999999998
25.445 9.849599999999999
25.567 9.849599999999999
25.69 9.848199999999999
26.106999999999996 9.849699999999999
25.806 9.851199999999999
25.783999999999995 9.8532
24.924000000000003 9.8578
25.961999999999996 9.8649
25.262 9.8689
25.519000000000002 9.8694
25.598000000000003 9.8719
25.289 9.8714
25.727 9.871
25.590000000000003 9.865300000000001
25.616 9.868400000000001
26.433999999999997 9.871400000000001
25.899999999999995 9.8766
24.987000000000002 9.8816
25.739 9.8847
24.87 9.8857
25.379 9.8877
25.148 9.8847
25.987000000000005 9.8912
26.073 9.8862
26.625 9.8832
25.851000000000003 9.885200000000001
26.598999999999997 9.8832
25.540000000000003 9.8877
25.314999999999998 9.8927
25.232 9.892199999999999
24.682999999999996 9.8927
25.163000000000004 9.8952
24.798 9.8942
24.554000000000002 9.8896
25.428 9.8926
25.084 9.8896
26.035000000000004 9.8901
24.454 9.8907
25.091 9.8937
25.759 9.890600000000001
25.958000000000002 9.8928
25.434 9.8917
25.657000000000004 9.888700000000002
25.387000000000004 9.8887
24.678 9.8931
26.060999999999996 9.890600000000001
25.131999999999998 9.892100000000001
25.935999999999996 9.8922
26.581 9.8932
25.517 9.8896
25.259999999999998 9.8941
25.996999999999996 9.8882
26.436 9.8882
27.26 9.8892
27.709999999999997 9.8952
27.622000000000003 9.8952
27.32 9.8961
26.973999999999997 9.8982
26.548 9.890600000000001
26.761999999999997 9.8958
26.361999999999995 9.8943
26.921 9.8942
26.888 9.900400000000001
27.279000000000003 9.897400000000001
26.583000000000002 9.896700000000001
26.316 9.9145
26.912999999999997 9.9245
26.949 9.920100000000001
27.012000000000004 9.9358
25.932 9.946799999999998
27.008 9.946799999999998
26.929 9.9523
27.108999999999998 9.959000000000001
27.179 9.961999999999998
27.110999999999997 9.961
27.445999999999998 9.9656
27.087 9.9702
27.13 9.965499999999999
27.294999999999998 9.9574
26.589000000000002 9.9604
26.938000000000002 9.9614
26.291999999999998 9.955400000000001
26.579000000000004 9.9625
25.799 9.9606
25.167999999999996 9.963099999999999
26.094 9.9651
25.840999999999998 9.9682
26.200999999999997 9.963
25.796999999999997 9.9639
26.116 9.962399999999999
25.724999999999998 9.964999999999998
26.339999999999996 9.977099999999998
25.923999999999996 9.973099999999999
26.176 9.9771
25.677000000000007 9.9756
25.767 9.9786
26.473999999999997 9.975599999999998
25.764 9.976699999999997
25.995 9.968599999999999
26.045999999999996 9.974099999999998
25.235000000000003 9.977099999999998
26.819 9.980599999999999
26.191 9.9797
27.429 9.987099999999998
26.607999999999997 9.9747
27.57 9.977099999999998
26.956999999999997 9.9801
26.341000000000005 9.979099999999999
26.511000000000003 9.981300000000001
25.745999999999995 9.976700000000001
26.400999999999996 9.976700000000001
26.587 9.972100000000001
25.833000000000002 9.9636
25.983 9.9641
25.64 9.962599999999998
26.399 9.964599999999999
26.974999999999998 9.9676
27.121999999999996 9.9781
26.31 9.9716
36.854 11.821733
27.552 9.8407
27.302000000000003 9.845699999999999
27.150000000000002 9.853299999999999
26.624 9.8483
26.709 9.8433
27.18 9.8328
27.186 9.833300000000001
28.681 9.8479
29.223000000000006 9.8591
28.438999999999997 9.860599999999998
28.461 9.863599999999998
28.255999999999997 9.860699999999998
27.642999999999994 9.862199999999998
27.503 9.860699999999998
27.646000000000004 9.8677
26.815 9.865099999999998
26.919000000000004 9.8652
26.801 9.8673
26.971 9.8668
26.861 9.864199999999999
27.193 9.864799999999999
26.71 9.867899999999999
26.750999999999998 9.869299999999999
26.392 9.862199999999998
26.567 9.858999999999998
27.441 9.861599999999997
27.398 9.8733
27.738000000000003 9.8753
27.421 9.877899999999999
26.916 9.878899999999998
27.345999999999997 9.8756
27.232 9.875499999999999
28.456000000000003 9.878499999999999
28.166000000000004 9.877600000000001
28.796000000000006 9.8851
27.549 9.8886
27.483999999999998 9.889599999999998
28.035999999999994 9.889199999999999
28.005999999999997 9.8912
27.265 9.889199999999999
27.051 9.8958
27.892 9.897799999999998
26.966 9.8988
27.659 9.9003
27.529999999999998 9.8998
27.793999999999997 9.9004
27.979 9.8973
27.762999999999998 9.8953
27.541999999999994 9.8972
27.596999999999998 9.8987
27.663 9.899099999999999
27.655 9.8996
27.387 9.9018
27.558000000000003 9.9038
27.334000000000003 9.902199999999999
27.716 9.9035
27.406000000000002 9.9085
27.314 9.908
27.847 9.904399999999999
27.016000000000002 9.907399999999999
28.214 9.9049
27.256000000000004 9.9034
27.098 9.9085
26.689999999999998 9.911
26.917 9.9155
28.03 9.916
28.488000000000003 9.9205
27.595999999999997 9.9221
26.489 8.9389
28.664999999999996 9.9291
28.382 9.9326
28.889000000000003 9.934099999999999
28.704 9.9291
28.528000000000002 9.9271
26.810000000000002 9.924000000000001
26.956000000000003 9.9231
26.706000000000003 9.925600000000001
27.13 9.9266
27.102999999999998 9.9261
27.273999999999997 9.9236
26.593 9.9196
26.85 9.924100000000001
27.412 9.922600000000001
27.732 9.921100000000001
27.564 9.920100000000001
28.476999999999997 9.9201
28.929999999999996 9.921100000000001
28.602999999999994 9.919599999999999
29.305000000000003 9.9206
29.352 9.9216
29.012999999999995 9.9201
28.789999999999992 9.917
28.698999999999998 9.9458
28.794999999999998 9.9524
29.13 9.958900000000002
28.488999999999997 9.958400000000001
28.052 9.956400000000002
27.727999999999998 9.960400000000002
28.232000000000003 9.969100000000001
29.117000000000004 9.9893
29.661999999999995 9.9958
29.333 9.998299999999999
29.330000000000002 10.000799999999998
29.208000000000002 10.000899999999998
28.271 10.0019
28.408 10.0029
27.847 10.0049
28.023999999999997 10.005999999999998
28.101000000000003 10.005899999999999
29.043999999999997 10.0064
28.918 10.001999999999999
28.535 9.9948
28.094 9.9984
28.95 9.9978
36.8913 11.7502
30.673000000000002 9.977500000000001
31.035999999999998 9.9912
41.99199999999999 11.7022
29.761000000000003 9.9526
29.828 9.9688
29.645 9.9795
29.622 9.981099999999998
29.712 9.9825
29.828 9.985199999999999
29.724 9.9893
29.433999999999997 10.000899999999998
28.998 10.016599999999997
30.162999999999997 10.025699999999999
29.802000000000007 10.0307
29.32 10.034699999999999
29.847 10.037299999999998
29.879 10.0409
29.742 10.0464
29.436999999999998 10.046999999999999
29.218 10.049999999999999
28.927999999999997 10.045399999999999
29.792 10.051499999999999
28.926999999999996 10.050499999999998
29.929 10.052599999999998
28.658 10.0571
29.474 10.060099999999998
29.360999999999997 10.057599999999999
29.728000000000005 10.059099999999999
29.352000000000007 10.056099999999999
38.597 11.892799999999998
29.730999999999995 9.977699999999999
29.823 9.982899999999999
30.481 9.990499999999999
31.102 9.995099999999999
30.119999999999997 10.0017
29.529 10.011699999999998
28.788999999999998 10.0138
29.561999999999998 10.015400000000001
