11.35723 14.040999999999999
12.693940000000001 13.987
12.28198 14.109
11.30625 13.931
12.77827 13.99
12.453149999999999 14.16
11.52903 13.962
11.11144 13.949
12.585560000000001 14.145
12.00436 13.927999999999999
11.375379999999998 13.929000000000002
12.78902 13.968
12.794839999999999 14.145000000000001
10.4571 13.925
10.854589999999998 13.889
12.372789999999998 13.965
12.18566 14.148
11.18589 13.943
12.79616 13.999
11.88351 14.116999999999999
10.088059999999999 13.919
11.374139999999999 14.06
13.0327 14.203
11.86393 14.316
13.008410000000001 14.164000000000001
12.702259999999999 14.136
11.87458 14.233
12.298449999999999 14.176
13.17277 14.179
12.86313 14.190000000000003
11.96485 14.252
13.28165 14.154
12.903500000000001 14.178
11.695430000000002 14.229999999999999
13.9088 14.167
12.97212 14.129
12.197730000000002 14.293999999999999
13.79397 14.148
12.98104 14.115
11.69848 14.225999999999999
13.688239999999999 14.206
13.022440000000001 14.163
12.307339999999998 14.139
11.880669999999999 14.285
13.30003 14.191
12.870280000000001 14.113999999999999
12.21311 14.315999999999999
13.47534 14.197000000000001
13.13539 14.115
11.79185 14.23
13.538910000000001 14.224
12.6644 14.129999999999999
11.79085 14.136
13.49251 14.16
13.07776 14.155000000000001
11.720160000000002 14.174000000000001
13.13231 14.267
12.36787 14.133
12.443859999999999 14.136
11.91063 14.302999999999999
13.688939999999999 14.21
12.74971 14.105
12.142999999999999 14.239
13.40006 14.245
13.03221 14.142
12.00175 14.166
13.74947 14.292
12.64428 14.118
11.792440000000001 14.127
11.84095 14.274999999999999
13.393379999999999 14.2
13.00908 14.139000000000001
11.91928 14.322000000000001
13.38711 14.177999999999999
12.86874 14.102
11.5665 14.288
12.246189999999999 14.148
13.352470000000002 14.157
12.97364 14.121
11.841550000000002 14.111
13.36466 14.166
12.621070000000001 14.121
11.927490000000002 14.255
13.45819 14.218
12.398129999999998 14.137
12.25746 14.197
11.51847 14.205000000000002
13.136160000000002 14.159999999999998
13.240540000000001 14.162999999999998
11.96853 14.309
13.56402 14.197000000000001
12.500169999999999 14.133000000000001
11.626140000000001 14.271999999999998
12.36019 14.116999999999999
13.03397 14.167000000000002
12.54576 14.297
12.35422 14.157
14.47512 14.163999999999998
12.74691 14.178
11.69311 14.254
13.39545 14.154
13.36881 14.181000000000003
12.034600000000001 14.296999999999999
11.64458 14.129
14.288590000000001 14.166
11.647139999999998 14.287999999999998
11.88338 14.148
13.56868 14.166
12.994259999999999 14.315999999999999
11.84272 14.133
13.370519999999999 14.145000000000001
12.574829999999999 14.329999999999998
11.72062 14.171999999999999
13.481789999999998 14.151000000000003
12.960740000000001 14.157999999999998
11.6906 14.274999999999999
13.098370000000001 14.151
12.78693 14.163
12.019160000000001 14.291
12.86215 14.163
13.563809999999998 14.152000000000001
12.00652 14.284999999999998
12.2798 14.129
13.555670000000001 14.142
12.22207 14.117999999999997
11.912120000000002 14.296999999999999
14.041120000000001 14.233
12.27444 14.291
11.58221 14.132
13.421049999999997 14.163
13.3134 14.331
11.69221 14.150000000000002
13.579619999999998 14.157999999999998
12.92612 14.151
11.7358 14.245
13.498090000000001 14.169
13.140080000000001 14.127
11.97966 14.277999999999999
13.915849999999999 14.218
12.902759999999999 14.133000000000001
11.9116 14.263
13.466980000000001 14.177999999999999
13.00116 14.14
11.917870000000002 14.29
13.69292 14.206000000000001
12.831500000000002 14.121
12.00309 14.257
13.805290000000001 14.187
12.985390000000002 14.155000000000001
11.77786 14.114
13.71348 14.315999999999999
12.634360000000001 14.208000000000002
12.05607 14.096
12.890379999999999 14.185
13.08695 14.341999999999999
12.5017 14.146999999999998
13.73966 14.221
14.042980000000002 14.355
11.56941 14.135
13.40694 14.205000000000002
13.0469 14.346
11.89171 14.144000000000002
13.67939 14.179
12.84881 14.296999999999999
11.955620000000001 14.174999999999999
13.79726 14.172
12.520690000000002 14.154
12.29896 14.291
14.548939999999998 14.276
11.852129999999999 14.099
13.80366 14.279
12.88039 14.208000000000002
12.072750000000001 14.142
14.05452 14.35
13.21334 14.215
11.795300000000001 14.105
13.8319 14.331
13.055460000000002 14.181
12.238430000000001 14.123999999999997
14.511220000000002 14.349
12.614350000000002 14.185
12.787880000000001 14.107999999999999
14.491979999999998 14.26
12.233519999999999 14.221
13.998009999999999 14.17
13.318179999999998 14.157
12.27835 14.127
13.75372 14.325
12.87098 14.221
11.87974 14.096
14.742660000000003 14.21
12.653590000000001 14.142000000000001
13.089770000000001 14.149000000000001
14.19877 14.322
11.879310000000002 14.135
13.86558 14.139000000000001
13.146849999999999 14.149000000000001
12.16319 14.099
14.659319999999997 14.31
12.8684 14.218000000000004
12.942579999999998 14.13
13.872390000000001 14.194
12.496490000000001 14.290999999999999
13.72043 14.24
13.49383 14.167
11.95929 14.111
14.265599999999997 14.318
12.86391 14.215
12.715970000000002 14.174999999999999
14.979220000000002 14.251000000000003
12.50041 14.306999999999997
13.76534 14.194
13.090759999999998 14.154
11.98564 14.124
14.087149999999998 14.363999999999999
12.98985 14.209
12.526369999999998 14.142
14.406619999999998 14.182
12.47415 14.264
12.98291 14.211000000000002
13.871820000000001 14.215
11.942749999999998 14.138
14.108889999999999 14.356
12.908229999999998 14.248
12.586210000000001 14.12
13.975659999999998 14.194
12.188979999999999 14.289000000000001
14.1376 14.288
12.579639999999998 14.155000000000001
13.37686 14.157
12.976860000000002 14.299999999999999
12.088560000000001 14.209
14.809159999999999 14.221999999999998
12.57326 14.291
14.197840000000001 14.276
12.365649999999999 14.171999999999999
12.765769999999998 14.282
14.17314 14.29
13.08145 14.182
13.28362 14.172
14.13672 14.377
12.04487 14.172
13.867750000000001 14.174999999999999
13.16504 14.161000000000001
12.32327 14.191
14.28711 14.354999999999999
13.11899 14.221
13.228499999999999 14.133000000000001
13.682929999999999 14.312999999999999
11.98354 14.206
13.91066 14.2
13.304750000000002 14.202
12.292509999999998 14.307
13.711879999999999 14.232999999999999
12.46645 14.127
14.13451 14.177999999999999
13.390229999999997 14.34
12.13725 14.174999999999999
13.87006 14.188
13.250140000000002 14.154
11.995400000000002 14.148
13.892240000000001 14.345999999999998
13.20779 14.229999999999999
13.372420000000002 14.23
13.498550000000002 14.341000000000001
12.33892 14.154
13.53557 14.273
12.679670000000002 14.258000000000001
12.50035 14.163999999999998
12.27899 14.277000000000001
13.681329999999999 14.299999999999999
12.054609999999998 14.139000000000001
11.98675 14.264
11.26136 14.212000000000003
11.31912 14.158000000000001
11.73709 14.322
10.381029999999999 14.279
10.6653 14.171999999999999
7.89218 14.267
7.524640000000001 14.182
9.264529999999999 14.293999999999999
7.3868 14.245
7.959150000000001 14.155000000000001
7.85145 14.218
7.22424 14.233
9.90405 17.980999999999998
11.56982 18.226
7.17945 14.248
