34.115899999999996 16.707600000000003
31.418799999999997 16.5473
29.11020000000001 16.600599999999996
27.148099999999996 16.3989
30.771500000000003 16.3594
28.087500000000006 16.237199999999998
28.908300000000004 16.117000000000004
30.638699999999996 16.3169
30.2783 16.5338
29.0626 16.465600000000006
26.555600000000002 16.179799999999997
28.961100000000002 16.330600000000004
29.5463 16.0024
29.2653 16.0881
29.2953 16.175
27.541099999999997 14.156699999999997
28.956500000000002 15.776699999999998
27.128399999999992 15.377700000000003
28.4231 15.622899999999998
28.92279999999999 16.011100000000006
26.2876 15.9157
28.025199999999995 16.089000000000002
25.9216 15.733300000000003
26.803700000000003 15.792100000000001
27.447699999999998 15.850699999999998
26.5098 15.924000000000001
27.500799999999998 15.960900000000006
25.405500000000004 15.532499999999999
26.19999999999999 15.765500000000001
21.8749 15.4343
24.176000000000002 15.459299999999999
23.915599999999998 15.728800000000003
22.8964 15.557800000000002
25.277699999999992 15.823200000000002
25.257799999999996 15.721700000000002
28.59140000000001 15.6454
37.30790000000001 16.416999999999994
32.729400000000005 15.911200000000001
39.153000000000006 16.150100000000002
42.889999999999986 16.4237
30.517599999999995 15.630900000000004
35.5385 16.4338
28.55420000000001 15.633500000000003
33.57870000000001 15.997000000000003
28.1127 15.9995
28.349200000000003 16.4931
31.009700000000002 17.053200000000004
25.865900000000007 15.916399999999998
36.98459999999999 16.457600000000003
27.5609 15.948100000000002
27.872700000000002 15.905800000000003
28.133500000000005 16.262599999999996
26.22610000000001 15.631800000000004
30.434299999999997 16.3447
25.9345 15.878699999999998
31.540199999999995 16.316200000000006
28.321799999999996 16.309999999999995
27.9059 15.7552
31.2357 16.242800000000003
26.372400000000003 15.712100000000001
33.3837 16.272500000000008
31.048800000000004 16.1423
29.878499999999995 15.877500000000003
20.10119999999999 15.295399999999995
37.27309999999999 15.7945
27.10290000000001 15.937100000000001
29.6628 15.917599999999998
30.286899999999996 16.0286
34.6478 16.588199999999997
25.9047 15.9827
30.060099999999995 16.356900000000003
26.677899999999998 15.736699999999997
28.950899999999997 15.9331
29.761600000000005 15.6831
31.647900000000007 16.1707
28.059600000000007 15.731599999999998
26.285700000000006 15.494599999999997
28.13669999999999 16.055000000000003
27.07979999999999 16.068299999999994
29.408299999999997 16.476499999999998
29.046899999999997 15.997399999999997
27.840400000000002 15.671
29.9719 16.040200000000002
27.6171 15.717900000000002
32.47539999999999 16.045299999999997
30.885099999999998 15.900500000000001
28.903200000000002 15.831999999999999
31.189400000000006 16.0919
28.3615 15.6922
30.552100000000003 16.160800000000002
28.684099999999997 15.743099999999998
31.053699999999996 16.0264
29.967200000000005 16.0079
28.085799999999995 15.7274
30.883200000000006 15.8912
27.9131 15.748600000000005
35.33579999999999 16.0774
29.342199999999995 15.877500000000003
29.4351 15.7853
29.784999999999997 15.9347
26.880599999999998 15.443500000000002
29.071500000000007 15.844399999999995
19.535999999999994 15.346499999999995
36.2081 14.396499999999998
29.2468 15.6496
27.268900000000002 15.258499999999998
29.249499999999994 15.9163
25.819900000000008 15.3015
30.436200000000007 15.505400000000002
29.7867 15.603700000000002
27.9034 15.4917
29.708900000000003 15.742499999999996
26.990499999999994 15.629600000000002
29.4937 15.836899999999998
28.576400000000003 15.609800000000002
30.503600000000002 15.664500000000004
29.525800000000007 15.6135
27.320300000000003 15.221400000000001
30.249399999999998 15.5809
26.4872 15.208699999999997
31.225700000000007 15.5869
28.976699999999994 15.642599999999998
27.579500000000003 15.5142
28.532099999999993 15.5456
26.694499999999998 15.373899999999999
28.4658 15.8295
26.317699999999995 15.315500000000002
28.2955 15.285300000000005
27.4088 15.5088
26.358200000000004 15.341199999999997
31.022500000000004 15.753900000000002
25.8538 15.2764
32.9444 15.576300000000002
29.9998 15.558799999999998
28.212799999999998 15.6993
30.855500000000003 15.789800000000003
29.339 15.448
31.458400000000008 16.143600000000003
28.7842 15.755900000000004
30.659600000000005 15.876899999999997
28.8831 15.8241
28.1471 15.547000000000002
30.959200000000003 15.864000000000003
27.5949 15.692900000000002
34.2473 15.9194
28.673099999999994 15.745200000000004
27.033900000000006 15.7751
28.468400000000006 16.1737
26.9554 15.646700000000003
30.113699999999994 16.025699999999997
28.096600000000006 15.684700000000001
30.068399999999997 15.757299999999999
29.0878 15.863100000000003
26.817199999999996 15.606699999999996
30.0235 15.851
27.309500000000003 15.472299999999997
32.16099999999999 15.710199999999999
32.255399999999995 15.847
28.6264 15.4747
19.8913 13.378100000000002
41.424 15.879199999999999
31.208000000000002 15.759700000000002
29.8319 15.680500000000002
31.1462 15.638199999999996
31.0581 15.843600000000002
27.990399999999998 15.425200000000002
30.815299999999997 15.692900000000002
26.731700000000004 15.368600000000002
32.132299999999994 15.7442
30.945000000000007 15.7363
28.72319999999999 16.052300000000002
29.5715 15.9163
28.131899999999995 15.651499999999999
31.179199999999994 15.9353
28.611900000000006 15.597499999999995
30.45629999999999 15.665399999999996
30.523000000000007 15.931900000000002
28.585 15.742500000000001
31.645500000000006 15.847100000000003
28.424100000000003 15.7388
33.3727 16.0706
31.488200000000006 15.9759
30.854799999999997 15.818100000000001
33.403499999999994 16.0162
30.262100000000004 15.686599999999995
32.4592 15.9546
30.628300000000003 15.9436
30.0678 15.904599999999997
32.468599999999995 16.121600000000004
30.91509999999999 15.870600000000005
35.0493 16.140500000000003
30.712 15.893999999999997
36.4243 16.0118
25.012199999999996 15.7439
35.056400000000004 15.7642
31.520599999999998 16.012
30.1714 15.603099999999998
32.672000000000004 15.958499999999995
25.118199999999995 15.7577
35.76339999999999 16.1176
32.0244 16.418300000000002
30.151899999999998 15.862199999999993
33.364399999999996 16.069499999999998
29.250999999999987 15.975099999999998
34.6062 15.987899999999996
32.07849999999999 15.969
31.1062 15.948500000000005
25.5264 15.839500000000003
35.20529999999999 15.820900000000002
33.320299999999996 16.252199999999995
30.2017 16.107100000000003
32.548100000000005 16.1049
31.7778 16.1157
28.7964 15.8073
32.871 16.044100000000004
29.56140000000001 15.856100000000003
33.2749 15.901000000000003
33.461000000000006 16.171199999999995
30.7247 15.888399999999999
31.4824 15.878400000000001
29.680699999999995 15.901999999999997
31.84240000000001 16.0212
29.833900000000003 15.9722
31.225599999999996 15.653900000000002
31.211200000000005 15.946300000000003
28.2711 16.0463
32.734300000000005 16.148500000000002
28.544500000000006 15.806700000000005
33.397000000000006 15.841099999999999
31.574400000000004 16.110899999999997
29.457200000000007 15.8326
33.037099999999995 16.1735
30.834899999999998 15.982
32.555400000000006 15.954199999999998
31.204199999999993 15.849399999999994
31.7392 15.752399999999996
31.92169999999999 16.084799999999998
28.120100000000004 16.035399999999996
32.311199999999985 16.3346
29.352799999999995 16.037100000000002
33.7497 16.2494
24.635299999999997 15.110399999999997
35.5553 15.7797
30.328199999999995 15.8461
28.443699999999993 15.684400000000002
30.623700000000003 15.991099999999998
28.3566 15.8994
29.4204 15.9027
29.497 15.946100000000001
27.2025 15.8486
28.517600000000005 15.669899999999998
29.424400000000002 15.7797
30.003899999999994 15.683599999999998
30.971999999999994 16.009600000000006
27.492400000000007 15.9418
29.365999999999996 15.749300000000005
27.893600000000003 15.7164
29.292399999999997 15.790299999999997
27.431299999999997 16.0521
28.473999999999993 15.983500000000003
28.468599999999995 16.144699999999997
25.449400000000004 15.708100000000002
29.115800000000007 15.782200000000001
25.7179 15.8493
29.127599999999997 15.761599999999998
28.572799999999994 15.919400000000003
26.495600000000003 15.6915
28.2564 15.750099999999998
26.346700000000006 15.830400000000003
28.077599999999997 15.8159
26.42900000000001 15.805900000000003
27.4071 15.887099999999998
28.2295 16.1088
25.8531 15.7985
29.202 15.884400000000005
26.365399999999994 15.8835
30.9111 15.846000000000004
30.807900000000004 15.951400000000005
28.429199999999998 15.714499999999997
30.323799999999995 15.770699999999996
29.589299999999994 15.656299999999998
31.385099999999994 15.850199999999997
28.326600000000006 16.067400000000003
29.567400000000006 16.132200000000005
30.083800000000004 16.430699999999998
26.3961 16.404
31.5624 16.0714
28.55629999999999 16.002
