8.9256 7.382999999999999
9.013300000000001 7.3838
8.8288 7.372400000000001
8.5455 7.4083
8.579200000000002 7.331799999999999
8.6944 7.393600000000002
9.3308 7.2648
8.7765 7.250199999999999
8.820900000000002 7.362400000000001
8.012300000000002 7.330400000000001
8.6212 7.3461
7.521800000000001 7.294499999999999
8.3016 7.2456000000000005
8.2511 7.343999999999999
8.664000000000001 7.347100000000001
7.733899999999999 7.2616
8.204500000000001 7.3099
8.8226 7.3502
8.7703 7.395899999999999
8.3993 7.240999999999999
8.4892 7.2328
7.9916 7.2235
8.715100000000001 7.170999999999999
7.7025999999999994 7.196199999999998
8.6804 7.284599999999999
7.711799999999999 7.2173
8.6289 7.2631
8.229899999999999 7.3395
8.562399999999998 7.317999999999998
8.5617 7.2623999999999995
8.941599999999998 7.214400000000001
8.4991 7.3431999999999995
8.6898 7.2456
7.9888 7.2866
8.6439 7.3012999999999995
7.897999999999998 7.3043
8.969000000000001 7.272300000000001
7.9109 7.289800000000001
9.017900000000001 7.3294999999999995
7.702600000000001 7.2547
8.8415 7.3508000000000004
7.5942 7.193
8.026 7.2808
7.998599999999999 7.2686
7.996300000000001 7.1389000000000005
8.107 7.247199999999999
8.0634 7.230500000000001
8.0581 7.3075
8.7601 7.272400000000001
7.8697 7.2585999999999995
8.6456 7.2899
8.1033 7.2157
8.579400000000001 7.3219
7.626300000000001 7.2213
8.6083 7.2814000000000005
7.7919 7.2561
8.549499999999998 7.311999999999999
7.762099999999999 7.2868
7.9833 7.319600000000001
7.720299999999999 7.199899999999998
8.5658 7.266999999999999
8.3023 7.2991
8.5761 7.373100000000001
8.172699999999999 7.296900000000001
8.3458 7.360299999999999
7.5852 7.267799999999999
8.140699999999999 7.2776000000000005
7.573000000000002 7.324999999999999
7.7765 7.3898
7.382999999999999 7.1709
7.6004000000000005 7.2808
7.248500000000001 7.307400000000001
8.4718 7.3395
7.4959 7.283099999999999
8.4451 7.274700000000001
7.578900000000001 7.227999999999998
7.9453 7.271499999999999
7.502900000000001 7.308299999999999
7.589899999999999 7.321899999999999
7.2701 7.325000000000001
7.5836 7.306
7.159599999999999 7.3477999999999986
7.84 7.339400000000001
7.1640999999999995 7.2722999999999995
7.6591000000000005 7.275499999999998
7.518700000000001 7.309
8.215300000000001 7.211300000000001
7.8232 7.234400000000001
7.583599999999999 7.259500000000001
7.648400000000001 7.295400000000001
7.9590000000000005 7.372199999999999
7.826200000000001 7.2907
8.4015 7.394399999999999
7.7332 7.416499999999998
7.9933000000000005 7.333300000000001
7.3753 7.4311
7.9079000000000015 7.3686
7.821599999999999 7.186200000000001
8.5128 7.251700000000001
7.936199999999999 7.191599999999999
8.306099999999999 7.3165000000000004
7.615599999999999 7.2967
8.345 7.364799999999999
7.6347 7.2648
8.825800000000001 7.323499999999999
7.457100000000001 7.306
7.678100000000001 7.348599999999999
7.296000000000001 7.220400000000001
8.0445 7.279299999999999
7.5676000000000005 7.358499999999999
7.9559999999999995 7.430300000000001
7.8385 7.388399999999999
7.977399999999999 7.267000000000001
7.505000000000001 7.258700000000001
8.241999999999999 7.262500000000001
7.373 7.2243
8.4258 7.335699999999999
7.4845999999999995 7.285399999999999
8.0786 7.308299999999999
7.6394 7.241800000000001
8.5024 7.2953
8.090999999999998 7.1807
8.152800000000001 7.2853
7.867300000000001 7.322100000000001
8.3665 7.328100000000001
7.9079 7.251
7.972799999999999 7.341
7.501300000000001 7.3203000000000005
8.298500000000002 7.3975
7.3042 7.399800000000001
7.6433 7.4357999999999995
7.442499999999999 7.1313
7.884300000000001 7.413499999999999
7.772799999999999 7.3632
7.8361 7.3272
7.439399999999999 7.2769
8.110100000000001 7.2722999999999995
7.1335999999999995 7.2426
7.6486 7.225099999999999
7.0877 7.2799000000000005
7.847600000000001 7.2562
7.048800000000001 7.2280999999999995
7.891799999999999 7.2028
7.059500000000001 7.325799999999999
7.733100000000001 7.3469999999999995
7.187499999999999 7.308199999999999
7.6804000000000014 7.457000000000001
7.370799999999999 7.3142
7.982 7.3104000000000005
7.179399999999999 7.2412
7.683400000000002 7.363800000000001
7.2579 7.292800000000001
7.566699999999998 7.380800000000002
6.9717 7.316599999999999
7.6804999999999986 7.279299999999999
7.503500000000001 7.296699999999999
7.7195 7.2089
7.7195 7.2478
8.110800000000001 7.2235000000000005
7.725599999999999 7.1894
8.148900000000001 7.274799999999999
7.210500000000001 7.358499999999999
8.088700000000001 7.413399999999999
7.2175 7.356999999999999
7.975900000000001 7.3669
7.114400000000002 7.219
7.724700000000001 7.211399999999999
7.321899999999999 7.2387
7.692 7.279100000000001
7.691300000000001 7.2890000000000015
8.0148 7.1937000000000015
7.2265999999999995 7.254100000000001
8.6922 7.307499999999998
7.736999999999999 7.2219999999999995
8.145000000000001 7.4019
7.3832 7.2503
7.7225 7.2905
7.474600000000001 7.1708
8.1009 7.3311
7.7292 7.2418
8.035300000000001 7.243400000000001
7.488400000000002 7.2241
8.629100000000001 7.282300000000001
7.813300000000001 7.318999999999999
8.441100000000002 7.365400000000001
7.7601 7.286099999999999
8.5372 7.4531
7.358500000000001 7.1586
8.2991 7.277700000000001
7.492799999999999 7.269399999999998
8.1827 7.2844999999999995
7.6591 7.157900000000001
8.4405 7.2982000000000005
7.385 7.391399999999998
8.225999999999999 7.355499999999999
7.692700000000001 7.222
8.094899999999999 7.2235
7.993399999999999 7.3266
8.023100000000001 7.1532
7.633899999999999 7.201300000000001
8.3832 7.353999999999999
7.6973 7.308199999999999
8.2649 7.3043
7.3921 7.2097
7.8530000000000015 7.2753
7.769100000000001 7.2280999999999995
7.9056000000000015 7.216600000000001
7.286100000000001 7.270199999999999
8.072000000000001 7.2531
7.722399999999999 7.284599999999999
8.0199 7.2143
7.4830000000000005 7.331799999999999
7.904799999999999 7.3503
7.408 7.3180000000000005
7.8254 7.428700000000001
7.432600000000001 7.234100000000001
8.365499999999999 7.3188
7.6309000000000005 7.228800000000001
8.278599999999999 7.3919
7.5544 7.1977
7.9622 7.3494
7.524000000000002 7.248799999999999
7.8331 7.227399999999999
7.6935 7.2587
7.757700000000001 7.242500000000001
7.3210999999999995 7.3020999999999985
8.0223 7.2334
7.1855 7.2866
8.0734 7.276200000000001
7.3227 7.1953000000000005
8.0826 7.257999999999999
7.3547 7.2616
7.8286 7.315
7.4407999999999985 7.3043
7.7073 7.4028
7.5013 7.254799999999999
7.833799999999999 7.331799999999999
7.1303 7.235699999999999
7.9902000000000015 7.228700000000001
7.176100000000001 7.184500000000001
7.8011 7.209899999999999
7.147300000000001 7.2952
8.023100000000001 7.3822
7.6759 7.2073
7.981200000000001 7.2456
7.796499999999999 7.245700000000001
7.886500000000001 7.2555000000000005
7.3128 7.2786
7.434200000000001 7.296900000000001
7.3892 7.308299999999999
7.6157 7.301399999999999
7.3588000000000005 7.240900000000002
7.8918 7.180800000000001
7.833900000000001 7.2014
8.4365 7.253300000000001
8.094 7.348599999999999
8.7898 7.301300000000001
8.4793 7.223599999999999
8.6239 7.3607000000000005
8.2551 7.3508000000000004
8.731099999999998 7.311999999999999
8.291600000000003 7.331799999999999
8.573 7.321999999999999
7.792000000000002 7.365400000000001
8.5449 7.235699999999999
8.180299999999999 7.3545
8.5182 7.2799000000000005
8.132100000000001 7.308900000000001
8.4053 7.2769
7.981000000000001 7.269299999999999
8.185699999999999 7.2448
8.242900000000002 7.221199999999999
8.657799999999998 7.2908
7.885099999999999 7.238700000000001
8.386199999999999 7.3366
7.9834000000000005 7.306499999999999
8.2984 7.2854
7.7994 7.402200000000001
8.074300000000001 7.277699999999999
7.460799999999999 7.3065999999999995
7.575900000000001 7.302999999999998
7.2617 7.331099999999998
7.766599999999999 7.2669999999999995
7.4296 7.2692000000000005
7.5455 7.235799999999999
7.3198 7.2953
7.601999999999999 7.2976
7.5111 7.3264
