87.88100000000001 7.831400000000001
85.744 7.727399999999999
84.889 7.6904
85.17200000000001 7.6439
86.101 7.667399999999999
71.562 8.250499999999999
37.57899999999999 9.626599999999998
88.00099999999999 10.0876
82.976 8.672000000000002
78.54699999999998 7.963899999999997
81.82300000000001 7.857200000000001
83.179 7.878900000000002
80.872 7.7581999999999995
79.70399999999998 7.600800000000002
77.00299999999999 7.588
65.90699999999998 7.593399999999997
61.30900000000001 7.2285
83.73299999999998 7.5390000000000015
85.408 7.588400000000002
83.135 7.500500000000001
81.49799999999999 7.4161
79.115 7.282400000000002
76.95500000000001 7.32
74.756 7.4448
69.452 7.343699999999999
59.650000000000006 7.216099999999999
46.91499999999999 7.088
42.61699999999999 7.013599999999999
43.225 7.517500000000001
42.44499999999999 7.022400000000001
35.92599999999999 7.0025
40.81799999999999 7.055400000000001
40.02 7.1155
38.92500000000001 7.004300000000002
43.6 7.239899999999999
47.412 7.022199999999999
45.167 8.1718
50.80899999999999 9.045100000000003
49.834999999999994 9.2628
50.852999999999994 9.2025
49.431000000000004 9.043
50.81199999999999 8.975900000000001
50.488 10.009100000000002
43.932 8.384
42.708999999999996 7.685300000000002
43.267 7.164999999999999
44.91600000000001 7.0699999999999985
45.039 7.0268999999999995
45.017 7.027
47.162000000000006 7.759
49.67100000000001 8.822100000000002
49.423 9.1453
46.713 9.0309
46.731 8.3481
48.021 9.011700000000001
48.97899999999999 9.1149
49.082 8.3816
49.977000000000004 8.302499999999998
49.91499999999999 8.4267
49.745000000000005 8.7601
49.492999999999995 8.3016
48.71059999999999 7.784199999999999
50.791 8.306899999999999
50.428000000000004 8.1179
51.181999999999995 8.2632
51.458999999999996 8.509599999999999
52.906 8.656199999999998
50.715999999999994 8.178999999999997
51.20299999999999 8.1748
49.342999999999996 7.4253
49.053 7.153
49.228 7.1578
50.038000000000004 7.1565
46.909 7.0619999999999985
47.52 7.158
46.93800000000002 7.856400000000001
48.06700000000001 8.7049
50.881 9.4977
49.114999999999995 9.626800000000001
50.178 9.769500000000003
54.29100000000001 9.679400000000001
52.522999999999996 9.8847
52.01100000000001 9.455
52.68200000000001 9.5486
54.820000000000014 9.166800000000002
57.128000000000014 9.5627
53.11900000000001 8.377199999999998
55.039 7.9429000000000025
47.303 7.893600000000001
45.57900000000001 7.861200000000002
54.39999999999999 7.8418
49.528999999999996 7.575900000000001
54.67999999999999 7.5063
54.674 7.257500000000001
55.42199999999998 7.4292
54.11 7.112899999999997
52.935 6.9925000000000015
53.272999999999996 6.8885999999999985
50.205999999999996 6.8713999999999995
55.81 6.887500000000002
56.543000000000006 7.571899999999999
56.528999999999996 7.0055
51.89800000000001 6.773999999999999
52.162 6.7033999999999985
52.105999999999995 6.7272
51.461 6.6315
47.82599999999999 6.658599999999999
52.047 6.5606
47.26100000000001 6.610999999999999
35.992000000000004 6.6107
45.721 6.651699999999999
44.68500000000001 6.562299999999999
39.162 6.404999999999999
38.182 6.462799999999999
43.056 6.478799999999999
37.330999999999996 6.492000000000001
47.15899999999999 6.466099999999998
55.711 6.7389
55.505 6.601700000000001
55.09400000000001 6.5514
54.18299999999999 6.605099999999998
55.57299999999999 6.5921
56.047999999999995 6.648999999999999
48.19799999999999 6.5424
39.054 6.432500000000001
34.034000000000006 6.7256
33.10719999999999 6.382700000000001
37.411 6.375500000000001
38.5573 6.3027
44.719 6.3167
43.437 6.396
44.894 6.3792
44.208000000000006 6.2775
39.730000000000004 6.289
43.54599999999999 6.4775
42.03999999999999 6.299799999999999
41.01089999999999 6.311399999999999
41.62899999999999 6.661700000000001
41.25300000000001 6.306100000000001
42.346000000000004 6.366199999999999
43.38699999999999 6.3403
49.425999999999995 7.8054000000000014
49.71900000000001 9.287900000000002
48.954 9.9474
51.35799999999999 9.517399999999999
45.196000000000005 9.388700000000002
42.1 8.2259
43.736999999999995 8.730099999999998
34.961999999999996 9.2262
58.009 10.283699999999998
59.19000000000001 9.8536
59.285999999999994 8.886
61.532999999999994 8.9677
62.05799999999999 9.246700000000002
63.232 9.229400000000002
60.687000000000005 9.343700000000002
55.83699999999999 8.192400000000003
54.077499999999986 7.4982999999999995
53.2706 6.9591
52.758799999999994 6.754500000000001
56.08070000000001 6.831100000000001
55.66029999999999 6.737699999999999
54.28700000000002 6.746800000000001
53.456 6.7909000000000015
51.11800000000001 6.5885
54.515 6.570799999999998
49.099 6.5359
52.076 6.580900000000001
48.74999999999999 6.6127
52.561 6.682499999999999
53.8079 6.911999999999999
54.966 6.636100000000001
57.68400000000001 6.6913
54.916 6.656199999999999
51.633600000000015 6.5433
50.597 6.5668999999999995
41.87199999999999 6.4487000000000005
43.062999999999995 6.4319
44.099999999999994 6.443499999999999
42.295 6.2814000000000005
42.0831 6.2673000000000005
39.5567 6.313000000000001
40.126000000000005 6.833799999999999
40.8523 6.4506000000000006
39.99 6.336900000000001
38.571 6.393800000000002
35.669799999999995 6.341900000000001
36.8559 6.2559000000000005
37.743 6.4572
37.84400000000001 6.2284
37.67000000000001 6.240900000000001
36.1258 6.3254
36.0481 6.2231
36.788 6.1951
38.998000000000005 6.3812
40.00500000000001 6.653200000000001
12.600199999999997 6.9772
10.427700000000002 7.912800000000001
37.355000000000004 9.2041
45.574 8.138600000000002
43.286 7.331900000000001
43.678 6.7547
44.245999999999995 7.7810999999999995
47.385000000000005 8.1879
46.15200000000001 8.573
39.414 7.035799999999999
39.8252 6.796
42.70899999999999 6.526900000000002
42.5301 6.432
42.86 6.371900000000001
43.351 6.381999999999999
41.505900000000004 6.377199999999999
43.008 6.3279000000000005
41.73250000000001 6.280799999999999
44.287 6.4872
45.336000000000006 6.4139
42.284000000000006 6.865199999999999
23.2811 7.210000000000001
11.1536 7.3155
8.2388 7.653800000000002
26.096199999999996 7.911599999999999
45.679999999999986 7.6087
46.95699999999999 6.7833000000000006
49.458 6.4398
50.510999999999996 6.4354
48.81300000000001 6.4216999999999995
50.211000000000006 6.4859
52.98799999999999 6.4754000000000005
51.235 6.5398999999999985
56.110000000000014 6.5507
55.125 6.539600000000001
55.525999999999996 6.8283999999999985
53.970000000000006 7.2491
50.632999999999996 6.706600000000002
51.92099999999999 6.680500000000002
54.49900000000001 7.254200000000001
52.583999999999996 6.5527
52.806999999999995 6.608699999999999
51.59299999999999 6.411
49.89 6.338700000000001
50.59 6.383300000000001
48.278 6.3675
46.476 6.4431
54.281 6.9953
49.923 8.269500000000003
48.001000000000005 8.382300000000003
48.797000000000004 7.4723000000000015
44.44199999999999 6.817400000000001
44.03 6.3438
41.851000000000006 6.2396
40.727999999999994 6.2082999999999995
41.278999999999996 6.249
39.516999999999996 6.4558
36.13300000000001 6.394799999999999
40.09199999999999 6.227399999999999
38.34800000000001 6.145299999999999
36.62 6.0256
36.953 5.9944999999999995
37.865 5.987799999999998
38.60799999999999 5.953100000000001
36.767999999999994 6.0039
39.40099999999999 5.983800000000001
40.77400000000001 6.0382
38.983000000000004 5.9957
39.568999999999996 6.0635
40.264 6.0347
41.77 6.3277
42.477000000000004 6.2503
38.588 6.0673
33.376000000000005 5.9284
35.022999999999996 5.8862
37.765 6.210699999999999
39.263 6.395899999999999
37.8 6.056500000000001
36.592999999999996 5.987700000000001
35.574999999999996 5.887499999999999
41.532 5.9216999999999995
44.404999999999994 6.0093000000000005
43.538 6.268
42.409 6.201099999999999
41.874 6.000600000000001
41.715 5.9845999999999995
41.259 5.9857
35.951 5.866500000000001
34.953 5.8403
37.566 5.8187
37.315000000000005 5.862499999999999
36.802 5.8046
