7.634100000000001 35.92999999999999
7.647600000000001 35.95399999999999
6.530600000000001 36.047
7.172300000000001 36.163
6.1746 36.077999999999996
6.4552 35.992
6.433 35.949
5.3306000000000004 35.924
6.2972 35.876000000000005
5.342799999999999 35.876
7.653700000000001 35.924
6.056299999999999 35.894
9.1814 35.966
7.6301 35.985
6.643599999999999 35.92399999999999
7.1243 35.91799999999999
7.3054 35.91799999999999
6.813899999999999 36.083
8.652399999999998 36.181000000000004
6.658900000000001 35.94799999999999
7.4877 35.93599999999999
6.4484 35.9
8.8977 36.297000000000004
6.174499999999999 35.906
8.0414 35.93599999999999
6.5376 35.91799999999999
7.366199999999999 35.94199999999999
7.844599999999999 36.326
6.9167000000000005 35.94799999999999
5.772399999999999 35.95399999999999
6.2492 35.95399999999999
6.9977 35.93599999999999
6.598 35.92399999999999
6.200399999999999 35.888
7.6469000000000005 36.022
6.930600000000001 35.95399999999999
7.663 35.92999999999999
7.1281 35.94199999999999
8.2428 35.96
7.872700000000001 35.924
9.239999999999998 35.94799999999999
7.608099999999999 35.93599999999999
6.217999999999999 35.97899999999999
6.1028 35.913
7.2334 35.95399999999999
6.755800000000001 35.93599999999999
5.4313 35.876000000000005
6.3692 35.906
7.561400000000002 35.92999999999999
10.693 36.016000000000005
7.968999999999999 35.94799999999999
5.979299999999999 35.9
7.055599999999999 35.912
6.7772 36.015
6.651999999999999 35.91799999999999
5.305899999999999 35.88099999999999
6.8489 35.90599999999999
5.7893 35.91799999999999
6.419999999999999 35.91199999999999
6.282000000000002 35.90599999999999
8.677499999999998 35.95399999999999
10.3024 36.022000000000006
9.4619 36.010000000000005
9.5844 35.996
7.942100000000001 35.966
8.0125 35.96
9.878200000000001 36.431
7.525600000000001 36.15799999999999
9.2434 36.047000000000004
7.838500000000001 36.28
6.765600000000001 35.937
7.138799999999999 35.92399999999999
9.4101 35.991
11.6932 36.365
10.089 36.17100000000001
9.774000000000001 36.009
8.2398 35.985
8.0779 35.94799999999999
7.959899999999999 35.979
9.213499999999998 35.972
8.718200000000001 35.979
8.250399999999999 35.961
8.3352 35.966
8.6557 35.966
10.3773 36.029
10.925899999999999 36.188
10.620700000000001 36.212
11.5891 36.437000000000005
8.837200000000001 36.028
8.6208 36.34499999999999
8.549299999999999 35.99
9.5366 35.997
8.5324 35.967
7.532599999999999 35.95399999999999
9.2726 36.254000000000005
10.707799999999999 36.045
12.133999999999999 36.039
11.913 36.094
11.201 36.089000000000006
12.412 36.144999999999996
10.5 36.058
11.2129 36.071000000000005
11.340499999999999 36.546
11.067499999999999 36.345
9.584200000000001 36.224000000000004
10.705799999999998 36.486000000000004
9.646799999999999 36.36899999999999
9.5191 36.035000000000004
13.456000000000001 36.523
12.048 36.726000000000006
13.498000000000001 36.870999999999995
10.1635 36.431999999999995
10.520799999999998 36.07
10.162 36.357
9.4792 36.016000000000005
10.541900000000002 36.24099999999999
10.101899999999997 36.125
10.678199999999999 36.547999999999995
10.0814 36.144000000000005
10.053099999999999 36.25600000000001
12.219 36.09000000000001
11.259899999999998 36.376
13.245199999999999 36.211000000000006
12.619399999999997 36.212
11.1953 36.047000000000004
10.5134 36.161
10.3032 36.150000000000006
12.937999999999999 36.426
10.5879 36.181000000000004
9.9724 36.24699999999999
11.535 36.394000000000005
12.6608 36.413000000000004
12.576 36.364999999999995
13.270999999999999 36.406
12.3919 36.237
11.71 36.393
12.632000000000001 36.471
10.538 36.694
13.013999999999998 36.138
12.0765 36.37800000000001
11.091 36.28600000000001
10.123600000000001 36.301
5.9219 32.524420000000006
13.838999999999999 32.9217
11.731000000000002 33.136900000000004
15.811999999999996 33.4205
17.674 33.86529999999999
10.6349 33.9609
12.356 33.5239
14.312000000000003 34.075
10.317599999999999 34.041
12.212499999999999 34.087
11.126300000000002 33.772999999999996
11.7818 33.878
12.911 34.148999999999994
12.844 34.161
11.238599999999998 33.751000000000005
16.125999999999998 34.38699999999999
17.086000000000002 34.226
13.627999999999998 34.497
11.814700000000002 33.864000000000004
12.488000000000001 34.354
14.360999999999999 34.172999999999995
13.141999999999998 34.40800000000001
13.388 34.415
13.952000000000004 34.324000000000005
12.168999999999999 34.521
13.202 34.423
15.478000000000003 34.233999999999995
18.744 34.84499999999999
12.662 34.431000000000004
16.588999999999995 35.143
13.289000000000001 35.057
12.980999999999998 34.827000000000005
14.015000000000002 34.858
13.2409 34.713
13.2458 34.599999999999994
13.080000000000002 34.66400000000001
14.391999999999996 34.679
12.885 34.68200000000001
13.985999999999999 34.524
15.644 34.535
17.849999999999998 34.864
13.806999999999997 35.003
13.871 34.487
12.447499999999998 34.75
12.2188 34.461
11.972000000000001 34.838
12.738 34.743
12.631999999999998 34.948
12.504000000000001 34.668
11.9049 34.46300000000001
13.421 34.486000000000004
17.503999999999998 34.94
12.317 34.611000000000004
15.574000000000002 34.888
13.431999999999999 34.581999999999994
12.969 35.093
13.252 34.876
12.772999999999998 34.75300000000001
13.028 34.725
12.360800000000001 34.884
14.337 34.802
14.122000000000002 35.158
14.182 35.264
17.209000000000003 34.955999999999996
13.766 34.809
13.824 34.864000000000004
15.399000000000001 35.061
12.879000000000001 34.98
14.116000000000001 35.111000000000004
14.356 35.006
13.172000000000002 34.745
13.091 34.641000000000005
12.005 34.787000000000006
13.086 35.182
12.881 34.770999999999994
14.372000000000002 35.014
13.552 34.742
13.628999999999996 35.09700000000001
12.087 34.707
13.660999999999998 35.362
12.843000000000002 34.988
11.874 35.208
12.798000000000002 35.117000000000004
12.543000000000001 35.22500000000001
11.5168 35.544
12.119 35.398
12.485 35.416000000000004
15.683999999999997 35.675000000000004
12.019 35.355000000000004
12.4348 35.437000000000005
12.674999999999997 35.231
11.401199999999998 35.708
11.2543 35.13700000000001
11.99 35.557
13.1382 35.538
12.0745 35.421
11.909 35.37
11.2176 35.889
13.899000000000001 36.061
13.83 35.686
13.667000000000002 35.66199999999999
11.737 35.845
11.520100000000001 35.383
11.2722 36.001
11.9115 35.801
11.921000000000001 35.82000000000001
11.049299999999999 35.643
11.69 35.68300000000001
11.1995 35.969
10.649899999999999 35.878
13.534999999999997 35.702
15.82 36.096999999999994
12.967 35.669000000000004
12.553 35.833999999999996
11.5473 35.721
12.377 36.252
12.273 35.941
13.036 35.59300000000001
10.8964 35.654
11.735000000000001 35.863
10.372700000000002 35.556000000000004
10.4829 35.524
14.3196 35.65
12.811 36.00000000000001
14.578999999999997 35.754999999999995
12.380999999999998 35.647
10.501100000000001 35.58
11.265400000000001 35.901
11.655000000000001 35.955000000000005
12.230999999999998 35.656
10.4824 35.62500000000001
11.6674 35.638
10.2253 35.583000000000006
10.079399999999998 35.594
12.847800000000001 35.650999999999996
12.129000000000001 36.028999999999996
12.976 35.711999999999996
12.594000000000003 35.939
10.619600000000002 35.69
11.021700000000001 35.967
12.942799999999998 35.888999999999996
11.245999999999999 35.63100000000001
11.1382 35.79900000000001
11.698000000000002 35.941
12.161 35.925000000000004
12.374 35.669000000000004
