37.785999999999994 8.9978
32.922000000000004 9.003500000000003
34.86 9.012900000000002
32.160000000000004 9.037600000000001
24.447799999999994 9.0227
21.802000000000003 9.0006
21.137800000000002 9.007800000000001
20.817099999999996 9.022099999999998
19.711000000000002 9.011500000000002
27.627499999999998 9.0122
35.927 9.0351
35.732 9.0243
34.599 9.0294
28.735999999999994 9.025500000000001
23.197899999999997 9.0194
21.919399999999996 9.0188
22.8458 9.013399999999999
19.4004 9.006900000000002
20.7796 8.9907
21.266099999999998 9.0053
21.215400000000002 9.0194
28.686899999999994 9.029100000000001
33.601 9.0171
36.30700000000001 9.032300000000001
37.91100000000001 9.040599999999998
38.88999999999999 9.0221
43.580999999999996 9.0149
46.64499999999999 9.024099999999999
42.157 9.0141
39.95599999999999 9.0178
37.537000000000006 9.008199999999999
35.002 9.016000000000002
30.653999999999996 9.033199999999999
32.282000000000004 9.0434
39.37100000000001 9.0522
48.34618999999999 10.7927
38.652 8.9772
35.201 9.0118
33.112199999999994 9.0417
30.912999999999997 9.065999999999999
24.262700000000002 9.0723
23.038599999999995 9.049000000000001
23.4589 9.064699999999998
19.8785 9.076800000000002
18.750799999999998 9.0602
21.9676 9.057700000000004
30.413 9.0569
31.688 9.051499999999999
30.776999999999997 9.045399999999999
28.325 9.0412
29.562999999999988 8.664399999999999
32.88699999999999 9.0197
19.083399999999997 9.004999999999997
22.588685 9.135707
20.8839 9.003200000000001
19.340799999999998 9.0552
21.371699999999997 10.734323
22.026820000000004 9.499967599999998
30.755999999999993 8.9486
38.23664999999999 9.7728
35.326930000000004 9.786
29.747000000000007 9.0486
30.604000000000003 11.057492
22.2816 9.013800000000002
24.7607 9.701900000000002
18.169099999999993 8.961200000000002
20.3763 9.0427
18.273100000000003 9.0439
17.7961 9.043000000000001
22.812900000000003 9.046700000000001
30.875000000000007 9.070300000000001
34.866 9.067599999999999
35.447 9.0923
35.397999999999996 9.097499999999998
34.629 9.0984
24.500500000000006 9.110699999999998
18.787000000000003 9.081900000000001
20.6849 9.0944
19.015300000000003 9.0962
18.195199999999996 9.090499999999999
16.101200000000002 9.084500000000002
23.450599999999994 9.0779
30.809000000000005 9.0956
31.764 9.0864
31.673000000000005 9.096000000000002
28.165999999999986 9.118600000000002
26.2835 9.091399999999998
23.0801 9.0985
18.073299999999996 9.090599999999998
15.963100000000003 9.095
18.2121 9.1092
16.8345 9.0922
15.870699999999996 9.0863
15.6412 9.085
16.6043 9.092399999999998
16.848 9.102599999999999
21.0556 9.086299999999998
33.1518 9.7782
36.4586 10.5456
35.403200000000005 10.2433
26.115 8.823500000000001
25.427 8.961
24.27 9.002
22.6768 9.026299999999999
31.033920000000002 11.22203
28.743470000000006 9.4104
31.813999999999993 8.888300000000001
33.577999999999996 8.9236
33.938 8.9714
30.247 9.012300000000002
25.0978 9.059199999999997
25.0413 9.6492
19.511599999999998 8.996299999999998
19.0683 9.0261
18.1033 9.0593
17.756300000000003 9.0686
18.680099999999992 9.7649
21.0071 8.965300000000001
29.1699 9.047300000000003
31.317 9.0683
28.649440000000006 9.543400000000002
34.1141 10.9667
22.9846 8.495099999999999
28.448749999999993 9.872399999999997
29.804339999999996 12.210720999999996
23.9061 8.640899999999998
21.197000000000003 8.774500000000003
20.012700000000002 9.47363
22.090700000000002 10.161999999999997
23.3235 8.5661
33.98 8.740699999999999
39.360899999999994 9.448699999999997
28.443600000000004 8.7425
28.359999999999996 8.7536
27.109000000000012 8.774
23.3751 8.8107
17.7209 8.7822
18.7169 8.7872
19.719939999999998 9.356035000000002
30.153610000000004 13.688999999999997
16.6263 7.577499999999998
27.6781 9.039299999999999
33.5516 8.678399999999998
37.619339999999994 9.435
37.55129999999999 9.391237
30.979200000000002 9.421700000000001
27.079069999999998 9.553280000000003
32.33323 9.4156
19.9401 8.6833
25.343800000000005 8.735999999999999
20.6794 8.7608
18.0572 8.788399999999998
15.981800000000002 8.7714
22.7997 8.7645
31.554000000000006 8.781500000000001
34.89300000000001 8.8027
28.191900000000004 8.8185
31.01238 11.608500000000003
28.952399999999994 8.3752
25.6076 8.601799999999999
22.318400000000004 9.155360000000003
20.5305 8.546
19.358800000000002 8.6578
19.591020000000004 9.2366
15.9417 8.546100000000003
22.567500000000003 8.615700000000002
28.075800000000008 8.6621
28.658100000000005 8.685699999999999
32.11259999999999 8.694700000000003
36.773 8.687299999999999
37.2399 8.6886
34.846999999999994 8.687899999999999
37.113009999999996 10.057
43.19079 10.1302
33.077 8.606300000000001
30.045000000000005 8.6187
29.988899999999997 8.6161
29.8693 8.638700000000002
36.00899999999999 8.662199999999999
36.067899999999995 8.672000000000002
37.09 8.6815
33.076820000000005 9.360899999999999
25.521 8.6364
27.85497 9.368500000000001
19.771200000000004 8.6537
19.0575 8.6518
18.4153 8.673100000000002
16.947400000000002 8.688
15.6095 8.683
19.986499999999996 8.6924
25.2726 8.703800000000001
28.697999999999997 8.7149
28.776999999999997 8.7126
28.323999999999998 8.6983
19.286699999999996 8.6768
17.2256 8.657300000000001
20.9069 8.6657
21.288899999999998 8.693100000000003
23.199400000000004 8.676
19.222 8.7013
17.311500000000002 8.6905
23.2258 8.702399999999999
30.623 8.704499999999998
35.79799999999999 8.7188
27.974000000000004 8.7209
18.7857 8.692200000000001
20.6011 8.7
23.3851 9.119699999999998
23.0323 8.6175
19.5634 8.687199999999999
16.797500000000003 8.680000000000003
16.0463 8.6687
15.900300000000001 8.6704
21.5651 8.670500000000002
30.733100000000007 8.6761
33.321 8.674999999999999
33.24780000000001 9.385803000000001
17.887200000000004 8.660799999999998
13.244400000000004 8.686499999999999
12.7051 8.6747
11.6376 8.668499999999998
16.329 8.668600000000001
18.560499999999998 8.6986
17.629099999999998 8.6965
17.772799999999997 8.708500000000003
19.6084 8.7066
34.399619999999985 10.9687
36.543 9.242700000000001
34.596 8.7017
34.19369999999999 8.807900000000002
30.824000000000005 8.845200000000002
26.228 8.866900000000001
20.4062 8.854299999999997
20.8188 8.8525
22.2913 8.873
20.4718 8.875799999999998
18.681 8.872700000000002
23.399800000000003 8.855599999999999
29.529000000000003 8.873299999999999
34.695 8.875399999999999
35.11499999999999 8.867700000000001
40.406000000000006 8.8591
42.034000000000006 8.8509
43.629799999999996 9.5672
37.992 8.8116
35.83800000000001 8.811199999999998
35.33500000000001 10.337700000000002
35.92999999999999 8.760399999999999
31.914000000000005 8.7909
34.02850000000001 8.819199999999999
39.984 8.8147
41.11299999999999 8.838700000000001
35.469 8.8674
31.837 8.890299999999998
26.396499999999996 8.8406
22.429 8.8587
21.491200000000006 8.8645
25.36602 13.403901599999998
36.80807 8.161116999999999
25.651900000000005 7.613499999999999
25.5291 9.0234
23.1598 8.631300000000001
37.92495000000001 10.879560000000001
36.26295000000001 8.969600000000002
32.44239999999999 9.47686
33.96005 10.243436
27.609 8.66
41.480880000000006 11.539800000000001
38.39142999999999 12.324072200000002
30.943579999999997 9.151799999999998
33.530480000000004 9.619000000000003
28.958729999999992 9.585410000000001
25.062039999999996 9.1352
22.291400000000003 8.402600000000001
25.727 8.174900000000001
30.339200000000005 8.801799999999998
26.952699999999997 8.1758
28.62999999999999 8.226199999999999
28.482000000000003 8.2302
26.253999999999998 8.275200000000002
21.0019 8.2787
19.616599999999995 8.287799999999999
27.331360000000004 9.415083999999998
30.348450000000003 11.48246
19.115900000000003 8.013
25.271829999999994 9.296599999999998
35.16947 10.253600000000002
30.535000000000007 8.622
