37.36639999999999 10.1982
37.32719999999999 10.240200000000002
32.72160000000001 10.0184
18.864899999999995 9.517600000000002
15.062499999999998 9.1863
14.825800000000003 9.4064
16.352214999999987 9.357587000000004
15.911799999999998 9.005999999999997
15.835100000000002 9.0619
15.695499999999996 9.1104
37.0987 10.7266
46.6303 13.103399999999999
41.15670000000001 11.388200000000005
40.1216 11.150599999999997
38.57319999999999 11.1219
38.54220000000001 11.081199999999997
35.330199999999984 10.5422
36.5981 10.6775
36.67740000000001 10.573700000000002
36.07269999999999 10.621800000000002
35.576299999999996 10.556200000000002
36.00490000000001 10.615499999999999
37.01319999999998 10.6603
37.5049 10.799100000000001
35.863299999999995 10.593600000000002
36.575199999999995 10.768600000000001
35.382000000000005 10.498099999999999
36.565999999999995 10.529000000000002
35.975030000000004 10.4465
34.84779 10.474299999999998
34.66670000000002 10.630499999999996
35.907000000000004 10.7424
35.728300000000004 10.5702
35.732899999999994 10.635999999999997
34.806599999999996 10.567999999999998
35.52450000000002 10.565700000000001
35.6531 10.7405
34.8694 10.751900000000003
35.75060000000001 10.713299999999998
34.8192 10.6494
34.2197 10.697000000000001
35.12830000000001 10.723699999999997
34.56990000000001 10.717
34.7466 10.916199999999996
34.836099999999995 10.7474
34.26730000000001 10.745299999999999
34.73890000000001 10.727000000000004
34.6889 10.7677
35.59850000000001 10.946100000000003
34.7454 10.8309
33.72369999999999 10.7322
32.128999999999984 10.462899999999996
31.864700000000013 10.499900000000004
36.02429999999999 11.021100000000002
34.62369999999998 10.874
34.71759999999999 10.9157
34.87480000000001 10.921199999999997
34.754200000000004 10.934199999999997
33.9414 10.8165
33.98810000000001 10.828000000000003
35.912300000000016 11.154099999999998
35.8321 11.235599999999998
34.935399999999994 11.179200000000005
34.288999999999994 11.0961
33.500800000000005 11.043000000000001
32.9822 10.8687
33.20230000000001 10.7363
32.58959999999999 10.682199999999998
32.55290000000001 10.713899999999999
32.694500000000005 10.634699999999997
33.7145 10.913100000000005
32.8702 11.016600000000002
34.322399999999995 11.267100000000001
35.1237 11.364500000000003
34.28849999999999 11.286999999999997
34.1061 11.148299999999997
34.17799999999998 11.139000000000001
32.9354 11.022799999999997
32.40780000000001 11.064099999999998
31.890600000000003 10.980700000000004
31.9395 10.983399999999996
30.656999999999996 10.869499999999999
32.14910000000001 10.889999999999997
32.916 11.029300000000003
33.4514 11.188000000000004
33.9854 11.2932
33.5232 11.3023
33.297 11.4298
31.65 10.9403
31.744299999999985 10.906699999999999
33.865000000000016 11.298999999999996
32.07960000000001 11.239400000000003
33.54969999999998 11.315499999999997
32.92869999999999 11.410499999999999
33.0222 11.5861
32.85149999999999 11.263100000000001
33.874599999999994 11.258199999999995
34.059599999999996 11.673699999999997
34.072700000000005 11.6691
33.0138 11.473700000000001
34.077999999999996 11.4555
32.879999999999995 11.3285
33.495999999999995 11.255600000000003
34.615199999999994 11.234999999999998
34.509699999999995 11.420800000000002
33.4314 11.3604
32.5086 11.2433
32.530799999999985 11.333299999999998
32.5336 11.4532
31.4251 11.364600000000003
32.139700000000005 11.454899999999999
31.814699999999995 11.4481
33.012899999999995 11.3836
31.838500000000014 11.370800000000001
32.83780000000001 11.486400000000003
33.05689999999999 11.609800000000002
32.628099999999996 11.445899999999998
32.33980000000001 11.3513
33.362300000000005 11.468500000000004
33.57030000000002 11.5831
33.8186 11.5305
33.295399999999994 11.428700000000006
34.1432 11.703300000000002
34.920600000000015 11.579800000000004
36.16380000000001 11.567199999999996
36.0487 11.520900000000001
35.976199999999984 11.455799999999998
34.15060000000001 11.444700000000003
35.17329999999999 11.381800000000002
34.2909 11.341200000000002
33.75979999999999 11.274900000000002
33.7667 11.387799999999999
35.346 11.612100000000002
34.2204 11.490100000000002
34.84920000000001 11.546500000000004
34.20109999999999 11.448499999999997
34.36000000000003 11.510899999999998
33.9911 11.611
34.25079999999999 11.5683
33.757500000000014 11.589600000000004
36.67639999999999 11.700400000000002
36.4738 11.609400000000004
36.569700000000005 11.460000000000003
36.1782 11.534399999999998
35.97880000000001 11.6855
36.462500000000006 11.771799999999999
35.69349999999999 11.580800000000004
36.514599999999994 11.704200000000004
35.55009999999999 11.653399999999996
35.94139999999999 11.613100000000001
35.462 11.7021
35.64509999999999 11.7521
36.57150000000001 11.844600000000002
36.0039 11.667499999999999
35.33059999999999 11.7105
35.017 11.658299999999997
35.288500000000006 11.718300000000001
36.98016 12.324720999999997
35.7066 11.911500000000002
35.4399 11.950400000000004
35.7441 11.953300000000002
35.64940000000001 11.9193
36.1075 11.825799999999997
35.30569999999999 11.8922
36.197100000000006 11.736699999999997
35.524699999999996 11.775100000000002
35.30780000000001 11.846100000000002
34.827799999999996 11.658
35.38119999999999 11.865500000000004
35.87680000000001 11.9384
36.052500000000016 11.879100000000003
36.12379999999998 11.886700000000005
36.12529999999999 11.907100000000002
36.5792 12.0174
37.8214 12.075899999999999
38.638400000000004 12.076000000000004
39.0043 12.050299999999998
38.735400000000006 12.091700000000003
35.8217 12.051300000000001
35.05789999999998 12.0073
35.8216 12.200099999999999
35.365100000000005 12.290799999999996
36.349 12.168700000000003
36.384100000000004 12.170299999999996
37.063599999999994 12.2341
35.25889999999997 12.0948
35.61309999999999 12.0871
35.7219 12.2318
36.1793 12.2693
35.8319 12.2222
36.67009999999999 12.268700000000003
36.35020000000001 12.244800000000001
36.954100000000004 12.2718
36.4734 12.3648
36.537299999999995 12.374600000000003
36.98094 12.357700000000003
37.45299000000001 12.552299999999999
39.301720000000024 12.744799999999998
37.34799999999999 12.255200000000004
37.796100000000024 12.212100000000001
35.98669999999999 12.145200000000003
35.3403 11.987899999999998
36.64220000000002 12.127400000000003
36.706599999999995 12.262799999999995
37.29159999999999 12.373599999999994
36.926100000000005 12.2581
36.248299999999986 12.213999999999999
35.7813 12.268900000000002
34.918299999999995 12.208
34.89890000000001 12.234000000000002
35.334199999999996 12.299500000000002
35.764410000000005 12.360370999999999
35.541900000000005 12.225799999999998
36.41809999999998 12.164999999999996
36.65249999999999 12.1468
38.08650000000001 12.289290000000001
37.54490000000002 12.207400000000002
36.7005 12.149499999999998
36.10470000000001 12.1427
36.87849999999999 12.1171
35.8804 12.2609
35.85760000000002 12.254599999999996
35.35369999999999 12.2266
35.6757 12.240400000000003
35.982200000000006 12.1997
36.6273 12.308599999999997
36.77225 12.268200000000002
35.94618000000001 12.277800000000001
36.81564000000001 12.486900000000002
36.4468 12.368100000000002
37.03949999999999 12.432200000000003
35.871010000000005 12.402099999999997
37.08570000000001 12.4794
35.6484 12.397600000000002
35.53419999999999 12.380299999999998
35.79820999999998 12.339199999999995
36.27487 12.422399999999998
36.10010000000001 12.403799999999997
35.505399999999995 12.4332
35.674 12.376200000000003
38.2025 12.4619
37.59460000000002 12.471799999999998
36.54679999999999 12.458199999999998
36.04189999999999 12.479699999999998
36.7202 12.4413
37.5621 12.484099999999998
40.246999999999986 12.6583
36.89860000000001 12.526299999999996
36.50970000000001 12.5742
36.45419999999999 12.555900000000003
36.8113 12.532800000000002
36.3257 12.476799999999997
37.8852 12.456
37.47279999999999 12.620000000000003
37.187999999999995 12.6945
36.3116 12.742400000000002
36.6703 12.637699999999999
36.188 12.681399999999998
37.0984 12.788999999999998
36.8531 12.7337
37.1583 12.668099999999999
37.41950000000001 12.725200000000003
37.42 12.684299999999995
37.4399 12.6837
36.451899999999995 12.7305
38.44909999999998 12.853900000000001
38.0252 12.7408
39.74669999999999 12.802899999999994
39.119699999999995 12.904799999999996
38.9813 12.872599999999998
38.2388 12.863100000000003
38.294 12.954699999999997
37.766799999999996 12.903599999999996
40.58419499999999 13.313258000000003
39.27088 12.947600000000001
39.23468 12.879576
38.22239999999999 12.591999999999997
39.04989999999999 12.774100000000002
37.5617 12.629099999999996
37.14959999999999 12.750699999999995
36.37796999999999 12.697209999999998
37.58619999999999 12.651000000000002
37.071300000000015 12.625500000000004
36.21519999999999 12.638399999999997
36.6377 12.5627
36.09060000000001 12.5944
35.98070000000003 12.5956
37.275310000000005 12.789130000000002
