8.7145 7.533299999999999
9.2134 7.5181
9.397799999999998 7.4616
8.7403 7.387599999999998
9.5511 7.453899999999999
8.676400000000001 7.370799999999998
9.3064 7.4311
8.475100000000001 7.4089
9.436999999999998 7.5081999999999995
8.3855 7.3945
9.49 7.423399999999999
8.130700000000001 7.467000000000001
9.1624 7.456299999999999
9.2091 7.486800000000001
9.3183 7.4722
8.4458 7.4295
9.241999999999999 7.487299999999999
8.549400000000002 7.531000000000001
9.339999999999998 7.4385
8.366299999999999 7.5013
9.4911 7.484500000000001
8.737300000000001 7.468500000000001
9.5217 7.489
8.4595 7.4387
9.294699999999999 7.387400000000001
8.6564 7.410399999999999
10.1049 7.3877
8.8341 7.365499999999998
9.650099999999998 7.3936
8.442599999999999 7.331899999999999
9.4853 7.459299999999999
9.0147 7.340999999999999
9.768799999999999 7.3755
8.851299999999998 7.346199999999999
9.9279 7.399699999999999
8.4549 7.430200000000001
9.456100000000001 7.398200000000001
8.9058 7.456099999999999
9.3982 7.401299999999999
8.513599999999999 7.366199999999999
9.341199999999999 7.436499999999999
8.343499999999999 7.4166
9.059999999999999 7.402900000000001
8.6081 7.3891
9.473700000000001 7.440099999999999
8.4969 7.407599999999999
8.8035 7.4242
7.9704999999999995 7.452399999999998
9.2153 7.438599999999999
8.3008 7.399700000000001
9.415600000000001 7.347999999999999
8.1077 7.402799999999998
8.6717 7.415999999999999
8.085599999999998 7.4128
8.6855 7.434699999999999
8.2483 7.452500000000001
8.528 7.470799999999998
7.8048 7.521
8.837700000000002 7.4456999999999995
7.8537 7.4806
8.7159 7.464700000000001
8.0536 7.437199999999999
8.788099999999998 7.492199999999999
8.1328 7.3969000000000005
8.132199999999997 7.471399999999999
7.9718 7.402899999999998
8.013100000000001 7.408999999999999
7.676700000000001 7.3381
7.8986 7.3852
7.833700000000002 7.440899999999999
8.0139 7.4486
7.387499999999999 7.373099999999999
8.260399999999999 7.450899999999999
7.525500000000002 7.357899999999999
8.704400000000001 7.442599999999999
7.5615999999999985 7.3447
8.3702 7.4152
7.8749 7.4029
8.040799999999997 7.455500000000001
7.657 7.378399999999999
8.3237 7.481999999999999
7.960500000000001 7.409000000000001
8.147400000000001 7.393800000000001
7.389899999999999 7.433200000000001
8.4305 7.403399999999999
7.9041000000000015 7.479199999999999
8.635 7.495699999999999
7.779600000000002 7.3852
8.671499999999998 7.3823
8.002400000000002 7.364
8.3458 7.3852
7.878199999999999 7.517299999999999
8.3816 7.4887999999999995
8.2253 7.462299999999999
8.93 7.357899999999999
7.848199999999999 7.422
8.885 7.357799999999999
7.9597 7.3342
9.225599999999998 7.405100000000001
8.529499999999999 7.4211
8.9476 7.4692
8.1839 7.389799999999999
9.0807 7.427299999999999
8.1634 7.402099999999999
8.737100000000002 7.513399999999999
8.348799999999999 7.413399999999999
9.0135 7.425699999999999
7.966599999999999 7.389099999999998
9.3856 7.444000000000001
8.201 7.3858999999999995
9.752699999999999 7.467
8.7394 7.395199999999999
8.8347 7.4562
8.4641 7.463
9.034699999999999 7.467
8.5121 7.4807
8.982800000000001 7.4127
8.452100000000002 7.431099999999999
9.2686 7.523200000000001
8.0399 7.3853
9.659899999999999 7.5088
8.076500000000001 7.418799999999999
9.1918 7.3892
8.2253 7.46
9.3685 7.477499999999999
8.0597 7.325799999999999
9.3931 7.3694
8.6339 7.3921
9.519799999999998 7.4582999999999995
8.5136 7.418899999999999
9.2999 7.548500000000001
7.9788000000000014 7.4379
8.6869 7.479899999999999
8.2932 7.365499999999998
9.194500000000001 7.4822000000000015
8.7419 7.347899999999999
9.5179 7.428
8.760100000000001 7.466200000000001
9.5231 7.379100000000001
8.1977 7.369199999999999
9.0605 7.391399999999999
7.8597 7.302799999999998
8.9448 7.3829
7.634 7.353899999999999
9.040400000000002 7.395300000000001
7.9482 7.428800000000001
8.7029 7.359399999999999
8.1482 7.376100000000001
8.904300000000001 7.384499999999999
8.4238 7.460800000000001
8.7371 7.3327
8.314499999999999 7.345699999999999
8.654700000000002 7.4104
7.917000000000001 7.386100000000001
8.910100000000002 7.5105
7.737100000000001 7.4041999999999994
9.030100000000001 7.455400000000001
8.2047 7.393
9.0791 7.4058
8.7503 7.4119
8.911900000000001 7.444800000000002
8.527300000000002 7.406699999999999
8.911900000000001 7.476100000000001
8.6343 7.441599999999999
8.7892 7.4684
8.4892 7.3974
9.1323 7.4142
7.9209000000000005 7.3393000000000015
9.724 7.427300000000001
8.7394 7.365399999999999
9.698300000000001 7.471500000000001
8.9859 7.4181
8.980900000000002 7.402
8.7005 7.4173
9.0073 7.370700000000001
8.866900000000001 7.3754
9.654399999999999 7.380099999999999
8.390699999999999 7.345699999999999
9.4434 7.373
8.464900000000002 7.3646
9.116200000000001 7.406600000000001
9.0424 7.4547
8.9783 7.369200000000001
8.854499999999998 7.434099999999999
9.292499999999999 7.423299999999999
8.184199999999999 7.4074
9.323700000000002 7.4481
8.1466 7.3891
9.474400000000001 7.411200000000001
8.129100000000001 7.408099999999999
9.5891 7.4006
8.436499999999999 7.4226
8.971499999999999 7.4133000000000004
8.932500000000001 7.353999999999999
8.8706 7.362500000000001
9.126599999999998 7.415799999999999
8.831700000000001 7.3655
8.6571 7.3921
9.11 7.462199999999999
8.2924 7.4365
9.315999999999999 7.4408
8.3572 7.333399999999999
9.240499999999999 7.330300000000001
8.7266 7.4654
8.8469 7.363099999999998
8.9355 7.3547
9.202700000000002 7.463100000000001
8.6953 7.498899999999999
9.700500000000002 7.394400000000001
8.2635 7.365399999999999
9.0728 7.4059
8.0721 7.399699999999999
8.4327 7.3356
8.306099999999999 7.295999999999999
8.9519 7.4028
8.7585 7.380599999999999
8.4891 7.3961
8.406 7.4227
8.630299999999998 7.3617
8.249099999999999 7.380699999999998
9.245299999999999 7.3242
7.6126 7.4212
8.7834 7.4265
8.164100000000001 7.344200000000001
8.4327 7.439499999999999
8.357299999999999 7.3669
8.577 7.398299999999999
7.889499999999999 7.3637999999999995
8.480099999999998 7.3831
8.0742 7.373199999999999
9.2537 7.463
7.951299999999999 7.365399999999999
9.0131 7.454699999999999
8.1545 7.469200000000001
8.1542 7.360899999999998
8.144500000000003 7.4128
8.4762 7.3922
8.380799999999999 7.4815
8.823099999999998 7.364
7.613499999999999 7.3449
8.7594 7.334899999999999
8.094700000000001 7.352499999999999
8.7806 7.4235999999999995
8.319099999999999 7.456299999999999
8.4999 7.3844
8.3755 7.369199999999999
8.346499999999999 7.4462
7.9582 7.480499999999999
8.321399999999999 7.3774999999999995
7.810200000000002 7.3556
8.6561 7.4722
7.885700000000001 7.382999999999999
7.9399999999999995 7.421800000000001
8.1475 7.3698
8.169599999999999 7.398999999999998
7.515 7.415100000000001
8.1917 7.445399999999999
7.7805 7.2991
8.1771 7.3515
7.448600000000001 7.371600000000001
8.5977 7.3907
7.6514 7.3312
8.875200000000001 7.376099999999999
8.0291 7.369899999999999
9.222299999999999 7.433300000000001
9.118100000000002 7.3945
9.5277 7.360800000000001
8.847199999999999 7.4585
8.7387 7.4837
8.889800000000001 7.424300000000001
8.7917 7.4182
8.686800000000002 7.4601
8.8094 7.4235999999999995
8.705200000000001 7.3701
8.8055 7.419499999999999
8.528899999999998 7.369899999999999
8.9429 7.398199999999999
8.423699999999998 7.355499999999999
9.1641 7.460699999999999
8.197799999999999 7.402100000000001
8.869100000000001 7.362299999999999
8.774400000000002 7.4845
9.1258 7.402800000000001
8.556399999999998 7.3646
9.0668 7.4959
8.7035 7.412000000000001
8.761499999999998 7.430200000000001
8.4732 7.421899999999999
