9.6022 8.2152
10.000800000000002 8.1742
10.1141 8.1694
9.288499999999999 8.109200000000001
10.258099999999999 8.2108
9.0929 8.152
10.069500000000001 8.1686
9.1966 8.268699999999999
10.156899999999998 8.1369
8.9922 8.2444
10.183 8.2983
8.741700000000002 8.197000000000001
9.920600000000002 8.165700000000001
10.012699999999999 8.187800000000001
9.900500000000001 8.1712
8.9817 8.188
9.9409 8.0819
9.313799999999999 8.1389
10.195500000000001 8.186399999999999
8.9678 8.2023
10.233099999999999 8.108600000000001
9.3835 8.1063
10.3158 8.164200000000001
9.1729 8.3985
9.8318 8.277999999999999
9.5126 8.1643
11.071 8.216000000000001
9.593300000000001 8.1504
10.5016 8.2456
9.2188 8.1451
10.371 8.189400000000001
9.4183 8.183300000000001
10.179900000000002 8.1482
9.5802 8.3023
10.2939 8.2703
9.065000000000001 8.1519
10.2647 8.079500000000001
9.395700000000001 8.1345
9.9969 8.3122
9.185799999999999 8.219800000000001
9.841700000000001 8.186300000000003
9.071399999999999 8.117499999999998
9.522499999999999 8.0941
9.1291 8.236600000000001
10.1328 8.196200000000001
9.1474 8.096200000000001
9.6643 8.162600000000001
8.4854 8.1811
9.759700000000002 8.0695
9.100999999999999 8.3152
10.2226 8.1544
8.899799999999999 8.100100000000001
9.310000000000002 8.129
8.7082 8.177999999999999
9.8022 8.146700000000001
9.019499999999999 8.177900000000001
9.4972 8.2114
8.644100000000002 8.1361
9.6476 8.154200000000001
8.377799999999999 8.145199999999999
9.381 8.2658
8.7234 8.3274
9.708000000000002 8.2084
8.845799999999999 8.0649
8.9203 8.0371
8.7044 8.1855
8.771500000000001 8.0985
8.638 8.1765
8.929699999999999 8.1222
8.6232 8.149
8.874799999999999 8.206999999999999
8.322799999999999 8.102299999999998
9.211699999999999 8.128300000000001
8.2648 8.037600000000001
9.5371 8.179300000000001
8.316 8.2313
9.3078 8.206100000000001
8.8368 8.1442
8.918099999999999 8.0565
8.325299999999999 8.078000000000001
9.2305 8.175500000000001
8.832399999999998 8.1954
8.9265 8.165699999999998
8.114100000000002 8.090999999999998
9.225800000000001 8.204500000000001
8.6922 8.165799999999999
9.5276 8.1896
8.7013 8.151299999999999
9.5938 8.2756
8.6898 8.2154
8.9197 8.193900000000001
8.737300000000001 8.129100000000001
9.307500000000001 8.1223
8.859999999999998 8.2215
9.6969 8.1832
8.863 8.236
9.866 8.200800000000001
8.8333 8.1725
9.949000000000002 8.204500000000001
9.2067 8.2038
9.7308 8.2848
8.7143 8.1398
9.862699999999998 8.193999999999999
8.9308 8.126700000000001
9.7551 8.140500000000001
9.197900000000002 8.0665
9.861699999999999 8.1818
8.469299999999999 8.198500000000001
10.2548 8.126
8.6449 8.162700000000001
10.417499999999997 8.2261
9.5967 8.3672
9.798300000000001 8.2047
9.337800000000001 8.2588
9.822799999999999 8.223700000000001
9.436300000000001 8.223600000000001
9.5855 8.110000000000001
9.017900000000001 8.1092
10.0467 8.315199999999999
8.664600000000002 8.224499999999999
10.4344 8.165099999999999
8.9438 8.267900000000001
10.0365 8.2884
9.0149 8.222800000000001
10.3454 8.2147
8.9278 8.2427
10.1263 8.2001
9.2212 8.107
10.139800000000001 8.254299999999999
9.024799999999999 8.211600000000002
9.486400000000001 8.1933
8.7822 8.213700000000001
9.5322 8.0743
9.231599999999998 8.2458
10.1395 8.306999999999999
9.352200000000002 8.100800000000001
10.2192 8.1253
9.444099999999999 8.065000000000001
10.5356 8.2885
8.9309 8.4153
10.1201 8.125200000000001
8.185500000000001 8.283199999999999
9.6759 8.214599999999999
8.837900000000001 8.1574
10.0711 8.2259
9.017799999999998 8.1526
9.3977 8.141199999999998
8.8745 8.126800000000003
9.715900000000001 8.138900000000001
9.0896 8.268
9.125199999999998 8.289200000000001
8.9448 8.2367
9.747499999999999 8.302299999999999
9.167400000000002 8.180800000000001
9.360100000000001 8.184800000000001
8.5854 8.197700000000001
9.5494 8.165
8.685300000000002 8.1704
10.1974 8.228499999999999
9.263200000000001 8.1566
9.7884 8.181099999999999
9.3099 8.219800000000001
9.7447 8.206199999999999
9.6175 8.230699999999999
9.4672 8.196299999999999
9.243599999999999 8.207699999999999
10.176599999999999 8.3068
8.7745 8.1878
10.6991 8.144499999999999
9.5158 8.1794
10.4185 8.186499999999999
9.651000000000002 8.153599999999999
9.806100000000002 8.236
9.729899999999999 8.2552
9.7351 8.1802
9.511800000000001 8.2459
10.460700000000001 8.3237
9.2026 8.264
10.333599999999999 8.2291
9.4525 8.211400000000001
10.1158 8.2877
9.875900000000001 8.275000000000002
9.898299999999999 8.2244
9.5925 8.3023
10.250399999999999 8.1366
8.642599999999998 8.1955
10.2729 8.132299999999999
8.764600000000002 8.168899999999999
10.228399999999999 8.329099999999999
8.8607 8.270199999999999
10.4773 8.4053
9.1874 8.206199999999999
10.012799999999999 8.2755
9.710600000000001 8.3521
9.4694 8.2795
9.8146 8.217699999999999
9.6456 8.1573
9.500899999999998 8.265699999999999
9.9971 8.232199999999999
9.3064 8.141399999999999
10.094 8.1344
8.8163 8.094999999999999
10.011199999999999 8.2335
9.3902 8.2939
9.5199 8.253499999999999
9.7803 8.306899999999999
9.678000000000003 8.1909
9.5511 8.1886
10.688 8.2573
8.9934 8.240400000000001
9.8759 8.0811
9.012 8.1893
9.354200000000002 8.249600000000001
8.749400000000001 8.184999999999999
9.538199999999998 8.212900000000001
9.6357 8.240400000000001
9.436900000000001 8.1786
9.1765 8.211599999999999
9.6025 8.211599999999999
8.937100000000001 8.221400000000001
9.7743 8.153599999999999
8.585299999999998 8.2612
9.6085 8.301400000000001
8.949100000000001 8.2757
9.2473 8.179499999999999
9.1416 8.280300000000002
9.4493 8.250399999999999
8.953 8.1964
9.5229 8.232
8.8699 8.2871
10.087 8.238999999999999
8.4456 8.240300000000001
9.8006 8.1405
9.0332 8.143699999999999
9.1721 8.250200000000001
8.908000000000001 8.1672
9.1659 8.229000000000001
8.927200000000001 8.1703
9.7036 8.2548
8.3284 8.2558
9.7211 8.3595
8.7204 8.2398
9.613399999999999 8.3725
8.822499999999998 8.1675
9.1369 8.2068
8.9568 8.2239
9.303100000000002 8.147599999999999
8.8974 8.0923
8.9385 8.190100000000001
8.5762 8.268600000000001
9.4601 8.1819
8.4204 8.2038
8.677700000000002 8.2467
9.103399999999999 8.1161
8.8675 8.191
8.8951 8.157300000000001
9.218 8.142800000000001
8.6259 8.0818
9.2405 8.2688
8.306899999999999 8.192499999999999
9.5214 8.1597
8.7499 8.208499999999999
10.062000000000001 8.2504
8.980999999999998 8.1183
10.296 8.148100000000001
10.3268 8.2954
10.372499999999999 8.2427
9.9756 8.2359
9.824 8.278
9.821 8.265
9.7513 8.2688
9.831199999999999 8.1741
9.727799999999998 8.3147
9.904900000000001 8.250499999999999
9.866999999999999 8.285400000000001
9.5152 8.246599999999999
10.067900000000002 8.168000000000001
9.3896 8.3421
10.008600000000001 8.2551
9.168999999999999 8.0879
9.7243 8.3168
9.6722 8.3252
9.984699999999998 8.358100000000002
9.375200000000001 8.2633
10.045499999999999 8.349700000000002
9.4636 8.223700000000001
9.8263 8.222199999999999
9.225399999999999 8.2435
