31.134109999999986 21.15409
39.59593 21.30579000000001
32.723849999999985 21.32015000000001
29.624899999999997 21.252809999999997
25.755129999999994 21.173959999999997
42.88352999999999 21.401300000000013
31.81875 21.29656
30.44679 21.219749999999994
34.14952 21.231079999999995
34.85225 21.278519999999997
29.40283999999999 21.180710000000005
33.11156999999999 21.21567999999999
28.279539999999997 21.188199999999995
36.45804000000001 21.233059999999995
35.44724000000001 21.228669999999997
28.27464 21.172300000000007
36.27222999999999 21.329400000000007
39.858630000000005 21.381410000000002
34.807179999999995 21.33686000000001
40.15384000000001 21.341849999999997
28.96011000000001 21.2135
34.54345000000001 21.241699999999998
38.50834000000002 21.31894
35.29742 21.32321000000001
30.45497 21.334909999999997
33.31978999999998 21.304499999999994
43.99766999999999 21.34392
36.86099 21.354540000000004
34.39523999999998 21.36472999999999
31.188250000000007 21.306100000000004
36.26668 21.384700000000002
35.896220000000014 21.42252
36.68542000000001 21.350459999999998
35.39979999999999 21.298969999999994
26.29495 21.247469999999993
35.51677999999999 21.321319999999993
39.22877000000001 21.354499999999994
29.99074 21.300550000000005
34.627199999999995 21.400680000000015
29.259279999999997 21.33011
43.1271 21.434399999999997
34.5615 21.312
34.72164 21.3175
30.987719999999992 21.27355000000001
29.176669999999998 21.287000000000003
42.51113 21.360700000000005
33.72197000000001 21.26316
35.082060000000006 21.27126
29.321010000000015 21.21710000000001
33.505280000000006 21.2939
33.13980000000001 21.268060000000002
33.82098000000001 21.28492
31.35756 21.299300000000002
33.71460000000002 21.325220000000012
36.197340000000004 21.340149999999998
33.346900000000005 21.266080000000002
33.556520000000006 21.3352
32.16779000000001 21.2921
31.642960000000013 21.28566
29.664610000000014 21.33802000000001
33.70289 21.32355
31.375190000000003 21.25537000000001
31.964890000000008 21.30493
30.307449999999996 21.294499999999992
30.889389999999995 21.344410000000007
30.315529999999995 21.296749999999996
31.802699999999994 21.283410000000007
28.76646 21.268120000000003
29.321099999999994 21.297639999999994
31.606620000000007 21.295800000000007
33.875589999999995 21.337960000000002
27.6934 21.082559999999994
33.652499999999996 21.222
28.608850000000004 21.18551000000001
27.04190000000001 21.113490000000006
37.32064 21.190279999999998
37.15876 21.203950000000006
26.986419999999995 21.111960000000003
24.065739999999998 21.04958999999999
29.420669999999994 21.127119999999998
37.52609999999999 21.19188000000001
28.729920000000007 21.13661
32.98629000000001 21.16484
35.49623999999999 21.245009999999997
35.20285 21.25362000000001
30.125200000000003 21.15028000000002
33.432170000000006 21.24368
33.075490000000016 21.242869999999996
37.7804 21.24494
35.23589999999999 21.22076000000001
40.944960000000016 21.290360000000007
31.81696999999999 21.155139999999996
36.208200000000005 21.21931
34.96357999999997 21.231579999999997
37.65226000000001 21.246319999999997
36.95059 21.202660000000005
37.28952000000002 21.28515999999999
33.33425000000001 21.23187
34.92697 21.230570000000007
41.06928 21.27773999999999
41.39069999999999 21.308500000000006
36.60857000000001 21.283039999999996
40.25035999999999 21.293259999999997
41.38729 21.301479999999998
37.34686 21.296089999999992
38.28203999999998 21.307880000000004
36.50548999999999 21.23987
36.602770000000014 21.238989999999998
44.45899000000001 21.34465
44.90320999999998 21.381569999999996
42.843239999999994 21.338310000000007
32.39632999999999 21.209470000000007
42.95413 21.350930000000005
44.624849999999995 21.398110000000003
34.54897999999999 21.260360000000002
39.27155 21.309230000000003
40.204200000000014 21.322139999999997
37.99505 21.355160000000005
45.254340000000006 21.424790000000016
37.61650000000001 21.32063999999999
40.02566000000001 21.38636
37.146950000000004 21.37779
42.388110000000005 21.374290000000006
43.41608999999997 21.39673
44.07893 21.377760000000002
44.91347000000002 21.399320000000003
42.231739999999995 21.393999999999995
45.28972999999999 21.422940000000004
36.47763000000001 21.307480000000012
38.22420999999998 21.316400000000005
47.34970999999999 21.41123000000001
39.455139999999986 21.369419999999995
38.86174 21.389039999999994
40.31399 21.346120000000003
44.26085999999999 21.39611
43.40050999999998 21.407669999999996
37.308340000000015 21.36745
39.69136000000001 21.36777
51.90410000000001 21.552609999999998
33.15861000000002 21.34992
39.89132 21.368350000000014
44.32647999999999 21.436550000000004
50.109100000000005 21.499240000000004
42.44567000000001 21.42561000000001
43.25269000000001 21.39194
44.89492000000001 21.40541
48.20222999999998 21.451750000000004
34.01025999999999 21.36548
51.202700000000014 21.5053
32.45844 21.326440000000005
58.42424000000002 21.586930000000006
46.99701 21.499600000000004
38.10662000000001 21.37083000000001
52.85044 21.508600000000012
49.60533000000001 21.53726
46.66669000000001 21.539160000000003
49.58968000000002 21.47777
47.6155 21.457970000000003
46.54974999999999 21.4813
44.40165000000001 21.428980000000003
53.78902000000001 21.51896
44.989509999999996 21.45793
43.19059000000001 21.49049000000001
54.99671999999999 21.61201000000001
47.98857999999998 21.534449999999985
56.24792999999999 21.56902000000001
53.11129000000001 21.600640000000002
44.99108999999999 21.53246999999999
58.641180000000006 21.648759999999996
54.65793 21.42676
50.37675 21.352280000000004
52.92422999999998 21.40001
59.82622000000002 21.74034
51.446219999999975 21.46377
52.05462000000001 21.532490000000003
66.28120000000001 21.66632
51.78060999999998 21.465240000000005
58.24365 21.53554
50.99329 21.51653000000001
54.531320000000015 21.496940000000002
64.46357000000003 21.57646
47.78865 21.437850000000015
57.815629999999985 21.489159999999995
49.09411000000001 21.429319999999997
57.62385000000001 21.450270000000003
64.23735000000002 21.518930000000008
53.72565 21.434970000000003
59.20199999999998 21.50436
49.44383999999999 21.519600000000015
53.151819999999994 21.514099999999992
59.04190000000001 21.503460000000015
61.91090000000001 21.567490000000003
57.52432000000002 21.560980000000008
53.58503 21.507580000000008
57.61944999999997 21.464559999999995
48.81806 21.409140000000004
62.58436999999998 21.486130000000006
53.899600000000014 21.503979999999995
26.314360000000004 21.26489
11.96538 21.03898
19.785120000000006 21.085110000000007
15.674060000000006 21.07208
8.54201 20.972480000000004
8.59477 20.962560000000003
8.141459999999997 20.975540000000002
8.496139999999997 20.949159999999996
8.23243 20.973679999999998
8.183329999999998 20.9731
8.270949999999997 20.995369999999998
7.593069999999999 20.95816
8.356680000000003 20.978960000000008
8.228200000000001 20.96816000000001
8.596699999999998 20.960679999999996
7.769299999999999 20.98502999999999
8.36919 20.991530000000004
8.318059999999997 20.985070000000007
8.374179999999997 20.98488999999999
7.63828 20.98847
7.9919199999999995 20.999159999999996
8.25141 20.97803000000001
8.028929999999999 20.99059
7.933329999999997 20.986880000000003
8.39592 20.964270000000003
8.18398 20.96292
8.579690000000003 21.2326
8.112979999999997 20.81096
8.43162 20.829469999999993
8.275419999999995 20.794229999999995
7.700300000000001 20.824220000000004
7.72302 20.78941
8.713679999999997 20.826150000000005
8.13108 20.82306000000001
8.486579999999998 20.81797000000001
8.254100000000001 20.829960000000007
8.251580000000002 20.83036
8.004 20.807940000000002
7.900849999999998 20.820500000000003
8.0604 20.8157
10.89546 20.87568
22.912589999999994 20.98303
61.534199999999984 21.407609999999995
71.6202 21.623020000000004
63.30350000000002 21.479250000000004
67.87060000000001 21.591629999999995
55.85069999999999 21.394419999999993
79.95749999999997 21.625249999999994
62.01579999999998 21.503600000000013
72.49580000000002 21.599020000000007
48.6706 21.463280000000005
64.48020000000001 21.53506
68.83390000000003 21.606519999999993
63.392500000000005 21.53074000000001
64.5008 21.543539999999997
65.87620000000001 21.58202999999999
66.67189999999998 21.64503
64.16423999999996 21.590520000000005
71.30410000000002 21.4279
65.869 21.404749999999996
66.449 21.74168
61.02569999999999 21.438909999999993
66.16090000000001 21.4786
57.861799999999974 21.380840000000006
71.40529999999998 21.480170000000005
58.66479999999999 21.38107
69.41630000000004 21.438000000000006
62.15951999999999 21.365929999999995
63.521600000000014 21.382760000000005
69.06287999999999 21.227839999999997
63.375700000000045 21.386859999999995
70.52187000000004 21.423249999999996
25.56729 21.10969
9.906010000000002 20.88908
22.18964 20.981779999999997
42.18612000000001 21.172209999999996
76.93379999999995 21.53283
71.53619999999998 21.46316999999999
68.67079000000001 21.481389999999998
20.985920000000004 21.06030000000001
12.676190000000002 20.95541000000001
22.790080000000003 20.985300000000002
11.413810000000002 20.936790000000006
8.195109999999996 20.82180000000001
8.001359999999998 20.799240000000005
8.713979999999998 20.760960000000004
8.016369999999998 20.767760000000017
8.11606 20.77202000000001
8.000979999999998 20.774530000000002
11.368070000000001 20.81470000000001
