43.02 47.27600000000001
40.9403 47.16999999999999
32.8853 47.108
35.605000000000004 47.491
36.251 47.55800000000001
31.544500000000003 46.776
32.38100000000001 46.764999999999986
34.698 47.11299999999999
45.465 47.665
47.4239 48.49600000000001
36.806900000000006 48.063
36.9442 47.997
27.328700000000005 47.266999999999996
34.513600000000004 47.723
32.630199999999995 47.489
35.4142 47.614000000000004
39.006 48.002
38.6321 48.485
32.6537 48.580999999999996
37.1749 48.462999999999994
37.812599999999996 48.67
41.63699999999999 49.156000000000006
38.083800000000004 48.65199999999999
38.232 49.448
35.7 49.14600000000001
25.668099999999995 48.60499999999999
36.6308 49.224
31.096899999999998 48.874
33.3119 49.294999999999995
28.206999999999997 49.216
25.8117 48.702
35.4083 49.267
29.013300000000005 49.11
29.803199999999997 49.175
30.3763 49.31499999999999
34.215900000000005 49.344
29.0794 49.41600000000001
43.02749999999999 49.722
35.01950000000001 49.794
33.8867 49.915
36.0252 50.260000000000005
27.338099999999997 49.857
28.135899999999992 49.86800000000001
31.934600000000003 50.023999999999994
29.586399999999998 49.749999999999986
32.465 50.42099999999999
35.8414 50.571
33.3806 50.61399999999999
29.232100000000006 50.54299999999999
37.6753 50.673000000000016
25.571699999999996 50.39399999999999
35.7405 50.857000000000006
34.82099999999999 50.961
33.8232 51.38699999999999
45.7231 51.808
34.199600000000004 51.510999999999996
31.986700000000006 51.479
27.154899999999998 50.934000000000005
30.741799999999998 51.193
37.611999999999995 51.35400000000001
45.42060000000001 51.97999999999999
35.05959999999999 52.099
41.498000000000005 52.933
39.829 52.27
37.64929999999999 52.273
32.970499999999994 52.57000000000001
29.688799999999997 52.12199999999999
36.2117 52.161
37.510999999999996 52.75299999999999
30.912699999999997 52.893
40.632 53.221000000000004
41.974999999999994 53.34699999999999
44.4186 53.38699999999999
34.652899999999995 53.13499999999999
44.3807 53.564
33.5124 53.27800000000001
35.3065 53.34299999999998
36.52629999999999 53.43
39.771499999999996 53.611
35.45589999999999 53.608
42.218 53.897000000000006
34.1827 53.589
32.1225 53.711
26.180100000000007 53.47700000000001
31.545499999999997 53.93699999999999
24.912599999999998 53.63500000000001
33.1875 53.70700000000001
35.1732 54.37500000000001
36.996300000000005 54.297000000000004
40.376 54.797000000000004
44.25 54.861000000000004
37.7617 54.937999999999995
49.035000000000004 55.276
38.8556 55.457000000000015
41.90609999999999 55.477
32.4183 55.15199999999999
33.2825 55.099
31.061400000000006 54.954
37.834999999999994 55.184999999999995
37.955000000000005 55.236
43.116899999999994 55.86800000000001
44.6337 56.20899999999999
38.1018 55.954
42.32599999999999 56.357
38.659000000000006 56.178
29.611800000000006 55.843999999999994
41.17990000000001 56.38999999999999
33.3226 56.542
31.3646 55.98700000000001
38.79339999999999 56.04099999999998
44.22800000000001 56.884
36.31390000000001 56.717
39.792 56.47800000000001
35.6169 56.830000000000005
43.23300000000001 57.26199999999999
38.044 57.449000000000005
39.4376 57.046
47.1593 58.023
33.8881 57.745999999999995
34.10730000000001 57.365
32.432599999999994 57.187
31.407999999999998 57.179
50.608200000000004 58.011
51.273 58.633
39.649 58.28099999999999
38.29089999999999 58.13
47.1567 59.089999999999996
34.833000000000006 58.75000000000002
36.01230000000001 58.45100000000001
29.011 58.245999999999995
32.71390000000001 58.586000000000006
26.475000000000005 58.208000000000006
29.8338 58.143
41.7184 59.157
33.7867 59.08699999999999
33.331 59.013000000000005
36.98 59.014999999999986
39.086299999999994 59.574000000000005
23.655299999999997 58.88099999999999
23.2165 58.487
22.744100000000003 58.59799999999999
30.2075 58.991000000000014
31.802599999999998 59.366
27.063 59.315
34.164899999999996 59.582
34.36 59.648999999999994
31.489299999999997 60.04900000000001
38.5914 60.49900000000002
40.491 60.980999999999995
36.304500000000004 60.388
39.3741 60.246
45.536300000000004 60.95600000000001
41.38349999999999 60.685999999999986
34.2027 60.595
37.4603 61.04400000000001
31.065399999999993 60.778999999999996
32.83710000000001 61.056999999999995
30.3493 60.907999999999994
35.6825 60.551
38.372499999999995 61.23600000000001
38.40540000000001 61.53400000000001
33.2471 61.46499999999999
35.067299999999996 61.509999999999984
31.517899999999997 61.69500000000001
39.7723 61.928
34.5218 61.96900000000001
40.000499999999995 61.902000000000015
29.147000000000002 61.715999999999994
33.76820000000001 61.682
33.719100000000005 62.285999999999994
32.35439999999999 62.06000000000002
34.249500000000005 62.22
30.0902 62.669
38.735299999999995 62.646999999999984
36.58729999999999 62.91700000000001
32.996300000000005 62.573
39.16709999999999 62.974999999999994
39.394 62.980999999999995
35.06530000000001 63.165000000000006
31.6778 62.672
28.500600000000002 63.077000000000005
15.773600000000002 61.69500000000001
31.20680000000001 62.748000000000005
27.276699999999998 62.895999999999994
34.34179999999999 62.949
44.737500000000004 63.719
29.239600000000003 63.41100000000001
35.8898 63.58399999999998
36.77830000000001 63.666999999999994
29.2316 63.70999999999999
26.0531 63.344999999999985
30.781999999999996 63.56400000000001
23.8028 63.668
32.0542 63.725
31.447699999999994 63.817
32.066 64.398
35.969300000000004 64.268
32.47 64.28600000000002
31.8211 64.13999999999999
33.7559 64.49300000000001
34.276900000000005 64.92399999999999
42.348600000000005 65.38799999999998
44.540299999999995 65.53999999999999
33.785 65.37800000000001
30.3658 65.19000000000001
28.6764 65.14800000000001
31.6316 65.098
29.443099999999994 65.103
32.2391 65.369
31.336999999999993 65.52699999999999
38.137800000000006 65.80799999999999
35.8318 66.34500000000001
33.314400000000006 65.95100000000002
28.77 65.66000000000001
36.400800000000004 66.46000000000001
39.4456 66.647
30.26889999999999 66.47699999999999
23.473199999999995 66.05300000000001
34.1515 66.38999999999999
33.11600000000001 66.84500000000001
32.721399999999996 66.666
35.110400000000006 66.77499999999998
38.408699999999996 67.51599999999999
31.957800000000002 66.97000000000001
29.030400000000007 66.78300000000002
37.9013 67.836
30.609400000000004 67.19399999999999
34.1044 67.351
42.036199999999994 67.661
34.9803 67.516
39.6173 67.74799999999999
33.72910000000001 67.83200000000001
45.775099999999995 68.13699999999997
37.6273 68.095
41.736000000000004 68.31
41.509 68.513
36.0101 68.61
36.7338 68.43900000000002
34.901700000000005 68.517
31.690600000000003 68.75799999999998
33.3487 68.86499999999998
33.86469999999999 68.926
33.1095 68.97
34.69989999999999 69.029
39.97029999999999 69.024
33.067299999999996 69.10500000000002
27.0637 68.858
40.192299999999996 69.63999999999999
38.3256 69.91599999999998
40.1061 69.906
33.5545 69.734
37.1715 69.617
38.06139999999999 70.33999999999999
39.114399999999996 70.25300000000001
37.9735 70.128
32.178700000000006 69.97699999999999
46.882200000000005 70.463
31.624999999999996 70.26499999999997
45.18289999999999 70.76799999999999
39.7551 70.889
40.611999999999995 71.175
34.8621 70.952
32.3647 70.366
35.06570000000001 70.77799999999999
31.2377 70.96300000000001
31.5583 70.801
43.031000000000006 71.11800000000001
32.7355 71.09100000000001
36.106199999999994 71.369
28.6409 71.06899999999999
29.766999999999992 71.17899999999999
37.8274 71.699
33.31210000000001 71.56
39.6104 71.722
29.7103 71.781
34.353100000000005 72.01700000000001
33.2169 72.121
36.4451 72.05
40.936 72.44900000000001
29.35420000000001 72.487
32.601800000000004 72.47300000000001
34.8503 73.27900000000001
34.9185 72.604
46.643299999999996 73.26999999999998
42.326800000000006 73.19999999999997
39.2005 72.881
31.395200000000006 69.313
36.978899999999996 69.513
