33.76800000000001 15.320299999999998
33.28179999999998 15.297199999999997
32.7949 15.1934
33.17830000000001 15.155199999999997
32.523599999999995 15.149099999999999
33.476 15.176399999999997
34.2017 15.280299999999997
33.59099999999999 15.214300000000003
33.5486 15.205799999999995
33.540800000000004 15.1845
34.083200000000005 15.196499999999999
34.3468 15.316199999999998
33.8545 15.349000000000002
33.40019999999999 15.265800000000002
32.955500000000015 15.220200000000006
32.34160000000001 15.206599999999998
32.949 15.261200000000002
31.848100000000013 15.1969
32.2873 15.202599999999997
32.28599999999999 15.270399999999995
32.97920000000001 15.229300000000002
33.08669999999999 15.198399999999998
33.298 15.184500000000007
33.58220000000001 15.249800000000002
32.88800000000002 15.226700000000006
32.311499999999995 15.220500000000003
32.240700000000004 15.183499999999997
31.208399999999997 15.194200000000002
32.3662 15.2375
31.383700000000005 15.253
31.475100000000005 15.225100000000005
31.797199999999993 15.224700000000002
31.279100000000014 15.19800000000001
32.23450000000001 15.258499999999998
31.225599999999993 15.24070000000001
31.181799999999992 15.228200000000003
32.220699999999994 15.265500000000001
31.773499999999995 15.3105
32.056999999999995 15.3219
33.7123 15.2818
33.69600000000001 15.299600000000002
32.6858 15.284900000000004
32.5266 15.340299999999996
32.25710000000001 15.3614
33.73879000000001 15.501032
52.20014610000002 16.607597
48.35661999999999 13.864376
37.73560999999999 11.6707
41.49341609999998 11.840699999999996
32.8779 10.8321
32.25260000000001 10.846000000000004
33.741800000000005 10.902500000000002
33.33269999999998 10.985999999999997
32.5754 10.9254
32.656 11.006900000000002
31.957800000000002 11.004100000000005
31.912599999999998 11.021099999999997
30.975399999999986 11.007999999999997
31.2701 11.0431
31.4364 11.070000000000004
32.5643 11.3328
32.511100000000006 11.39
32.672 11.4158
32.2738 11.382300000000003
32.77270000000002 11.420499999999999
31.704599999999992 11.3173
32.9643 11.302199999999996
32.9856 11.359899999999998
32.90660000000001 11.3186
32.1762 11.279800000000002
31.645399999999995 11.255500000000001
31.489200000000007 11.2588
33.004400000000004 11.329699999999999
32.4102 11.502399999999998
32.5746 11.507599999999996
30.791500000000006 11.421599999999998
30.841000000000008 11.323600000000003
31.46390000000001 11.264999999999999
31.44359999999999 11.315499999999998
31.301600000000008 11.348
31.355000000000004 11.315399999999997
31.045199999999994 11.287500000000001
31.985699999999984 11.3123
32.064199999999985 11.304
32.6585 11.476299999999997
32.976200000000006 11.580599999999999
33.75489999999999 11.708430000000002
32.310500000000005 11.5179
32.238800000000005 11.466899999999997
31.585400000000003 11.4789
32.172000000000004 11.477
32.27460000000001 11.479500000000002
33.085799999999985 11.4259
33.754900000000006 11.462399999999997
34.3168 11.535200000000001
33.6141 11.5532
34.639799999999994 11.689599999999999
34.3583 11.922099999999999
34.6736 11.880300000000002
34.7361 11.8682
33.993700000000004 11.842200000000002
33.1361 11.7452
33.867200000000004 11.807899999999997
32.982 11.752999999999998
32.492599999999996 11.644199999999998
32.486000000000004 11.5912
33.7204 11.636499999999998
33.912800000000004 11.8015
35.06720000000001 11.836499999999997
35.10039999999999 11.871400000000001
34.68480000000001 11.8594
33.431900000000006 11.826199999999998
33.351099999999995 11.789100000000003
33.00760000000001 11.7033
33.65769999999999 11.681400000000002
33.355 11.715299999999997
32.650999999999996 11.766
32.84799999999999 11.705499999999997
32.592 11.747000000000002
32.72010000000001 11.717799999999999
33.34949999999999 11.761899999999995
33.6637 11.8468
34.4589 11.994199999999996
34.3154 11.924199999999999
32.953799999999994 11.8738
32.83939999999998 11.8316
33.668499999999995 11.814199999999998
35.633799999999994 11.828000000000003
37.04769999999999 11.906199999999998
36.080200000000005 11.843600000000002
37.006000000000014 11.918
36.227399999999996 12.016399999999997
34.6277 12.024700000000001
34.144899999999986 12.100200000000005
34.3488 12.143500000000001
32.9642 12.003699999999998
33.539399999999986 12.0285
34.00819999999999 12.088
33.5422 12.174900000000004
34.2164 12.235999999999999
33.768499999999996 12.1326
32.937099999999994 12.101099999999999
32.541099999999986 12.003699999999998
33.846700000000006 12.270599999999996
34.558199999999985 12.329200000000002
33.3505 12.350599999999998
34.33510000000001 12.3865
33.221399999999996 12.209800000000005
33.910900000000005 12.2273
33.2247 12.229999999999999
33.723499999999994 12.226300000000002
33.394999999999996 12.230600000000003
34.7407 12.1729
34.573900000000016 12.2557
37.9259761 12.458299999999998
35.504799999999996 12.090530000000001
36.42135000000001 12.291300000000001
34.7891 12.028399999999996
37.63975000000001 12.339849999999997
35.7893 12.097199999999997
36.0183 11.991100000000001
35.71090000000001 11.9624
38.056120000000014 12.255799999999995
35.70060000000001 11.933800000000003
36.339499999999994 11.921000000000001
34.8645 11.846799999999996
35.991 11.8336
36.9554 11.770400000000002
39.140097000000004 12.099910000000001
36.587299999999985 12.212
35.82379999999999 12.0982
36.47399999999999 12.084300000000002
36.685299999999984 12.0194
35.49680000000001 12.0198
35.6584 12.047999999999998
35.08370000000001 12.036200000000001
36.55220000000001 12.108600000000001
37.48980000000002 12.103000000000002
39.03690000000001 12.205600000000002
36.28250000000002 12.141
36.75620000000001 12.206400000000002
37.75796999999999 12.617310000000002
35.7483 12.245300000000002
36.14349999999999 12.297799999999997
35.323699999999995 12.190900000000001
35.67630000000002 12.175300000000004
35.3684 12.163999999999998
35.149699999999996 12.169999999999998
34.612500000000004 12.135999999999997
34.8267 12.2341
35.1239 12.197600000000001
35.63569999999999 12.214100000000002
36.826299999999996 12.284899999999995
37.06469999999999 12.349799999999998
37.17979999999999 12.3313
37.37509999999999 12.4219
37.878699999999995 12.449500000000002
36.7687 12.427799999999998
37.350500000000004 12.456100000000001
35.7821 12.3782
36.766100000000016 12.384299999999998
36.38269999999999 12.398399999999999
36.606700000000004 12.440199999999999
37.26550000000001 12.495500000000002
36.422999999999995 12.480699999999999
36.28809999999999 12.398
36.6987 12.497699999999998
37.385382199999995 12.578299999999999
37.74800000000001 12.5627
36.827600000000004 12.457299999999998
37.891400000000004 12.521699999999997
37.0631 12.613199999999997
37.380199999999995 12.612699999999998
36.480000000000004 12.579699999999999
37.78248000000001 12.879949999999996
37.535499999999985 12.683700000000004
36.93069999999999 12.680600000000004
37.5094 12.671899999999999
37.72139999999999 12.661199999999997
38.216 12.703500000000002
38.34680000000001 12.732299999999999
37.778 12.675400000000003
38.192499999999995 12.6847
37.4083 12.721599999999999
37.7464 12.692700000000002
37.2266 12.682400000000001
37.1035 12.720899999999999
36.879 12.695499999999996
36.41349999999999 12.698099999999998
36.2983 12.718499999999997
36.485400000000006 12.762800000000002
36.89229999999999 12.8152
36.78639999999999 12.817200000000001
36.319599999999994 12.808699999999998
37.462599999999995 12.743099999999998
37.468299999999985 12.822099999999997
38.6003 12.889000000000003
38.74369999999999 13.007399999999997
38.871199999999995 12.973500000000007
39.021699999999996 12.985400000000002
38.756400000000006 12.958600000000004
38.419 13.0018
38.571099999999994 12.9718
38.33900000000001 13.030100000000001
37.7842 12.965300000000003
37.8834 12.959400000000002
38.090799999999994 12.9716
37.560300000000005 13.054800000000006
38.14149999999999 13.0467
37.236100000000015 12.990900000000005
37.659699999999994 12.9994
38.145600000000016 13.026000000000002
37.9593 13.108300000000003
37.82060000000001 13.1589
38.406800000000004 13.120500000000002
37.88759999999999 13.1934
38.5593 13.229199999999999
39.2446 13.200599999999996
39.55761 13.1775
39.996900000000004 13.150300000000001
38.70699999999999 13.049199999999997
39.26219999999999 13.106000000000002
39.05249999999999 13.084500000000004
38.2901 13.074
38.08779999999999 13.147100000000004
38.211400000000005 13.194699999999997
37.3748 13.196599999999997
38.1245 13.194300000000004
37.7696 13.18
37.427899999999994 13.182600000000008
37.40630000000002 13.163400000000003
38.75190000000002 13.278300000000003
37.621900000000004 13.203000000000001
38.799299999999995 13.227699999999999
38.228899999999996 13.210499999999998
38.379500000000014 13.186199999999998
37.84030000000001 13.120299999999997
38.509299999999996 13.276499999999999
37.97819999999999 13.242
39.23049999999999 13.339300000000007
38.0343 13.2708
39.11619999999999 13.2455
38.2127 13.284400000000002
39.0945 13.382300000000003
36.987899999999996 13.242799999999999
38.414500000000004 13.238999999999997
37.098700000000015 13.188400000000003
38.06589999999999 13.3233
