8.1368 7.116900000000001
7.6669 7.044999999999998
7.882700000000001 6.977899999999999
7.598200000000001 6.916
7.860499999999999 6.937499999999999
7.470700000000001 7.001499999999999
7.825500000000001 7.073199999999999
7.4822 7.0451
7.611199999999998 6.9679
6.7869 6.951200000000002
7.550999999999999 7.040299999999999
7.2144 7.000100000000001
7.818 7.141299999999999
7.7345 7.0847
7.7471 6.967099999999999
7.4761 7.009899999999999
7.8971 6.9472000000000005
7.256900000000001 6.9299
8.0627 7.1709000000000005
7.398300000000001 7.055700000000001
8.2459 6.999999999999999
7.6225000000000005 7.0207999999999995
7.6645 7.012199999999999
7.495 7.1084000000000005
8.7417 7.1221000000000005
7.5021 7.0443999999999996
8.145199999999999 6.928999999999999
7.834 6.961200000000001
8.3574 6.9679
7.5234000000000005 7.0193
8.145299999999999 7.011399999999999
7.335699999999999 7.0381
8.0285 7.0976
7.1771 6.9994
7.7299999999999995 7.0061
7.4373 7.070800000000001
7.862799999999999 7.0282
7.728599999999999 6.9244
8.210799999999999 6.9395999999999995
7.666100000000002 7.084700000000001
8.2443 7.029800000000002
7.7392 6.9649
8.290700000000001 6.948099999999998
7.393 6.9449
7.5127000000000015 6.9551
7.2608999999999995 6.9703
7.678200000000002 6.984799999999999
7.127400000000001 6.970899999999999
7.9087000000000005 7.0754
7.573 7.135
8.0519 7.0951
7.7063999999999995 7.0504
8.377200000000002 6.9565
7.2044 6.979299999999999
7.8439000000000005 7.0343
7.2958 7.079400000000001
7.581300000000001 7.0421
7.516500000000001 7.0181
8.2832 7.028099999999999
6.7818000000000005 6.955699999999999
7.7811 6.8809
7.276199999999999 6.9434
7.9955 7.0076
7.353199999999998 6.9565
8.080400000000001 6.893200000000001
7.4486 6.964099999999999
8.0651 6.996899999999999
7.111500000000001 7.0077
7.7513 7.1343000000000005
6.851000000000002 7.021299999999998
7.5225 7.010599999999998
7.366199999999999 6.932099999999999
7.391500000000001 7.0465
7.400599999999999 7.077699999999999
7.894799999999999 7.001499999999999
6.7818000000000005 7.025100000000001
7.3533 7.0641
6.9168 6.871100000000001
7.7048000000000005 6.9526
7.112099999999999 7.025300000000001
7.515100000000001 6.975499999999999
7.363800000000001 7.0328
7.6599 7.0283
7.0977 6.9869
7.833100000000001 6.979299999999999
7.682799999999999 7.0091
7.440999999999999 7.070099999999998
7.4059 6.999999999999999
7.927699999999999 6.999099999999999
7.112200000000001 7.073200000000002
7.433999999999999 7.086399999999999
7.390699999999999 7.028999999999999
7.542400000000001 7.0862
7.6209 7.027500000000001
7.724 6.9894
7.096799999999999 6.971200000000001
8.0238 7.0053
7.469 6.9588
7.784300000000001 7.058700000000001
7.562300000000001 7.0274
7.9209999999999985 7.041999999999998
7.0397 7.0075
7.7721 6.9412
7.356299999999999 7.0062000000000015
8.1015 6.9832
7.7482999999999995 6.894700000000001
8.0247 7.0198
7.407500000000001 7.1662
8.0223 7.0786
7.370799999999999 7.101500000000001
7.3439000000000005 7.0449
7.0908 7.063400000000001
8.5091 7.221799999999999
7.1502 7.0549
7.818599999999998 6.974899999999999
7.1549000000000005 7.1152
7.657 7.140300000000001
7.306 7.051099999999999
8.2633 7.084700000000001
7.0741 7.016800000000001
8.0337 7.0839
7.6979999999999995 6.9595
8.8732 7.1061
7.707999999999999 7.0855
8.068800000000001 7.1266
7.804799999999999 7.020699999999999
7.7248 6.894699999999999
7.3509 7.080299999999999
7.7972 7.1587
7.1992 6.925999999999998
7.572799999999999 6.8885000000000005
7.0577999999999985 6.964099999999999
7.635400000000001 7.070899999999999
7.2503 6.935300000000002
8.8898 7.0319
7.0564 7.112100000000001
7.757600000000001 6.9992
6.9274000000000004 7.0755
7.9232 7.0815
7.116599999999999 7.012299999999999
7.6002 6.9924
7.084800000000002 6.9534
7.2678 7.103799999999999
6.981500000000001 7.101300000000001
8.065 6.957199999999999
7.5669 7.001499999999999
7.989399999999999 7.055599999999999
7.393699999999999 6.9959999999999996
7.7972 7.0097000000000005
6.9213 7.051
7.3128 7.039699999999999
6.9999 7.0107
7.565999999999999 7.1074
7.028200000000001 6.943499999999999
7.6667 7.063999999999999
7.1236 7.073299999999999
7.6546 7.1129
8.4039 7.129799999999999
8.100900000000001 7.0046
7.731399999999999 7.106
7.7103 7.125099999999998
7.5378 7.0534
7.7477 7.080699999999999
7.2267 7.036499999999999
7.7505999999999995 7.0435
6.8336 6.9205000000000005
7.699599999999999 6.970999999999999
6.983300000000001 7.0253
7.537899999999999 6.9419
7.2989999999999995 6.968799999999999
7.8101 7.099799999999999
7.3799 7.120499999999999
7.656200000000002 7.1625
7.333400000000001 7.110699999999999
7.527199999999999 7.0449
7.1867 6.9977
7.55 7.043500000000001
7.220399999999999 6.984000000000002
8.4174 7.076999999999998
7.1669 7.132099999999999
7.715600000000002 7.055599999999999
7.6065 7.0129
8.174100000000001 7.070899999999999
7.946000000000001 7.0991
8.2703 7.0923
7.4325 7.022099999999999
9.9637 7.0985
7.421100000000001 7.1413
8.155 7.161100000000001
7.3754 7.089999999999999
7.9742 7.152500000000001
7.453200000000002 6.9876
8.323 7.129600000000001
7.562100000000001 7.137999999999998
8.498399999999998 7.0267
7.649800000000001 7.1243
8.0423 7.280100000000001
7.462300000000001 7.167800000000001
8.129100000000001 7.128899999999999
7.7386 7.0937
8.073500000000001 7.077000000000002
7.6850999999999985 7.1350999999999996
7.9293000000000005 7.1326
7.173199999999999 7.077800000000001
8.152700000000001 7.064799999999999
7.479899999999999 7.1341
7.9583 7.106800000000001
7.515 7.1708
7.7264 7.008500000000001
7.5279 6.974900000000001
7.7079 6.987099999999999
7.6027 7.041899999999999
7.829999999999999 7.080199999999999
7.3364 7.1404000000000005
7.9719000000000015 7.1243
7.254099999999999 7.0083
8.0483 7.003000000000001
7.563900000000001 7.061100000000001
10.065699999999998 7.1687
7.9315 7.1541
8.150500000000001 7.103
7.4158 7.0436
7.9392000000000005 7.1137999999999995
7.257099999999999 7.038899999999999
7.7955 7.015999999999998
7.3835999999999995 6.9581
7.757600000000001 7.0481
7.2822 7.0092
8.177999999999999 7.0076
7.601200000000001 7.105300000000001
7.9467 7.001600000000001
7.1381 6.9376
7.5676000000000005 7.081600000000001
7.332499999999999 7.067900000000001
7.653900000000001 7.086300000000001
7.2358 7.0985
7.7208 7.0557
7.106 7.015499999999999
7.5891 7.01
7.2525999999999975 7.1754
7.7874 7.1572
7.196899999999999 7.0618
7.9802 7.069400000000001
7.4884 6.990100000000001
8.4152 7.0680000000000005
8.3877 7.111300000000001
8.4168 7.0854
8.0398 7.065499999999999
10.713099999999999 7.0916
8.201699999999999 7.0076
8.4496 7.0435
7.898100000000001 7.1099000000000006
8.6319 7.0542
8.0972 7.099299999999999
8.436599999999999 7.1145
8.3671 7.119700000000001
8.7256 7.0756
8.0977 7.074699999999999
8.6837 7.0992
8.23 7.0176
8.657700000000002 7.0198
8.325299999999999 7.0733999999999995
8.671500000000002 7.0137
8.6502 7.1236
9.152099999999999 7.1129
8.5623 7.186799999999999
8.915700000000001 7.0725
8.4548 7.070899999999999
8.3352 7.0671
7.6316 7.026700000000001
7.8857 7.032699999999998
7.46 6.9938
7.9796 7.109700000000001
8.044299999999998 7.158700000000001
7.6264 7.1686
7.7012 7.0297
8.490800000000002 7.062499999999999
7.6585 7.0434
8.404499999999999 7.0808
7.601200000000001 7.0703000000000005
8.5198 7.142000000000001
7.4510000000000005 7.1535
7.871300000000001 7.1701
7.605099999999999 6.9954
8.116100000000001 7.0036000000000005
7.7377 7.0518
9.3063 7.0786
7.614999999999999 7.048099999999999
