29.7937 11.434399999999997
26.315809999999995 11.8263
27.363300000000002 11.376199999999995
24.255299999999995 11.2137
26.635800000000003 11.1967
22.558899999999994 11.073299999999996
27.315499999999997 11.202400000000003
23.019599999999997 11.001400000000002
28.744499999999995 11.3343
22.242700000000006 11.084389999999999
30.051200000000012 11.9476
23.597200000000004 11.259000000000004
29.894100000000005 11.496599999999999
23.6721 11.456299999999999
27.5816 11.536500000000002
25.593500000000002 11.5504
25.2003 11.490999999999998
25.1564 11.609800000000002
30.294300000000003 11.854899999999999
23.5676 11.6725
25.7602 11.677999999999999
26.727899999999998 11.819999999999995
29.96769999999999 11.975900000000003
25.5743 11.763599999999999
28.251000000000005 11.782599999999999
24.005200000000002 11.8543
30.21710000000001 11.828399999999993
24.219500000000004 11.6191
29.952099999999998 11.852000000000002
19.430900000000005 11.538300000000001
38.8369 12.079400000000001
30.295499999999997 12.089500000000001
31.82639999999998 11.8994
24.6685 11.494400000000002
21.492099999999997 11.420199999999998
23.218 11.605700000000002
29.359999999999996 11.855099999999995
27.8839 11.837999999999997
29.223399999999994 12.1438
24.957000000000004 12.038400000000005
25.272199999999994 11.962500000000004
23.040399999999998 11.9758
27.422400000000025 11.9926
21.792299999999994 11.822300000000002
28.7669 12.243700000000002
24.648399999999995 12.153699999999997
30.193000000000005 12.430799999999998
22.313599999999994 12.280599999999996
28.635900000000003 12.448200000000002
22.064499999999995 12.242199999999997
29.535999999999994 12.5527
25.9241 12.373700000000001
25.385399999999997 12.375700000000002
23.2658 12.236299999999998
25.906499999999994 12.387400000000005
24.859 12.440800000000001
26.234299999999994 12.488799999999994
21.526299999999992 12.2712
27.737699999999997 12.4656
24.154699999999995 12.548600000000002
24.594200000000004 12.5391
19.7246 12.3866
24.6434 12.340000000000003
21.8176 12.523500000000002
25.875799999999998 12.743000000000002
21.39510000000001 12.5677
27.155799999999992 12.995900000000002
22.6763 12.733200000000005
24.397699999999993 12.784300000000002
22.097700000000007 12.617399999999998
26.537 12.9252
23.88319999999999 12.770299999999999
24.545500000000008 12.847600000000007
23.226500000000005 12.870700000000005
22.144 12.603800000000001
21.5884 12.5588
24.240400000000008 12.741799999999998
22.985600000000016 12.873500000000003
27.789800000000003 12.925699999999999
24.149900000000002 12.847900000000001
26.735699999999994 12.983199999999998
24.5678 12.9962
25.76570000000001 13.163
24.168300000000002 13.0723
26.145500000000006 13.230400000000001
22.973100000000006 13.2802
22.052299999999995 13.022499999999997
19.269879999999993 12.597800000000001
23.445300000000003 12.924900000000006
23.8109 12.9941
28.8902 13.471300000000003
24.7926 13.145600000000002
20.434310000000004 13.0712
24.8078 13.0143
22.5661 13.096400000000004
30.887799999999988 13.3691
28.294900000000005 13.6456
27.728 13.3828
26.4548 13.383200000000004
23.525500000000005 13.3037
27.3617 13.537000000000003
22.264899999999997 13.329200000000005
19.5946 12.773499999999999
23.0878 13.329659999999999
33.31400000000001 13.779099999999996
23.177200000000003 13.538400000000001
33.7273 14.095200000000002
28.202500000000004 13.865
31.698400000000003 14.098599999999998
29.242300000000004 13.946600000000004
32.5302 14.076
28.164400000000008 13.809000000000005
31.947200000000002 14.287200000000002
26.9281 14.040799999999997
33.171800000000005 14.389000000000001
31.399899999999985 14.1103
27.324499999999997 14.045699999999995
29.622499999999995 14.130900000000002
31.768400000000007 14.358999999999995
24.1877 14.0872
32.015899999999995 14.165600000000001
24.631199999999996 13.896
30.04340000000001 14.191
27.897700000000004 14.047799999999997
28.305800000000016 14.133099999999999
27.874499999999998 14.045900000000003
29.077200000000005 14.160500000000006
27.111400000000014 13.998299999999997
26.451900000000006 14.0608
25.650200000000005 14.1816
28.482200000000006 14.186100000000001
32.725500000000004 14.382100000000001
26.021299999999997 14.313699999999999
27.97280000000001 14.289600000000005
28.611899999999995 14.782299999999998
30.2153 14.4959
29.913599999999995 14.6377
29.270699999999998 14.535700000000002
31.420600000000004 14.719500000000002
28.32990000000001 14.594600000000002
30.851699999999994 14.779000000000003
28.4846 14.458800000000002
31.403 14.8441
27.399800000000003 14.9153
31.21210000000001 14.852499999999996
34.0274 14.562800000000003
35.266499999999986 14.855500000000003
34.1133 14.689499999999994
36.7351 14.889600000000005
26.3475 14.580700000000002
34.827099999999994 14.6846
33.464299999999994 14.773800000000001
31.887 14.760100000000003
24.511300000000002 14.4376
30.513800000000003 14.742800000000003
27.647899999999993 14.649700000000001
36.13410000000001 15.109600000000006
30.417200000000012 15.045200000000007
30.869000000000007 15.225400000000002
33.09970000000001 15.243099999999995
38.991599999999984 15.55850000000001
25.733200000000007 14.737399999999997
42.45240000000001 15.3265
32.4524 15.1706
31.772200000000012 15.109200000000001
29.23979999999999 15.090900000000005
38.407000000000004 15.546899999999994
30.064299999999992 15.2937
38.13220000000001 15.631499999999999
29.4625 15.326899999999993
34.42970000000001 15.6909
33.92250000000001 15.545100000000003
29.2076 15.312899999999999
34.6996 15.2017
40.0532 15.582599999999996
32.858900000000006 15.4845
38.65699999999999 15.603500000000004
34.01859999999999 15.714699999999999
38.969399999999986 15.700499999999995
30.324000000000012 15.680999999999996
42.45150000000001 15.9598
30.600200000000005 15.7974
39.9655 15.920299999999996
34.72520000000001 15.977800000000006
41.881399999999985 16.268699999999995
30.526400000000002 15.837599999999998
39.798500000000004 16.052100000000003
31.331400000000002 15.819999999999999
41.35350000000002 16.196699999999996
33.5089 16.165100000000002
40.676399999999994 16.2961
30.346900000000005 16.155399999999997
44.13009999999999 16.523000000000003
29.357499999999998 16.194999999999993
36.12819999999999 16.049
30.972199999999994 15.923699999999997
36.0411 15.989500000000001
35.8203 15.923399999999999
51.447300000000006 17.1506
32.58059999999999 16.434399999999997
42.325900000000004 16.574200000000005
31.477 16.3339
36.58040000000002 16.261599999999998
31.840199999999992 16.161099999999998
35.695499999999996 16.404500000000006
27.640699999999995 16.212300000000003
35.84909999999999 16.418499999999995
33.894099999999995 16.729000000000003
34.2052 16.599200000000003
33.990799999999986 16.464899999999997
31.16689999999999 16.2507
35.215999999999994 16.588600000000007
39.866400000000006 16.926900000000003
33.670599999999986 16.885799999999996
41.81030000000001 17.1533
31.280600000000007 16.938
38.264900000000004 17.100899999999996
33.6835 16.892400000000006
37.41590000000001 16.964100000000006
32.293299999999995 16.827399999999997
40.226699999999994 16.975299999999997
35.9599 16.913699999999995
39.44450000000001 17.002899999999997
35.738099999999996 17.227700000000002
39.54990000000001 17.154400000000006
29.393 16.931500000000003
37.6544 17.219799999999992
30.99139999999999 16.965299999999992
41.4294 17.220800000000004
34.6865 17.260499999999997
33.28000000000001 17.1873
32.07299999999999 17.1162
37.142700000000005 17.2805
34.530100000000004 17.193800000000003
37.282300000000006 17.3007
32.10270000000001 17.3105
40.32359999999999 17.7556
30.045500000000004 17.243600000000004
36.234599999999986 17.4922
29.094699999999996 17.186699999999995
36.33439999999998 17.496399999999994
27.118800000000004 17.1983
34.3896 17.415899999999997
28.742499999999993 17.229600000000005
38.8694 17.552999999999997
30.330199999999998 17.4242
39.57800000000001 17.964899999999993
34.7365 17.74619999999999
39.83770000000001 17.964699999999993
30.691500000000005 17.630100000000002
34.47749999999999 17.75550000000001
27.347299999999997 17.530800000000003
39.980399999999996 17.923199999999998
27.706900000000008 17.475999999999996
31.328500000000005 17.577900000000003
30.815300000000008 17.4791
36.934899999999985 17.767500000000005
32.176899999999996 17.8558
40.4261 18.155500000000004
29.3316 17.736399999999996
36.721199999999996 17.846000000000007
24.9842 17.5206
32.58860000000001 17.8278
31.077499999999997 17.809899999999995
29.5789 17.698400000000007
29.3032 17.7618
33.524100000000004 17.9162
30.063399999999994 17.975699999999996
31.809699999999992 17.998199999999997
27.665700000000005 17.654500000000002
31.2635 17.826800000000002
24.406599999999994 17.6792
32.617 17.89560000000001
25.125700000000002 17.599099999999996
30.6919 17.7829
23.202499999999997 17.533699999999996
33.07050000000001 17.9527
23.1359 17.758000000000006
29.8966 17.8811
24.858200000000007 17.667699999999993
29.994600000000005 17.881399999999996
29.53279999999999 17.7611
28.761899999999997 17.818400000000008
27.8483 17.706699999999998
26.615700000000004 17.8323
15.929699999999997 16.9807
27.016000000000005 17.6328
26.7249 17.9313
