12.051000000000004 74.685
11.683499999999999 74.73
12.057100000000002 74.79599999999998
11.307000000000002 74.54700000000003
11.7626 74.63899999999998
11.351500000000003 74.49499999999998
11.6861 74.59599999999999
11.5822 74.47500000000001
11.4246 74.49699999999999
11.153299999999998 74.463
11.013300000000001 74.43200000000002
11.2555 74.44599999999998
11.216200000000002 74.45899999999999
11.3357 74.485
11.069399999999998 74.36999999999999
12.028500000000001 74.539
11.804399999999998 74.454
11.6732 74.436
11.712900000000001 74.44000000000001
11.345600000000001 74.455
11.8036 74.53699999999999
10.8361 74.404
11.2685 74.582
11.5545 74.557
11.7737 74.559
11.117700000000003 74.50499999999998
11.131200000000002 74.53899999999999
10.9731 74.482
10.5816 74.31399999999998
10.9559 74.50800000000001
10.309900000000003 74.33600000000001
10.269100000000002 74.238
11.925499999999998 74.38599999999998
11.909799999999999 74.55900000000003
12.1654 74.48299999999999
11.713899999999999 74.572
10.937000000000001 74.45600000000002
10.574 74.41399999999999
10.2617 74.35399999999998
10.323699999999997 74.368
10.222700000000001 74.33800000000002
10.234200000000001 74.31199999999998
10.359900000000003 74.343
10.2586 74.33500000000001
10.226799999999999 74.30500000000002
10.804399999999998 74.39300000000001
10.863600000000002 74.351
10.861300000000004 74.368
10.890600000000001 74.33800000000001
10.5628 74.31100000000002
10.3218 74.295
10.523100000000001 74.27
10.4424 74.24600000000001
10.3775 74.249
10.3955 74.27800000000002
10.333499999999999 74.262
10.602799999999998 74.29400000000001
10.614999999999997 74.25599999999999
10.5754 74.24099999999999
10.6013 74.22200000000001
10.858999999999998 74.314
10.881899999999998 74.30499999999999
10.7883 74.22700000000002
10.6626 74.22300000000001
10.8522 74.177
10.584599999999996 74.17699999999998
10.361099999999999 74.07600000000001
10.610000000000001 74.07199999999999
10.445100000000002 74.04599999999999
10.332 74.04499999999999
10.367799999999999 74.05199999999998
10.620200000000002 74.04499999999997
10.452499999999999 74.042
11.2626 74.08600000000001
11.1302 74.02499999999999
10.837699999999998 73.997
10.2821 73.971
10.230699999999999 73.942
10.5532 73.88600000000001
10.6189 73.99
10.480799999999999 73.997
10.1521 73.88300000000001
10.445699999999999 73.977
10.0379 73.90400000000001
10.469800000000003 73.872
10.8065 73.964
10.735299999999999 73.96
10.572299999999998 73.883
10.0897 73.866
10.233699999999999 73.83499999999998
10.157699999999998 73.861
10.119299999999997 73.833
10.335 73.83300000000001
10.020499999999998 73.80799999999998
10.149699999999998 73.809
10.2056 73.90299999999999
10.355900000000002 73.87800000000001
10.5153 73.94199999999998
10.027199999999999 73.854
11.1128 73.826
11.191900000000004 73.919
11.0024 73.875
11.189599999999999 73.88199999999999
10.6017 73.84
10.6436 73.85099999999998
10.4404 73.83899999999998
10.336899999999998 73.856
10.505999999999998 73.83900000000001
10.823300000000001 73.85099999999998
10.902599999999998 73.86399999999999
11.1527 73.93299999999998
10.922499999999998 73.873
10.9279 73.80799999999999
10.767 73.83899999999998
10.6478 73.79399999999998
10.8848 73.886
10.7412 73.84599999999999
10.528500000000003 73.85899999999998
10.4886 73.76100000000001
10.073599999999999 73.794
10.6056 73.81199999999998
11.880699999999997 74.019
10.810699999999999 73.818
10.937599999999998 73.797
10.6143 73.73299999999999
10.3409 73.722
10.2497 73.705
10.74 73.748
10.524600000000001 73.73
10.6559 73.73899999999999
10.725599999999998 73.782
10.959499999999998 73.778
10.7326 73.75999999999998
10.627599999999997 73.74099999999999
10.6555 73.787
11.4296 73.856
11.241299999999997 73.76
11.029200000000001 73.73499999999999
10.758099999999999 73.757
10.833100000000002 73.76300000000002
10.564400000000001 73.714
10.0793 73.61999999999999
10.359399999999997 73.65
10.988599999999996 73.791
10.9927 73.791
11.094500000000002 73.72600000000001
11.315500000000002 73.72600000000001
10.4964 73.59300000000002
9.786200000000001 73.432
9.6071 73.321
9.5035 73.34800000000003
9.5328 73.26899999999999
9.6056 73.307
9.548499999999999 73.397
9.627099999999999 73.34500000000003
9.433799999999998 73.24200000000002
9.680600000000004 73.384
9.740999999999998 73.38300000000001
9.689499999999999 73.34900000000002
9.7895 73.36999999999999
9.6578 73.322
9.6707 73.239
9.749099999999999 73.25500000000001
9.725999999999999 73.36699999999999
9.693299999999999 73.337
9.877 73.4
9.6264 73.346
9.3418 73.28199999999998
9.2149 73.27
9.067100000000002 73.308
9.190299999999997 73.19100000000002
9.204299999999998 73.23400000000001
9.3366 73.24300000000001
9.633800000000004 73.27300000000001
9.4997 73.24000000000001
9.7709 73.36400000000002
9.633399999999998 73.373
9.758399999999998 73.41099999999999
9.5405 73.397
9.4657 73.378
9.310799999999997 73.29099999999998
9.4256 73.315
9.571 73.333
9.4001 73.27900000000001
9.215100000000003 73.282
9.3824 73.29799999999997
9.8832 73.50999999999999
9.5052 73.44700000000002
9.7607 73.46599999999998
9.7901 73.563
9.799399999999999 73.57900000000001
9.647900000000002 73.558
9.2299 73.51400000000002
9.708900000000002 73.644
9.882799999999998 73.659
9.7345 73.71
9.6973 73.65
9.922100000000004 73.697
9.771200000000002 73.688
9.8775 73.697
9.680600000000004 73.717
9.655400000000002 73.823
9.990399999999998 73.944
9.9523 74.01100000000001
9.9714 73.986
9.9032 74.01200000000003
9.937400000000004 74.073
9.637899999999998 74.05699999999999
9.5362 74.014
9.374999999999996 74.115
9.318499999999998 74.19699999999999
9.166800000000002 74.222
9.479600000000001 74.39899999999999
9.267 74.298
9.578899999999999 74.50399999999999
9.154200000000001 71.49700000000001
9.4152 74.38200000000002
9.7512 74.442
9.7357 74.45300000000002
9.8415 74.45099999999998
10.0528 74.49399999999999
9.688299999999998 74.56099999999999
9.8376 74.64699999999999
9.759400000000001 74.64
9.559000000000001 74.72099999999999
9.7233 74.923
9.5344 74.904
9.4634 74.88099999999999
9.5106 74.94600000000003
9.291599999999999 74.99299999999998
9.3837 75.007
9.777100000000003 75.08000000000001
10.3514 75.19300000000003
10.2759 75.197
10.3405 75.314
10.397799999999998 75.342
10.4793 75.47900000000001
10.047900000000002 75.52
10.2838 75.39599999999997
10.204999999999998 75.702
10.0824 75.595
10.055100000000003 75.714
10.1776 75.70400000000002
9.975700000000002 75.70899999999999
10.1189 75.844
10.074 75.87400000000001
9.917100000000001 75.86900000000001
9.6889 75.88
9.4836 75.865
9.596000000000002 75.83300000000001
9.517600000000002 75.994
9.263700000000002 76.00500000000001
9.656 76.023
9.222400000000002 76.04800000000002
9.625800000000002 76.12500000000001
9.4255 76.14800000000001
9.5909 76.187
9.287199999999999 76.09400000000002
9.637900000000002 76.167
9.7954 76.11099999999999
9.659400000000002 76.25700000000002
9.8021 76.229
9.887199999999998 76.299
9.795200000000001 76.44800000000001
9.977499999999997 76.51100000000001
10.301499999999999 76.75100000000002
10.318999999999999 76.73199999999997
10.317999999999998 76.678
9.804999999999998 76.762
9.8142 76.75699999999999
9.6901 76.79100000000001
9.962500000000002 76.82200000000002
9.909 76.82900000000001
9.956100000000001 76.89600000000002
10.196800000000003 77.04800000000002
10.205300000000001 76.989
10.3 77.13900000000001
10.378000000000002 77.19200000000001
10.290299999999997 77.28900000000002
10.635299999999997 77.28600000000002
11.293400000000004 77.37300000000002
12.464400000000001 77.81200000000003
13.645200000000004 78.224
13.524700000000001 78.156
14.306099999999997 78.242
12.963900000000002 78.01100000000001
11.955300000000001 77.781
25.227100000000004 78.595
