15.730999999999998 8.6729
16.060999999999996 8.6714
15.949999999999998 8.6699
15.590000000000002 8.6699
15.629999999999999 8.6699
15.631 8.6684
15.449000000000002 8.6684
15.349999999999998 8.6699
15.674 8.6699
15.344 8.6699
15.287999999999998 8.6684
15.605999999999998 8.6714
15.805000000000003 8.6744
15.770999999999999 8.6714
16.365000000000002 8.6714
15.997 8.6714
15.863000000000001 8.6714
15.633000000000003 8.6699
15.785999999999998 8.6729
15.722999999999999 8.6744
15.573999999999998 8.6744
15.432000000000002 8.6729
15.226999999999999 8.6729
15.098 8.6714
15.431000000000001 8.6759
15.495999999999999 8.6729
15.412 8.6759
15.389 8.6744
15.177 8.676
14.698 8.6714
14.751 8.6714
14.709 8.6714
14.758000000000001 8.6699
14.495 8.6744
14.500999999999998 8.6729
14.513000000000002 8.6714
14.493 8.6714
14.709000000000003 8.6744
14.615999999999998 8.6744
14.841999999999999 8.6744
14.618999999999998 8.6744
14.718000000000004 8.6729
14.987999999999998 8.6729
15.152000000000001 8.6744
14.977000000000002 8.6744
14.726 8.6744
14.635000000000002 8.6744
14.443 8.6744
14.702000000000002 8.6729
15.144000000000002 8.6744
14.923 8.6729
14.699000000000002 8.6729
14.615 8.6744
14.607000000000001 8.6759
14.746 8.6729
15.111000000000002 8.6729
14.849 8.6729
15.043000000000001 8.6714
15.089 8.673
15.140999999999998 8.6714
14.963999999999999 8.6729
15.020000000000003 8.6729
14.597999999999999 8.6745
15.027000000000001 8.6699
14.586000000000002 8.6699
14.698000000000002 8.6714
14.339999999999996 8.6699
14.422 8.6699
14.652999999999999 8.6714
14.42 8.6729
14.371999999999998 8.6699
14.344999999999999 8.6729
13.216 8.6761
13.039000000000001 7.8154
15.056999999999999 8.5783
16.052999999999997 9.4161
14.242000000000003 8.6225
14.213000000000001 8.622700000000002
14.116000000000001 8.6241
14.321000000000003 8.625600000000002
14.193 8.6286
14.241999999999999 8.6317
13.929 8.6363
14.069 8.6394
14.038999999999998 8.6347
14.021999999999998 8.6363
13.908000000000001 8.642400000000002
13.922 8.6455
13.722999999999999 8.6393
13.754 8.6393
13.785 8.6409
13.963999999999999 8.644
13.854000000000003 8.6409
14.090000000000003 8.6424
14.072000000000001 8.6424
13.916 8.6408
13.479999999999997 8.6423
13.6421 8.6423
13.3017 8.6439
13.2413 8.6455
13.3479 8.642400000000002
13.886000000000001 8.643900000000002
13.91 8.6439
13.91 8.6439
13.684000000000001 8.6439
13.804 8.6501
13.422 8.6455
13.672999999999998 8.647
13.891 8.6486
13.883000000000001 8.6469
13.636000000000001 8.6469
13.758999999999999 8.647
13.618 8.6454
13.860999999999999 8.6469
13.767999999999999 8.6485
13.976000000000003 8.647
13.999 8.6485
14.259000000000002 8.647
13.838000000000001 8.65
13.821 8.6485
13.675 8.65
13.913999999999998 8.6485
14.231 8.6485
14.283000000000001 8.65
14.448 8.6485
14.244000000000002 8.65
14.202 8.65
14.094999999999999 8.65
14.128000000000002 8.6485
13.970000000000002 8.6515
14.283999999999997 8.6515
13.776 8.6515
13.793999999999999 8.6531
13.976000000000003 8.656200000000002
14.347000000000001 8.6515
14.219000000000001 8.6515
14.100999999999997 8.653
13.956999999999997 8.654600000000002
13.6584 8.6562
13.528 8.6607
13.667000000000002 8.6592
13.600999999999999 8.6607
13.671 8.6637
13.572999999999999 8.6653
13.735 8.6653
13.505 8.6668
13.820000000000002 8.6653
13.666 8.6637
13.779 8.6653
13.81 8.6653
13.855 8.6653
13.732 8.6668
13.809000000000001 8.6653
13.533999999999999 8.6653
13.517000000000001 8.6653
13.334999999999999 8.6638
13.661000000000001 8.6653
14.241999999999999 8.6668
14.804 8.6668
14.956999999999997 8.6653
14.78 8.6668
14.674000000000001 8.6638
14.397000000000002 8.6623
14.29 8.6623
14.316 8.6638
14.029 8.6638
13.774999999999999 8.6638
13.975000000000001 8.665400000000002
13.920000000000002 8.6653
14.033000000000001 8.6638
13.904 8.666900000000002
13.935 8.666900000000002
13.785 8.665400000000002
13.996 8.669900000000002
14.001 8.668400000000002
14.057999999999998 8.666900000000002
14.011999999999999 8.666900000000002
14.19 8.6653
13.909999999999997 8.6668
14.060999999999998 8.668400000000002
14.107999999999999 8.666900000000002
14.121999999999998 8.668400000000002
14.19 8.668400000000002
14.168 8.666900000000002
14.212 8.6653
14.112999999999998 8.6653
13.892000000000001 8.6668
13.91 8.6668
14.133999999999999 8.6668
14.094000000000001 8.6653
14.054999999999998 8.6653
14.232 8.6653
14.302000000000001 8.6653
14.210999999999999 8.6698
14.423999999999998 8.6683
14.434999999999999 8.673000000000002
14.546000000000001 8.6713
14.179999999999998 8.6713
14.354 8.6698
14.191999999999998 8.674400000000002
14.285 8.674400000000002
14.426999999999998 8.674400000000002
14.326 8.674300000000002
14.159799999999997 8.674300000000002
14.102299999999998 8.674300000000002
14.801999999999998 8.6728
15.473999999999998 8.6789
14.797000000000002 8.6728
14.609999999999998 8.6728
14.582999999999998 8.674400000000002
14.573000000000002 8.676000000000002
14.735999999999999 8.6774
14.551 8.674300000000002
14.377999999999998 8.674300000000002
14.306999999999997 8.6728
14.393999999999998 8.674300000000002
14.508000000000001 8.677600000000002
14.482999999999999 8.6775
14.596 8.679200000000002
14.493 8.682300000000001
14.731 8.682300000000001
14.642999999999997 8.682300000000001
14.710999999999999 8.682300000000001
14.673 8.682300000000001
14.608000000000002 8.680700000000002
14.668999999999999 8.683800000000002
14.6 8.683800000000002
14.332 8.6853
14.359 8.6853
14.418999999999999 8.6837
14.477 8.6837
14.474 8.6853
14.906 8.682200000000002
14.514 8.6853
14.271999999999998 8.6853
14.174000000000001 8.6868
14.469999999999999 8.6853
14.143 8.6869
14.21 8.6869
14.128999999999998 8.6869
13.882 8.6853
13.824 8.6853
13.935 8.6869
14.031999999999996 8.6853
13.976000000000003 8.6853
14.121 8.6837
13.985 8.6837
13.793999999999999 8.6869
14.206 8.6837
13.908999999999999 8.6822
14.164000000000001 8.6853
14.267 8.6806
14.252 8.6853
14.360999999999999 8.6853
14.365999999999998 8.6837
14.491999999999999 8.6853
14.379 8.6869
14.603000000000002 8.6838
14.629000000000003 8.6838
15.064 8.6868
14.740000000000004 8.6853
14.902999999999999 8.6853
14.841999999999999 8.6868
14.792000000000002 8.6868
15.055000000000001 8.6868
15.024999999999999 8.6868
15.085999999999999 8.6868
15.018 8.6853
14.826 8.6853
14.625999999999998 8.6868
14.897999999999998 8.6868
14.933999999999997 8.6853
14.906 8.6868
15.063 8.6868
14.970999999999998 8.6868
15.151 8.6868
15.337 8.6869
15.2 8.6869
15.056 8.6869
14.826 8.6869
14.551 8.6869
14.84 8.6869
14.650000000000002 8.6869
14.915000000000001 8.6884
15.009999999999998 8.6869
15.049000000000001 8.6899
14.923 8.6914
14.726 8.6899
