20.598 11.239
20.655 11.159999999999998
19.974 11.117
20.494999999999997 11.225999999999999
20.654000000000003 11.161
20.314 11.155
20.779 11.23
20.285 11.125000000000002
20.441 11.19
20.270000000000003 11.203000000000001
19.743000000000002 11.137
20.125999999999998 11.246999999999998
20.202 11.215
20.41 11.177000000000001
20.699 11.266
20.217000000000002 11.16
19.695999999999998 11.165000000000001
20.321 11.239
20.218000000000004 11.145999999999999
20.718999999999998 11.190999999999999
20.39 11.225999999999999
19.997999999999998 11.141000000000002
20.191 11.231000000000002
19.592000000000002 11.17
19.688 11.137
19.733 11.225
19.581 11.146999999999998
19.451 11.171000000000001
19.38 11.206000000000001
19.417 11.126999999999999
19.934 11.239000000000003
19.442 11.200000000000001
19.250999999999998 11.136
19.472 11.16
19.689 11.212000000000002
19.470000000000002 11.155
19.491 11.238
19.482999999999997 11.15
19.657999999999998 11.223999999999998
19.192999999999998 11.188999999999998
19.453 11.139
19.680999999999997 11.232000000000001
19.381999999999998 11.177
19.723000000000003 11.154
19.902 11.258
19.607000000000003 11.166
19.934 11.168000000000001
20.085999999999995 11.254999999999999
19.98 11.158
20.041 11.178999999999998
20.08 11.221
20.007 11.144000000000002
19.861 11.227
19.494 11.178999999999998
19.79 11.151
19.894000000000002 11.238000000000001
19.836000000000002 11.154
20.301 11.208
19.72 11.197
19.424 11.143
19.558999999999997 11.233
19.526 11.191999999999998
19.595000000000002 11.162999999999998
19.655 11.253
19.263 11.168000000000003
19.13 11.158999999999999
19.116 11.246
18.873 11.158
19.352999999999998 11.209999999999999
19.015 11.203
19.064999999999998 11.130999999999998
19.684 11.208000000000002
19.484999999999996 11.213000000000001
19.624000000000002 11.146
19.861 11.218000000000002
19.083 11.181
19.589000000000002 11.138
19.946 11.231
19.258 11.153
19.347 11.14
19.297999999999995 11.222999999999999
19.134 11.143999999999998
19.394 11.183
19.39 11.187
19.572 11.123
19.276999999999997 11.183000000000002
19.613 11.205999999999998
19.342000000000002 11.148
19.131000000000004 11.236
19.095000000000002 11.171000000000001
19.149 11.181
19.742 11.261000000000001
19.342 11.19
19.761 11.198
19.819 11.231000000000002
19.512999999999998 11.14
19.502 11.142
19.383999999999997 11.251999999999999
19.488 11.188
19.776 11.387
19.718 11.255
19.463 11.164
19.845000000000002 11.223
19.553 11.219999999999999
19.727 11.155
19.521 11.247
19.168000000000003 11.184000000000001
19.592000000000002 11.147
19.793999999999997 11.238999999999999
19.434 11.181000000000001
19.369999999999997 11.164
19.25 11.238
18.863 11.165
19.267 11.188999999999998
19.217000000000002 11.225999999999999
19.045 11.149000000000001
20.301 11.341999999999999
20.416000000000004 11.512
20.604 11.456
20.947000000000003 11.544
20.596000000000004 11.457
20.233 11.267
20.005 11.265999999999998
19.555999999999997 11.283999999999999
19.561999999999998 11.194
19.933999999999997 11.240000000000002
19.509 11.246
18.945999999999998 11.145000000000001
19.675 11.202999999999998
19.741 11.227
19.967000000000002 11.153999999999998
19.773 11.241
19.832 11.195
20.004 11.154
19.607000000000003 11.238
19.372999999999998 11.195
19.342000000000002 11.152
19.335000000000004 11.249999999999998
19.612 11.197
19.439 11.195
19.65 11.282999999999998
19.410999999999998 11.225
19.581 11.215
19.403000000000002 11.277
19.503999999999998 11.2
19.343 11.190000000000001
19.105999999999998 11.229
18.91 11.142000000000001
19.082 11.184
19.162 11.222000000000001
18.970000000000002 11.142
19.218000000000004 11.181999999999999
19.168 11.223999999999998
18.921 11.138
19.256 11.178999999999998
19.076 11.222999999999999
19.378999999999998 11.189
19.893 11.411
20.316000000000003 11.528999999999998
20.356 11.301
20.038 11.231
19.833999999999996 11.264000000000001
20.244 11.174
20.159 11.203
20.07 11.248999999999999
19.966 11.152
24.3451 13.995999999999997
21.135 12.324
19.299000000000003 10.946
19.878 11.049
19.378 11.02
19.351000000000003 10.938
19.348 11.041
18.857 10.994
19.33 11.031
18.822999999999997 11.004999999999999
18.985 10.947999999999999
19.057 11.004
18.841 11.047
18.962 10.949
19.017999999999997 11.004
19.490000000000002 11.040000000000001
19.427 10.947999999999999
19.145 11.008
19.494999999999997 11.043
19.294 10.942
20.044999999999998 11.044
19.428 11.036
19.576999999999998 10.956
19.561 11.043
19.634999999999998 11.036
19.968 10.959
20.361 11.018
19.727 11.062999999999999
19.757 10.965
19.689999999999998 11.018
19.387999999999998 11.077
19.539 10.986
19.799999999999997 11.068
19.716 11.05
19.619 10.981
19.744 11.065999999999999
19.317 11.052
19.287 10.993
19.461000000000002 11.079
19.288 11.008999999999999
19.33 10.957
19.540000000000003 11.045
19.206 11.044
19.642 11.033000000000001
19.476 11.047
19.702 10.955
19.916999999999994 10.999000000000002
19.839 11.07
19.82 10.965
19.732 11.025
19.680000000000003 11.062
19.627 10.962
19.890999999999995 11.043
19.594 11.047
19.542 10.972
19.698 11.044
19.357 11.050999999999998
19.695 11.008
19.548999999999996 11.088
19.166999999999998 10.987
19.314 10.972999999999999
19.387 10.987
19.387999999999998 11.075
19.314 11.151
19.186999999999998 11.143
19.154 10.975
19.440999999999995 11.044
19.872999999999998 11.094000000000001
20.107999999999997 11.018
20.151 11.113999999999997
19.855 11.061
19.961000000000002 11.032
20.025 11.111
20.013 11.014
20.345999999999997 11.052000000000001
19.602 11.113
19.983999999999998 11.01
20.049999999999997 11.029000000000002
20.124 11.122
19.775999999999996 11.071
19.811999999999998 11.06
19.284000000000002 11.114
19.329 11.004999999999999
19.220000000000002 11.001
19.333000000000002 11.006
19.541 11.084
19.101 11.058
19.311 10.996000000000002
19.644000000000002 11.058000000000002
19.36 11.103
19.464000000000002 11.005999999999998
19.658999999999995 11.062999999999999
19.759 11.103
19.845000000000002 11.026
19.634999999999998 11.119000000000002
19.3 11.02
19.660999999999998 11.040999999999999
19.5 11.118
19.394 11.006999999999998
19.498000000000005 11.041
19.406 11.114
19.201 11.000000000000002
19.41 11.033000000000001
19.352999999999998 11.110999999999999
19.339 11.004999999999999
19.553999999999995 11.046
19.770000000000003 11.106
19.680999999999997 11.004999999999999
19.358 11.04
19.171 11.116
19.117 10.999
19.387 11.009
19.533 11.113000000000001
19.275 11.025
19.265 11.042
19.703 11.113
19.332 11.01
19.473 11.047
20.064999999999998 11.18
20.175 11.078000000000001
20.434 11.107
19.872 11.145999999999999
