10.1196 7.9986
9.7923 8.085500000000001
9.9817 8.139100000000001
10.034500000000001 8.1393
10.0278 8.1359
9.074 8.1362
9.742899999999999 8.072700000000001
9.5482 8.0788
10.284600000000001 8.131400000000001
9.6096 8.0895
9.287400000000002 8.015600000000001
8.81 8.062
10.263800000000002 8.137599999999999
9.5789 8.0955
10.2336 8.0582
9.6496 8.1086
10.0963 8.0826
9.6989 8.0871
10.471400000000001 8.027800000000001
9.575499999999998 8.0666
11.190700000000001 8.0818
9.3114 8.1619
9.9864 8.2216
9.650599999999999 8.213099999999999
10.374100000000002 8.067300000000001
9.3595 8.0757
10.171299999999999 8.1414
9.4316 8.0924
10.801299999999998 8.1543
9.235399999999998 8.0041
10.3048 8.0964
9.5533 8.0307
10.3679 8.122300000000001
9.144 8.216
10.5546 8.1162
9.2704 8.1467
10.4703 8.218399999999999
9.217199999999998 8.183399999999999
10.4232 8.126
9.545800000000003 8.1993
10.761499999999998 7.9954
8.8706 7.9804
9.964500000000001 8.098700000000001
9.3634 8.0925
10.034900000000002 8.1292
9.334299999999999 8.0359
10.3941 8.1705
8.8276 8.127600000000001
10.020900000000001 8.096300000000001
9.1913 8.057300000000001
10.034 8.1763
8.9049 8.0661
9.6442 8.068100000000001
8.947700000000001 8.0971
9.4539 8.1277
9.0388 8.181
9.421199999999999 8.1207
8.4794 8.0644
9.5169 8.1046
8.4624 8.1849
9.7152 8.101700000000001
9.093599999999999 8.178700000000001
9.7857 8.0901
9.0044 8.1323
9.4773 8.1024
8.1542 8.145900000000001
9.150500000000001 8.1733
8.228299999999999 7.9918000000000005
8.8484 7.974299999999998
7.994700000000001 8.0369
8.759899999999998 7.996499999999999
10.0205 8.069600000000001
8.718 8.1734
8.4281 8.0841
8.6904 8.1879
8.7456 8.1323
8.813799999999999 8.091099999999999
8.7195 8.046100000000003
9.060500000000001 8.047500000000001
8.838199999999999 8.1871
9.112700000000002 8.1688
8.886099999999999 8.0697
9.005199999999999 8.162899999999999
8.3092 8.0568
9.543699999999998 8.0056
8.934199999999999 7.9895000000000005
9.5304 8.099400000000003
8.9082 8.052000000000001
9.250900000000001 8.0291
8.495999999999999 8.004
9.544899999999998 8.0238
8.744 8.0619
9.6629 8.0977
8.836400000000001 8.123899999999999
9.215300000000001 8.0735
8.4892 8.039800000000001
9.7477 8.1063
9.65 8.155800000000001
10.5275 8.156500000000001
9.3959 8.1193
10.197500000000002 8.142
9.4505 8.084900000000001
10.2474 8.119900000000001
8.9707 8.0817
9.944600000000001 8.118500000000001
9.1751 8.0543
9.5986 8.0002
9.1543 8.0948
9.8618 8.086400000000001
9.3003 8.043600000000001
10.123 8.2238
9.617600000000001 8.1582
10.5495 8.1999
9.3048 8.2992
9.524099999999999 8.3009
9.689400000000001 8.1298
10.1229 8.161200000000001
8.7253 8.1939
9.8628 8.1889
8.926200000000001 8.1336
9.9121 8.1841
9.689200000000001 8.2017
10.3711 8.189499999999999
9.798099999999998 8.094000000000001
9.699600000000002 8.1048
9.5491 8.064200000000001
10.1417 8.1147
9.014500000000002 8.1473
9.9594 8.113000000000001
9.256399999999998 8.075800000000001
9.7957 8.1726
8.805 8.1215
9.8948 8.119099999999998
9.270600000000002 8.1481
9.6894 8.1726
9.203100000000001 8.180200000000001
9.6875 8.2877
9.235100000000001 8.1483
9.693900000000001 8.108500000000001
7.9864999999999995 7.994800000000001
8.969600000000002 8.044600000000003
9.495700000000001 8.0344
10.730799999999999 8.107099999999999
9.3133 8.160499999999999
10.5962 8.1367
9.152500000000002 8.142199999999999
10.4432 8.2099
9.0341 8.1207
9.662399999999998 8.197799999999999
9.474200000000002 8.194600000000001
10.128700000000002 8.2115
8.862 8.171100000000003
9.748 8.2261
9.344 8.1687
9.8395 8.1079
9.019200000000001 8.106300000000001
10.245899999999999 8.0292
9.3648 8.1193
10.3367 8.1337
9.798900000000001 8.1039
10.079900000000002 8.205499999999999
9.7581 8.1512
11.458599999999999 8.181
9.5406 8.115400000000001
10.2595 8.113000000000001
9.281099999999999 8.039800000000001
10.181899999999999 8.007800000000001
9.153500000000001 8.058000000000002
9.920699999999998 8.128300000000001
10.2294 8.2085
10.183300000000003 8.211599999999999
9.6129 8.1826
10.1483 8.175000000000002
9.4619 8.113099999999998
10.2754 8.1002
9.7664 8.088700000000001
9.679599999999999 8.2298
9.5401 8.129
10.4736 8.1025
9.437700000000001 8.230599999999999
10.5358 8.1566
10.191600000000001 8.181000000000001
10.4261 8.238199999999999
10.018699999999999 8.183300000000001
10.5116 8.2267
9.3506 8.183399999999999
10.628100000000002 8.164100000000001
9.1878 8.060400000000001
11.0071 8.206000000000001
9.735 8.240499999999999
10.1362 8.138900000000001
9.3421 8.1131
10.832600000000001 8.1551
9.832200000000002 8.1015
10.2405 8.2091
10.2031 8.276399999999999
9.997899999999998 8.168700000000001
10.0083 8.145100000000001
10.2771 8.1375
9.9286 8.247300000000001
9.904200000000001 8.2147
10.123299999999999 8.1457
9.9635 8.1856
9.213299999999998 8.1078
10.504000000000001 8.121499999999997
9.5725 8.1429
9.8473 8.1656
9.8924 8.2138
10.1274 8.245
8.896 8.164100000000001
10.4489 8.161800000000001
9.3796 8.081900000000001
9.7907 8.1748
9.6837 8.1588
10.1516 8.1297
8.907600000000002 8.0748
9.9929 8.1413
9.5361 8.148900000000001
9.244500000000002 8.163499999999999
9.699100000000001 8.181799999999999
9.739600000000001 8.184099999999999
9.260299999999999 8.2854
9.478 8.1733
8.5663 8.154499999999999
9.7119 8.1069
9.189400000000001 8.2269
8.9545 8.1703
7.829599999999999 8.065700000000001
10.238800000000001 8.2902
9.815700000000001 8.2869
9.4205 8.1681
9.598300000000002 8.2229
9.687700000000001 8.2915
8.728699999999998 8.1428
10.067699999999999 8.0224
9.2266 8.198500000000001
9.666799999999999 8.2276
9.537300000000002 8.139000000000001
9.229300000000002 8.140600000000001
9.180799999999998 8.116100000000001
9.7238 8.193200000000001
8.8164 8.132900000000001
9.4954 8.274899999999999
9.114600000000001 8.2704
9.771199999999999 8.1887
8.8885 8.177100000000001
9.650500000000001 8.1454
9.4372 8.1941
9.472900000000001 8.2023
9.024899999999999 8.276499999999999
9.5833 8.239
8.9577 8.172699999999999
7.792300000000001 7.255600000000001
10.0723 8.1024
9.439000000000002 8.1344
9.365 8.135299999999999
10.294599999999999 8.1611
9.0797 8.1651
9.938899999999999 8.0056
9.099899999999998 8.1099
10.130199999999999 8.0941
10.0021 8.0803
9.6806 8.1145
9.5491 7.991599999999998
10.2266 8.265
10.1913 8.1725
10.823599999999999 7.997800000000001
10.067400000000001 8.107000000000001
10.730299999999998 8.0672
10.6013 8.0969
10.68 8.1092
10.5715 8.062800000000001
10.461100000000002 8.1482
10.411900000000001 8.018500000000001
11.482 8.192499999999999
10.3193 8.199200000000001
10.952799999999998 8.1612
9.9431 8.0871
10.9128 8.0582
10.3671 8.081
10.304300000000003 8.1839
10.5966 8.1795
10.808800000000002 8.235299999999999
10.315299999999999 8.193999999999999
10.447600000000001 8.106300000000001
9.441300000000002 8.1069
11.133400000000002 8.0582
9.9874 8.1376
