19.570999999999998 5.6797
19.516000000000005 5.6869
19.301000000000002 5.6789
19.427 5.679
19.426 5.678800000000001
19.248000000000005 5.6753
19.58 5.676599999999999
19.325 5.6741
19.205 5.6824
19.588999999999995 5.6705
19.337 5.6709000000000005
19.801000000000002 5.654300000000001
19.266 5.6594999999999995
19.578 5.653800000000001
19.312 5.6476999999999995
19.343999999999998 5.6576
19.329 5.651100000000001
19.605 5.6488
19.62 5.646599999999999
19.774 5.644100000000001
19.799 5.6551
20.223 5.6546
19.949 5.6489
19.913 5.6538
20.021 5.6484
20.342999999999996 5.655199999999999
20.128 5.651800000000001
20.210000000000004 5.653499999999998
20.208000000000002 5.646800000000001
19.965999999999994 5.6472
19.805999999999997 5.646599999999999
19.714000000000002 5.6394
19.786000000000005 5.6513
19.624000000000002 5.644099999999999
19.352999999999994 5.6461
19.237000000000002 5.648899999999999
19.287 5.626199999999999
19.418999999999997 5.6382
19.275 5.639700000000001
19.276 5.6526
19.329 5.638000000000001
19.248 5.617500000000001
19.019 5.643599999999998
19.044 5.6229
18.796999999999997 5.636199999999999
18.845000000000002 5.627000000000001
18.979000000000003 5.6316999999999995
18.835 5.6217999999999995
19.133 5.6147
19.247000000000003 5.6117
19.258999999999997 5.6251
19.125 5.620300000000001
18.866999999999997 5.5992
18.995 5.602500000000001
18.818 5.6152
18.727 5.611800000000001
18.711 5.6198
18.571 5.608300000000001
18.435000000000002 5.6074
18.575999999999997 5.575099999999999
18.562 5.6122000000000005
18.658 5.593100000000001
18.551000000000002 5.603899999999999
18.429000000000002 5.586999999999999
18.406 5.583800000000001
18.084999999999997 5.5847
18.25 5.5747
18.201999999999998 5.5599
18.340999999999998 5.567100000000001
18.371999999999996 5.5615000000000006
18.133 5.5615
17.866 5.553799999999999
17.524 5.566399999999999
17.637 5.5461
17.777 5.5464
17.561 5.5440000000000005
17.701 5.5374
17.391 5.521800000000001
17.641999999999996 5.5148
17.773000000000003 5.5131
17.879 5.4982999999999995
18.025 5.4927
17.827 5.4878
17.498 5.485200000000001
17.255000000000003 5.478000000000001
17.261 5.455800000000001
17.0595 5.468299999999999
17.068 5.463900000000001
17.232 5.4549
17.273000000000003 5.4664
17.209999999999997 5.4492
17.492 5.460699999999999
17.2434 5.454400000000001
17.232300000000002 5.442900000000002
17.147800000000004 5.455900000000001
17.4172 5.4433
17.134900000000002 5.4372
17.348 5.4199
17.0905 5.4294
17.211 5.4244
16.669 5.4224000000000006
16.617199999999997 5.4086
16.439999999999998 5.4084
16.386 5.4073
16.520000000000003 5.3932
16.561999999999998 5.3778
16.859 5.387599999999999
16.763300000000005 5.3716
16.514300000000002 5.3779
16.5656 5.380999999999999
16.6291 5.3694
16.566699999999997 5.3539
16.5014 5.3658
16.3509 5.3643
16.442400000000003 5.3584
16.133300000000002 5.345499999999999
15.953100000000001 5.3465
16.0765 5.3464
16.355500000000003 5.3355
16.4421 5.3364
16.467299999999994 5.3336
17.105600000000003 5.3154
17.096699999999995 5.3235
16.9618 5.3165000000000004
17.236299999999996 5.3126
17.0136 5.324
16.6062 5.3261
16.63 5.315799999999999
16.6345 5.3172
16.618000000000002 5.3256
16.689999999999998 5.3193
16.7102 5.315
16.520000000000003 5.3212
16.784 5.321999999999999
16.928 5.3159
16.895 5.330699999999999
16.708 5.3273
16.704 5.3241000000000005
16.741999999999997 5.327500000000001
17.513 5.3273
17.326 5.326899999999999
17.367 5.3183
17.461000000000002 5.325699999999999
17.733999999999998 5.3237
18.057000000000002 5.3299
17.948999999999998 5.331499999999998
18.589 5.3356
18.397 5.346599999999999
18.637999999999998 5.343
18.889000000000003 5.3364
18.636999999999997 5.341
18.977000000000004 5.3595000000000015
18.996000000000002 5.3797
18.869999999999997 5.3768
18.885 5.3745
19.102999999999998 5.398300000000001
18.941 5.3935
19.558999999999997 5.4113
19.466999999999995 5.407700000000001
19.680999999999997 5.4149
19.753999999999998 5.430300000000001
19.891000000000002 5.428699999999999
20.229 5.4366
20.523000000000003 5.438999999999999
20.779999999999994 5.4525
20.915 5.4413
20.701 5.452700000000001
21.028 5.4669
21.11 5.468800000000001
21.330000000000002 5.489
21.231 5.490100000000001
21.233 5.495800000000001
21.349 5.513799999999999
21.316000000000003 5.5207
20.995 5.528899999999999
21.223 5.5505
20.881999999999998 5.5531999999999995
20.534999999999997 5.5779000000000005
20.746000000000002 5.5722000000000005
20.843000000000007 5.573699999999999
20.818 5.5741999999999985
21.702999999999996 5.594200000000001
21.794000000000004 5.609399999999999
22.096 5.6212
21.936 5.625200000000001
22.286 5.639400000000001
22.071 5.6301000000000005
22.089 5.6431000000000004
21.894 5.660900000000001
21.809999999999995 5.6714
21.816000000000003 5.676699999999999
22.149 5.673
21.954 5.681299999999999
21.896 5.679200000000001
21.604 5.686100000000001
21.930000000000003 5.6932
22.014000000000003 5.678599999999999
22.017000000000007 5.6892
21.872000000000003 5.7162
22.555999999999997 5.7163
22.182 5.7116
22.662 5.7126
22.244999999999997 5.7117
22.451999999999998 5.6959
22.109000000000005 5.7182
22.131999999999998 5.716100000000001
22.098000000000003 5.711800000000001
22.290000000000003 5.7138
22.021000000000004 5.717700000000002
22.031 5.7094
22.016000000000002 5.715700000000001
22.012 5.7164
22.261 5.7289
22.394 5.722899999999999
22.105999999999998 5.7237
21.972 5.731299999999999
22.179999999999996 5.7265999999999995
22.102999999999998 5.7217
21.997 5.720000000000001
21.986 5.7381
21.764 5.7229
21.63 5.7168
21.991999999999994 5.7175
22.569999999999997 5.7185999999999995
21.830999999999996 5.706799999999999
22.017999999999997 5.7187
22.443999999999996 5.7187
22.521 5.7158
22.53 5.718100000000001
22.093 5.7237
21.744999999999997 5.7206
21.963 5.716400000000001
21.914 5.7305
22.031 5.7269
22.061 5.7327
22.243 5.731400000000001
22.093 5.731300000000001
22.192999999999998 5.7388
22.258 5.738899999999999
22.328 5.735099999999999
21.979 5.7442
22.369 5.739
21.995999999999995 5.748799999999999
22.213 5.742799999999999
22.507 5.74
22.625000000000004 5.7382
22.511 5.744700000000001
22.391 5.770199999999999
22.326999999999998 5.7525
22.381 5.766399999999999
22.692000000000004 5.7732
22.802999999999997 5.7746
22.161 5.7585999999999995
22.272 5.7656
22.315 5.7776999999999985
22.28 5.7619
22.091 5.7587
22.667 5.7612
22.691000000000003 5.754099999999998
22.899 5.737800000000001
22.648 5.741700000000001
22.688999999999997 5.7682
23.159000000000002 5.755
23.015 5.748100000000001
22.476999999999997 5.7497
22.290000000000003 5.7440999999999995
22.502999999999997 5.7418
22.276 5.7243
22.056999999999995 5.7174000000000005
22.15 5.7369
21.84 5.736900000000001
21.891 5.7203
21.560000000000006 5.7208000000000006
21.831 5.7176
21.843999999999998 5.7152
21.7 5.7218
21.294 5.723300000000001
21.167 5.711400000000001
21.305000000000003 5.7184
21.328999999999994 5.717499999999999
21.270999999999997 5.7144
21.256999999999998 5.7123
21.364 5.7036999999999995
21.297 5.688599999999998
21.044999999999998 5.6966
21.335 5.6965
21.339000000000002 5.7083
21.233 5.6828
