19.241 10.602
18.723000000000003 10.626999999999997
18.859 10.593
19.146 10.594999999999999
19.564 10.66
19.288 10.605000000000002
19.065 10.608
19.269 10.608
19.596000000000004 10.674
19.038999999999998 10.622
18.997999999999998 10.615
19.456 10.679
18.953 10.614
19.279999999999998 10.665999999999999
18.697999999999997 10.610999999999999
18.6 10.606
19.238 10.663999999999998
18.958 10.614
19.326 10.610000000000001
19.511 10.681
19.035000000000004 10.629999999999999
19.009 10.719000000000001
18.357 10.662999999999998
18.656 10.652000000000001
19.7 10.704
19.275 10.636
18.668000000000003 10.628
18.882 10.689
18.554000000000002 10.628
18.886999999999997 10.683000000000002
18.684 10.629
18.985000000000003 10.623000000000001
19.717999999999996 10.698999999999998
19.194999999999997 10.642999999999999
19.492000000000004 10.705
19.132 10.649
18.959 10.633000000000001
19.025000000000002 10.682
18.377999999999997 10.626999999999997
18.457 10.627
18.973000000000003 10.69
18.401 10.629999999999997
18.746000000000002 10.658999999999999
18.472 10.640999999999998
18.654 10.614
19.199 10.671
18.842 10.644
18.708000000000002 10.628
19.035000000000004 10.687999999999999
18.37 10.629999999999999
18.355 10.626999999999999
18.804 10.684999999999999
18.461 10.623000000000001
18.855 10.676
18.46 10.632
18.384 10.633999999999999
18.69 10.681999999999999
18.274 10.632
18.543 10.63
18.432 10.68
17.969 10.625000000000002
17.965 10.616
18.362000000000002 10.674999999999999
18.121000000000002 10.613
17.958999999999996 10.613
18.331999999999997 10.675
17.977999999999998 10.619
18.753 10.621
18.619000000000003 10.674
17.747999999999998 10.628000000000002
17.653999999999996 10.624
18.163999999999998 10.679
17.858999999999998 10.627000000000002
17.947 10.628
18.071 10.690000000000001
17.563000000000002 10.631
17.639999999999997 10.625
17.97 10.671999999999999
17.629 10.629999999999999
17.775000000000002 10.626999999999999
18.063000000000002 10.679
17.615 10.623000000000001
17.815 10.616
18.032999999999998 10.674999999999999
17.581999999999997 10.618
18.316000000000003 10.712000000000002
18.470000000000002 10.665
18.497999999999998 10.636999999999999
18.159 10.677999999999999
17.630000000000003 10.634
17.401 10.633
17.556 10.633
18.517 10.684
17.729999999999997 10.635000000000002
18.183000000000003 10.684000000000001
17.475 10.626000000000001
18.051000000000002 10.625
18.237000000000002 10.686999999999998
17.505000000000003 10.627
18.066 10.676
17.867 10.640999999999998
17.684 10.64
18.328000000000003 10.709
17.96 10.647
18.022 10.639
18.026 10.684
17.963 10.634000000000002
17.959999999999997 10.629999999999999
19.025000000000002 10.678999999999998
18.828999999999997 10.655
18.555 10.64
18.791999999999998 10.693999999999999
18.090999999999998 10.643
18.075000000000003 10.642999999999999
18.752 10.701999999999998
18.016000000000002 10.651000000000002
17.881 10.658
18.398999999999997 10.703
18.360999999999997 10.658000000000001
17.876 10.652000000000001
18.13 10.708
18.134 10.656000000000002
18.403 10.663
19.25 10.735999999999999
18.292 10.68
18.453 10.703
18.328 10.672999999999998
17.963 10.647999999999998
18.109 10.697
18.027 10.644
18.826999999999998 10.687
18.154 10.627000000000002
18.520999999999997 10.677
17.926000000000002 10.633999999999999
17.807000000000002 10.629999999999999
18.945 10.687000000000001
17.897999999999996 10.673
18.294999999999998 10.657
18.842000000000002 10.706
18.285999999999998 10.639999999999999
18.304 10.638
18.484 10.7
18.133 10.637
18.666999999999998 10.683
18.206999999999997 10.651
18.139 10.649000000000001
18.313 10.659
18.691 10.715000000000002
23.5669 13.066999999999998
21.688 10.667999999999997
19.049000000000003 10.626000000000001
21.465999999999998 11.924999999999999
19.252 10.690999999999999
18.828999999999997 10.636
19.155 10.646
19.266000000000002 10.685000000000002
19.195999999999998 10.634
19.277 10.638
19.5 10.701
19.331 10.640999999999998
19.458 10.642000000000001
19.859 10.701999999999998
19.392999999999997 10.646
19.834000000000003 10.673
19.357000000000003 10.673
19.665 10.659000000000002
19.52 10.655000000000001
19.744 10.707
19.381 10.646
19.604 10.703
19.33 10.664
19.262 10.663
19.994999999999997 10.71
19.497999999999998 10.681000000000001
19.404000000000003 10.666000000000002
19.926 10.683000000000002
19.555 10.703000000000001
19.464 10.662
19.326999999999998 10.656
19.716 10.714
19.415 10.658000000000001
19.843 10.668999999999999
19.955 10.706
19.723 10.668000000000001
20.127 10.719999999999999
19.561999999999998 10.673
19.723 10.665000000000001
20.313 10.723
19.9 10.671999999999999
20.092 10.668
20.570000000000004 10.725999999999999
20.104999999999997 10.687000000000001
20.002 10.674999999999999
20.035 10.724000000000002
19.533 10.688
19.899 10.684000000000001
20.272 10.738
19.75 10.685
19.791 10.686
20.755000000000003 10.74
19.905 10.682
19.685999999999996 10.683
20.384 10.747000000000002
20.197000000000003 10.693
20.255000000000003 10.697999999999999
20.621000000000002 10.757000000000001
20.044 10.700999999999999
20.133000000000003 10.705
20.346 10.762
19.781 10.697999999999999
19.839 10.691
20.301 10.744000000000002
20.040999999999997 10.698
20.305999999999997 10.691999999999998
20.730999999999998 10.742
20.127 10.702
20.252 10.691999999999998
20.764 10.747
20.434 10.703999999999999
20.407999999999998 10.702
20.474 10.760000000000002
19.992 10.717
19.857 10.709
20.589 10.764000000000001
19.618 10.715000000000002
19.748 10.713000000000001
20.592 10.768
20.080000000000002 10.716999999999999
20.038 10.723999999999998
36.863200000000006 17.3549
27.044 10.594000000000001
20.299 10.573
23.888 13.151000000000002
21.352 11.836
18.894000000000002 10.552
19.211 10.611999999999998
19.026000000000003 10.556000000000001
18.611000000000004 10.556000000000001
19.376 10.623
18.59 10.561
18.986000000000004 10.567
18.872000000000003 10.618999999999998
18.689 10.572
19.294 10.622
19.256 10.566
19.112999999999996 10.562999999999999
19.229 10.621
18.717 10.578
18.555000000000003 10.569
18.647 10.569
19.200999999999997 10.636999999999999
19.031 10.578
19.171999999999997 10.617999999999999
18.739 10.599
18.859 10.575999999999999
19.427 10.614
18.996 10.597999999999999
18.932999999999996 10.576000000000002
19.564 10.648
19.060999999999996 10.595
19.052999999999997 10.585
19.490000000000002 10.65
18.939999999999998 10.592999999999998
19.014999999999997 10.588999999999999
19.322999999999997 10.654
18.87 10.589
19.391 10.595999999999998
19.847 10.657
19.214000000000002 10.595
19.017999999999997 10.593
19.245 10.65
18.701999999999998 10.590000000000002
18.716 10.588000000000001
19.421 10.648
19.119 10.590000000000002
21.6826 11.967
21.166999999999998 10.513
19.711000000000002 10.494
18.496 10.470999999999998
22.508 11.816
19.017999999999997 10.477999999999998
18.916 10.476
18.981 10.539000000000001
18.851 10.480999999999998
18.706 10.478000000000002
19.216 10.545
18.488 10.493
18.474 10.491999999999999
