37.625 16.352499999999996
33.0934 16.1091
36.264100000000006 16.1189
33.79280000000001 16.130999999999997
34.6545 16.357499999999998
36.590700000000005 16.460199999999997
34.4949 16.200200000000002
36.712300000000006 16.345100000000002
35.088699999999996 16.293300000000002
34.85249999999999 16.027000000000005
34.434599999999996 16.177500000000002
33.6655 15.778299999999998
34.73759999999999 16.141299999999998
32.399699999999996 15.985299999999999
37.0018 15.937000000000001
32.82759999999999 15.8015
31.332899999999995 15.764699999999996
32.990700000000004 16.0901
30.7904 16.147100000000002
34.57 16.593999999999998
32.8073 16.2255
30.5095 15.617200000000004
31.136200000000002 16.0727
31.907600000000002 15.785200000000001
34.302499999999995 16.0026
30.691900000000004 16.096700000000002
32.8367 16.048300000000005
30.8374 15.8746
28.843200000000007 15.8631
30.7695 15.6771
30.858400000000007 15.830400000000003
35.8387 16.342399999999994
32.01109999999999 16.0279
32.7162 15.8141
30.231799999999996 15.945400000000001
30.480400000000014 15.8151
37.8209 16.2355
34.88400000000001 16.1607
38.16129999999999 16.253899999999994
32.052400000000006 16.080599999999997
23.866400000000006 15.600400000000004
27.920499999999997 15.9669
27.929900000000004 15.824799999999998
28.5722 15.945500000000001
32.3059 16.6331
36.924800000000005 16.648200000000003
33.030499999999996 16.303500000000003
37.110699999999994 16.274400000000004
43.63800000000001 16.422200000000004
41.32699999999999 16.450199999999995
42.17699999999999 16.2962
31.108500000000006 15.9043
33.3305 16.133200000000002
32.660700000000006 16.3537
31.825599999999998 16.097199999999997
36.546299999999995 16.2824
33.117000000000004 16.3284
34.2113 15.966800000000001
30.947899999999994 15.954699999999994
35.0489 16.018800000000006
35.679100000000005 16.1133
32.5591 16.017
35.2688 16.111600000000003
32.29359999999999 16.256600000000002
32.8685 16.0196
32.237100000000005 15.909000000000004
32.2786 16.152900000000002
34.2462 16.194899999999997
32.99 16.0988
32.47890000000001 15.9903
30.370599999999996 15.921799999999998
32.180400000000006 15.838600000000003
35.787400000000005 16.1058
31.716100000000004 15.944700000000001
34.033300000000004 15.871400000000001
31.655 15.870600000000001
31.98879999999999 15.907299999999994
30.933999999999994 15.562100000000001
27.1009 15.784499999999998
36.7726 15.621199999999996
32.593500000000006 16.0913
31.7522 15.787500000000001
16.2064 13.894499999999995
46.281 15.692899999999998
36.86740000000001 15.795700000000002
32.706700000000005 15.879000000000001
36.082 15.6297
32.369899999999994 15.718899999999996
31.35159999999999 15.858699999999997
30.5069 15.341799999999997
31.784799999999997 15.9706
34.0684 15.897
33.29809999999999 16.1208
33.57639999999999 16.0218
31.6227 15.8493
33.92599999999999 16.0406
37.59599999999999 15.818800000000005
35.7907 16.1309
35.54639999999999 15.930200000000003
29.887500000000006 15.553200000000004
31.134399999999996 15.785000000000002
31.450400000000005 15.641799999999991
30.499399999999998 15.832600000000003
32.26199999999999 15.859499999999999
33.19499999999999 15.866
31.869800000000005 15.813499999999994
30.774700000000006 15.6783
31.8733 15.854600000000001
33.5396 15.722699999999998
34.2312 15.877500000000003
35.43399999999999 15.778300000000002
33.22839999999999 15.734299999999996
32.572599999999994 15.9126
30.362000000000002 15.451100000000004
36.59599999999999 15.856300000000005
35.5307 16.220499999999998
35.312 15.963399999999996
33.3125 16.405
31.085600000000003 16.286199999999997
33.6149 16.2444
36.0894 16.1193
34.259299999999996 16.189300000000003
36.376 16.181099999999997
33.834199999999996 15.6966
34.150700000000015 15.641
34.0104 15.8554
34.8308 15.947699999999998
36.8943 15.860700000000003
34.6996 15.972799999999998
34.2736 15.644700000000004
32.09999999999999 15.432699999999997
33.67490000000001 15.832699999999997
37.050799999999995 15.758600000000003
34.7617 15.818799999999996
36.98799999999999 15.790499999999996
34.3731 15.634900000000002
32.033899999999996 15.8104
34.4523 15.7189
32.93260000000001 16.276599999999995
36.178 16.2811
34.3736 16.321299999999994
33.218700000000005 15.956100000000001
31.8218 15.764399999999998
34.0845 16.262900000000002
38.056 16.0052
35.8664 16.1032
36.875400000000006 16.148600000000002
32.219300000000004 15.869200000000003
32.51 15.792
32.8727 15.7147
32.903999999999996 15.973500000000001
35.4388 16.129200000000004
32.363499999999995 15.983700000000006
37.575199999999995 15.5383
32.5651 15.8667
35.1509 16.012600000000006
37.61400000000002 16.015200000000004
37.08310000000001 15.933900000000001
39.00500000000001 15.814099999999998
34.91840000000001 15.811999999999998
36.0782 16.2718
34.999700000000004 15.837599999999998
36.4407 15.947299999999998
38.74999999999999 16.1401
36.80790000000001 16.6543
34.63879999999999 16.278699999999997
33.924800000000005 15.938699999999997
34.28650000000001 16.0662
37.949 15.991400000000002
35.9055 16.240600000000004
38.619 16.222399999999997
34.67399999999999 16.011100000000003
34.94179999999999 16.024000000000004
34.6789 15.8417
16.0025 14.057400000000001
49.527 15.908699999999998
44.919000000000004 16.244400000000002
36.00790000000001 15.9235
34.29659999999999 15.747799999999998
35.6665 16.017199999999995
38.762 15.972699999999998
20.729899999999997 13.921400000000004
49.88000000000001 16.1483
44.81499999999999 16.264799999999997
35.67180000000001 15.899600000000005
35.9953 15.682000000000002
33.44919999999998 15.769
40.11000000000002 16.271299999999997
36.75239999999999 16.235200000000003
37.92 16.4962
36.4876 16.6014
37.4288 16.5918
42.61000000000001 16.4551
40.97699999999998 16.373600000000003
40.355000000000004 16.3252
36.153600000000004 16.0941
37.866000000000014 16.278899999999997
37.159200000000006 16.3904
37.332 16.9183
38.10500000000001 16.642799999999998
35.48289999999999 16.098200000000002
39.635000000000005 16.5427
34.793800000000005 16.106
38.33399999999999 16.244100000000003
40.110000000000014 16.343999999999998
38.293000000000006 16.404899999999998
40.736 16.435100000000002
37.556999999999995 15.992699999999996
37.955 16.407
37.084399999999995 16.1742
37.705999999999996 16.6458
38.586999999999996 16.811799999999998
36.746 16.3054
35.891099999999994 16.076900000000002
33.665200000000006 16.0597
41.790000000000006 16.3665
50.987 16.459699999999998
38.10499999999999 16.351299999999995
38.61799999999999 16.4451
35.7201 16.291699999999995
36.269299999999994 16.3702
35.23779999999999 16.085
35.951899999999995 16.3866
37.31560000000001 16.5051
36.037399999999984 16.678
35.44759999999999 16.4344
33.212399999999995 16.070499999999996
29.9259 15.509099999999998
42.807999999999986 16.292
36.795 16.432299999999998
38.181799999999996 16.3439
35.96530000000001 16.245
35.066399999999994 16.3673
36.339000000000006 15.930000000000003
35.53269999999999 16.254299999999997
37.694 16.460200000000004
35.964600000000004 16.646900000000002
35.00440000000001 16.717599999999997
34.7697 16.333800000000004
35.897600000000004 16.362099999999998
38.14400000000001 16.3588
36.8377 16.394200000000005
37.885 16.281100000000002
32.8054 16.123199999999997
33.647499999999994 16.2567
34.8608 16.304899999999993
33.13289999999999 16.484900000000003
35.7953 16.5449
34.8322 16.460900000000002
33.40710000000001 16.220800000000004
31.303399999999996 16.1432
15.7189 15.2968
45.525000000000006 16.264200000000002
38.755 16.297500000000007
38.296 16.0759
34.0758 16.038800000000002
32.628899999999994 16.037
34.915099999999995 16.0341
33.5219 16.1681
34.83599999999999 16.135500000000004
34.0512 16.167400000000004
32.17959999999999 16.189599999999995
30.391199999999998 16.029999999999994
30.808400000000002 16.137900000000002
35.6865 16.0782
34.4313 16.1332
34.7686 16.143700000000003
31.961299999999998 16.0766
32.72209999999999 16.140699999999995
33.05499999999999 16.119699999999998
31.327000000000005 16.313900000000004
34.32329999999999 16.032399999999996
33.42019999999999 16.4138
32.73780000000001 16.406200000000002
30.740199999999994 15.996599999999999
30.017299999999995 15.9912
38.73199999999999 16.1691
36.801899999999996 16.3748
36.682999999999986 16.1563
34.38489999999999 16.156600000000005
33.093300000000006 16.398500000000002
33.9531 16.356699999999996
32.0531 16.2142
34.81720000000001 16.4894
33.62559999999999 16.6871
33.61780000000001 16.510499999999997
32.7523 16.243099999999995
33.15390000000001 16.2681
