9.2638 8.1734
8.3474 8.2654
9.414200000000001 8.2914
8.480000000000002 8.162600000000001
9.273700000000002 8.1816
8.864700000000001 8.1611
8.9967 8.2678
8.518899999999999 8.2367
8.9255 8.198500000000001
8.222999999999999 8.2497
9.050899999999999 8.1877
8.364099999999999 8.1917
9.328200000000002 8.1344
8.755299999999998 8.2313
9.1036 8.203000000000001
8.9234 8.1894
9.6469 8.2566
8.8257 8.2154
9.5814 8.180399999999999
8.9401 8.201500000000001
9.512299999999998 8.4031
8.479999999999999 8.174199999999999
9.3575 8.2102
8.5143 8.2259
9.592099999999999 8.125200000000001
8.4052 8.169599999999999
9.957500000000001 8.2719
8.5922 8.302900000000001
9.2695 8.2612
8.379299999999999 8.1939
9.5089 8.2039
8.054400000000001 8.232099999999997
9.6354 8.2834
11.156 8.201600000000001
9.347999999999999 8.223799999999999
9.4729 8.1748
9.761500000000002 8.2222
8.5448 8.280999999999999
9.2363 8.276299999999999
8.4068 8.353499999999999
9.080599999999999 8.338899999999999
8.1565 8.1673
9.1022 8.2948
7.921499999999999 8.310599999999999
8.9737 8.1808
7.903500000000001 8.3411
9.5145 8.1894
8.302200000000001 8.1084
9.4471 8.1683
8.419699999999999 8.2412
9.4564 8.1399
8.544 8.1995
9.048799999999998 8.3031
8.1048 8.2108
9.217 8.4024
8.3231 8.2649
9.0594 8.1864
8.3977 8.2162
9.0866 8.308399999999999
8.004 8.145199999999999
9.011800000000001 8.268699999999999
8.409799999999999 8.296199999999999
8.845500000000001 8.231300000000001
8.154300000000001 8.424399999999999
8.972100000000001 8.337399999999999
8.226099999999999 8.189499999999999
8.209999999999999 8.1681
7.985 8.0909
10.5196 8.1061
7.8759 8.259599999999999
8.6074 8.241399999999999
8.018600000000001 8.227600000000002
8.7189 8.2452
8.519700000000002 8.1085
8.609 8.2847
8.088000000000001 8.152099999999999
8.4534 8.3457
7.894899999999999 8.155800000000001
8.6397 8.221599999999999
8.23 8.3856
8.6823 8.3436
7.9017 8.184800000000001
8.953800000000001 8.1924
7.8765 8.2244
8.770700000000001 8.277199999999999
8.428099999999999 8.160400000000001
9.2777 8.330599999999999
8.4839 8.1894
9.0438 8.204799999999999
7.9955 8.2361
9.0531 8.2445
8.351899999999999 8.1993
9.135100000000001 8.257100000000001
8.250399999999999 8.239900000000002
8.9546 8.1817
8.147400000000001 8.2801
11.366999999999999 8.3977
8.617400000000002 8.205400000000001
9.303899999999999 8.351
8.9964 8.342899999999998
9.8376 8.289299999999999
8.492999999999999 8.387799999999999
10.2969 8.315199999999999
8.479300000000002 8.252799999999999
9.7714 8.3062
8.4816 8.1574
9.258999999999999 8.2337
8.6425 8.2955
9.563500000000001 8.319899999999999
8.8623 8.2757
9.607 8.2885
8.851600000000001 8.152899999999999
10.1793 8.3039
8.7756 8.2139
9.6714 8.2147
8.7646 8.2145
9.9315 8.210099999999997
10.494399999999999 8.255899999999999
9.282100000000002 8.286200000000001
8.6256 8.1986
9.539900000000001 8.3618
8.944700000000001 8.2558
10.115900000000002 8.261199999999999
9.239299999999998 8.2122
9.7443 8.1367
8.471600000000002 8.218300000000001
9.4377 8.2344
8.6686 8.2376
9.447700000000001 8.266399999999999
8.560799999999999 8.0597
9.4739 8.3985
8.576199999999998 8.2337
9.685099999999998 8.2205
8.529599999999999 8.2649
9.5671 8.238199999999999
9.328899999999999 8.214500000000001
10.127600000000001 8.1193
10.4132 8.2727
9.5976 8.236
8.9019 8.087100000000001
9.1351 8.104600000000001
8.471699999999998 8.1123
9.0259 8.2488
8.6884 8.2343
9.3901 8.319899999999999
8.9234 8.216099999999999
9.965700000000002 8.290799999999997
8.448 8.1871
8.3961 8.224499999999999
7.544599999999998 8.2039
8.052200000000001 7.9942
7.492 8.1301
7.6028 8.140500000000001
7.475 8.3145
7.765 8.236
7.5668 8.153599999999999
7.994699999999999 8.116999999999999
7.6638 8.2052
8.2526 8.2657
8.0971 8.0963
8.2688 8.2893
8.053 8.209299999999999
8.221499999999999 8.1422
8.0384 8.1802
8.1949 8.1086
8.168199999999999 8.175699999999999
7.925600000000001 8.2344
7.550799999999999 8.1093
8.071200000000001 8.1595
7.8391 8.1848
8.1696 8.258000000000001
7.634 8.1566
7.9658999999999995 8.187
7.910199999999999 8.169500000000001
7.9018999999999995 8.161200000000001
7.897799999999999 8.114600000000001
8.335 8.200800000000001
8.032200000000001 8.1473
7.6561 8.129800000000001
7.739999999999999 8.1742
8.0651 8.0926
7.650799999999999 8.110899999999999
8.135100000000001 8.088
7.972799999999999 8.238199999999999
7.859200000000001 8.1551
7.630899999999999 8.133899999999999
7.7981 8.1673
7.728 8.152
8.1337 8.1871
7.8965000000000005 8.1656
8.1748 8.235000000000001
7.5837 8.1177
7.9331 8.1078
7.944500000000001 8.252799999999999
7.989399999999999 8.137400000000001
7.9413 8.0269
7.9949 8.119900000000001
7.894300000000001 8.162600000000001
8.0711 8.1451
8.007799999999998 8.078000000000001
8.0626 8.1329
7.9857 8.0833
8.202399999999999 8.207699999999999
7.968800000000001 8.1933
8.1933 8.2314
8.165799999999999 8.1542
8.285499999999999 8.145299999999999
7.767399999999999 8.118400000000001
7.916200000000001 8.1698
7.713400000000001 8.232800000000001
7.808699999999999 8.142199999999999
7.5942 8.0476
8.3122 8.221300000000001
7.593500000000001 8.2102
7.7584 8.196200000000001
7.586600000000001 8.097900000000001
7.920000000000001 8.075000000000001
7.756200000000001 8.134400000000001
7.997699999999999 8.1536
7.6507000000000005 8.1239
8.0894 8.1131
7.550599999999999 8.1513
7.768199999999998 8.175099999999999
7.2769 8.180299999999999
7.919300000000002 8.177999999999999
7.7538 8.1466
8.011 8.094700000000001
7.7918 8.065800000000001
7.6836 8.0939
7.531000000000001 8.1537
7.344100000000001 8.0261
7.3792 8.1473
8.0069 8.1658
7.5440000000000005 8.004800000000001
7.661499999999998 7.9964
7.6477 8.1337
7.7919 7.9682
7.197800000000002 8.0176
7.8583 8.213799999999999
7.307400000000001 8.0733
7.604900000000001 7.9978
7.223700000000003 8.0971
7.4738 8.133
7.4517 8.1986
7.762099999999999 8.2245
7.417499999999999 8.168899999999999
7.6842999999999995 8.1831
7.368499999999998 8.090900000000001
7.46 8.184899999999999
7.2372 8.135800000000001
7.7520999999999995 8.205400000000001
7.3074 8.104600000000001
7.284600000000001 8.1741
7.1541 8.182599999999999
7.3225999999999996 8.1701
7.0815 8.075700000000003
7.379999999999999 8.054400000000001
6.9434 8.047500000000001
7.205100000000001 8.0375
7.2845 8.068100000000001
7.3073 8.024700000000001
7.5805 8.1383
8.0734 8.104700000000001
7.677600000000001 7.9954
8.3099 8.0749
8.8065 8.107700000000001
8.532599999999999 8.1481
8.404499999999999 8.130600000000001
8.5556 8.177999999999999
8.476299999999998 8.190900000000001
8.4534 8.2246
8.4992 8.114799999999999
8.8043 8.146500000000001
8.214599999999999 8.201500000000001
8.561700000000002 8.193200000000001
8.380100000000002 8.2116
8.4397 8.091099999999999
8.2358 8.120800000000001
8.492999999999999 8.091800000000001
8.378499999999999 8.0957
8.2375 8.156600000000001
8.280999999999999 8.1428
10.9881 8.2131
11.008999999999999 8.176400000000001
15.136000000000003 8.4641
9.5283 8.3162
9.8532 8.3344
12.950999999999999 8.4632
