21.060000000000002 5.6952
21.394 5.6917
20.904999999999998 5.6932
21.129000000000005 5.6959
21.005 5.6809
20.877999999999997 5.678999999999999
20.584 5.6721
20.692 5.67
20.89 5.6905
20.911000000000005 5.683999999999999
20.827 5.6805
20.479999999999997 5.668200000000001
20.396 5.661899999999999
20.389000000000003 5.6564
20.085000000000004 5.6564000000000005
20.311 5.648200000000001
20.29 5.6450000000000005
20.025000000000002 5.6389
19.898 5.6583
20.212999999999997 5.646800000000001
20.033 5.6444
20.279000000000007 5.6511
20.459000000000003 5.6396999999999995
20.409 5.637700000000001
20.159 5.6514
20.607 5.645899999999999
20.275 5.6393
20.488 5.6499
20.35 5.6326
20.268 5.6357
20.066000000000003 5.6335
20.801 5.6507
20.933 5.664
21.345 5.6728
21.017 5.686200000000001
20.893 5.6883
20.657999999999998 5.697599999999999
21.029999999999998 5.6859
20.86 5.7049
20.956 5.6929
20.767 5.6998
20.696 5.6948
20.561 5.6831000000000005
20.543000000000006 5.677899999999999
20.469 5.6987000000000005
20.413000000000004 5.691199999999999
20.219 5.694599999999999
20.151999999999997 5.675800000000001
19.929999999999996 5.695399999999999
19.991999999999997 5.680599999999999
19.749999999999996 5.6733
19.741999999999997 5.661700000000001
19.676000000000002 5.663400000000001
19.403000000000002 5.6603
19.091 5.6584
19.463 5.6503
19.477000000000004 5.6445
19.661 5.6411999999999995
19.416 5.641099999999999
19.395 5.6323
19.488 5.6358999999999995
19.395 5.6305
19.230999999999998 5.629199999999999
18.931000000000004 5.6107000000000005
18.817 5.6141000000000005
19.03 5.6184
18.773999999999997 5.604800000000001
18.545 5.6091
18.266000000000002 5.5962
18.404000000000003 5.603400000000001
18.319 5.602300000000001
17.809 5.585500000000001
17.76 5.589699999999999
17.903 5.5842
18.041 5.5676
18.322999999999997 5.5711
18.304000000000002 5.556500000000001
17.846 5.567
17.466 5.5515
17.136 5.5422
17.18 5.5377
16.865 5.530100000000001
17.057999999999996 5.516900000000001
17.108 5.5179
17.106999999999996 5.5075
17.153000000000002 5.5038
17.221 5.5076
17.402 5.4874
17.380000000000003 5.476699999999999
17.189 5.4778
17.189 5.470099999999999
17.256 5.4674000000000005
17.108 5.4612
17.047 5.4497
16.580000000000002 5.4574
16.795 5.4578
17.035999999999998 5.4548
16.844 5.4491000000000005
16.4963 5.4456999999999995
16.362000000000002 5.4428
16.409 5.4287
16.323 5.431100000000002
16.54 5.4241
16.756 5.4219
16.366 5.4266000000000005
16.424000000000003 5.411200000000001
16.299000000000003 5.4115
16.098799999999997 5.3977
16.0407 5.3881000000000006
15.706299999999999 5.391
15.757399999999999 5.3900000000000015
15.793600000000001 5.380700000000001
15.9933 5.385299999999999
15.856799999999998 5.378
15.879300000000002 5.3727
16.0374 5.366500000000001
15.9478 5.3577
15.998299999999999 5.3579
16.384499999999996 5.3384
16.3275 5.3566
16.3239 5.344
16.5281 5.3444
16.4211 5.3443
16.713 5.336100000000001
16.811999999999998 5.3417
16.859 5.3319
16.960300000000004 5.3428
16.654 5.3416999999999994
16.6203 5.346100000000001
16.7099 5.3386
16.622600000000002 5.3392
17.036 5.347199999999999
17.479 5.353300000000001
17.39 5.355900000000001
17.166 5.3549000000000015
17.234 5.341800000000001
17.413 5.3426
17.338 5.3389
17.431 5.3323
17.578000000000003 5.3288
18.095000000000002 5.3504000000000005
18.408 5.3471
18.215999999999998 5.3595999999999995
18.334000000000003 5.370700000000001
18.967000000000002 5.3734
19.177000000000003 5.359999999999999
19.084 5.377400000000001
19.335 5.389300000000001
19.221 5.3907
19.333000000000002 5.3799
19.159 5.405
19.047000000000004 5.3973
19.012 5.4061
19.512999999999998 5.422599999999999
19.278 5.4252
19.527 5.407900000000001
19.796999999999997 5.4304000000000014
19.697 5.441
19.916999999999998 5.443100000000001
20.071 5.4566
20.009 5.4603
20.296 5.456499999999999
20.188 5.4616
20.538999999999998 5.472199999999999
20.776999999999997 5.481699999999999
20.511999999999997 5.469099999999999
20.463 5.4785
20.693 5.4932
20.873 5.5071
21.148 5.5208
21.189000000000004 5.541
21.262999999999998 5.5523
21.244000000000003 5.5756000000000006
21.597 5.581299999999999
21.751 5.5833
21.938999999999997 5.6182
21.968999999999998 5.6126000000000005
22.092000000000002 5.6418
21.650999999999996 5.656699999999999
21.522 5.6645
21.794 5.6644
21.55 5.6846
19.988 5.278300000000001
22.346 5.682300000000001
21.664 5.681699999999999
21.912 5.6881
21.791999999999998 5.708800000000001
21.813000000000002 5.6969
21.672 5.7038
21.98 5.7037
21.873 5.7034
22.463 5.723199999999999
22.360000000000003 5.7056
22.1 5.707999999999999
21.816999999999997 5.721800000000001
22.333 5.714799999999999
22.208000000000002 5.7293
22.356 5.7435
22.342000000000002 5.738100000000001
22.027 5.7364999999999995
21.861 5.717499999999999
21.744 5.727399999999999
22.27 5.7375
22.669000000000004 5.7342
22.866 5.732600000000001
22.817999999999998 5.729699999999999
22.717000000000002 5.7373
22.578 5.7329
21.939999999999994 5.7336
22.061999999999998 5.7373
22.004 5.729399999999999
22.124000000000002 5.7247
21.989 5.753300000000001
22.327 5.7411
22.468 5.7425999999999995
22.58 5.740300000000001
22.200000000000003 5.729500000000002
22.578999999999997 5.7303999999999995
21.464 5.7526
22.044999999999998 5.7495
21.943 5.764199999999999
22.724000000000004 5.759399999999999
22.339000000000002 5.7688
22.597000000000005 5.7635
22.599 5.7663
22.614999999999995 5.749499999999999
22.569 5.761799999999999
22.788999999999998 5.7579
22.479999999999997 5.7641
22.487 5.7509999999999994
22.51 5.7732
22.438 5.7741
21.859 5.779400000000001
21.929 5.7669999999999995
21.928 5.764899999999999
22.103999999999996 5.7609
22.093 5.7586
22.011999999999997 5.7634
21.992 5.776999999999999
22.272000000000002 5.776299999999999
22.459 5.7822
23.067 5.7755
22.602999999999998 5.7877
22.377999999999997 5.776199999999999
22.462 5.7778
22.688999999999997 5.775100000000001
22.208000000000002 5.777000000000001
22.035999999999998 5.771000000000001
21.883000000000003 5.783100000000001
22.381999999999998 5.7907
22.232999999999997 5.7916
22.277 5.792999999999999
22.409 5.7914
22.431000000000004 5.783199999999999
22.397999999999996 5.7825
22.234000000000005 5.7807
21.966 5.8044
22.072999999999997 5.7891
22.070000000000004 5.777799999999999
21.817000000000004 5.7891
21.871000000000006 5.7685
22.051 5.7692000000000005
22.451 5.7716
21.990000000000002 5.768400000000001
21.786 5.764600000000001
21.771 5.7671
21.686999999999994 5.765499999999999
21.767 5.761699999999999
21.279999999999998 5.7741
21.463 5.7578
21.384 5.7493
21.487000000000002 5.747099999999999
21.403 5.7556
21.386000000000003 5.7463
21.393 5.750699999999999
21.348 5.747199999999999
21.252 5.7425999999999995
21.654000000000003 5.7376
21.306 5.7482999999999995
21.048 5.742299999999999
21.059 5.745999999999999
21.051000000000002 5.743099999999999
20.82 5.735799999999999
20.69 5.739
20.967999999999996 5.7314
20.916999999999998 5.7242999999999995
20.802 5.732000000000001
20.332000000000004 5.729800000000001
