39.745 15.154
36.668000000000006 15.143
43.248000000000005 15.146
32.885999999999996 15.134999999999998
34.306 15.132000000000001
40.416999999999994 15.14
46.40299999999999 15.166000000000002
38.061 15.171999999999999
42.181999999999995 15.174999999999999
46.613 15.183
43.07900000000001 15.187000000000001
46.167 15.183
41.46699999999999 15.175000000000002
34.144999999999996 15.173
37.877 15.171000000000001
39.384 15.173000000000004
48.61899999999999 15.184000000000001
44.688 15.174999999999999
43.576 15.175999999999998
38.745 15.18
38.001 15.163000000000002
39.861999999999995 15.156000000000002
38.706 15.170000000000003
40.163 15.151
37.734 15.161000000000001
42.88 15.176
37.444 15.173
32.836999999999996 15.171999999999999
43.653000000000006 15.183000000000002
40.771 15.165000000000001
37.89 15.173
35.958 15.179
42.625 15.183000000000002
43.073 15.179
33.879999999999995 15.184999999999999
37.17 15.185
50.75400000000001 15.186000000000002
50.254 15.185
31.295999999999996 15.165999999999999
44.256 15.135000000000002
45.032 15.136
40.185 15.134
21.202899999999996 15.131
40.434000000000005 15.166000000000002
41.818 15.177000000000001
43.297999999999995 15.196000000000002
43.794999999999995 15.207
33.631 15.196000000000002
38.853 15.177999999999999
36.131 15.180000000000001
33.505 15.173
37.097 15.177000000000001
36.222 15.185
33.04899999999999 15.184000000000001
39.769000000000005 15.185
36.374 15.188000000000002
37.775999999999996 15.185
34.003 15.182
32.599999999999994 15.191000000000003
33.745999999999995 15.195
37.617999999999995 15.194000000000003
37.094 15.188000000000002
44.41700000000001 15.182
45.925 15.189
37.857000000000006 15.186000000000002
27.380899999999997 15.187999999999999
26.604899999999997 15.180999999999997
32.522 15.181000000000001
25.525399999999998 15.174000000000001
28.584 15.182
36.040000000000006 15.2
19.5222 15.180000000000001
17.032799999999998 15.169000000000002
30.591 15.184000000000001
28.109 15.177999999999999
30.2064 15.194000000000003
36.961 15.198
20.9005 15.188000000000002
18.4259 15.188000000000002
36.45099999999999 15.197
22.271599999999996 15.181000000000001
18.695000000000004 15.178000000000003
34.64699999999999 15.193000000000001
20.614 15.186
22.0029 15.17
39.205 15.186000000000002
31.000900000000005 15.173
21.080399999999997 15.167999999999997
33.717999999999996 15.18
24.394199999999998 15.185
27.778000000000002 15.190999999999999
39.111999999999995 15.199000000000002
26.235999999999997 15.187999999999999
21.321199999999997 15.176
32.434 15.187000000000001
24.144999999999996 15.185
25.199499999999997 15.179000000000004
29.549000000000003 15.191000000000003
25.728999999999996 15.181000000000001
23.275399999999998 15.183000000000002
26.178999999999995 15.183000000000002
29.734000000000005 15.185
23.318 15.179
24.405900000000003 15.184999999999999
33.414 15.177000000000001
23.743499999999997 15.168999999999999
23.1018 15.17
36.57899999999999 15.193999999999999
22.1223 15.175000000000002
20.3579 15.174000000000001
37.456 15.183
21.1726 15.167999999999997
19.067800000000002 15.167999999999997
35.998999999999995 15.182
23.4375 15.169000000000002
25.636 15.171000000000001
40.647999999999996 15.189
27.381599999999995 15.174999999999999
25.142000000000003 15.179
34.60699999999999 15.192
25.548000000000005 15.175999999999998
29.508599999999994 15.173
40.765 15.176
32.74999999999999 15.17
22.693899999999996 15.159999999999998
28.253 15.160000000000002
30.269000000000002 15.160000000000002
27.582 15.159
27.854999999999997 15.160000000000002
28.284 15.168000000000001
25.781100000000002 15.174
25.684600000000003 15.183000000000002
33.964000000000006 15.169000000000002
25.564500000000002 15.158
22.403300000000005 15.155000000000001
37.333 15.171000000000001
26.763199999999998 15.162
24.129800000000003 15.160000000000002
33.60399999999999 15.169000000000002
19.2886 15.152000000000001
24.1986 15.157000000000002
36.797 15.171000000000001
21.572 15.164
24.384999999999998 15.177
31.115000000000002 15.161999999999997
23.8888 15.163000000000002
18.880799999999997 15.155000000000001
25.960300000000004 15.161
29.179000000000006 15.163000000000002
23.4461 15.159999999999998
22.034299999999998 15.15
28.939999999999998 15.159999999999998
22.4871 15.158000000000001
19.490299999999998 15.152000000000001
36.472 15.171000000000001
20.8875 15.167
19.407199999999996 15.145
37.09899999999999 15.162
26.0322 15.159
28.8793 15.166000000000002
28.9648 15.165999999999999
18.869400000000002 15.153999999999998
26.137000000000004 15.162
29.097 15.168000000000001
27.912 15.163000000000002
25.227500000000003 15.165999999999999
26.304899999999996 15.164
28.992500000000003 15.183
28.298999999999996 15.161
27.817000000000004 15.164
32.847 15.168999999999999
28.5122 15.161
21.4238 15.156
35.661 15.17
24.737000000000002 15.160000000000002
25.680999999999997 15.165000000000001
38.268 15.174000000000001
29.788000000000004 15.165999999999999
35.482 15.18
34.918 15.197
26.571 15.162
24.026899999999998 15.159
29.597999999999995 15.159
31.566000000000006 15.162
33.78 15.168000000000001
32.237 15.168000000000001
31.036199999999997 15.159999999999998
30.128299999999996 15.158
22.723599999999998 15.156
31.574999999999996 15.157000000000002
18.5317 15.15
15.192799999999998 15.151
34.367999999999995 15.148000000000003
30.439 15.145
9.879399999999999 15.124
18.5335 15.136
21.655000000000005 15.136000000000003
44.519 15.129999999999999
51.489000000000004 15.148
28.052 15.149
24.7055 15.14
27.088299999999997 15.143
27.197899999999997 15.138000000000002
32.772999999999996 15.159
31.485999999999997 15.158
27.298999999999996 15.156000000000002
31.94 15.156
35.065 15.158
29.048999999999996 15.158
20.1282 15.151
12.8594 15.138000000000002
19.325200000000002 15.152000000000001
38.788 15.162000000000003
33.524 15.166000000000002
37.163000000000004 15.164000000000003
27.987999999999996 15.176000000000004
26.6938 15.163000000000002
34.702 15.173
28.451000000000004 15.162
21.9155 15.153
28.343899999999998 15.161
26.724199999999996 15.162
24.617800000000003 15.159
31.42599999999999 15.164
31.935000000000002 15.159
36.847 15.154
29.961000000000006 15.131
34.510999999999996 15.167
35.162 15.173
30.514999999999997 15.167
27.812000000000005 15.160000000000002
40.26 15.168999999999999
38.467 15.165000000000003
31.408 15.166000000000002
35.074000000000005 15.165000000000001
28.687399999999997 15.152000000000001
33.329 15.15
39.66499999999999 15.156999999999998
40.833 15.165999999999999
28.522000000000002 15.176
41.246 15.176000000000004
38.88399999999999 15.173
38.256 15.164999999999997
24.5655 15.17
42.37100000000001 15.165000000000001
43.634 15.162
48.952 15.174999999999999
33.495000000000005 15.159999999999998
38.083999999999996 15.120999999999999
42.663 15.151
42.583 15.169000000000002
42.409 15.191000000000003
44.641000000000005 15.187999999999999
43.86599999999999 15.192999999999998
45.083999999999996 15.185
45.58400000000001 15.192000000000002
52.892 15.199000000000002
39.524 15.177000000000001
39.582 15.169000000000002
43.433 15.183000000000002
46.001 15.185
44.212999999999994 15.187999999999999
55.407000000000004 15.198
52.222 15.206
43.429 15.192999999999998
36.981 15.173
42.37 15.177
40.074000000000005 15.173000000000004
40.823 15.15
49.732 15.160000000000002
45.43800000000001 15.179
42.713 15.163000000000002
37.712 15.162
21.82 15.143999999999998
46.788 15.176
48.706 15.187000000000001
48.77 15.187000000000001
46.277 15.183
37.157000000000004 15.173
36.760000000000005 15.169000000000002
35.192 15.168999999999999
42.736999999999995 15.173
50.169 15.172999999999998
43.516 15.177999999999999
40.903 15.148
35.846000000000004 15.151
34.334 15.137
38.917 15.158000000000001
