41.273329999999994 14.9429
47.29504 15.871500000000003
47.6047 16.092499999999998
39.969719999999995 14.9456
50.82600000000001 16.732999999999997
51.946000000000005 16.957000000000004
44.15059 15.967999999999998
47.910039999999995 16.424500000000002
49.907999999999994 16.522000000000002
40.743089999999995 15.227600000000002
42.30941 15.376399999999999
47.207600000000006 15.942599999999999
46.61338 16.1851
53.687 17.009999999999998
49.0504 16.3225
48.1748 16.22
44.99404 15.744
40.54917 15.0609
44.46004 15.5891
38.91182 14.7281
41.70240999999999 15.0671
53.440999999999995 16.662
47.03812 15.725099999999998
51.968039999999995 16.3155
53.136422 14.699998499999998
34.39675 13.3789
31.710829999999994 13.323000000000002
31.882379999999998 13.2583
47.320589999999996 15.434599999999998
56.423 16.75
56.15499999999999 17.002
50.4035 15.995000000000001
42.77644 14.910200000000001
40.629540000000006 14.6284
40.88846 14.7766
38.87171000000001 14.279600000000004
39.990629999999996 14.578599999999998
45.1356 15.247099999999996
40.360519999999994 14.568999999999999
50.15474000000001 15.809099999999997
46.872069999999994 15.388599999999997
47.124449999999996 15.5138
42.43364 14.696700000000002
38.17189 14.076
40.84098 14.4752
36.62804 13.842699999999999
42.262080000000005 14.652099999999999
46.62802000000001 15.283199999999997
44.666639999999994 14.9646
41.955450000000006 14.700199999999999
38.594 14.2349
37.232980000000005 13.863300000000004
35.263580000000005 13.4281
39.54015 13.875700000000002
30.554400000000005 12.783900000000001
37.66437 13.4335
42.843770000000006 14.044799999999999
35.955729999999996 13.267399999999999
40.64767 13.6964
35.673399999999994 12.906499999999998
31.01345 12.4867
42.940020000000004 13.699899999999998
32.24712 12.5027
28.64082 12.0798
41.62344 13.483099999999999
35.35271 12.703500000000002
29.15163 12.1002
33.93616 12.4837
29.97337 12.1138
35.133410000000005 12.738100000000003
42.8714 13.836800000000002
35.11508 12.717299999999998
22.174380000000003 11.172400000000001
31.888479999999998 12.1706
29.236049999999995 11.8034
21.108469999999997 10.949299999999997
30.081239999999998 11.8842
27.536809999999996 11.642999999999999
25.506809999999998 11.395600000000002
26.664719999999996 11.455199999999998
26.88166 11.622499999999999
25.904490000000003 11.4925
27.12519 11.474
31.26834 11.942600000000002
20.21115 10.8503
22.972899999999996 11.214
36.36451999999999 12.679700000000002
23.54311 11.353400000000002
22.393429999999995 11.0826
36.75605 12.6277
22.83749 11.2198
20.853569999999998 11.0601
38.078419999999994 12.627600000000003
21.8543 10.9511
23.12648 11.1549
37.922200000000004 12.7821
27.721270000000004 11.5911
29.905600000000003 11.7256
33.19924 12.0236
22.765219999999996 11.006
29.42278 11.6779
37.68211 12.4996
32.44112 12.011400000000002
24.42143 11.286100000000001
27.97848 11.616300000000003
33.132819999999995 12.151799999999998
25.364549999999998 11.3146
26.769049999999993 11.537299999999998
33.68119 12.291699999999999
24.33973 11.295099999999998
23.99863 11.2601
36.04214999999999 12.525499999999997
23.729149999999997 11.224
22.67055 11.1431
38.51114 12.687999999999999
23.760879999999997 11.1432
22.158710000000003 10.9891
38.97748999999999 12.7338
22.495989999999995 11.122899999999998
24.035459999999997 11.1569
42.63325 13.0088
28.82285 11.606999999999998
26.193750000000005 11.4022
36.12537999999999 12.2175
23.552929999999996 10.9853
26.686849999999996 11.309300000000002
40.816770000000005 12.6907
25.570779999999992 11.198200000000002
20.174369999999996 10.7552
30.597160000000002 11.688299999999998
25.394479999999998 11.1622
22.71481 10.8492
28.507519999999996 11.3744
27.479179999999996 11.279900000000001
21.412090000000003 10.7635
25.24171 11.1069
29.926610000000004 11.521400000000002
20.23807 10.6445
22.855809999999998 10.8919
31.470139999999997 11.6927
18.68257 10.5338
20.386419999999998 10.6588
32.01724 11.815999999999999
20.788599999999995 10.7608
22.29674 10.845000000000002
40.05577 12.452100000000002
25.99394 11.1857
20.77326 10.6555
35.458099999999995 11.946800000000001
20.40471 10.5929
23.686599999999995 10.938600000000001
38.416869999999996 12.286000000000001
21.109560000000002 10.7125
20.779149999999998 10.7245
30.86023 11.5963
24.24386 10.937999999999999
18.62441 10.466299999999999
26.02028 11.2167
26.75585 11.2671
24.18186 11.0497
27.173820000000003 11.254299999999999
27.76713 11.357199999999997
19.274179999999998 10.606599999999998
23.94915 11.1272
32.687479999999994 11.8976
21.83647 11.019000000000002
22.044929999999997 10.931100000000002
35.23715 12.380300000000002
21.300290000000004 11.0588
21.757459999999995 11.097700000000001
36.41104 12.5089
22.43636 11.1063
17.959519999999994 10.611799999999999
33.59243 12.3219
29.673259999999996 12.057199999999998
38.814499999999995 12.9501
38.471869999999996 12.8736
24.940099999999997 11.501800000000001
32.360099999999996 12.3379
36.71977999999999 12.802400000000002
31.484119999999997 12.314699999999998
27.721149999999994 11.840299999999997
30.56119 12.092699999999999
32.28821 12.287600000000001
27.16548 11.742900000000002
24.837779999999995 11.439899999999998
36.35548 12.890799999999999
26.13575 11.975299999999997
24.209130000000002 11.500900000000001
38.455290000000005 13.125700000000002
25.488330000000005 11.7437
29.058329999999998 12.066699999999999
38.08666 13.171800000000001
25.198690000000003 11.784100000000002
18.19898 10.9385
25.786949999999997 11.831800000000001
35.230059999999995 12.8628
40.81943999999999 13.481200000000001
32.56209 12.4908
30.510969999999997 12.2151
30.107379999999996 12.1509
24.16961 11.4453
27.33959 11.846
49.927369999999996 14.582400000000002
46.3337 14.178900000000002
40.0947 13.4963
34.29353 12.8492
26.32047 11.8564
34.90176 12.8392
29.116659999999996 12.079600000000001
16.42815 10.655200000000002
24.37561 11.582400000000002
38.82603 13.1998
39.653349999999996 13.238899999999997
48.53349 14.266299999999998
31.823839999999997 12.4338
37.78592 13.131599999999999
46.22269 14.1905
34.27541 12.898100000000001
38.22262 13.304700000000002
24.92119 11.8066
30.434039999999996 12.532499999999999
31.95504 12.6776
29.032819999999997 12.484
28.805469999999993 12.5263
38.92368 13.807899999999998
36.775549999999996 13.408400000000004
32.16722 12.9418
39.296479999999995 14.011399999999997
35.63307 13.5015
35.80181 13.5826
39.551449999999996 13.9992
39.41519999999999 13.9723
35.77175 13.636700000000001
37.04847000000001 13.7881
39.44963 14.171
41.16965999999999 14.4069
37.728080000000006 13.964699999999999
40.92745 14.3323
47.78465 15.320199999999998
43.2184 14.7902
47.03910999999999 15.3743
42.80093 14.748700000000003
39.726040000000005 14.3586
40.63182 14.5403
43.309039999999996 15.1002
44.4897 15.2931
47.066019999999995 15.761699999999998
52.474 16.470000000000002
46.50384 15.665299999999998
40.011199999999995 14.9121
45.10904 15.611600000000001
43.1404 15.299100000000001
42.101940000000006 15.409599999999998
43.63143999999999 15.5564
43.50034 15.501299999999999
42.06907999999999 15.307200000000002
40.54515 15.079400000000001
46.211459999999995 16.0191
40.52304 15.4086
39.055800000000005 15.1146
59.425000000000004 18.219
57.55899999999999 17.824
46.90748 16.2688
46.317 16.211
44.631040000000006 15.994400000000002
42.31319 15.525999999999998
48.849369999999986 16.456500000000002
49.585 16.546
53.136 17.179
52.762 17.090999999999998
50.439499999999995 16.6603
45.6443 16.033
44.991369999999996 15.870600000000001
44.6017 15.766399999999997
47.464980000000004 16.1924
41.563849999999995 15.2172
46.264559999999996 16.042600000000004
46.1617 16.091699999999996
39.61973 15.048200000000001
51.18899999999999 16.92
56.35399999999999 17.532999999999998
47.359680000000004 16.099400000000003
53.803 17.409
44.22704 16.0247
39.40148 15.1813
45.38804 16.0711
44.064 15.973
