31.473260000000003 14.856300000000003
34.58211 15.369700000000003
32.61054 14.8728
32.173559999999995 14.896800000000002
38.04063 16.0081
35.10622000000001 15.484299999999998
39.42663 16.4219
33.34225 15.1814
33.05590000000001 15.012299999999998
34.62576 15.509199999999998
29.34132 14.291599999999999
29.859260000000003 14.2813
40.31710999999999 16.5798
39.739039999999996 16.3625
31.93554 14.811200000000003
33.82904 15.3559
31.34907 14.8176
29.55815 14.5808
33.788999999999994 15.041000000000002
27.07598 13.7497
29.37487 14.266399999999999
40.59817 16.2505
40.800979999999996 16.2712
29.091839999999998 13.9118
32.37168 14.613500000000002
35.08842 15.1537
29.24597 13.9821
21.824859999999997 12.5554
40.80778 16.2577
31.076700000000002 14.413299999999998
33.39038 14.9316
35.19401 15.1275
30.269239999999996 14.1384
29.037139999999994 13.9076
33.0678 14.930299999999999
27.08163 13.516699999999998
32.4357 14.6305
30.786589999999997 14.266599999999999
28.040860000000002 13.778200000000002
33.449729999999995 14.5734
30.11157 14.096199999999998
29.382849999999998 14.066300000000002
37.68677 15.377400000000002
34.969519999999996 14.841199999999999
37.51041 15.4492
35.939960000000006 14.882200000000001
28.31707 13.359099999999998
33.80763 14.4476
31.638060000000003 14.165999999999999
30.33148 13.889499999999998
38.32593 15.013599999999999
37.32069 14.870499999999998
36.11578 14.439499999999997
20.991 11.868199999999998
20.73187 11.942500000000003
33.33581 13.7547
23.92791 12.1826
21.39743 11.8034
30.202420000000004 13.1709
18.339329999999997 11.391800000000002
18.492209999999996 11.388200000000001
34.93399999999999 13.692300000000001
20.147100000000002 11.5611
18.131739999999997 11.3688
37.18378 13.9212
24.029159999999997 11.9054
19.93703 11.3898
30.80082 12.708
16.30137 10.885200000000001
23.329469999999997 11.6935
34.25291 13.1931
18.779369999999997 11.154799999999998
17.07568 10.896199999999997
29.129369999999994 12.433599999999998
19.43011 11.161299999999999
13.40085 10.4346
25.470819999999993 11.9927
21.19823 11.350999999999999
16.894499999999997 10.790900000000002
24.63657 11.741700000000002
20.335659999999997 11.3195
15.298979999999998 10.6852
20.06456 11.234
25.08519 11.8903
16.14152 10.754099999999998
20.358479999999997 11.2462
24.148469999999996 11.838600000000001
12.938730000000001 10.406199999999998
18.58533 11.1087
30.156279999999995 12.7028
15.403219999999996 10.659699999999999
17.583729999999996 11.006499999999999
29.107189999999996 12.3256
15.10814 10.572600000000001
17.63693 11.0812
31.661770000000004 12.711500000000001
22.61147 11.5434
16.50781 10.681999999999999
24.58929 11.6902
18.01199 10.9439
21.40636 11.3773
31.4483 12.656600000000001
18.521329999999995 11.0678
15.918120000000002 10.693000000000001
25.21219 11.906799999999999
23.667389999999997 11.7113
15.447459999999996 10.609
23.396990000000002 11.7522
23.899130000000003 11.8477
16.658929999999998 10.854899999999999
20.939020000000003 11.371099999999998
25.18033 11.890699999999999
15.55271 10.703899999999999
18.185879999999997 11.114600000000001
27.471480000000003 12.222900000000001
15.224759999999998 10.5441
17.951349999999998 10.958300000000001
31.540529999999993 12.5759
22.37538 11.437999999999999
17.94081 10.944099999999999
27.34482 12.070699999999999
16.25392 10.6587
18.533109999999997 11.004900000000001
35.459109999999995 12.9742
16.835449999999998 10.7247
13.85528 10.322899999999999
29.712529999999997 12.1824
16.036920000000002 10.534100000000002
12.690179999999993 10.212599999999997
26.155809999999995 11.805399999999999
18.47781 10.824700000000002
13.44521 10.254999999999999
23.85882 11.4581
17.723300000000002 10.7476
12.915199999999999 10.2206
22.12737 11.254299999999999
19.930659999999996 10.9235
12.371459999999999 10.057800000000002
18.933090000000004 10.8268
20.301599999999997 11.1104
15.561330000000002 10.528099999999998
18.01599 10.75
22.904620000000005 11.372499999999999
11.176 10.010299999999999
16.322390000000002 10.710299999999998
33.08276 12.520999999999999
16.44415 10.6043
17.354499999999998 10.7119
24.28147 11.538599999999999
14.04059 10.3554
20.878639999999997 11.137599999999999
27.565439999999995 11.973199999999999
16.205119999999997 10.6689
14.06596 10.3558
24.61315 11.5837
16.91133 10.671700000000001
12.21719 10.153899999999998
22.904159999999997 11.4193
17.987609999999997 10.799100000000001
15.253499999999997 10.4393
22.183470000000003 11.2744
17.95073 10.8632
14.6283 10.434899999999999
20.31592 11.1601
20.89322 11.3143
16.56226 11.757000000000001
20.19851 11.0013
24.307579999999998 11.6046
13.917200000000001 10.2578
18.25538 10.7636
26.75181 12.0437
13.96278 10.4556
17.58629 10.9427
32.64125 12.9006
21.57362 11.5891
17.63393 11.0655
27.692479999999996 12.305000000000001
16.78694 10.908400000000002
21.50469 11.5236
31.963720000000002 12.9354
18.37898 11.1298
17.96518 11.1062
23.13837 11.8337
20.94356 11.5745
20.42041 11.445599999999999
21.918479999999995 11.681000000000001
23.564239999999998 12.040599999999998
17.846610000000002 11.2376
17.34889 11.1028
29.02728 12.7833
21.268819999999998 11.7086
18.15985 11.2583
30.604749999999996 13.0913
22.83227 12.001600000000002
23.837329999999998 12.066199999999998
30.811139999999998 13.1685
17.8812 11.328000000000001
23.394560000000002 12.058200000000001
34.05363 13.6049
23.53021 12.1624
21.594129999999996 11.792499999999999
26.652379999999997 12.501100000000001
21.83156 11.8475
18.98946 11.3692
24.613480000000003 12.225599999999998
26.18842 12.585099999999999
21.887899999999995 11.9307
21.27982 11.7364
27.00049 12.607400000000002
21.260610000000003 11.7491
17.822639999999996 11.339599999999999
30.38743 13.151500000000002
20.106600000000004 11.648399999999999
20.52194 11.6396
32.544470000000004 13.449300000000001
17.960329999999995 11.3596
18.686980000000002 11.4626
36.88862999999999 14.148200000000003
25.542519999999996 12.5835
25.04073 12.4215
27.08737 12.747
20.010469999999998 11.828400000000002
31.007869999999997 13.5183
32.08635 13.702399999999997
28.11978 13.2289
21.54586 12.2751
24.260209999999997 12.6699
32.60695 14.0953
24.571949999999998 12.731599999999998
22.14475 12.334299999999999
32.5909 14.185
22.46395 12.534900000000002
17.09625 11.634599999999999
29.40184 13.6989
25.604339999999997 12.982099999999999
26.42658 13.253699999999998
35.849109999999996 14.9552
31.62982 14.252899999999999
33.80544999999999 14.534699999999997
32.49663 14.309399999999997
27.439570000000003 13.6199
27.804819999999996 13.7295
31.745 14.405400000000002
32.08279 14.5749
37.76592 15.613
33.577549999999995 14.880199999999999
32.28268999999999 14.8272
23.679729999999996 13.277399999999998
20.42515 12.574399999999999
21.874149999999997 12.945899999999998
35.56614999999999 15.457400000000002
30.2903 14.3071
27.9949 14.0324
34.62214 15.519999999999998
33.73437 15.2252
31.407820000000005 14.9666
33.90014999999999 15.365499999999999
29.67882 14.5599
34.29262 15.5149
32.413219999999995 15.021299999999997
34.11843 15.3626
35.71823 15.660300000000001
32.44146 15.117599999999998
34.205189999999995 15.542800000000002
36.55325 15.8582
35.61304 15.884200000000002
41.125449999999994 16.939799999999998
32.69608 15.2781
35.82783 15.768200000000002
35.584790000000005 15.767600000000002
30.633159999999997 14.8697
32.35729 15.109300000000001
40.940540000000006 16.916800000000002
38.281380000000006 16.3026
36.982899999999994 15.951400000000001
35.58254 15.782500000000002
30.962199999999996 14.834999999999997
31.618120000000005 15.0755
32.45157 15.146500000000001
32.376909999999995 15.3494
36.502269999999996 15.9307
34.820170000000005 15.5617
41.07290999999999 16.784000000000002
31.273919999999993 14.949200000000001
32.4555 15.3399
33.97319 15.723499999999998
34.06303 15.5868
34.1237 15.445500000000001
