30.959500000000002 15.925100000000004
27.866300000000006 15.911700000000002
29.558799999999998 15.924700000000003
26.577 15.7721
26.69599999999999 15.656899999999998
29.426600000000008 15.968799999999996
26.263499999999993 15.7394
28.2314 15.869700000000005
27.243200000000005 16.542299999999997
23.376300000000004 16.127799999999997
21.902 15.6817
23.097099999999998 15.536200000000001
22.4582 15.369600000000002
23.862599999999997 15.334000000000003
26.749499999999998 15.577000000000002
26.671300000000002 15.8367
29.3523 15.729299999999997
31.836300000000005 16.1478
31.602299999999993 16.138399999999994
34.032499999999985 16.317600000000002
29.015700000000006 16.6793
28.2391 16.6297
27.897799999999997 16.296400000000002
33.54700000000001 16.3491
26.909799999999994 15.8493
27.925500000000003 15.747999999999998
28.627299999999995 16.0271
23.8687 15.549199999999999
31.145 15.781800000000004
25.1114 15.706400000000004
27.6442 15.8708
28.9615 16.1341
26.8673 15.670799999999998
29.6709 15.966999999999999
25.90040000000001 16.1888
30.4135 15.9774
28.365900000000003 15.698100000000004
31.2031 15.8966
29.51459999999999 15.897099999999998
25.825499999999995 15.721000000000004
32.489399999999996 15.845600000000005
28.0188 15.8312
28.1051 15.9025
28.8611 16.086
27.2646 15.809600000000005
30.40489999999999 16.0973
29.340399999999995 15.7088
31.23229999999999 15.802700000000003
32.168600000000005 15.736199999999997
30.3155 16.010899999999996
30.161899999999996 15.931499999999998
26.6096 15.790299999999997
30.659 15.657799999999996
28.3191 15.595599999999997
29.1603 15.983499999999998
28.0282 15.951600000000004
27.734799999999993 15.706599999999998
29.082099999999993 15.878999999999998
26.9941 15.6979
29.664199999999997 16.0957
29.439999999999998 15.6149
30.9479 15.969
30.382900000000006 15.882100000000001
27.402900000000002 15.681199999999999
32.1697 16.053100000000004
30.600500000000004 15.9347
30.269999999999996 15.840300000000004
30.200900000000004 15.585299999999997
28.554999999999996 16.2905
29.882300000000008 16.204699999999995
27.231700000000004 15.677799999999998
29.325700000000005 16.079799999999995
28.212500000000002 15.708699999999997
28.773100000000007 15.882099999999996
28.104000000000003 15.728599999999995
26.1084 15.5363
29.85110000000001 15.913400000000003
27.059499999999996 15.728100000000001
28.824399999999994 15.875999999999998
28.62259999999999 15.883099999999997
27.421500000000005 15.968600000000002
29.150900000000007 15.702399999999999
27.0372 15.5381
29.553799999999995 16.124899999999997
28.937 15.683900000000001
31.6364 15.787599999999996
31.562500000000004 15.8295
27.7792 15.587499999999999
30.4736 15.955200000000003
32.0133 15.835699999999997
30.759700000000006 15.948400000000001
30.684999999999995 15.9302
29.185199999999995 15.963699999999998
31.029900000000005 15.8219
29.98699999999999 15.657099999999998
32.3111 16.047099999999997
33.410399999999996 15.8355
31.337 15.756899999999996
31.742200000000004 15.792900000000001
29.1526 15.417300000000001
33.3146 15.8004
30.7289 15.7241
31.1025 15.816600000000006
30.926599999999997 15.837100000000003
29.224000000000004 15.764
31.100999999999996 16.097
28.001499999999997 15.3945
31.5083 15.868099999999998
30.5444 15.595699999999999
32.2962 15.5992
32.770399999999995 15.965800000000009
37.8743 15.897899999999998
41.617000000000004 16.262300000000003
37.061099999999996 15.939300000000001
34.0677 15.999000000000002
34.991800000000005 16.242900000000002
31.577399999999994 15.889000000000001
32.17829999999999 15.824000000000002
29.8422 15.387500000000001
33.273999999999994 15.744099999999998
31.284700000000004 15.623300000000004
32.659699999999994 15.937800000000003
31.8436 15.866000000000003
29.18630000000001 15.492600000000003
32.5819 15.795300000000001
29.898799999999998 15.396
31.019299999999994 15.523499999999999
31.610000000000007 15.685200000000002
30.162799999999994 15.674100000000003
31.48199999999999 15.747099999999998
29.6704 15.4197
32.848299999999995 15.644200000000003
32.0186 15.7809
33.21569999999999 15.704200000000004
32.35810000000001 15.762399999999996
31.635400000000008 15.681600000000001
34.0801 15.965200000000001
33.7486 15.325699999999998
39.58399999999999 16.0614
33.98910000000001 15.9442
34.3997 16.095299999999998
36.0836 16.300900000000002
32.556400000000004 16.0553
35.350300000000004 16.0553
36.8647 16.072999999999997
33.8131 15.879600000000002
33.376200000000004 16.037200000000006
33.7847 15.985200000000003
34.457800000000006 16.0002
32.6336 15.943199999999996
33.726400000000005 16.0836
34.8396 16.0291
32.577 16.0215
34.0546 15.9534
31.912599999999998 15.863000000000001
34.62169999999999 15.970100000000004
35.802499999999995 15.9209
37.287000000000006 16.138400000000004
37.90510000000001 16.0423
35.7845 16.0416
17.3445 13.421699999999998
49.901 15.6662
50.556 16.085
41.38700000000001 16.0369
36.752 15.9491
40.146 16.145299999999995
37.226000000000006 16.431500000000003
39.794999999999995 16.5061
36.996 15.870399999999997
36.5859 16.0918
38.145999999999994 16.187800000000003
34.151199999999996 16.062600000000003
37.760999999999996 16.0719
36.98369999999999 16.0276
37.71 16.050900000000002
38.998000000000005 16.077400000000004
36.9464 16.479300000000002
39.505 16.394799999999996
36.79400000000001 16.1392
39.718 16.1836
39.54099999999999 16.0332
38.355999999999995 16.159000000000002
40.52499999999999 15.874499999999998
38.726000000000006 16.9695
40.99499999999999 16.6106
39.00800000000001 16.2768
39.97200000000001 16.2958
38.41900000000001 16.192199999999993
36.5104 16.5956
41.114 16.8792
38.839000000000006 16.5053
39.82 16.336
39.784000000000006 16.2324
37.8932 16.4544
38.336999999999996 16.4186
34.2563 15.991899999999998
38.278 16.321799999999996
37.541 16.129499999999997
38.157 16.9174
37.4321 16.441899999999997
35.9943 16.195700000000002
38.93899999999999 16.3804
35.64239999999999 16.270599999999998
38.860699999999994 16.154
38.187000000000005 16.202799999999996
38.233000000000004 16.336000000000002
40.595 16.261600000000005
35.0296 16.2056
39.314 16.392300000000006
39.12500000000001 16.237699999999997
38.85299999999998 16.304700000000004
39.47599999999999 16.355099999999997
36.43159999999999 16.459300000000002
38.027000000000015 16.249299999999998
35.11690000000001 16.239200000000004
37.3558 16.256800000000002
35.3548 16.323700000000002
35.6727 16.023599999999995
35.5675 16.102600000000002
36.7775 15.843900000000003
36.431999999999995 16.1966
37.1527 16.304999999999996
35.762299999999996 16.273199999999996
36.493 15.994299999999996
35.3007 16.529100000000003
37.087999999999994 16.571900000000003
33.4284 16.2356
37.553000000000004 16.3088
37.25800000000001 16.227800000000002
35.52419999999999 16.189400000000003
37.17700000000001 16.300100000000004
34.29209999999999 16.235999999999997
37.208 16.253
36.01890000000001 16.1512
38.788 16.360599999999998
37.01120000000001 16.3438
15.5755 14.300599999999996
43.876 15.014800000000003
46.581 16.214
36.749 16.1642
35.43950000000001 15.8312
33.298500000000004 15.741899999999998
34.88490000000001 15.9211
32.57040000000001 15.689300000000003
35.5519 15.933000000000003
33.943099999999994 16.0218
34.9493 16.516199999999998
34.3582 16.243100000000002
33.536300000000004 15.941899999999995
32.16479999999999 15.568400000000002
35.22959999999999 16.3946
35.37899999999999 16.0437
33.96019999999999 15.785699999999997
32.8976 16.117899999999995
34.973 16.160499999999995
33.2779 16.181600000000007
34.1375 16.236800000000002
36.46419999999999 16.117800000000003
35.4872 16.2729
35.750099999999996 16.556800000000003
33.6678 16.208699999999997
34.5257 16.810700000000004
31.9148 16.1795
33.4027 16.236000000000004
32.4916 16.0333
32.613600000000005 16.293299999999995
34.0749 16.339800000000004
30.7467 15.9609
31.191799999999997 16.195500000000003
26.210700000000003 15.781099999999999
36.52429999999999 16.019599999999997
34.8502 16.3796
30.472700000000007 16.3268
32.282 16.3024
30.158800000000006 15.9409
33.2266 16.2002
33.386700000000005 15.983500000000003
32.066500000000005 16.1275
34.925700000000006 16.295800000000003
32.948699999999995 16.212500000000002
34.4078 16.454200000000007
33.518 16.1752
35.9716 16.5139
34.67850000000001 16.8449
32.82 16.5243
33.011500000000005 16.4057
32.2588 16.04399999999999
33.887499999999996 16.230700000000002
