33.8327 17.560199999999995
36.97768000000001 17.801699999999997
34.638770000000015 18.15600000000001
36.894600000000004 17.363900000000008
35.3924 17.104900000000004
36.27388 17.2346
33.909400000000005 17.170600000000004
36.3603 17.285200000000007
35.187099999999994 17.2091
37.70879 17.338999999999995
35.657399999999996 17.0709
37.09207000000001 17.200299999999995
33.936159999999994 17.050600000000003
36.88247 17.182929999999995
35.446600000000004 17.143559999999997
35.961 17.171929999999996
35.19248999999999 17.174280000000003
35.61740000000001 17.222519999999996
34.146049999999995 17.178900000000002
35.39991999999998 17.269399999999997
34.41892 17.177199999999996
34.96170000000001 17.2274
35.365959999999994 17.335065
34.6051 17.071200000000005
34.09289999999999 17.0413
34.67680000000001 17.083500000000004
35.1218 16.997400000000006
35.2664 17.105700000000002
34.6653 17.0412
34.9189 17.042699999999996
35.2447 17.018499999999996
35.15460000000001 17.0481
34.8837 17.0046
34.944799999999994 17.039900000000003
34.8548 17.027399999999997
34.584139999999984 17.0489
34.69000000000002 17.027300000000007
34.7873 17.154600000000002
34.535700000000006 17.0875
34.5295 17.1275
34.50769999999999 17.149900000000002
34.966400000000014 17.178600000000007
34.94480000000001 17.2388
35.13040000000001 17.2568
35.1543 17.273500000000002
34.37909999999999 17.262900000000002
33.9895 17.208299999999998
33.517199999999995 17.1918
34.58252 17.936158999999993
35.02897 16.8185
34.895779999999995 16.838800000000003
34.74109999999999 16.919200000000004
35.5071 16.903899999999997
34.620900000000006 16.938299999999998
35.091499999999996 16.835900000000002
35.5424 16.9483
35.005009999999984 16.841100000000004
34.829319999999996 16.920200000000005
35.120400000000004 16.9733
34.604800000000004 17.061200000000003
35.15756 17.1436
35.120920000000005 17.305499999999995
34.53902 17.345199999999995
35.14644 17.527600000000007
33.3436 17.184300000000007
33.185500000000005 17.054200000000005
33.14206 16.9608
33.43925 16.962699999999998
35.5881 16.9714
34.793199999999985 16.98210000000001
35.098899999999986 16.971
34.390299999999996 17.0003
34.492200000000004 17.054599999999994
34.302600000000005 17.205599999999997
34.6382 17.133499999999994
33.9683 17.122600000000002
34.310900000000004 16.9948
33.5768 17.047800000000006
33.518899999999995 16.9965
32.85409999999999 16.974499999999992
32.9491 16.996799999999997
32.5416 16.960100000000004
32.776700000000005 16.9285
33.26219999999999 16.923500000000004
34.287 17.024200000000004
34.0567 17.132
34.46730000000001 17.0976
33.535799999999995 17.001299999999997
33.572700000000005 17.0179
33.38690000000001 17.033999999999995
32.9731 16.950899999999997
32.489700000000006 16.962
32.565099999999994 16.932399999999994
32.76989999999999 16.9626
32.664000000000016 16.954299999999996
33.126400000000004 16.935399999999998
34.4882 17.0294
35.2338 17.2741
34.587999999999994 17.304799999999993
34.32219 17.32293
33.470400000000005 16.8438
32.95209999999999 16.8224
33.288430000000005 16.945500000000006
32.513 16.478800000000003
32.592000000000006 16.488500000000002
32.9472 16.4164
33.5892 16.366600000000002
33.3227 16.465599999999995
33.477599999999995 16.511100000000003
33.81100000000001 16.629700000000007
33.936200000000014 16.609
34.5752 16.5677
33.86550000000001 16.530199999999997
35.017199999999995 16.5366
34.333400000000005 16.649
33.82250000000002 16.608999999999995
33.4262 16.557300000000005
33.402899999999995 16.556099999999997
33.88380000000001 16.625500000000002
33.80079999999999 16.5226
33.19179999999999 16.5455
32.650099999999995 16.738300000000002
33.3625 16.735400000000002
32.4668 16.679699999999993
33.84150000000001 16.6616
33.79670000000001 16.615299999999998
33.284 16.6551
32.684999999999995 16.6102
32.3405 16.587400000000002
31.730699999999995 16.570200000000003
32.1882 16.514899999999997
32.63539999999999 16.543700000000005
33.973699999999994 16.683300000000003
33.540399999999984 16.76
34.228500000000004 16.780900000000003
35.6294 16.708600000000004
36.13989999999998 16.734700000000004
36.23489999999999 16.717300000000005
34.00300000000001 16.7024
34.358399999999996 16.717200000000002
33.379 16.6799
34.0536 16.665899999999997
33.3472 16.674500000000005
33.34629999999999 16.677999999999997
34.365899999999996 16.78259999999999
33.657999999999994 16.815700000000003
33.3406 16.807
33.0515 16.739900000000006
34.060600000000015 16.712200000000003
33.12899999999999 16.719399999999997
33.878600000000006 16.7527
33.460699999999996 16.7911
33.763 16.835900000000002
32.834599999999995 16.705900000000003
32.806999999999995 16.781799999999993
32.65489999999999 16.686699999999995
32.87379999999998 16.8064
33.5134 16.85429999999999
34.64489999999999 16.9361
34.16259999999999 17.015700000000002
33.906200000000005 16.941
34.8876 16.902
34.321499999999986 16.9212
35.520400000000016 16.905
34.177499999999995 16.915899999999997
34.774100000000004 16.965500000000002
34.1034 16.8903
34.703199999999995 16.9062
35.34290000000001 16.9921
36.99550000000001 17.0561
35.66559999999999 17.045500000000004
34.0584 17.0642
34.70349999999999 16.963600000000003
35.022499999999994 16.9777
33.786 16.941700000000004
34.104699999999994 17.020200000000006
35.54669999999998 16.999499999999994
36.715399999999995 17.061
34.33460000000001 16.989799999999995
35.1055 17.0944
34.25620000000001 17.160700000000002
35.13430000000001 17.3289
34.47510000000001 17.253
34.50529999999999 17.262299999999996
34.3258 17.1105
33.9522 17.1997
33.75029999999999 17.1907
33.7385 17.2538
33.876020000000004 17.2961
35.29434999999999 17.445819999999998
36.820220000000006 17.097154999999997
36.4281 16.9086
38.10310000000001 17.08636
36.185399999999994 16.877499999999998
36.254799999999996 16.7712
36.69276999999999 16.9024
36.053599999999996 16.797999999999995
35.3284 16.75180000000001
35.449 16.7057
35.3735 16.8086
35.3326 16.7516
34.71939999999999 16.783600000000003
37.67392000000001 17.1552
34.6214 16.498800000000003
35.7855 16.6139
34.824600000000004 16.4817
36.98270000000001 16.547199999999997
36.3737 16.4494
37.5809 16.503700000000006
36.032 16.4815
35.70350000000001 16.532399999999996
35.1045 16.501699999999992
32.8084 16.277700000000003
36.865930000000006 16.683079999999997
36.29329999999999 16.383200000000002
36.547489999999996 16.577299999999994
36.334999999999994 16.370299999999997
36.4227 16.400899999999996
37.311400000000006 16.426300000000005
36.98649999999999 16.526299999999996
36.348900000000015 16.445999999999998
35.256299999999996 16.345399999999994
36.23159999999999 16.424899999999994
35.06530000000001 16.413700000000002
34.9276 16.337699999999998
35.0268 16.371199999999998
35.6277 16.457899999999995
34.67330000000002 16.385600000000004
35.108599999999996 16.426599999999993
35.83359999999998 16.484799999999996
36.85520000000001 16.462999999999994
34.7459 16.407700000000002
35.4637 16.3891
34.9443 16.3686
34.81859999999999 16.363899999999994
35.00470000000001 16.395100000000003
35.20900000000001 16.412499999999998
34.775800000000004 16.422300000000007
35.445399999999985 16.455000000000002
33.44370000000001 16.3965
34.0489 16.4623
35.36930000000002 16.622500000000002
35.199299999999994 16.2562
34.523399999999995 16.204299999999996
35.01820000000001 16.209299999999995
34.708899999999986 16.1341
34.8779 16.222500000000004
34.015799999999984 16.243400000000005
33.766200000000005 16.233099999999997
33.98210000000001 16.335799999999995
34.16220000000001 16.252899999999997
34.387399999999985 16.240000000000002
35.219500000000004 16.2658
34.96910000000001 16.353899999999996
35.3829 16.313499999999998
35.751099999999994 16.350299999999997
35.45000000000001 16.334500000000006
34.529700000000005 16.311199999999996
34.551500000000004 16.307300000000005
35.030800000000006 16.408499999999997
36.055400000000006 16.3936
36.86249999999999 16.415199999999995
36.335899999999995 16.3536
36.4137 16.412199999999995
37.352500000000006 16.398700000000005
38.38549999999999 16.501099999999997
35.71390000000001 16.375000000000007
37.85039999999999 16.515800000000006
36.76199999999999 16.566899999999997
36.49740000000002 16.635800000000003
37.32710000000001 16.594900000000003
36.721899999999984 16.5732
38.127 16.5503
37.0683 16.564699999999995
36.24370000000001 16.568800000000003
37.0702 16.6546
36.58759999999999 16.609200000000005
36.30140000000001 16.659299999999998
36.85109999999999 16.56459999999999
35.79749999999999 16.583400000000008
35.9175 16.675399999999996
35.38860000000001 16.681299999999997
35.9438 16.6843
36.001599999999996 16.6843
37.22693 16.8578
36.2059 16.534799999999994
34.84259999999999 16.5566
34.91560000000001 16.5914
