31.209999999999997 38.153000000000006
31.375999999999998 38.367
30.241 38.214
28.727000000000004 38.084
32.154 38.294
28.077 38.164
31.184000000000005 38.190999999999995
30.578 38.27
28.652 38.07899999999999
30.345 38.184000000000005
28.439999999999998 38.251
28.392 38.012
30.563000000000002 38.068000000000005
31.451 38.385
30.5 38.258
28.469 37.99999999999999
31.757 38.3
28.377999999999997 38.234
30.832000000000004 38.09799999999999
30.732 38.257000000000005
28.768 38.151
30.084999999999994 38.179
28.591000000000005 38.282
28.057 38.066
30.202 38.062000000000005
31.255000000000006 38.39099999999999
30.197000000000003 38.306
28.225999999999996 38.001
32.24 38.237
28.019 38.32299999999999
30.541999999999998 38.15899999999999
31.113999999999997 38.182
29.545999999999996 38.31099999999999
29.121999999999996 38.222
28.83 38.102999999999994
28.664 38.151999999999994
29.447000000000003 38.141000000000005
31.948000000000004 38.26500000000001
30.636999999999997 38.379000000000005
28.715999999999998 38.114
31.738 38.251000000000005
28.415000000000003 38.361
30.093000000000004 38.19
30.825999999999997 38.159
28.636 38.212999999999994
30.202 38.20300000000001
27.923000000000002 38.153
28.368000000000006 38.129
30.357000000000006 38.105
31.383999999999997 38.312000000000005
30.171 38.361000000000004
28.638 38.06099999999999
31.613999999999997 38.184000000000005
28.361000000000004 38.37199999999999
30.445999999999994 38.202
30.538999999999998 38.11
28.544000000000004 38.134
30.079000000000004 38.342999999999996
27.511000000000003 38.145999999999994
28.164 38.048
30.333999999999996 38.23799999999999
30.966000000000005 38.28300000000001
29.723 38.165
28.712 38.13399999999999
31.346 38.217999999999996
28.378999999999998 38.16
30.828 38.26199999999999
30.796 38.151999999999994
28.389000000000003 38.061
30.303 38.23400000000001
27.744999999999997 38.208999999999996
28.070999999999994 37.983
29.701 38.12799999999999
30.856000000000005 38.41499999999999
29.630000000000006 38.214
28.241999999999994 38.073
31.186999999999998 38.294000000000004
27.58 38.209
30.337999999999997 38.202
30.511 38.251000000000005
28.258 38.10999999999999
30.130000000000003 38.221000000000004
27.955 38.239000000000004
27.926000000000002 38.025
29.833999999999993 38.134
30.903999999999996 38.41
30.353 38.244
28.343999999999998 38.12799999999999
31.349 38.239000000000004
27.773999999999997 38.178
30.322 38.165
30.744 38.257000000000005
28.160999999999998 38.12199999999999
29.729000000000006 38.220000000000006
27.898999999999997 38.257000000000005
27.801 38.013000000000005
29.660000000000004 38.159
31.22 38.463999999999984
30.426 38.24999999999999
28.314000000000007 38.00599999999999
31.252999999999997 38.275000000000006
27.874000000000006 38.27100000000001
30.192000000000004 38.123
30.91 38.214999999999996
28.283 38.169999999999995
30.048 38.172000000000004
28.043000000000003 38.227
28.273 38.025000000000006
30.130000000000003 38.044
31.331999999999997 38.28300000000001
30.296999999999997 38.342999999999996
28.615000000000002 38.042
31.471 38.166
28.43 38.20400000000001
30.917 38.29299999999999
30.450999999999993 38.134
28.442000000000007 38.190000000000005
29.580000000000002 38.27700000000001
27.407999999999998 38.08
28.091 38.05499999999999
28.919 38.18299999999999
32.304 38.234
30.790000000000006 38.330999999999996
28.845 38.128
32.098 38.171
28.576999999999998 38.33
30.37 38.245000000000005
30.301999999999996 38.092
28.395000000000003 38.184000000000005
29.744999999999997 38.29500000000001
27.612000000000002 38.07299999999999
28.204 38.079
29.904000000000007 38.145999999999994
30.923000000000002 38.295
30.203999999999997 38.355
28.229000000000003 38.01899999999999
31.073 38.18899999999999
28.315999999999995 38.349000000000004
30.058999999999997 38.147999999999996
30.761000000000006 38.117000000000004
28.323000000000004 38.26199999999999
29.824 38.216
27.435 38.062000000000005
28.411 38.104000000000006
29.689 38.111000000000004
30.766999999999996 38.19200000000001
30.558999999999997 38.286
28.244000000000003 38.071999999999996
30.538999999999998 38.104
28.93 38.258
30.207 38.245999999999995
30.256000000000004 38.111
28.164 38.109
29.842999999999996 38.336999999999996
27.523000000000003 38.07299999999999
28.346 37.976
30.145 38.24399999999999
30.935000000000002 38.276
30.202999999999996 38.208000000000006
28.672000000000004 38.13999999999999
31.300999999999995 38.203
28.628999999999998 38.16
30.873999999999995 38.214
30.948000000000004 38.213
28.424 38.055
30.365 38.324999999999996
27.691 38.196
28.052 37.983
29.470999999999997 38.227
31.756 38.428000000000004
30.073 38.208000000000006
28.667000000000005 38.043000000000006
31.757 38.36000000000001
27.999999999999996 38.263000000000005
30.284 38.123
30.870000000000005 38.267999999999994
28.421000000000006 38.16
29.952 38.18
27.651999999999997 38.190000000000005
27.631 38.071999999999996
29.382999999999992 38.049
30.899000000000004 38.26500000000001
30.435000000000002 38.275
28.402 38.096
30.956 38.135000000000005
28.461000000000002 38.202999999999996
30.190999999999995 38.306
30.255 38.17699999999999
28.012000000000004 38.062000000000005
29.89 38.275999999999996
27.355 38.208999999999996
27.664 37.994
29.564999999999998 38.069
31.225 38.367999999999995
30.203000000000003 38.313
28.160999999999998 38.0
31.177 38.178
28.717 38.330999999999996
30.188 38.135
30.677 38.092
28.82700000000001 38.202000000000005
30.005 38.28900000000001
27.543000000000006 38.07299999999999
28.032 37.976
29.819000000000003 38.251000000000005
30.744999999999994 38.301
29.685 38.16499999999999
28.120999999999995 38.080000000000005
31.104000000000003 38.294000000000004
27.854999999999997 38.197
29.942 38.086999999999996
30.354999999999997 38.099000000000004
28.001000000000005 38.251000000000005
29.410000000000004 38.21000000000001
27.21 38.042
28.162 38.043000000000006
29.549999999999997 38.208
30.659000000000002 38.264
30.032000000000004 38.153000000000006
28.189999999999998 38.01899999999999
30.823 38.306
27.569 38.178
29.834 38.047999999999995
30.688 38.129000000000005
28.232000000000003 38.214999999999996
29.610999999999997 38.148
27.638999999999996 38.035
28.117000000000004 37.946000000000005
29.474 38.245
31.023 38.30100000000001
29.956 38.171
28.262000000000004 38.129000000000005
30.802000000000003 38.245000000000005
28.445999999999998 38.185
29.968 38.135
30.856000000000005 38.286
28.136 38.141000000000005
29.773 38.118
27.863000000000003 38.117000000000004
28.313000000000006 38.090999999999994
29.064 38.062000000000005
31.090999999999998 38.222
30.537000000000003 38.285999999999994
28.067999999999998 38.099
30.814000000000004 38.104000000000006
28.747 38.155
30.244000000000003 38.166
30.646 38.256
27.886 38.06099999999999
29.62 38.129000000000005
27.853 38.102999999999994
28.296000000000003 38.091
29.882 38.062000000000005
31.345999999999997 38.263999999999996
30.794 38.324000000000005
28.53 38.025999999999996
31.631000000000004 38.092999999999996
28.362000000000005 38.172
30.518999999999995 38.227
31.139 38.117000000000004
28.935 38.154
30.291 38.307
27.914999999999996 38.053999999999995
28.766 37.99499999999999
29.369999999999997 38.196000000000005
31.290000000000003 38.227
30.448999999999998 38.116
28.500000000000004 38.098
31.681000000000004 38.191
28.681 38.159
30.229 38.086999999999996
30.541 38.220000000000006
28.07 38.117000000000004
29.549999999999997 38.092000000000006
28.159 38.109
28.074000000000005 38.07299999999999
29.973 38.032000000000004
31.292 38.330000000000005
30.173000000000005 38.21999999999999
28.406 37.928000000000004
31.186000000000003 38.185
28.834000000000003 38.28300000000001
30.423999999999996 38.08599999999999
31.036 38.118
28.924 38.263000000000005
30.042 38.16
27.697 37.998999999999995
28.432999999999996 38.090999999999994
