27.759 35.045
29.015 35.083999999999996
24.831 35.095
25.272 34.84499999999999
27.115000000000002 34.870999999999995
26.590000000000003 35.089000000000006
26.073999999999998 35.047
26.104 34.832
25.253999999999998 34.996
24.483 35.083
24.366000000000003 34.82
24.390000000000004 34.742
28.886999999999997 35.026999999999994
28.816000000000003 35.224
25.017 34.924
26.103000000000005 34.86899999999999
27.210999999999995 35.108
26.748 34.98
26.755000000000003 34.955
26.428 35.06399999999999
24.958 34.94199999999999
24.206 34.913000000000004
24.302 34.870000000000005
24.703 34.96699999999999
28.259 34.99099999999999
29.065 35.077
25.117 35.076
25.694 34.985
27.078000000000003 34.962
26.349 35.107
25.584 35.145
25.145 34.893
24.440000000000005 35.032999999999994
23.824 35.131
23.668999999999997 34.855999999999995
23.864 34.754
27.866000000000003 35.051
28.595000000000002 35.243
24.438 34.948
25.769 34.985
26.540999999999997 35.107
25.709 34.998
25.708 35.046
25.634 35.096
24.736000000000004 34.92399999999999
24.415 35.083
24.134 35.089000000000006
23.805 34.826
27.173000000000002 34.907
28.649 35.242
24.666 35.11899999999999
25.401999999999997 34.875
26.789999999999996 34.985
25.612999999999996 35.028
25.429999999999996 34.985
26.044 35.014
24.643 35.106
23.932 34.967000000000006
23.86 34.924
24.043 35.02
27.653 35.016000000000005
28.567999999999998 35.102
24.765 35.133
25.490999999999996 35.03999999999999
26.71 34.998
26.032 35.144
25.484 35.175
25.171000000000003 34.917
24.654999999999998 35.019999999999996
23.858999999999998 35.21099999999999
23.45 34.931
23.679 34.843999999999994
27.368 35.17999999999999
27.695000000000004 35.23499999999999
24.181 34.984
25.191999999999997 35.028000000000006
27.733999999999998 35.217
25.765 35.07800000000001
25.986000000000004 35.04
25.332999999999995 34.923
24.381999999999998 34.916999999999994
23.736 35.00299999999999
24.048000000000002 35.089999999999996
23.886 35.045
27.673999999999992 34.99099999999999
28.686 35.235
24.662999999999997 35.207
24.631000000000007 34.887
28.205 35.114000000000004
26.602999999999998 35.309000000000005
26.259999999999994 35.089000000000006
25.959000000000003 34.978
25.374999999999996 35.174
24.38 35.285
24.213 35.04599999999999
24.490000000000002 35.064
27.948999999999995 35.148999999999994
29.223 35.16799999999999
25.175000000000004 35.156
25.56 35.145
26.947 35.101
26.299 35.182
26.178 35.291
25.863000000000003 35.071
25.21 35.068999999999996
24.353999999999996 35.303
24.423000000000002 35.035000000000004
24.714999999999996 34.971
28.224 35.272
27.567999999999998 35.23599999999999
26.772000000000002 35.156
25.708 35.12
27.099999999999998 35.309
25.934999999999995 35.144
26.399000000000004 35.168000000000006
26.317 35.248999999999995
25.362999999999996 35.156
24.935000000000002 35.211000000000006
24.858000000000004 35.28399999999999
24.714 35.051
28.322999999999997 35.142999999999994
29.141000000000002 35.443
24.792 35.285999999999994
24.956999999999997 35.014
28.310999999999996 35.205
26.336000000000006 35.387
26.191999999999993 35.26
26.087999999999994 35.249
24.947999999999997 35.217
24.41 35.173
24.593000000000004 35.25299999999999
24.343 35.102
27.971 35.123
29.39 35.36999999999999
25.061 35.394999999999996
25.269000000000002 35.051
27.956999999999997 35.17399999999999
26.321 35.357
26.075 35.267
26.207 35.082
25.507 35.260999999999996
24.491000000000003 35.278000000000006
24.322 35.096
24.577 35.163
28.491 35.241
29.177000000000003 35.32599999999999
25.435000000000002 35.287
25.676000000000005 35.232
27.251000000000005 35.217
26.038 35.266
26.251 35.405
25.174000000000003 35.199
25.820999999999998 35.181
24.941000000000003 35.309000000000005
24.762999999999998 35.356
24.867 35.095
28.631999999999998 35.265
29.337000000000003 35.597
25.472 35.291
26.019 35.211999999999996
27.594 35.448
26.123 35.29599999999999
26.125 35.230000000000004
26.558999999999997 35.254
25.359000000000005 35.389
24.605 35.24099999999999
24.587 35.187
24.439 35.272999999999996
28.072000000000003 35.272999999999996
29.372999999999998 35.419
25.344 35.461
25.395 35.206
28.208 35.291000000000004
26.602000000000004 35.469
26.744999999999997 35.398999999999994
26.456999999999997 35.255
25.446999999999996 35.407
24.656 35.314
24.722 35.20499999999999
25.100000000000005 35.291
28.449999999999996 35.346
28.842000000000002 35.406
25.746999999999996 35.400999999999996
26.017999999999997 35.358000000000004
27.895999999999997 35.339
26.331000000000003 35.32599999999999
26.55 35.260000000000005
26.282000000000004 35.28
25.319999999999997 35.413
24.541 35.31399999999999
24.777 35.187000000000005
24.926000000000002 35.080999999999996
28.625 35.297
29.281000000000002 35.638000000000005
25.256 35.335
25.991999999999997 35.138000000000005
27.941 35.266
26.157000000000004 35.31399999999999
27.641000000000005 35.38699999999999
26.697000000000003 35.431
25.555 35.255
25.167 35.30199999999999
25.027 35.411
24.798000000000002 35.22500000000001
26.598999999999997 35.242
30.709999999999997 35.50899999999999
25.771 35.53399999999999
25.599 35.28399999999999
28.234999999999992 35.339
26.392000000000003 35.424
27.637 35.56
26.618 35.285
25.570999999999998 35.255
25.172 35.368
25.014999999999997 35.478
24.915 35.169999999999995
28.173 35.278999999999996
29.559 35.502
25.612999999999996 35.571
25.624000000000002 35.321000000000005
28.784 35.394999999999996
27.099 35.400999999999996
27.264999999999993 35.512
26.788999999999994 35.443
25.623 35.316
24.750000000000004 35.345
25.035 35.31399999999999
24.951 35.4
28.518000000000004 35.371
29.724999999999994 35.527
25.773999999999997 35.553000000000004
26.182 35.437999999999995
28.1 35.418000000000006
25.197999999999997 35.608
25.594 35.492999999999995
25.794 35.327999999999996
26.412999999999997 35.461
26.889999999999997 35.723
25.164 35.443000000000005
24.825999999999997 35.315
28.149 35.60699999999999
29.336000000000002 35.614000000000004
25.488 35.437
25.974999999999998 35.291
28.203 35.485
26.87 35.711
26.782 35.491
26.692000000000004 35.358
26.05 35.569
24.884000000000007 35.56100000000001
24.915000000000003 35.362
25.240000000000002 35.357
26.645000000000003 35.64399999999999
28.036 35.712
29.34 35.56999999999999
26.121999999999996 35.462999999999994
28.561999999999998 35.706
26.05 35.620999999999995
27.336 35.50299999999999
26.704000000000004 35.382000000000005
25.698 35.443000000000005
24.958999999999996 35.69299999999999
25.023999999999997 35.435
33.41100000000001 39.07999999999999
40.0532 38.47107
31.83 35.571999999999996
27.898 39.222
25.567 35.522999999999996
28.02 35.516000000000005
25.645999999999997 35.75299999999999
26.974999999999994 35.590999999999994
26.043 35.37499999999999
25.483999999999995 35.626999999999995
24.397000000000002 35.571999999999996
24.831999999999997 35.344
24.786 35.465999999999994
28.802 35.54
28.921000000000003 35.60899999999999
26.102999999999998 35.718
25.487 35.45
25.820999999999998 31.963
25.742000000000004 35.69899999999999
26.901999999999997 35.547
25.755999999999997 35.382
25.212999999999997 35.62499999999999
24.337999999999997 35.577999999999996
24.919000000000004 35.621
24.798000000000002 35.461999999999996
