29.585 36.823
29.149 36.907000000000004
27.884000000000004 36.754
27.670999999999996 36.738
29.91400000000001 36.858
26.501 36.775000000000006
29.457 36.908
27.943 36.78399999999999
26.926 36.68
28.612 36.913999999999994
26.508000000000003 36.835
26.497000000000003 36.614
29.708000000000002 36.882999999999996
29.189 37.024
27.654 36.833999999999996
27.651999999999997 36.776
30.159000000000002 36.945
26.782 36.83100000000001
29.931 36.957
28.299000000000003 36.828
27.01 36.686
28.459999999999997 36.894
26.250999999999998 36.88400000000001
26.246 36.626999999999995
28.857 36.789
30.710000000000004 37.016999999999996
27.657999999999994 36.822
27.706999999999997 36.738
29.934 36.95099999999999
26.608999999999998 36.818000000000005
29.924999999999997 36.925000000000004
28.682000000000002 36.888
27.485 36.730000000000004
28.709999999999997 36.97999999999999
26.578000000000003 36.834999999999994
26.483999999999995 36.614
30.066 36.861000000000004
29.671999999999997 37.047
27.728 36.865
27.724 36.791999999999994
29.926000000000002 36.988
26.756999999999998 36.830000000000005
30.183 36.864999999999995
29.103 36.95700000000001
27.423 36.791000000000004
28.692 36.95
26.575 36.93900000000001
26.411 36.663
29.969 36.763000000000005
30.129999999999995 37.10799999999999
27.926999999999996 36.963
27.826 36.791999999999994
29.84 37.029999999999994
26.825 36.903000000000006
29.717999999999993 36.882999999999996
29.066 36.975
27.237000000000002 36.834
28.679 37.047
26.795 36.95700000000001
26.505000000000003 36.675999999999995
29.82 36.86600000000001
28.643 37.07099999999999
28.521 36.896
27.665 36.877
29.496 36.92100000000001
26.377 36.84700000000001
29.770999999999997 36.956
28.32 36.90199999999999
27.234 36.755
28.703 36.931000000000004
26.782 36.95700000000001
26.636 36.693
29.819000000000003 36.80500000000001
29.663 37.13199999999999
27.478 36.921
27.656999999999996 36.78
29.576999999999998 37.00599999999999
26.238 36.89
29.935000000000002 36.943000000000005
28.328000000000003 36.926
26.873 36.767
28.640999999999995 36.97899999999999
26.402000000000005 36.926
26.361 36.681999999999995
30.048000000000002 36.900999999999996
29.558999999999997 37.10799999999999
27.455999999999996 36.896
27.865999999999996 36.803999999999995
29.733000000000004 37.042
26.496 36.956
29.791 37.035
28.08 36.835
27.195999999999998 36.848000000000006
28.332000000000008 37.06399999999999
26.285000000000004 36.83
26.819 36.81
29.852 36.934
29.602 36.945
27.688000000000002 37.048
27.393 36.81699999999999
30.023 36.889
26.584999999999997 37.06499999999999
29.646 36.92100000000001
28.346 36.83
27.185 36.982
27.98 36.94400000000001
26.805999999999997 36.805
26.826 36.877
29.486999999999995 36.92099999999999
30.098999999999997 37.035999999999994
27.501000000000005 37.074
27.51 36.778999999999996
29.791000000000007 36.992
26.864999999999995 37.078
29.622999999999998 36.933
28.648 36.981
27.127000000000002 36.919999999999995
28.230000000000004 36.901
26.694000000000006 36.937999999999995
26.537000000000006 36.873000000000005
29.517000000000003 36.859
29.244999999999994 37.144999999999996
27.362 37.047
27.437999999999995 36.84
29.576 37.097
26.433000000000007 36.99399999999999
29.751 36.956
28.260999999999996 37.025
27.145000000000003 36.864
28.569 37.13399999999999
26.328000000000003 36.974999999999994
26.44 36.75399999999999
29.401 37.047
28.870999999999995 37.132
28.931999999999995 36.956
28.398 36.980000000000004
31.217 37.065999999999995
27.712000000000003 37.096999999999994
30.022 37.157999999999994
28.74 36.919999999999995
27.504 36.926
28.288999999999998 37.153
27.107999999999997 36.939
26.965 36.815999999999995
28.976000000000003 37.059999999999995
30.28 37.089999999999996
28.193 37.023999999999994
27.514 37.00599999999999
29.992 37.019
26.651999999999997 37.092
29.654000000000003 37.102999999999994
27.857 36.919
27.337 36.943999999999996
28.238000000000003 37.13999999999999
26.407999999999998 36.914
26.413000000000004 36.779
29.194000000000003 37.066
30.258999999999997 37.120999999999995
27.913 37.07899999999999
27.694999999999997 36.99399999999999
30.435999999999996 36.998999999999995
27.186000000000003 37.116
29.805 37.108000000000004
28.567999999999998 36.92
27.627000000000002 37.004999999999995
28.606999999999992 37.163999999999994
26.657999999999998 36.93300000000001
27.026 36.982000000000006
29.029000000000003 37.035999999999994
31.155 37.108999999999995
29.076999999999998 37.151999999999994
27.997000000000007 36.988
30.389 36.986
27.252 37.128
30.622 37.097
29.006 36.925
28.022 37.096999999999994
29.139 37.165
27.023000000000003 36.931
27.433000000000003 36.963
30.243000000000002 37.041999999999994
30.043 37.072
28.238000000000003 37.147000000000006
27.861000000000004 36.994
30.257 37.006
27.160000000000007 37.175999999999995
30.079000000000004 37.114999999999995
28.776000000000003 36.931
27.709 36.982000000000006
28.794000000000004 37.213
27.004000000000005 36.975
27.089999999999996 36.876999999999995
30.548 37.139
29.609 37.150999999999996
28.626 37.041999999999994
28.012000000000004 37.037
30.740000000000002 37.077999999999996
27.022000000000002 37.024
30.202999999999996 37.14399999999999
28.906 37.084999999999994
27.456999999999997 36.958999999999996
28.689000000000004 37.104000000000006
26.959 37.120000000000005
26.652000000000005 36.92
30.165999999999997 37.017
29.577 37.323
28.751000000000005 37.120999999999995
28.082 36.956
30.806 37.207
27.143 37.12
30.691999999999997 37.150999999999996
28.781000000000002 37.11
28.139000000000003 36.995999999999995
29.164999999999996 37.218999999999994
27.122 37.132000000000005
27.185000000000002 36.88399999999999
30.740000000000002 37.0
30.621000000000002 37.303999999999995
27.869 37.18899999999999
28.208 37.016
30.637000000000004 37.30500000000001
26.961999999999996 37.211999999999996
29.804 37.108999999999995
29.655000000000005 37.214
27.639000000000003 37.20099999999999
28.82 37.181999999999995
27.108999999999998 37.199999999999996
27.13 37.108999999999995
30.179000000000002 37.09799999999999
30.12 37.346000000000004
28.527 37.285000000000004
27.756999999999998 37.00600000000001
31.162999999999997 37.196
27.201000000000004 37.39
30.031000000000002 37.224999999999994
29.229 37.11600000000001
28.093999999999998 37.255
29.020000000000003 37.378
27.07 37.11
27.454999999999995 37.195
30.473 37.303999999999995
30.265000000000004 37.352
28.510999999999996 37.394999999999996
28.073000000000004 37.121
30.613 37.211999999999996
27.552 37.373
30.328000000000007 37.31699999999999
28.969 37.146
27.896000000000004 37.285000000000004
28.868 37.394999999999996
27.147 37.158
27.459000000000007 37.19500000000001
30.220000000000002 37.238
29.910999999999998 37.248
28.261000000000003 37.244
28.404 37.218999999999994
30.412999999999997 37.287
27.164000000000005 37.248999999999995
30.205000000000005 37.378
28.846 37.20099999999999
27.955000000000002 37.16499999999999
29.427999999999997 37.425
27.143 37.20099999999999
27.061 37.079
30.823 37.364
29.939000000000004 37.403000000000006
28.464 37.218999999999994
28.022000000000002 37.183
30.131999999999998 37.425
26.876 37.291
29.919 37.232
29.770000000000003 37.358
27.805000000000003 37.273
29.042999999999996 37.285999999999994
27.374000000000002 37.299
27.274000000000004 37.187000000000005
30.543000000000003 37.20099999999999
29.914999999999996 37.358
28.636 37.458999999999996
28.225999999999996 37.18900000000001
30.29900000000001 37.25
27.325000000000006 37.409000000000006
30.154999999999998 37.36
29.584 37.213
28.041 37.17699999999999
29.462 37.318
27.528999999999996 37.367
27.422 37.12800000000001
