65.16800000000002 8.0794
66.046 8.012799999999999
68.89799999999997 7.972999999999997
66.20700000000002 7.892899999999998
70.43199999999999 7.859799999999999
68.052 7.875400000000001
70.146 7.8894
73.00600000000001 7.885599999999998
74.716 7.878299999999998
74.73099999999998 7.879099999999998
76.67499999999998 7.898799999999998
78.02600000000001 7.839900000000003
76.21699999999998 7.832900000000001
74.89499999999998 7.774999999999999
72.435 7.7843
76.857 7.7517000000000005
74.91600000000001 7.823800000000001
71.16199999999999 7.871700000000001
70.84200000000003 7.8245000000000005
72.09400000000001 7.8072
67.831 7.7984
69.57600000000001 7.7754
68.52199999999999 7.751999999999999
69.64399999999999 8.0151
70.827 7.980200000000001
66.02699999999999 7.9278
60.88399999999999 7.902900000000002
66.28900000000002 7.880899999999999
64.604 7.814200000000001
63.536999999999985 7.7703
61.09399999999997 7.7554
60.033000000000015 7.723899999999998
59.62399999999999 7.707199999999998
59.16300000000001 7.709099999999998
60.375 7.712800000000004
54.4858 7.7197000000000005
52.96740000000001 7.66901
55.189 7.635900000000001
48.8054 7.627599999999999
48.294000000000004 7.671500000000001
49.64799999999999 7.919100000000001
50.1643 7.910799999999997
48.67149999999999 7.903600000000001
48.307500000000005 7.867500000000002
44.576600000000006 7.792499999999997
45.36060000000003 7.777500000000001
42.618100000000005 7.7603000000000035
39.4174 7.7166000000000015
37.815 7.696999999999998
39.0193 7.686099999999996
34.961999999999996 7.664900000000001
35.54130000000001 7.649799999999994
30.365000000000002 7.6307
31.106900000000003 7.6152000000000015
27.54990000000001 7.5935000000000015
28.901599999999984 7.593200000000003
25.932299999999998 7.582599999999999
25.2042 7.5966
24.529300000000003 7.564000000000001
22.394 7.5239
19.973800000000004 7.496899999999999
21.896299999999997 7.495400000000001
19.365099999999998 7.4967999999999995
17.995899999999992 7.484299999999999
18.012599999999996 7.486700000000002
16.101400000000005 7.483599999999998
16.944399999999998 7.717999999999998
14.639399999999997 7.716699999999997
13.893200000000002 7.8351999999999995
12.1859 7.823599999999997
12.5664 7.814699999999999
11.1193 7.8274
11.471100000000002 7.8206
13.904999999999996 7.8232
12.626000000000001 7.818699999999998
13.655800000000001 7.802399999999997
11.649500000000003 7.784299999999998
12.427000000000001 7.77958
12.627700000000003 7.778950000000003
11.7655 7.77595
11.994600000000002 7.77237
11.075 7.7782599999999995
11.2442 7.781960000000001
13.905599999999996 7.7757499999999995
12.1744 7.7676700000000025
12.677000000000001 7.752460000000001
12.593900000000001 7.75273
11.164 7.753740000000002
8.945099999999998 7.7502699999999995
10.249 7.73094
10.4325 7.721549999999999
9.9037 7.7287399999999975
8.477599999999999 7.716269999999999
8.6378 7.7131599999999985
9.0382 7.713959999999999
8.548300000000001 7.711659999999997
8.218699999999998 7.8542000000000005
9.048499999999999 7.902299999999997
8.437799999999998 7.904099999999999
6.4437099999999985 7.901899999999998
7.201199999999998 7.894099999999998
7.781000000000001 7.893799999999998
6.62205 7.894499999999999
6.04394 7.895900000000002
6.364540000000001 7.895
6.8580000000000005 7.896199999999998
6.775500000000003 7.895599999999998
6.106899999999998 7.891899999999998
6.728000000000001 7.889899999999997
6.505519999999998 7.8875
5.598460000000002 7.879
7.548099999999999 7.872100000000001
6.570109999999999 7.873099999999998
7.085999999999997 7.871700000000001
6.973130000000001 7.876000000000002
7.074399999999999 7.865300000000001
6.1129500000000005 7.880099999999998
6.788409999999999 7.844900000000001
7.455599999999999 7.836599999999998
6.858269999999999 7.832599999999997
5.755739999999999 7.838499999999998
5.824650000000001 7.843499999999998
6.6722 7.841799999999996
6.9129999999999985 7.841899999999997
8.0522 7.834099999999998
8.674100000000001 7.8274
9.011800000000001 7.825999999999995
9.082400000000002 7.821499999999998
9.9685 7.812899999999997
9.983000000000002 7.8157000000000005
10.2394 7.820500000000001
9.820600000000002 7.818600000000001
10.4984 7.886199999999997
9.785899999999998 7.947299999999998
11.518299999999998 7.935500000000001
11.112700000000004 7.9381
12.067000000000002 7.929899999999998
11.7529 7.9472999999999985
12.9276 7.925400000000001
13.2468 7.9135
13.299400000000002 7.893500000000002
13.433700000000002 7.888100000000002
13.343400000000006 7.899500000000001
13.0435 7.867799999999998
13.2879 7.853000000000003
12.021500000000003 7.843299999999999
13.384300000000001 7.847700000000001
12.4344 7.833399999999998
15.212099999999998 7.865599999999999
14.305899999999996 7.8364
15.003000000000002 7.816930000000001
16.002800000000004 7.813199999999999
16.4797 7.8127
17.101200000000002 7.909320000000002
17.1963 7.903599999999998
17.172099999999997 7.892899999999998
18.007699999999996 7.879900000000002
17.080499999999997 7.8801000000000005
20.076599999999992 7.871499999999999
18.7653 7.872100000000001
20.329100000000004 7.9171
19.8978 7.949199999999997
21.981099999999998 7.966800000000002
20.953500000000005 7.967199999999998
20.793700000000005 7.952699999999998
22.966400000000007 7.982999999999999
23.421600000000005 8.025199999999998
24.2678 7.9735
25.607700000000005 7.953500000000001
28.431199999999997 7.9285999999999985
26.400700000000004 7.932300000000001
27.115900000000003 7.9321
28.7532 7.913299999999997
31.625400000000003 7.903099999999999
30.887699999999995 7.887299999999997
32.331199999999995 7.8508000000000004
28.7297 7.8527999999999984
31.308699999999995 7.863400000000001
31.295899999999993 7.858510000000001
33.34500000000001 7.851100000000002
33.098299999999995 7.81911
31.736000000000008 7.833790000000001
32.771800000000006 7.843890000000002
35.483600000000024 7.799300000000001
39.734 7.767800000000001
40.75620000000001 7.742200000000002
33.80790000000001 7.738000000000002
30.7457 7.724800000000001
23.9698 7.729600000000001
23.916699999999995 7.735000000000001
24.119400000000006 7.739400000000001
29.484899999999996 7.745300000000001
32.370900000000006 7.717499999999999
34.161000000000016 7.700599999999999
37.0386 7.6794
34.35139999999999 7.6456
32.753299999999996 7.672799999999999
34.8528 7.6766000000000005
35.327299999999994 7.710799999999998
37.212599999999995 7.664299999999999
36.83880000000001 7.609800000000002
37.1743 7.6013
38.765400000000014 7.607399999999996
37.953399999999995 7.566900000000001
38.6254 7.5836000000000015
38.70709999999999 7.589899999999999
39.4173 7.5889000000000015
41.001000000000005 7.5611999999999995
39.8177 7.540999999999998
43.19380000000002 7.5234999999999985
43.7576 7.4807
45.03189999999999 7.503000000000003
47.0618 7.804600000000003
44.5772 7.8346
41.43930000000002 7.831999999999999
43.39829999999999 7.786900000000001
45.319900000000004 7.744699999999997
46.62270000000001 7.724399999999999
48.84860000000001 7.735099999999997
47.3447 7.724400000000002
45.020999999999994 7.685299999999998
46.86480000000001 7.6561999999999975
46.261500000000005 7.609299999999999
45.399 7.610100000000002
47.378900000000016 7.604300000000001
46.7008 7.5909999999999975
45.7298 7.549799999999999
44.8451 7.557799999999997
45.8248 7.5562000000000005
44.96080000000001 7.5533
45.1434 7.5194
48.25040000000001 7.487600000000001
42.5022 7.457700000000001
45.408000000000015 7.437400000000001
47.080400000000004 7.4756
45.47659999999999 7.4975999999999985
49.564800000000005 7.521599999999999
42.09169999999999 7.7223000000000015
45.412199999999984 7.740199999999997
45.127599999999994 7.738899999999998
44.954899999999995 7.7151
42.950799999999994 7.6831999999999985
44.818400000000004 7.6716999999999995
46.6933 7.651999999999999
47.1267 7.6080999999999985
49.452299999999994 7.6155
46.15129999999999 7.622299999999998
47.084900000000005 7.643799999999995
46.177299999999995 7.6316999999999995
45.5719 7.6626
49.646799999999985 7.6503999999999985
49.75919999999999 7.587699999999997
48.202200000000005 7.568299999999999
47.5565 7.565599999999997
47.45649999999999 7.554699999999999
50.3587 7.659599999999998
47.20129999999999 7.693800000000002
47.1864 7.691000000000002
47.82480000000002 7.665600000000001
46.55159999999999 7.624800000000002
47.9558 7.622999999999999
47.31679999999999 7.620199999999999
46.991 7.582999999999998
48.608200000000004 7.537400000000001
49.50010000000001 7.524100000000001
48.1592 7.512600000000001
49.133700000000005 7.548500000000001
48.4778 7.503500000000003
45.8785 7.4956
48.0703 7.808399999999996
48.213199999999986 7.8004000000000016
47.8829 7.7784
48.67530000000001 7.764900000000001
50.999 7.8747
52.43589999999999 7.954870000000001
55.38000000000001 7.921799999999999
54.4243 8.0337
51.177099999999996 8.0154
54.75659999999999 7.982499999999999
54.38059999999998 7.935400000000002
55.46709999999999 7.893600000000001
52.0562 7.876199999999998
53.38799999999999 7.866399999999999
54.13319999999998 7.848899999999999
54.0592 7.818700000000002
54.304199999999994 7.773600000000001
51.00070000000002 7.711100000000003
54.140400000000014 7.680999999999999
