36.803 34.515
37.187000000000005 34.544999999999995
36.8 34.442
39.581999999999994 34.49
38.172 34.56399999999999
37.227 34.422999999999995
38.135 34.472
35.760000000000005 34.54
36.291000000000004 34.393
35.577000000000005 34.454
34.796 34.526999999999994
31.079 34.387
32.044 34.406
29.846 34.461000000000006
30.108 34.351000000000006
30.73 34.4
31.462999999999997 34.46
30.023 34.357000000000006
30.493000000000002 34.364
37.366 34.449000000000005
32.507999999999996 34.339000000000006
27.012999999999998 34.364
27.448 34.412
27.119000000000003 34.321
27.502000000000002 34.339000000000006
28.887999999999998 34.406000000000006
28.626 34.315
27.142 34.351
28.424000000000007 34.400000000000006
26.977 34.315
29.686999999999998 34.357
28.681 34.406000000000006
26.134 34.297
28.332 34.363
26.666999999999994 34.393
25.915 34.294999999999995
27.863 34.333000000000006
27.014 34.387
27.936 34.303
26.793 34.357
28.302000000000007 34.406
30.298 34.315
31.653000000000002 34.37
32.214 34.437
33.32 34.339000000000006
31.965 34.394000000000005
33.287 34.454
32.067 34.351000000000006
32.813 34.4
33.892999999999994 34.431
35.175 34.36300000000001
34.387 34.393
35.07 34.473000000000006
33.93600000000001 34.351000000000006
36.096000000000004 34.448
33.185 34.473000000000006
32.649 34.357
34.13100000000001 34.431
33.770999999999994 34.455000000000005
32.58 34.381
33.704 34.443
33.416000000000004 34.473000000000006
33.514 34.387
33.001000000000005 34.448
34.102 34.431
32.348 34.375
33.751999999999995 34.43
32.374 34.455000000000005
31.276000000000003 34.381
32.115 34.461000000000006
31.695999999999998 34.461000000000006
32.196 34.381
31.647000000000002 34.485
32.294 34.419
33.673 34.369
32.952000000000005 34.436
32.714999999999996 34.401
32.435 34.363
33.984 34.448
33.757999999999996 34.382000000000005
32.935 34.363
32.453 34.449000000000005
32.653 34.382000000000005
31.407999999999998 34.393
31.836000000000002 34.515
34.362 34.419
31.995 34.431
32.629999999999995 34.551
36.089 34.431
34.076 34.437
35.449 34.539
35.577999999999996 34.425
35.731 34.456
33.105 34.557
33.672 34.43
34.845000000000006 34.449000000000005
34.809 34.521
34.216 34.431
34.70399999999999 34.449000000000005
35.512 34.569
35.467999999999996 34.437
35.148999999999994 34.437
34.815000000000005 34.557
34.106 34.43
34.272 34.473000000000006
34.851 34.575
34.595 34.418000000000006
34.44199999999999 34.485
34.888 34.556999999999995
35.011 34.412
35.284000000000006 34.474
35.614 34.568999999999996
37.275000000000006 34.449000000000005
36.358 34.48
38.160000000000004 34.563
38.208000000000006 34.424
37.617 34.467
37.604 34.467000000000006
36.243 34.43
37.542 34.473000000000006
37.74999999999999 34.526999999999994
36.207 34.437
35.046 34.424
34.704 34.509
34.065 34.4
33.269999999999996 34.467000000000006
33.82 34.545
35.651 34.400000000000006
34.400000000000006 34.473
34.236 34.521
33.062999999999995 34.388000000000005
34.49100000000001 34.461000000000006
33.995000000000005 34.50900000000001
35.016999999999996 34.388000000000005
34.55200000000001 34.448
35.657 34.48500000000001
36.872 34.394000000000005
32.446 34.443
32.721000000000004 34.461000000000006
35.102 34.393
35.211 34.418
33.040000000000006 34.44200000000001
32.775 34.394000000000005
34.174 34.46
35.78 34.51500000000001
35.614000000000004 34.412
35.498000000000005 34.443
34.955 34.50300000000001
34.937000000000005 34.394000000000005
34.681 34.473000000000006
35.91199999999999 34.48500000000001
35.687 34.394000000000005
38.306 34.473000000000006
38.306 34.49100000000001
37.281 34.44200000000001
38.401999999999994 34.515
37.773999999999994 34.509
36.909 34.400000000000006
37.977 34.503
37.432 34.497
36.516999999999996 34.424
35.418000000000006 34.448
34.913 34.44199999999999
37.543 34.413
39.404 34.491
39.397999999999996 34.533
39.368 34.454
39.629 34.51
39.605999999999995 34.568999999999996
38.519000000000005 34.461
40.17999999999999 34.528
40.772 34.574999999999996
39.227999999999994 34.461000000000006
40.581999999999994 34.54
40.717000000000006 34.599999999999994
41.364999999999995 34.48
42.542 34.559
44.043000000000006 34.583000000000006
42.657999999999994 34.522000000000006
43.065999999999995 34.576
44.190000000000005 34.605999999999995
43.834999999999994 34.528000000000006
42.565999999999995 34.576
44.189 34.662
44.38399999999999 34.528000000000006
44.19 34.582
44.873 34.662
43.982 34.540000000000006
45.105000000000004 34.57
44.191 34.582
44.458 34.54600000000001
44.495000000000005 34.594
43.761 34.681
43.213 34.540000000000006
41.492000000000004 34.564
41.912000000000006 34.642999999999994
43.297999999999995 34.528000000000006
43.884 34.540000000000006
43.760999999999996 34.601000000000006
44.141000000000005 34.516000000000005
45.080999999999996 34.552
45.153000000000006 34.626000000000005
45.057 34.516000000000005
44.372 34.558
44.13999999999999 34.693
44.433 34.534000000000006
43.165000000000006 34.528000000000006
44.543 34.648999999999994
44.727 34.534000000000006
45.092 34.57
45.397000000000006 34.637
44.824 34.534000000000006
46.76499999999999 34.57
45.983000000000004 34.614
44.769000000000005 34.528000000000006
44.414 34.558
43.316 34.681
43.95099999999999 34.516000000000005
41.821 34.534000000000006
42.56100000000001 34.625
43.39 34.522000000000006
42.791999999999994 34.57
43.653000000000006 34.67399999999999
43.897000000000006 34.534
42.968 34.588
43.836000000000006 34.583000000000006
41.663000000000004 34.510000000000005
42.908 34.534000000000006
43.756 34.638
41.972 34.516000000000005
41.681000000000004 34.546
40.54600000000001 34.662
41.625 34.498
41.937999999999995 34.558
41.315 34.63699999999999
43.010999999999996 34.504000000000005
46.094 34.558
44.201 34.56399999999999
41.827 34.522000000000006
41.699 34.522000000000006
40.723 34.681
41.15 34.504000000000005
40.83899999999999 34.534
41.20499999999999 34.699
41.236 34.510000000000005
42.224000000000004 34.522000000000006
41.211999999999996 34.668
40.723000000000006 34.510000000000005
41.541 34.504000000000005
40.918 34.582
41.035 34.516000000000005
42.394 34.510000000000005
41.949999999999996 34.662
41.455 34.516000000000005
39.971999999999994 34.510000000000005
42.528999999999996 34.68
41.156000000000006 34.510000000000005
40.643 34.522000000000006
40.81399999999999 34.65
40.87 34.503
40.007999999999996 34.48500000000001
39.452999999999996 34.619
38.478 29.523699999999998
33.580999999999996 25.002000000000002
41.675000000000004 20.318
41.086 18.807
41.900999999999996 17.747
46.80199999999999 21.152
39.111000000000004 23.735
35.065000000000005 25.393999999999995
34.235 26.941000000000003
33.989999999999995 27.941
32.903 29.054000000000002
31.81 29.999
31.720000000000002 30.115
30.957 30.061
31.061 30.212
32.586999999999996 30.402
30.596999999999998 30.516999999999996
31.079 30.768999999999995
31.732000000000006 30.791999999999998
29.602999999999994 30.944999999999993
29.773 31.139
30.816 31.207
28.619 31.196
29.485 31.383999999999997
28.093999999999998 31.299
28.826 31.354
