41.644 34.595
40.782999999999994 34.557
41.528 34.55799999999999
40.23500000000001 34.602
42.034 34.576
42.676 34.56999999999999
42.725 34.589
41.31999999999999 34.57
40.888000000000005 34.55799999999999
42.797 34.631
41.05200000000001 34.599999999999994
42.407 34.589
43.202 34.595
41.650999999999996 34.551
40.373999999999995 34.54
39.605000000000004 34.564
39.629000000000005 34.538999999999994
40.373999999999995 34.54
40.815000000000005 34.577
42.285000000000004 34.557
42.943000000000005 34.56999999999999
43.602999999999994 34.595
43.016 34.538999999999994
41.602000000000004 34.534
44.726000000000006 34.571
46.70399999999999 34.544999999999995
46.900000000000006 34.56999999999999
43.652 34.601
45.068000000000005 34.546
43.848000000000006 34.581999999999994
44.116 34.613
45.532000000000004 34.558
45.57999999999999 34.587999999999994
46.961000000000006 34.619
43.041000000000004 34.55799999999999
42.702 34.56999999999999
40.712 34.576
38.952999999999996 34.496
40.155 34.516000000000005
39.784 34.557
38.665 34.51500000000001
37.878 34.534
40.221000000000004 34.558
38.507999999999996 34.509
40.147999999999996 34.534
39.954 34.57
39.747 34.521
40.306999999999995 34.564
40.099000000000004 34.595
39.641999999999996 34.521
39.398 34.528
39.849999999999994 34.571000000000005
38.501000000000005 34.528000000000006
39.893 34.522
39.257999999999996 34.558
37.555 34.509
36.431000000000004 34.522
35.443 34.546
36.242999999999995 34.489999999999995
35.639 34.510000000000005
36.871 34.535
38.017 34.516000000000005
38.269 34.54
37.787 34.532999999999994
38.661 34.50299999999999
37.714 34.528000000000006
38.355000000000004 34.534
37.781 34.503
38.0 34.522000000000006
37.951 34.532999999999994
37.232 34.51
37.184 34.528000000000006
36.028000000000006 34.534
35.272000000000006 34.498
35.992 34.557
35.437999999999995 34.54
36.212 34.498
36.737 34.49100000000001
36.341 34.51499999999999
39.013 34.51
37.653 34.55199999999999
37.597 34.519999999999996
37.346000000000004 34.51
36.224000000000004 34.520999999999994
36.506 34.526999999999994
37.982000000000006 34.522
38.282 34.57
38.379 34.564
39.471000000000004 34.54
38.238 34.625
39.257 34.611999999999995
40.142 34.532999999999994
42.041000000000004 34.593999999999994
43.761 34.595
42.554 34.565
45.727000000000004 34.614
45.191 34.61300000000001
42.516999999999996 34.595
44.361 34.638000000000005
45.349 34.626000000000005
43.676 34.595
43.738 34.650000000000006
45.959 34.613
46.093 34.587999999999994
46.996 34.638
48.46300000000001 34.62
49.852999999999994 34.599999999999994
51.087 34.644
49.109 34.607
48.120999999999995 34.593999999999994
48.937999999999995 34.650000000000006
48.927 34.645
47.876000000000005 34.637
48.352000000000004 34.656000000000006
47.937 34.675
47.144 34.625
48.193 34.643
46.447 34.638999999999996
48.181000000000004 34.613
48.327999999999996 34.650000000000006
50.147 34.650999999999996
50.512 34.631
49.38999999999999 34.674
48.303000000000004 34.621
48.315 34.571
45.532000000000004 34.662000000000006
46.752 34.651
46.656000000000006 34.601
45.766 34.62
46.057 34.621
44.76199999999999 34.56999999999999
46.203 34.65
46.703 34.626999999999995
46.534 34.581999999999994
46.290000000000006 34.644000000000005
46.265 34.602
46.009 34.595
43.553999999999995 34.656000000000006
43.224999999999994 34.609
44.201 34.56999999999999
47.253 34.614
44.590999999999994 34.609
43.946000000000005 34.56399999999999
45.471 34.632000000000005
47.06 34.621
44.946999999999996 34.56999999999999
46.678999999999995 34.62
45.422000000000004 34.57599999999999
45.019000000000005 34.544999999999995
45.019000000000005 34.595
45.641999999999996 34.564
45.631 34.552
46.276 34.596
45.385 34.571
44.568 34.558
44.214999999999996 34.596000000000004
47.668 34.587999999999994
46.849999999999994 34.57599999999999
48.754999999999995 34.638000000000005
47.23 34.614
46.595 34.581999999999994
47.754000000000005 34.619
48.108 34.62
48.754 34.605999999999995
50.489000000000004 34.657
51.062 34.650999999999996
48.803 34.57
50.378 34.668000000000006
51.513 34.65
51.173 34.643
52.453 34.686
53.137 34.668
52.551 34.655
50.636 34.686
50.305 34.687
50.757 34.656
51.769 34.674
51.111 34.717000000000006
51.233000000000004 34.668
50.219 34.686
52.259 34.693000000000005
53.443000000000005 34.698
53.077 34.692
53.504000000000005 34.74699999999999
53.637 34.692
53.71 34.760000000000005
52.734 34.766
55.25300000000001 34.699000000000005
54.366 34.760000000000005
54.553000000000004 34.75899999999999
53.931000000000004 34.736
52.112 34.723
54.603 34.736
52.772 34.716
54.664 34.699000000000005
54.175 34.754
54.223 34.698
53.723 34.727999999999994
52.977999999999994 34.760000000000005
55.696999999999996 34.688
54.653000000000006 34.721000000000004
53.002 34.724
52.503000000000014 34.699000000000005
51.098 34.685
53.687 34.753
53.102000000000004 34.692
52.026 34.716
51.635 34.723
53.32 34.681
53.686 34.663
53.539 34.717000000000006
52.126000000000005 34.656
51.001000000000005 34.685
52.453 34.74699999999999
52.674 34.675
49.705999999999996 34.685
50.464 34.721999999999994
49.988 34.662
50.709 34.660999999999994
48.766999999999996 34.693000000000005
49.328 34.669
50.098 34.654999999999994
53.223000000000006 34.675
52.039 34.693000000000005
51.928000000000004 34.661
51.501 34.71
51.16 34.699000000000005
50.355000000000004 34.607
50.172000000000004 34.661
50.695 34.662
46.151 32.196
41.324 26.145000000000003
48.269 21.875999999999998
51.71699999999999 19.101
53.0 17.499000000000002
55.126 21.097
53.626 24.222
53.882000000000005 26.787999999999997
55.469 28.694000000000003
54.602000000000004 29.625
54.492 30.121
53.734 30.262
52.382 30.376000000000005
51.636 30.580000000000002
51.097 30.677
49.68299999999999 30.762999999999995
51.892 30.974999999999998
50.453 31.133
49.340999999999994 31.244
50.488 31.398000000000003
51.05 31.519
50.427 31.623
51.086 31.829
50.341 31.928
50.476 31.976
50.317 32.208999999999996
49.158 32.33
50.172000000000004 32.513
50.781 32.586
51.672000000000004 32.617999999999995
49.623000000000005 32.824
51.013999999999996 33.032999999999994
50.193999999999996 33.117
49.572 33.080999999999996
47.291 33.185
47.215999999999994 33.295
47.864000000000004 33.588
48.510999999999996 33.635999999999996
50.745 33.734
47.289 33.678999999999995
48.511 33.812999999999995
46.849999999999994 33.967000000000006
46.983 34.059000000000005
46.045 34.119
47.131 34.13699999999999
46.922999999999995 34.095000000000006
45.983999999999995 34.168000000000006
47.49700000000001 34.174
44.519 34.205000000000005
45.373 34.239999999999995
45.948 34.247
44.653 34.199
45.763999999999996 34.221000000000004
44.068000000000005 34.229000000000006
44.641000000000005 34.198
45.629000000000005 34.215
44.23799999999999 34.234
44.043 34.172999999999995
