28.633000000000003 34.270999999999994
29.443 34.288
28.974 34.296
28.546 34.291
28.363 34.283
27.709999999999997 34.283
28.143 34.260000000000005
28.424 34.265
27.967 34.271
28.442 34.265
27.686 34.247
29.896 34.271
28.468 34.253
28.858 34.265
28.918 34.283
27.014 34.259
27.148 34.277
27.68 34.283
27.301 34.272000000000006
25.648 34.265
26.837 34.264
27.002 34.252
26.635 34.252
26.934 34.252
28.131 34.260000000000005
27.996 34.259
29.631999999999998 34.288999999999994
28.137 34.227
29.509999999999998 34.245999999999995
27.843999999999998 34.258
27.484 34.221000000000004
28.229 34.245999999999995
29.248 34.278000000000006
27.704 34.233
28.027 34.265
27.966 34.264
29.962 34.260000000000005
28.534 34.271
28.974 34.278000000000006
28.595 34.247
28.063 34.253
28.668 34.296
28.784 34.253
28.064 34.271
28.54 34.296
28.375 34.271
28.362 34.271
27.838 34.296
28.724000000000004 34.271
29.308999999999997 34.283
28.449 34.302
27.35 34.259
28.777 34.288999999999994
29.070999999999998 34.297
27.845 34.252
28.471999999999998 34.283
28.076 34.297
28.271 34.252
26.525000000000006 34.239999999999995
25.657999999999998 34.285000000000004
26.197 34.239999999999995
26.239 34.258
27.576 34.297
26.232 34.253
26.819 34.247
27.465 34.290000000000006
26.209 34.227999999999994
27.240000000000002 34.253
27.509 34.278999999999996
26.183 34.221999999999994
27.546000000000003 34.241
26.092 34.271
26.502 34.233999999999995
26.935 34.265
26.391 34.266000000000005
25.861 34.227999999999994
25.335 34.235
26.129 34.247
25.293 34.235
26.056 34.24100000000001
26.91 34.252
26.384999999999998 34.239999999999995
27.166 34.229000000000006
26.843 34.241
26.683999999999997 34.239999999999995
27.594 34.265
28.223000000000003 34.265
25.812 34.271
28.748 34.252
28.075 34.285
27.715999999999998 34.277
27.856 34.277
28.729 34.278
27.661 34.265
28.057 34.29
28.319 34.297
29.534 34.289
27.973000000000003 34.289
28.393 34.326
28.375 34.288
26.99 34.284
28.552 34.258
28.272 34.252
28.209999999999997 34.278000000000006
28.314 34.252
29.627 34.27
30.102 34.303
29.237000000000002 34.245999999999995
28.833 34.258
28.527 34.296
27.269000000000005 34.252
26.477 34.265
26.898 34.272000000000006
28.380999999999997 34.239999999999995
28.546 34.277
27.954 34.285
30.513 34.264
29.816000000000003 34.284
29.2 34.303
29.932 34.252
29.448 34.277
30.651 34.315
31.177 34.283
28.022000000000002 34.271
28.503 34.291
28.327 34.277
29.436 34.295
28.605999999999998 34.297
28.809 34.27
28.43 34.276999999999994
28.325 34.285
28.913 34.264
30.28 34.284000000000006
32.58 34.309
30.218999999999994 34.307
28.827 34.284000000000006
29.308 34.278
29.395 34.283
31.214000000000002 34.302
30.267 34.297
28.874 34.27
28.54 34.29
29.028000000000002 34.284
28.089000000000002 34.289
28.656 34.278
29.567 34.259
29.274 34.289
28.918 34.296
27.417 34.266
26.97 34.258
27.173000000000002 34.272000000000006
27.209 34.25899999999999
27.538999999999998 34.258
26.983 34.266000000000005
29.23 34.26499999999999
26.927999999999997 34.258
28.577 34.285
29.492 34.25899999999999
29.34 34.276
28.302 34.303000000000004
28.351 34.25899999999999
28.552 34.277
30.139 34.333000000000006
29.083000000000002 34.284
29.34 34.294999999999995
28.459 34.321
29.668 34.278
28.520999999999997 34.271
29.822 34.309
30.237000000000002 34.265
30.86 34.289
29.089 34.31
29.174 34.284
29.980999999999998 34.277
31.122 34.31
29.474 34.258
30.848 34.276999999999994
29.188 34.298
29.785 34.264
31.188000000000006 34.29
30.723999999999997 34.303
29.175 34.282000000000004
32.355000000000004 34.308
30.561 34.303
31.318 34.288000000000004
31.041999999999998 34.32
31.006 34.321
31.787 34.307
31.572999999999997 34.333000000000006
30.756000000000007 34.309
31.476 34.319
31.274 34.339000000000006
32.313 34.321
32.128 34.307
30.048 34.321
29.408 34.309
29.273 34.296
30.169 34.284000000000006
30.426 34.309
31.011999999999993 34.325
31.463 34.32
31.720000000000002 34.327000000000005
31.684 34.313
31.25 34.333000000000006
30.334 34.327000000000005
31.531 34.326
30.974999999999998 34.327
30.419999999999998 34.321
29.676 34.301
29.808999999999997 34.321
31.647000000000002 34.315
30.047 34.331
31.477 34.339000000000006
30.964 34.327000000000005
30.975 34.338
29.528 34.321
29.835 34.297
29.236 34.307
31.963 34.327000000000005
29.918999999999997 34.315
30.413999999999998 34.295
29.907000000000007 34.303
29.871 34.285
30.047 34.300999999999995
30.506 34.297000000000004
29.835 34.272999999999996
30.913999999999998 34.295
30.133 34.309
31.506 34.29
30.922000000000004 34.307
30.829 34.333000000000006
29.003 34.29
29.56 34.295
30.175 34.321
30.261 34.272000000000006
30.967999999999996 34.300999999999995
30.127000000000002 34.327000000000005
30.018 34.278000000000006
30.848 34.301
30.652 34.327000000000005
31.006 34.29
29.957 34.294999999999995
29.328 34.327000000000005
29.901 34.296
30.938 34.307
30.04 34.339000000000006
29.743 34.296
30.127 34.313
29.65 34.321
30.139999999999993 34.296
29.437 34.313
29.725999999999996 34.345000000000006
30.188 34.32
29.926 34.337
30.866 34.357000000000006
29.816 34.308
30.866000000000003 34.319
29.963 34.345000000000006
29.853 34.314
30.115000000000002 34.331
29.816 34.345000000000006
30.006 34.314
30.829999999999995 34.343
29.102 34.332
29.852 34.307
30.024 34.331
29.955 34.344
28.51 34.307
29.358 34.331
28.977999999999998 34.32
29.176000000000002 34.295
28.241000000000007 34.300999999999995
28.424 34.309
29.584 34.283
29.676 34.289
29.432000000000002 34.309
30.7 34.295
29.243000000000002 34.313
29.431 34.314
29.546 34.307
30.102 34.319
28.443 34.309
30.791 34.295
29.511 34.313
29.108 34.309
28.461000000000002 34.301
28.320999999999998 34.301
30.549 34.309
